-731.954,771.424,458.568,86.0969,160.943,-161.538
-731.509,777.939,439.664,86.0969,160.943,-161.538
-731.065,784.454,420.76,86.0969,160.943,-161.538
-730.62,790.969,401.856,86.0969,160.943,-161.538
-730.176,797.484,382.952,86.0969,160.943,-161.538
-729.731,803.999,364.049,86.0969,160.943,-161.538
-729.814,804.054,363.98,86.0806,160.986,-161.59
-729.824,804.06,363.981,86.1015,161.024,-161.607
-729.758,804.02,364.05,86.1602,161.056,-161.589
-729.614,803.939,364.191,86.2576,161.084,-161.534
-729.755,804.028,364.07,86.2492,161.13,-161.582
-729.832,804.079,364.008,86.2753,161.172,-161.6
-729.835,804.08,364.015,86.339,161.21,-161.582
-729.762,804.035,364.091,86.4413,161.242,-161.527
-729.903,804.129,363.969,86.4095,161.266,-161.575
-730,804.188,363.889,86.4015,161.285,-161.599
-730.022,804.197,363.878,86.4337,161.297,-161.584
-729.97,804.159,363.937,86.5068,161.305,-161.531
-730.037,804.195,363.884,86.5063,161.357,-161.579
-730.036,804.18,363.896,86.539,161.404,-161.596
-729.959,804.121,363.977,86.6096,161.446,-161.577
-729.804,804.021,364.129,86.7186,161.484,-161.521
-729.851,804.044,364.096,86.4271,161.337,-161.628
-729.855,804.041,364.102,86.1481,161.162,-161.698
-729.783,803.993,364.178,85.9328,160.978,-161.707
-729.656,803.924,364.303,85.7871,160.803,-161.667
-729.782,804.004,364.196,85.7639,160.839,-161.719
-729.835,804.031,364.157,85.7783,160.869,-161.736
-729.813,804.009,364.187,85.831,160.894,-161.717
-729.734,803.967,364.268,85.9143,160.917,-161.67
-729.89,804.071,364.133,85.8975,160.957,-161.722
-729.973,804.12,364.065,85.9182,160.992,-161.738
-729.983,804.119,364.065,85.9769,161.022,-161.718
-729.932,804.079,364.122,86.0677,161.048,-161.668
-730.115,804.192,363.962,86.0657,161.1,-161.718
-730.226,804.25,363.869,86.1003,161.146,-161.734
-730.264,804.255,363.845,86.1723,161.188,-161.714
-730.226,804.213,363.89,86.2823,161.224,-161.658
-730.304,804.246,363.828,86.2423,161.247,-161.713
-730.313,804.239,363.829,86.2363,161.264,-161.735
-730.247,804.187,363.9,86.2706,161.276,-161.719
-730.113,804.096,364.032,86.3415,161.283,-161.669
-730.212,804.154,363.949,86.3323,161.33,-161.721
-730.237,804.161,363.934,86.3606,161.371,-161.737
-730.188,804.122,363.989,86.4272,161.407,-161.717
-730.06,804.04,364.114,86.5328,161.439,-161.66
-730.215,804.139,363.979,86.2824,161.327,-161.765
-730.307,804.191,363.901,86.0772,161.203,-161.823
-730.326,804.191,363.892,85.9285,161.071,-161.827
-730.269,804.146,363.953,85.8361,160.933,-161.778
-730.351,804.184,363.886,85.7935,160.948,-161.828
-730.374,804.176,363.874,85.7892,160.966,-161.85
-730.321,804.122,363.931,85.8244,160.98,-161.836
-730.191,804.026,364.06,85.8999,160.987,-161.783
-730.354,804.119,363.917,85.8754,161.023,-161.837
-730.447,804.158,363.839,85.8879,161.053,-161.857
-730.462,804.154,363.833,85.9413,161.079,-161.839
-730.405,804.096,363.894,86.0319,161.098,-161.784
-730.622,804.226,363.699,86.0369,161.154,-161.834
-730.772,804.298,363.569,86.0769,161.205,-161.85
-730.849,804.316,363.506,86.1541,161.251,-161.831
-730.852,804.284,363.513,86.2691,161.292,-161.776
-730.881,804.266,363.494,86.2505,161.321,-161.819
-730.848,804.209,363.534,86.2491,161.343,-161.843
-730.737,804.109,363.644,86.2878,161.36,-161.829
-730.547,803.971,363.827,86.3671,161.371,-161.776
-730.716,804.067,363.676,86.1259,161.258,-161.873
-730.846,804.134,363.561,85.9137,161.128,-161.931
-730.904,804.147,363.514,85.7587,160.99,-161.935
-730.887,804.112,363.537,85.6605,160.845,-161.885
-731.007,804.159,363.432,85.6448,160.874,-161.927
-731.07,804.17,363.38,85.6701,160.916,-161.947
-731.059,804.131,363.397,85.7329,160.952,-161.931
-730.971,804.049,363.485,85.8338,160.983,-161.879
-731.123,804.122,363.349,85.8349,161.022,-161.916
-731.253,804.174,363.235,85.8525,161.059,-161.938
-731.309,804.173,363.189,85.9083,161.09,-161.924
-731.29,804.124,363.213,86.0028,161.116,-161.873
-731.321,804.107,363.19,85.988,161.141,-161.909
-731.303,804.056,363.213,85.9818,161.159,-161.934
-731.207,803.96,363.307,86.0156,161.172,-161.921
-731.033,803.826,363.472,86.0901,161.18,-161.87
-731.256,803.947,363.269,86.0606,161.199,-161.913
-731.465,804.056,363.079,86.055,161.215,-161.935
-731.604,804.106,362.956,86.0898,161.226,-161.92
-731.669,804.103,362.9,86.1654,161.232,-161.865
-731.701,804.068,362.877,85.9573,161.142,-161.956
-731.66,803.986,362.922,85.7849,161.039,-162.006
-731.54,803.861,363.037,85.6659,160.928,-162.005
-731.341,803.698,363.225,85.6002,160.811,-161.954
-731.467,803.739,363.113,85.5767,160.822,-161.985
-731.6,803.785,362.993,85.5925,160.856,-162.006
-731.66,803.778,362.941,85.6463,160.886,-161.992
-731.644,803.721,362.96,85.7386,160.911,-161.942
-731.816,803.794,362.803,85.742,160.944,-161.971
-731.979,803.856,362.655,85.7533,160.976,-161.994
-732.07,803.862,362.575,85.8031,161.002,-161.98
-732.089,803.808,362.562,85.89,161.021,-161.929
-732.171,803.8,362.491,85.8478,161.021,-161.964
-732.212,803.763,362.457,85.8054,161.01,-161.992
-732.177,803.679,362.494,85.8056,160.993,-161.979
-732.064,803.552,362.601,85.8489,160.97,-161.925
-732.191,803.581,362.486,85.8429,161.015,-161.972
-732.249,803.557,362.436,85.8726,161.053,-161.986
-732.231,803.483,362.456,85.9402,161.087,-161.964
-732.136,803.365,362.547,86.0465,161.116,-161.905
-732.263,803.395,362.431,85.8476,161.029,-161.99
-732.338,803.378,362.365,85.6783,160.925,-162.037
-732.337,803.31,362.368,85.562,160.815,-162.033
-732.26,803.197,362.442,85.4986,160.698,-161.98
-732.268,803.149,362.435,85.4726,160.703,-162.007
-732.238,803.077,362.464,85.482,160.731,-162.028
-732.131,802.961,362.564,85.5296,160.754,-162.012
-731.944,802.806,362.736,85.6161,160.772,-161.96
-732.114,802.878,362.577,85.6219,160.807,-161.989
-732.3,802.959,362.403,85.6424,160.844,-162.007
-732.415,802.983,362.297,85.7007,160.875,-161.99
-732.456,802.953,362.259,85.7974,160.901,-161.937
-732.486,802.907,362.233,85.7693,160.908,-161.968
-732.453,802.829,362.263,85.7416,160.907,-161.992
-732.343,802.707,362.364,85.7553,160.9,-161.976
-732.154,802.546,362.537,85.8108,160.888,-161.921
-732.291,802.585,362.409,85.8372,160.95,-161.957
-732.378,802.59,362.328,85.8963,161.012,-161.967
-732.39,802.544,362.315,85.9912,161.069,-161.943
-732.326,802.452,362.373,86.1227,161.122,-161.885
-732.443,802.473,362.263,85.9427,161.03,-161.949
-732.557,802.496,362.156,85.7223,160.893,-162.006
-732.597,802.466,362.117,85.5592,160.747,-162.008
-732.562,802.387,362.148,85.4532,160.595,-161.956
-732.643,802.376,362.072,85.4128,160.585,-161.981
-732.696,802.345,362.023,85.4155,160.608,-162
-732.674,802.264,362.043,85.4568,160.624,-161.983
-732.574,802.138,362.134,85.5372,160.636,-161.929
-732.597,802.093,362.111,85.5297,160.662,-161.96
-732.579,802.029,362.125,85.5384,160.687,-161.977
-732.484,801.92,362.209,85.5855,160.706,-161.958
-732.311,801.77,362.365,85.6716,160.721,-161.901
-732.464,801.833,362.219,85.6812,160.762,-161.931
-732.604,801.883,362.085,85.7117,160.804,-161.945
-732.672,801.877,362.02,85.7795,160.84,-161.924
-732.665,801.821,362.023,85.8851,160.871,-161.867
-732.785,801.845,361.909,85.6613,160.721,-161.913
-732.876,801.848,361.822,85.4169,160.523,-161.931
-732.932,801.817,361.768,85.2769,160.392,-161.926
-732.991,801.796,361.711,85.2807,160.432,-161.959
-732.976,801.726,361.722,85.321,160.466,-161.959
-732.884,801.61,361.805,85.3986,160.495,-161.923
-732.817,801.51,361.864,85.4731,160.526,-161.889
-732.937,801.538,361.748,85.4824,160.571,-161.923
-732.985,801.513,361.701,85.528,160.61,-161.923
-732.958,801.437,361.723,85.6107,160.645,-161.887
-732.925,801.357,361.751,85.6894,160.673,-161.848
-733.061,801.395,361.621,85.6647,160.694,-161.887
-733.123,801.379,361.56,85.6788,160.709,-161.89
-733.112,801.311,361.568,85.7324,160.719,-161.855
-733.071,801.225,361.603,85.7775,160.727,-161.825
-733.072,801.169,361.599,85.7425,160.738,-161.863
-732.997,801.066,361.665,85.7473,160.743,-161.864
-732.844,800.921,361.802,85.7925,160.742,-161.826
-732.756,800.819,361.879,85.7359,160.693,-161.826
-732.809,800.806,361.825,85.5143,160.571,-161.895
-732.788,800.744,361.841,85.3474,160.442,-161.912
-732.69,800.635,361.927,85.235,160.305,-161.878
-732.641,800.554,361.969,85.1802,160.228,-161.851
-732.722,800.562,361.889,85.1786,160.262,-161.882
-732.726,800.526,361.88,85.2158,160.291,-161.878
-732.658,800.433,361.939,85.2885,160.314,-161.839
-732.634,800.379,361.957,85.346,160.342,-161.816
-732.742,800.412,361.852,85.3507,160.38,-161.847
-732.776,800.392,361.816,85.3919,160.413,-161.843
-732.736,800.322,361.849,85.4704,160.441,-161.804
-732.732,800.277,361.849,85.5394,160.475,-161.777
-732.863,800.323,361.723,85.5581,160.525,-161.806
-732.922,800.313,361.665,85.6125,160.57,-161.802
-732.906,800.252,361.677,85.7035,160.61,-161.763
-732.867,800.179,361.71,85.781,160.642,-161.728
-732.896,800.158,361.679,85.7583,160.664,-161.765
-732.849,800.087,361.718,85.7741,160.679,-161.765
-732.726,799.972,361.828,85.8293,160.69,-161.728
-732.632,799.875,361.91,85.8824,160.709,-161.7
-732.674,799.872,361.867,85.8942,160.754,-161.73
-732.641,799.819,361.893,85.9426,160.794,-161.726
-732.531,799.72,361.99,86.0283,160.829,-161.687
-732.448,799.635,362.062,86.0389,160.819,-161.667
-732.552,799.684,361.96,85.8107,160.701,-161.743
-732.583,799.679,361.927,85.6371,160.576,-161.769
-732.54,799.624,361.963,85.518,160.443,-161.743
-732.477,799.555,362.017,85.4522,160.344,-161.703
-732.511,799.545,361.982,85.4305,160.367,-161.74
-732.47,799.485,362.017,85.4467,160.385,-161.742
-732.352,799.379,362.122,85.5014,160.398,-161.707
-732.268,799.305,362.196,85.5541,160.415,-161.677
-732.364,799.358,362.102,85.5512,160.451,-161.711
-732.387,799.358,362.076,85.5852,160.482,-161.71
-732.336,799.308,362.118,85.6567,160.508,-161.673
-732.315,799.278,362.134,85.7291,160.54,-161.641
-732.469,799.365,361.988,85.7515,160.596,-161.671
-732.552,799.394,361.909,85.8092,160.646,-161.669
-732.561,799.37,361.898,85.9031,160.692,-161.632
-732.515,799.314,361.938,85.9993,160.732,-161.588
-732.49,799.266,361.96,85.9786,160.76,-161.627
-732.387,799.171,362.052,85.9961,160.781,-161.631
-732.207,799.035,362.216,86.0525,160.798,-161.598
-732.054,798.93,362.353,86.0603,160.78,-161.572
-732.187,799.02,362.226,85.82,160.658,-161.654
-732.248,799.053,362.166,85.6349,160.527,-161.683
-732.236,799.035,362.174,85.5048,160.389,-161.66
-732.2,799.001,362.205,85.4371,160.287,-161.619
-732.267,799.036,362.141,85.4428,160.334,-161.655
-732.261,799.02,362.145,85.4842,160.375,-161.657
-732.179,798.956,362.218,85.5619,160.412,-161.625
-732.081,798.884,362.306,85.6505,160.445,-161.581
-732.213,798.971,362.183,85.6475,160.488,-161.619
-732.272,799.001,362.126,85.6808,160.525,-161.624
-732.259,798.98,362.138,85.7511,160.556,-161.593
-732.192,798.92,362.199,85.835,160.583,-161.546
-732.178,798.899,362.211,85.8065,160.608,-161.589
-732.09,798.832,362.291,85.8162,160.627,-161.597
-731.924,798.722,362.443,85.8647,160.641,-161.568
-731.782,798.635,362.573,85.9215,160.652,-161.528
-731.991,798.794,362.376,85.8925,160.675,-161.57
-732.132,798.891,362.245,85.902,160.692,-161.576
-732.202,798.932,362.181,85.9506,160.704,-161.545
-732.208,798.928,362.175,85.9539,160.687,-161.524
-732.175,798.886,362.208,85.7499,160.592,-161.601
-732.064,798.799,362.311,85.5974,160.49,-161.629
-731.876,798.67,362.485,85.4964,160.38,-161.609
-731.672,798.542,362.674,85.4457,160.284,-161.559
-731.809,798.645,362.546,85.4375,160.325,-161.6
-731.876,798.691,362.485,85.4655,160.361,-161.608
-731.87,798.686,362.492,85.5303,160.391,-161.581
-731.825,798.65,362.535,85.6148,160.418,-161.534
-731.998,798.766,362.377,85.5989,160.454,-161.578
-732.1,798.824,362.286,85.6198,160.485,-161.587
-732.129,798.828,362.262,85.6781,160.511,-161.561
-732.1,798.8,362.292,85.7541,160.531,-161.514
-732.151,798.825,362.248,85.6833,160.527,-161.566
-732.129,798.8,362.272,85.6533,160.517,-161.579
-732.032,798.727,362.365,85.6646,160.501,-161.553
-731.951,798.673,362.442,85.6915,160.501,-161.528
-732.021,798.716,362.381,85.6944,160.546,-161.565
-732.018,798.707,362.388,85.7336,160.586,-161.568
-731.939,798.65,362.465,85.8097,160.621,-161.535
-731.863,798.599,362.539,85.8324,160.621,-161.514
-731.953,798.655,362.46,85.6265,160.526,-161.593
-731.969,798.657,362.45,85.472,160.424,-161.623
-731.911,798.611,362.508,85.3687,160.314,-161.605
-731.801,798.537,362.614,85.3155,160.218,-161.557
-731.791,798.536,362.628,85.2963,160.253,-161.603
-731.705,798.489,362.711,85.3138,160.282,-161.613
-731.542,798.398,362.864,85.3685,160.306,-161.589
-731.372,798.31,363.024,85.4414,160.328,-161.548
-731.576,798.48,362.837,85.4329,160.371,-161.592
-731.711,798.589,362.716,85.4604,160.408,-161.602
-731.775,798.642,362.662,85.5247,160.44,-161.578
-731.792,798.65,362.652,85.6069,160.466,-161.533
-731.935,798.746,362.525,85.573,160.492,-161.582
-732.007,798.786,362.466,85.5769,160.511,-161.595
-732.006,798.772,362.475,85.6195,160.525,-161.572
-731.952,798.726,362.532,85.6816,160.541,-161.533
-731.938,798.717,362.552,85.6796,160.589,-161.577
-731.848,798.661,362.641,85.7137,160.631,-161.586
-731.682,798.562,362.8,85.7846,160.668,-161.561
-731.488,798.448,362.984,85.8476,160.682,-161.521
-731.631,798.566,362.857,85.5846,160.554,-161.616
-731.703,798.626,362.797,85.3776,160.417,-161.658
-731.702,798.634,362.804,85.2264,160.272,-161.648
-731.66,798.607,362.85,85.1317,160.142,-161.604
-731.747,798.669,362.777,85.1023,160.171,-161.652
-731.762,798.678,362.771,85.1099,160.193,-161.666
-731.702,798.637,362.834,85.1553,160.21,-161.644
-731.606,798.577,362.93,85.2139,160.226,-161.61
-731.629,798.605,362.916,85.1898,160.257,-161.656
-731.577,798.583,362.971,85.2026,160.283,-161.669
-731.449,798.516,363.095,85.2531,160.303,-161.646
-731.336,798.462,363.206,85.3152,160.323,-161.613
-731.517,798.614,363.044,85.313,160.371,-161.657
-731.627,798.706,362.948,85.3466,160.412,-161.668
-731.666,798.745,362.919,85.4166,160.449,-161.644
-731.665,798.756,362.928,85.4611,160.451,-161.608
-731.803,798.86,362.808,85.1671,160.261,-161.673
-731.869,798.907,362.755,84.9361,160.062,-161.678
-730.676,801.721,363.481,85.5397,160.516,-161.603
-731.195,795.07,382.336,85.5397,160.516,-161.603
-731.714,788.419,401.19,85.5397,160.516,-161.603
-732.233,781.768,420.045,85.5397,160.516,-161.603
-732.752,775.118,438.9,85.5397,160.516,-161.603
-733.27,768.467,457.754,85.5397,160.516,-161.603
