P0001,-3000,2300,62,90,135,90
P0002,-3005,2300,62,90,135,90
P0003,-3010,2300,62,90,135,90
P0004,-3015,2300,62,90,135,90
P0005,-3020,2300,62,90,135,90
P0006,-3025,2300,62,90,135,90
P0007,-3030,2300,62,90,135,90
P0008,-3035,2300,62,90,135,90
P0009,-3040,2300,62,90,135,90
P0010,-3045,2300,62,90,135,90
P0011,-3050,2300,62,90,135,90
P0012,-3055,2300,62,90,135,90
P0013,-3060,2300,62,90,135,90
P0014,-3065,2300,62,90,135,90
P0015,-3070,2300,62,90,135,90
P0016,-3075,2300,62,90,135,90
P0017,-3080,2300,62,90,135,90
P0018,-3085,2300,62,90,135,90
P0019,-3090,2301,62,71,135,90
P0020,-3094,2303,62,52,135,90
P0021,-3098,2307,62,33,135,90
P0022,-3100,2311,62,14,135,90
P0023,-3100,2315,62,0,135,90
P0024,-3100,2320,62,0,135,90
P0025,-3100,2325,62,0,135,90
P0026,-3100,2330,62,0,135,90
P0027,-3100,2335,62,0,135,90
P0028,-3100,2340,62,0,135,90
P0029,-3100,2345,62,0,135,90
P0030,-3100,2350,62,0,135,90
P0031,-3100,2355,62,0,135,90
P0032,-3100,2360,62,0,135,90
P0033,-3100,2365,62,0,135,90
P0034,-3100,2370,62,0,135,90
P0035,-3100,2375,62,0,135,90
P0036,-3100,2380,62,0,135,90
P0037,-3100,2385,62,0,135,90
P0038,-3100,2390,62,0,135,90
P0039,-3100,2395,62,0,135,90
P0040,-3100,2400,62,0,135,90
P0041,-3100,2405,62,0,135,90
P0042,-3100,2410,62,0,135,90
P0043,-3100,2415,62,0,135,90
P0044,-3100,2420,62,0,135,90
P0045,-3100,2425,62,0,135,90
P0046,-3100,2430,62,0,135,90
P0047,-3100,2435,62,0,135,90
P0048,-3100,2440,62,0,135,90
P0049,-3100,2445,62,0,135,90
P0050,-3100,2450,62,0,135,90
P0002,-3100,2455,62,0,135,90
P0002,-3100,2460,62,0,135,90
P0003,-3100,2465,62,0,135,90
P0004,-3100,2470,62,0,135,90
P0005,-3100,2475,62,0,135,90
P0006,-3100,2480,62,0,135,90
P0007,-3100,2485,62,0,135,90
P0008,-3099,2490,62,-19,135,90
P0009,-3097,2494,62,-38,135,90
P0010,-3093,2498,62,-57,135,90
P0011,-3089,2500,62,-76,135,90
P0012,-3085,2500,62,-90,135,90
P0013,-3080,2500,62,-90,135,90
P0014,-3075,2500,62,-90,135,90
P0015,-3070,2500,62,-90,135,90
P0016,-3065,2500,62,-90,135,90
P0017,-3060,2500,62,-90,135,90
P0018,-3055,2500,62,-90,135,90
P0019,-3050,2500,62,-90,135,90
P0020,-3045,2500,62,-90,135,90
P0021,-3040,2500,62,-90,135,90
P0022,-3035,2500,62,-90,135,90
P0023,-3030,2500,62,-90,135,90
P0024,-3025,2500,62,-90,135,90
P0025,-3020,2500,62,-90,135,90
P0026,-3015,2500,62,-90,135,90
P0027,-3010,2500,62,-90,135,90
P0028,-3005,2500,62,-90,135,90
P0029,-3000,2500,62,-90,135,90
P0030,-2995,2500,62,-90,135,90
P0031,-2990,2500,62,-90,135,90
P0032,-2985,2500,62,-90,135,90
P0033,-2980,2500,62,-90,135,90
P0034,-2975,2500,62,-90,135,90
P0035,-2970,2500,62,-90,135,90
P0036,-2965,2500,62,-90,135,90
P0037,-2960,2500,62,-90,135,90
P0038,-2955,2500,62,-90,135,90
P0039,-2950,2500,62,-90,135,90
P0040,-2945,2500,62,-90,135,90
P0041,-2940,2500,62,-90,135,90
P0042,-2935,2500,62,-90,135,90
P0043,-2930,2500,62,-90,135,90
P0044,-2925,2500,62,-90,135,90
P0045,-2920,2500,62,-90,135,90
P0046,-2915,2500,62,-90,135,90
P0047,-2910,2499,62,-109,135,90
P0048,-2906,2497,62,-128,135,90
P0049,-2902,2493,62,-147,135,90
P0050,-2900,2489,62,-166,135,90
P0002,-2900,2485,62,180,135,90
P0002,-2900,2480,62,180,135,90
P0003,-2900,2475,62,180,135,90
P0004,-2900,2470,62,180,135,90
P0005,-2900,2465,62,180,135,90
P0006,-2900,2460,62,180,135,90
P0007,-2900,2455,62,180,135,90
P0008,-2900,2450,62,180,135,90
P0009,-2900,2445,62,180,135,90
P0010,-2900,2440,62,180,135,90
P0011,-2900,2435,62,180,135,90
P0012,-2900,2430,62,180,135,90
P0013,-2900,2425,62,180,135,90
P0014,-2900,2420,62,180,135,90
P0015,-2900,2415,62,180,135,90
P0016,-2900,2410,62,180,135,90
P0017,-2900,2405,62,180,135,90
P0018,-2900,2400,62,180,135,90
P0019,-2900,2395,62,180,135,90
P0020,-2900,2390,62,180,135,90
P0021,-2900,2385,62,180,135,90
P0022,-2900,2380,62,180,135,90
P0023,-2900,2375,62,180,135,90
P0024,-2900,2370,62,180,135,90
P0025,-2900,2365,62,180,135,90
P0026,-2900,2360,62,180,135,90
P0027,-2900,2355,62,180,135,90
P0028,-2900,2350,62,180,135,90
P0029,-2900,2345,62,180,135,90
P0030,-2900,2340,62,180,135,90
P0031,-2900,2335,62,180,135,90
P0032,-2900,2330,62,180,135,90
P0033,-2900,2325,62,180,135,90
P0034,-2900,2320,62,180,135,90
P0035,-2900,2315,62,180,135,90
P0036,-2901,2310,62,161,135,90
P0037,-2903,2306,62,142,135,90
P0038,-2907,2302,62,123,135,90
P0039,-2911,2300,62,104,135,90
P0040,-2915,2300,62,90,135,90
P0041,-2915,2300,62,90,135,90
P0042,-2920,2300,62,90,135,90
P0043,-2925,2300,62,90,135,90
P0044,-2930,2300,62,90,135,90
P0045,-2935,2300,62,90,135,90
P0046,-2940,2300,62,90,135,90
P0047,-2945,2300,62,90,135,90
P0048,-2950,2300,62,90,135,90
P0049,-2955,2300,62,90,135,90
P0050,-2960,2300,62,90,135,90
P0002,-2965,2300,62,90,135,90
P0002,-2970,2300,62,90,135,90
P0003,-2975,2300,62,90,135,90
P0004,-2980,2300,62,90,135,90
P0005,-2985,2300,62,90,135,90
P0006,-2990,2300,62,90,135,90
P0007,-2995,2300,62,90,135,90