1
-913.146 480.246 -48.9941 75.853 123.098 3.638
-913.217 480.312 -49.9894 75.853 123.098 3.638
-913.288 480.378 -50.9847 75.853 123.098 3.638
-913.36 480.444 -51.9799 75.853 123.098 3.638
-913.431 480.51 -52.9752 75.853 123.098 3.638
-913.502 480.576 -53.9705 75.853 123.098 3.638
-913.574 480.642 -54.9657 75.853 123.098 3.638
-913.645 480.708 -55.961 75.853 123.098 3.638
-913.717 480.774 -56.9562 75.853 123.098 3.638
-913.788 480.84 -57.9515 75.885 123.318 3.696
-913.859 480.906 -58.9468 75.885 123.318 3.696
-913.931 480.972 -59.942 75.896 123.513 3.7
-914.002 481.038 -60.9373 75.912 123.743 3.689
-914.073 481.104 -61.9326 75.912 123.743 3.689
-914.145 481.17 -62.9278 75.929 123.982 3.7
-914.216 481.237 -63.9231 75.95 124.211 3.707
-914.287 481.303 -64.9183 75.95 124.211 3.707
-914.359 481.369 -65.9136 75.965 124.418 3.715
-914.43 481.435 -66.9089 75.982 124.628 3.724
-914.501 481.501 -67.9041 75.982 124.628 3.724
-914.573 481.567 -68.8994 76.002 124.839 3.725
-914.644 481.633 -69.8946 76.022 125.079 3.73
-914.715 481.699 -70.8899 76.022 125.079 3.73
-914.787 481.765 -71.8852 76.033 125.316 3.743
-914.858 481.831 -72.8804 76.048 125.585 3.752
-914.929 481.897 -73.8757 76.048 125.585 3.752
-915.001 481.963 -74.871 76.048 125.585 3.752
-915.072 482.029 -75.8662 76.048 125.585 3.752
-915.143 482.095 -76.8615 76.048 125.585 3.752
-915.215 482.161 -77.8567 76.048 125.585 3.752
-915.286 482.227 -78.852 76.048 125.585 3.752
-915.357 482.293 -79.8473 76.048 125.585 3.752
-915.429 482.36 -80.8425 76.048 125.585 3.752
-915.5 482.426 -81.8378 76.244 127.902 3.861
-915.571 482.492 -82.8331 76.244 127.902 3.861
-915.643 482.558 -83.8283 76.244 127.902 3.861
-915.714 482.624 -84.8236 76.244 127.902 3.861
-915.785 482.69 -85.8188 76.244 127.902 3.861
-915.857 482.756 -86.8141 76.244 127.902 3.861
-915.928 482.822 -87.8094 76.244 127.902 3.861
-915.999 482.888 -88.8046 76.244 127.902 3.861
-916.071 482.954 -89.7999 76.244 127.902 3.861
-916.142 483.02 -90.7952 76.244 127.902 3.861
-916.213 483.086 -91.7904 76.244 127.902 3.861
-916.285 483.152 -92.7857 76.244 127.902 3.861
-916.356 483.218 -93.7809 76.244 127.902 3.861
-916.427 483.284 -94.7762 76.244 127.902 3.861
-916.499 483.35 -95.7715 76.244 127.902 3.861
-916.57 483.416 -96.7667 76.244 127.902 3.861
-916.641 483.483 -97.762 76.244 127.902 3.861
-916.713 483.549 -98.7573 76.244 127.902 3.861
2
-911.261 480.957 -48.7175 75.853 123.098 3.636
-911.362 481.01 -49.711 75.853 123.098 3.636
-911.462 481.063 -50.7045 75.853 123.098 3.636
-911.563 481.117 -51.698 75.853 123.098 3.636
-911.663 481.17 -52.6915 75.853 123.098 3.636
-911.764 481.224 -53.685 75.853 123.098 3.636
-911.865 481.277 -54.6785 75.853 123.098 3.636
-911.965 481.331 -55.672 75.853 123.098 3.636
-912.066 481.384 -56.6655 75.853 123.098 3.636
-912.166 481.437 -57.659 75.853 123.098 3.636
-912.267 481.491 -58.6525 75.883 123.302 3.692
-912.368 481.544 -59.646 75.883 123.302 3.692
-912.468 481.598 -60.6394 75.897 123.534 3.697
-912.569 481.651 -61.6329 75.912 123.768 3.688
-912.669 481.704 -62.6264 75.912 123.768 3.688
-912.77 481.758 -63.6199 75.93 124.009 3.7
-912.871 481.811 -64.6134 75.952 124.242 3.709
-912.971 481.865 -65.6069 75.952 124.242 3.709
-913.072 481.918 -66.6004 75.972 124.48 3.718
-913.173 481.972 -67.5939 75.972 124.48 3.718
-913.273 482.025 -68.5874 75.994 124.748 3.723
-913.374 482.078 -69.5809 76.016 124.988 3.724
-913.474 482.132 -70.5744 76.016 124.988 3.724
-913.575 482.185 -71.5679 76.028 125.227 3.737
-913.676 482.239 -72.5613 76.028 125.227 3.737
-913.776 482.292 -73.5548 76.039 125.435 3.743
-913.877 482.345 -74.5483 76.039 125.435 3.743
-913.977 482.399 -75.5418 76.039 125.435 3.743
-914.078 482.452 -76.5353 76.039 125.435 3.743
-914.179 482.506 -77.5288 76.039 125.435 3.743
-914.279 482.559 -78.5223 76.039 125.435 3.743
-914.38 482.613 -79.5158 76.189 127.264 3.837
-914.48 482.666 -80.5093 76.189 127.264 3.837
-914.581 482.719 -81.5028 76.189 127.264 3.837
-914.682 482.773 -82.4963 76.189 127.264 3.837
-914.782 482.826 -83.4898 76.189 127.264 3.837
-914.883 482.88 -84.4832 76.189 127.264 3.837
-914.983 482.933 -85.4767 76.189 127.264 3.837
-915.084 482.986 -86.4702 76.213 127.5 3.84
-915.185 483.04 -87.4637 76.213 127.5 3.84
-915.285 483.093 -88.4572 76.229 127.697 3.848
-915.386 483.147 -89.4507 76.245 127.926 3.858
-915.486 483.2 -90.4442 76.245 127.926 3.858
-915.587 483.254 -91.4377 76.263 128.162 3.873
-915.688 483.307 -92.4312 76.263 128.162 3.873
-915.788 483.36 -93.4247 76.263 128.162 3.873
-915.889 483.414 -94.4182 76.263 128.162 3.873
-915.989 483.467 -95.4117 76.263 128.162 3.873
-916.09 483.521 -96.4051 76.263 128.162 3.873
-916.191 483.574 -97.3986 76.263 128.162 3.873
-916.291 483.627 -98.3921 76.263 128.162 3.873
3
-916.765 479.586 -49.1519 75.853 123.097 3.636
-916.827 479.606 -50.1498 75.853 123.097 3.636
-916.889 479.625 -51.1477 75.853 123.097 3.636
-916.951 479.645 -52.1455 75.853 123.097 3.636
-917.014 479.665 -53.1434 75.853 123.097 3.636
-917.076 479.685 -54.1413 75.853 123.097 3.636
-917.138 479.704 -55.1392 75.853 123.097 3.636
-917.2 479.724 -56.1371 75.853 123.097 3.636
-917.262 479.744 -57.1349 75.886 123.364 3.698
-917.324 479.763 -58.1328 75.886 123.364 3.698
-917.386 479.783 -59.1307 75.907 123.646 3.692
-917.448 479.803 -60.1286 75.922 123.9 3.696
-917.51 479.822 -61.1265 75.922 123.9 3.696
-917.572 479.842 -62.1243 75.942 124.153 3.704
-917.634 479.862 -63.1222 75.962 124.391 3.715
-917.696 479.882 -64.1201 75.962 124.391 3.715
-917.758 479.901 -65.118 75.982 124.629 3.722
-917.82 479.921 -66.1159 75.982 124.629 3.722
-917.882 479.941 -67.1137 76.002 124.838 3.722
-917.944 479.96 -68.1116 76.02 125.047 3.728
-918.006 479.98 -69.1095 76.032 125.257 3.739
-918.068 480 -70.1074 76.032 125.257 3.739
-918.13 480.019 -71.1052 76.032 125.257 3.739
-918.192 480.039 -72.1031 76.063 125.766 3.76
-918.254 480.059 -73.101 76.063 125.766 3.76
-918.317 480.079 -74.0989 76.08 125.948 3.77
-918.379 480.098 -75.0968 76.098 126.187 3.789
-918.441 480.118 -76.0946 76.098 126.187 3.789
-918.503 480.138 -77.0925 76.098 126.187 3.789
-918.565 480.157 -78.0904 76.098 126.187 3.789
-918.627 480.177 -79.0883 76.098 126.187 3.789
-918.689 480.197 -80.0862 76.098 126.187 3.789
-918.751 480.216 -81.084 76.098 126.187 3.789
-918.813 480.236 -82.0819 76.249 127.997 3.863
-918.875 480.256 -83.0798 76.249 127.997 3.863
-918.937 480.276 -84.0777 76.249 127.997 3.863
-918.999 480.295 -85.0755 76.249 127.997 3.863
-919.061 480.315 -86.0734 76.249 127.997 3.863
-919.123 480.335 -87.0713 76.249 127.997 3.863
-919.185 480.354 -88.0692 76.249 127.997 3.863
-919.247 480.374 -89.0671 76.27 128.23 3.88
-919.309 480.394 -90.0649 76.27 128.23 3.88
-919.371 480.413 -91.0628 76.27 128.23 3.88
-919.433 480.433 -92.0607 76.27 128.23 3.88
-919.495 480.453 -93.0586 76.27 128.23 3.88
-919.557 480.473 -94.0565 76.27 128.23 3.88
-919.62 480.492 -95.0543 76.27 128.23 3.88
-919.682 480.512 -96.0522 76.27 128.23 3.88
-919.744 480.532 -97.0501 76.27 128.23 3.88
-919.806 480.551 -98.048 76.27 128.23 3.88
-919.868 480.571 -99.0459 76.27 128.23 3.88
4
-913.607 483.907 -49.2821 75.853 123.098 3.637
-913.646 483.907 -50.2814 75.853 123.098 3.637
-913.686 483.907 -51.2806 75.853 123.098 3.637
-913.725 483.907 -52.2798 75.853 123.098 3.637
-913.765 483.907 -53.279 75.853 123.098 3.637
-913.805 483.907 -54.2782 75.853 123.098 3.637
-913.844 483.907 -55.2774 75.853 123.098 3.637
-913.884 483.906 -56.2766 75.853 123.098 3.637
-913.924 483.906 -57.2759 75.853 123.098 3.637
-913.963 483.906 -58.2751 75.853 123.098 3.637
-914.003 483.906 -59.2743 75.853 123.098 3.637
-914.043 483.906 -60.2735 75.881 123.302 3.689
-914.082 483.906 -61.2727 75.895 123.534 3.693
-914.122 483.906 -62.2719 75.895 123.534 3.693
-914.161 483.906 -63.2711 75.917 123.845 3.691
-914.201 483.906 -64.2704 75.917 123.845 3.691
-914.241 483.906 -65.2696 75.932 124.037 3.699
-914.28 483.906 -66.2688 75.959 124.33 3.714
-914.32 483.906 -67.268 75.959 124.33 3.714
-914.36 483.906 -68.2672 75.977 124.54 3.721
-914.399 483.906 -69.2664 75.977 124.54 3.721
-914.439 483.906 -70.2656 76.014 124.959 3.723
-914.478 483.906 -71.2649 76.014 124.959 3.723
-914.518 483.906 -72.2641 76.027 125.198 3.735
-914.558 483.906 -73.2633 76.027 125.198 3.735
-914.597 483.905 -74.2625 76.027 125.198 3.735
-914.637 483.905 -75.2617 76.027 125.198 3.735
-914.677 483.905 -76.2609 76.027 125.198 3.735
-914.716 483.905 -77.2601 76.027 125.198 3.735
-914.756 483.905 -78.2594 76.027 125.198 3.735
-914.795 483.905 -79.2586 76.027 125.198 3.735
-914.835 483.905 -80.2578 76.194 127.294 3.838
-914.875 483.905 -81.257 76.194 127.294 3.838
-914.914 483.905 -82.2562 76.194 127.294 3.838
-914.954 483.905 -83.2554 76.194 127.294 3.838
-914.994 483.905 -84.2546 76.194 127.294 3.838
-915.033 483.905 -85.2539 76.194 127.294 3.838
-915.073 483.905 -86.2531 76.194 127.294 3.838
-915.113 483.905 -87.2523 76.215 127.528 3.841
-915.152 483.905 -88.2515 76.215 127.528 3.841
-915.192 483.905 -89.2507 76.215 127.528 3.841
-915.231 483.905 -90.2499 76.248 127.996 3.861
-915.271 483.905 -91.2492 76.248 127.996 3.861
-915.311 483.905 -92.2484 76.269 128.214 3.878
-915.35 483.904 -93.2476 76.269 128.214 3.878
-915.39 483.904 -94.2468 76.269 128.214 3.878
-915.43 483.904 -95.246 76.269 128.214 3.878
-915.469 483.904 -96.2452 76.269 128.214 3.878
-915.509 483.904 -97.2444 76.269 128.214 3.878
-915.548 483.904 -98.2437 76.269 128.214 3.878
-915.588 483.904 -99.2429 76.269 128.214 3.878
