1
-939.733 1005.31 -102.465 -172.614 132.289 -94.488
-940.116 1004.38 -102.465 -172.614 132.289 -94.488
-940.499 1003.46 -102.465 -172.614 132.289 -94.488
-940.881 1002.54 -102.465 -172.614 132.289 -94.488
-941.264 1001.61 -102.466 -172.614 132.289 -94.488
-941.647 1000.69 -102.466 -172.614 132.289 -94.488
-942.03 999.764 -102.466 -172.614 132.289 -94.488
-942.413 998.84 -102.466 -172.614 132.289 -94.488
-942.796 997.916 -102.467 -172.614 132.289 -94.488
-943.179 996.992 -102.467 -172.614 132.289 -94.488
-943.561 996.068 -102.467 -172.614 132.289 -94.488
-943.944 995.145 -102.467 -172.614 132.289 -94.488
-944.327 994.221 -102.468 -172.614 132.289 -94.488
-944.71 993.297 -102.468 -172.614 132.289 -94.488
-945.093 992.373 -102.468 -172.614 132.289 -94.488
-945.476 991.449 -102.468 -172.614 132.289 -94.488
-945.859 990.526 -102.468 -172.614 132.289 -94.488
-946.242 989.602 -102.469 -172.614 132.289 -94.488
-946.624 988.678 -102.469 -172.614 132.289 -94.488
-947.007 987.754 -102.469 -172.614 132.289 -94.488
-947.39 986.83 -102.469 -172.614 132.289 -94.488
-947.773 985.907 -102.47 -172.614 132.289 -94.488
-948.156 984.983 -102.47 -172.614 132.289 -94.488
-948.539 984.059 -102.47 -172.614 132.289 -94.488
-948.922 983.135 -102.47 -172.614 132.289 -94.488
-949.304 982.211 -102.471 -172.614 132.289 -94.488
-949.687 981.288 -102.471 -172.614 132.289 -94.488
-950.07 980.364 -102.471 -172.614 132.289 -94.488
-950.453 979.44 -102.471 -172.614 132.289 -94.488
-950.836 978.516 -102.471 -172.614 132.289 -94.488
-951.219 977.592 -102.472 -172.614 132.289 -94.488
-951.602 976.669 -102.472 -172.614 132.289 -94.488
-951.985 975.745 -102.472 -172.614 132.289 -94.488
-952.367 974.821 -102.472 -172.614 132.289 -94.488
-952.75 973.897 -102.473 -172.614 132.289 -94.488
-953.133 972.973 -102.473 -172.614 132.286 -94.487
-953.516 972.05 -102.473 -172.612 132.287 -94.488
-953.899 971.126 -102.473 -172.612 132.287 -94.488
-954.282 970.202 -102.474 -172.609 132.288 -94.483
-954.665 969.278 -102.474 -172.614 132.29 -94.49
-955.047 968.354 -102.474 -172.614 132.29 -94.49
-955.43 967.431 -102.474 -172.613 132.292 -94.491
-955.813 966.507 -102.475 -172.612 132.292 -94.49
-956.196 965.583 -102.475 -172.61 132.291 -94.485
-956.579 964.659 -102.475 -172.609 132.288 -94.484
-956.962 963.735 -102.475 -172.609 132.288 -94.484
-957.345 962.812 -102.475 -172.613 132.285 -94.481
-957.728 961.888 -102.476 -172.613 132.285 -94.481
-958.11 960.964 -102.476 -172.611 132.285 -94.479
-958.493 960.04 -102.476 -172.611 132.285 -94.479
-958.876 959.116 -102.476 -172.609 132.287 -94.477
-959.259 958.192 -102.477 -172.609 132.287 -94.478
-959.642 957.269 -102.477 -172.609 132.288 -94.475
-960.025 956.345 -102.477 -172.609 132.288 -94.475
-960.408 955.421 -102.477 -172.61 132.286 -94.469
-960.79 954.497 -102.478 -172.607 132.286 -94.471
-961.173 953.573 -102.478 -172.608 132.285 -94.475
-961.556 952.65 -102.478 -172.608 132.284 -94.475
-961.939 951.726 -102.478 -172.609 132.284 -94.472
-962.322 950.802 -102.478 -172.609 132.284 -94.472
-962.705 949.878 -102.479 -172.612 132.283 -94.471
-963.088 948.954 -102.479 -172.611 132.283 -94.473
-963.471 948.031 -102.479 -172.61 132.284 -94.475
-963.853 947.107 -102.479 -172.61 132.284 -94.475
-964.236 946.183 -102.48 -172.609 132.285 -94.471
-964.619 945.259 -102.48 -172.611 132.285 -94.471
-965.002 944.335 -102.48 -172.612 132.285 -94.473
-965.385 943.412 -102.48 -172.61 132.284 -94.472
-965.768 942.488 -102.481 -172.61 132.284 -94.472
-966.151 941.564 -102.481 -172.609 132.281 -94.462
-966.533 940.64 -102.481 -172.61 132.28 -94.462
-966.916 939.716 -102.481 -172.613 132.281 -94.467
-967.299 938.793 -102.481 -172.613 132.281 -94.467
-967.682 937.869 -102.482 -172.614 132.281 -94.473
-968.065 936.945 -102.482 -172.611 132.282 -94.47
-968.448 936.021 -102.482 -172.611 132.282 -94.47
-968.831 935.097 -102.482 -172.61 132.284 -94.469
-969.214 934.174 -102.483 -172.609 132.283 -94.468
-969.596 933.25 -102.483 -172.611 132.282 -94.47
-969.979 932.326 -102.483 -172.612 132.282 -94.469
-970.362 931.402 -102.483 -172.611 132.281 -94.467
-970.745 930.478 -102.484 -172.611 132.281 -94.467
-971.128 929.555 -102.484 -172.61 132.282 -94.47
-971.511 928.631 -102.484 -172.609 132.281 -94.469
-971.894 927.707 -102.484 -172.611 132.28 -94.464
-972.276 926.783 -102.485 -172.613 132.278 -94.458
-972.659 925.859 -102.485 -172.613 132.278 -94.458
-973.042 924.936 -102.485 -172.613 132.277 -94.463
-973.425 924.012 -102.485 -172.609 132.28 -94.464
-973.808 923.088 -102.485 -172.608 132.281 -94.465
-974.191 922.164 -102.486 -172.611 132.279 -94.46
-974.574 921.24 -102.486 -172.611 132.279 -94.46
-974.957 920.317 -102.486 -172.615 132.278 -94.461
-975.339 919.393 -102.486 -172.612 132.279 -94.462
-975.722 918.469 -102.487 -172.61 132.278 -94.46
-976.105 917.545 -102.487 -172.607 132.276 -94.457
-976.488 916.621 -102.487 -172.608 132.276 -94.457
-976.871 915.698 -102.487 -172.608 132.276 -94.457
-977.254 914.774 -102.488 -172.61 132.276 -94.455
-977.637 913.85 -102.488 -172.61 132.276 -94.454
-978.019 912.926 -102.488 -172.606 132.273 -94.45
-978.402 912.002 -102.488 -172.606 132.273 -94.45
-978.785 911.079 -102.488 -172.606 132.273 -94.45
-979.168 910.155 -102.489 -172.606 132.273 -94.45
-979.551 909.231 -102.489 -172.606 132.273 -94.45
-979.934 908.307 -102.489 -172.606 132.273 -94.45
2
-950.634 1008.63 -95.92 -177.984 131.89 -98.175
-950.92 1007.67 -95.9786 -177.984 131.89 -98.175
-951.205 1006.72 -96.0372 -177.984 131.89 -98.175
-951.491 1005.76 -96.0958 -177.984 131.89 -98.175
-951.776 1004.8 -96.1544 -177.984 131.89 -98.175
-952.062 1003.85 -96.2131 -177.984 131.89 -98.175
-952.347 1002.89 -96.2717 -177.984 131.89 -98.175
-952.633 1001.93 -96.3303 -177.984 131.89 -98.175
-952.918 1000.98 -96.3889 -177.984 131.89 -98.175
-953.204 1000.02 -96.4475 -177.984 131.89 -98.175
-953.489 999.065 -96.5061 -177.984 131.89 -98.175
-953.775 998.108 -96.5647 -177.984 131.89 -98.175
-954.06 997.152 -96.6233 -177.984 131.89 -98.175
-954.346 996.195 -96.6819 -177.984 131.89 -98.175
-954.631 995.239 -96.7405 -177.984 131.89 -98.175
-954.916 994.282 -96.7991 -177.984 131.89 -98.175
-955.202 993.325 -96.8577 -177.984 131.89 -98.175
-955.487 992.369 -96.9163 -177.984 131.89 -98.175
-955.773 991.412 -96.9749 -177.984 131.89 -98.175
-956.058 990.456 -97.0335 -177.984 131.89 -98.175
-956.344 989.499 -97.0921 -177.984 131.89 -98.175
-956.629 988.542 -97.1507 -177.984 131.89 -98.175
-956.915 987.586 -97.2093 -177.984 131.89 -98.175
-957.2 986.629 -97.268 -177.984 131.89 -98.175
-957.486 985.673 -97.3266 -177.984 131.89 -98.175
-957.771 984.716 -97.3852 -177.984 131.89 -98.175
-958.057 983.759 -97.4438 -177.984 131.89 -98.175
-958.342 982.803 -97.5024 -177.984 131.89 -98.175
-958.627 981.846 -97.561 -177.984 131.89 -98.175
-958.913 980.89 -97.6196 -177.984 131.89 -98.175
-959.198 979.933 -97.6782 -177.984 131.89 -98.175
-959.484 978.976 -97.7368 -177.984 131.89 -98.175
-959.769 978.02 -97.7954 -177.984 131.89 -98.175
-960.055 977.063 -97.854 -177.984 131.89 -98.175
-960.34 976.107 -97.9126 -177.984 131.89 -98.175
-960.626 975.15 -97.9712 -177.984 131.89 -98.175
-960.911 974.193 -98.0298 -177.984 131.89 -98.175
-961.197 973.237 -98.0884 -177.984 131.89 -98.175
-961.482 972.28 -98.147 -177.984 131.89 -98.175
-961.768 971.324 -98.2056 -177.984 131.89 -98.175
-962.053 970.367 -98.2642 -177.984 131.89 -98.175
-962.338 969.41 -98.3228 -177.984 131.89 -98.175
-962.624 968.454 -98.3815 -177.984 131.89 -98.175
-962.909 967.497 -98.4401 -177.984 131.89 -98.175
-963.195 966.541 -98.4987 -177.984 131.89 -98.175
-963.48 965.584 -98.5573 -177.984 131.89 -98.175
-963.766 964.627 -98.6159 -177.984 131.89 -98.175
-964.051 963.671 -98.6745 -177.984 131.89 -98.175
-964.337 962.714 -98.7331 -177.984 131.89 -98.175
-964.622 961.758 -98.7917 -177.984 131.89 -98.175
-964.908 960.801 -98.8503 -177.984 131.89 -98.175
-965.193 959.844 -98.9089 -177.984 131.89 -98.175
-965.479 958.888 -98.9675 -177.984 131.89 -98.175
-965.764 957.931 -99.0261 -177.984 131.89 -98.175
-966.049 956.975 -99.0847 -177.984 131.89 -98.175
-966.335 956.018 -99.1433 -177.984 131.89 -98.175
-966.62 955.061 -99.2019 -177.984 131.89 -98.175
-966.906 954.105 -99.2605 -177.984 131.89 -98.175
-967.191 953.148 -99.3191 -177.984 131.89 -98.175
-967.477 952.192 -99.3777 -177.984 131.89 -98.175
-967.762 951.235 -99.4364 -177.984 131.89 -98.175
-968.048 950.279 -99.495 -177.984 131.89 -98.175
-968.333 949.322 -99.5536 -177.984 131.89 -98.175
-968.619 948.365 -99.6122 -177.984 131.89 -98.175
-968.904 947.409 -99.6708 -177.984 131.89 -98.175
-969.19 946.452 -99.7294 -177.984 131.89 -98.175
-969.475 945.496 -99.788 -177.984 131.89 -98.175
-969.76 944.539 -99.8466 -177.984 131.89 -98.175
-970.046 943.582 -99.9052 -177.984 131.89 -98.175
-970.331 942.626 -99.9638 -177.984 131.89 -98.175
-970.617 941.669 -100.022 -177.984 131.89 -98.175
-970.902 940.713 -100.081 -177.984 131.89 -98.175
-971.188 939.756 -100.14 -177.984 131.89 -98.175
-971.473 938.799 -100.198 -177.984 131.89 -98.175
-971.759 937.843 -100.257 -177.984 131.89 -98.175
-972.044 936.886 -100.315 -177.984 131.89 -98.175
-972.33 935.93 -100.374 -177.984 131.89 -98.175
-972.615 934.973 -100.433 -177.984 131.89 -98.175
-972.901 934.016 -100.491 -177.984 131.89 -98.175
-973.186 933.06 -100.55 -177.984 131.89 -98.175
-973.471 932.103 -100.608 -177.984 131.89 -98.175
-973.757 931.147 -100.667 -177.984 131.89 -98.175
-974.042 930.19 -100.726 -177.984 131.89 -98.175
-974.328 929.233 -100.784 -177.984 131.89 -98.175
-974.613 928.277 -100.843 -177.984 131.89 -98.175
-974.899 927.32 -100.901 -177.984 131.89 -98.175
-975.184 926.364 -100.96 -177.984 131.89 -98.175
-975.47 925.407 -101.019 -177.984 131.89 -98.175
-975.755 924.45 -101.077 -177.984 131.89 -98.175
-976.041 923.494 -101.136 -177.984 131.89 -98.175
-976.326 922.537 -101.195 -177.984 131.89 -98.175
-976.612 921.581 -101.253 -177.984 131.89 -98.175
-976.897 920.624 -101.312 -177.984 131.89 -98.175
-977.182 919.667 -101.37 -177.984 131.89 -98.175
-977.468 918.711 -101.429 -177.984 131.89 -98.175
-977.753 917.754 -101.488 -177.984 131.89 -98.175
-978.039 916.798 -101.546 -177.984 131.89 -98.175
-978.324 915.841 -101.605 -177.984 131.89 -98.175
-978.61 914.884 -101.663 -176.645 132.021 -97.248
-978.895 913.928 -101.722 -175.395 132.107 -96.378
-979.181 912.971 -101.781 -175.395 132.107 -96.378
-979.466 912.015 -101.839 -174.066 132.183 -95.446
-979.752 911.058 -101.898 -172.819 132.265 -94.583
-980.037 910.101 -101.956 -172.819 132.265 -94.583
-980.323 909.145 -102.015 -172.819 132.265 -94.583
-980.608 908.188 -102.074 -172.819 132.265 -94.583
3
-940.581 1005.09 -101.412 179.513 131.569 -99.794
-940.972 1004.17 -101.413 179.513 131.569 -99.794
-941.364 1003.25 -101.415 179.513 131.569 -99.794
-941.756 1002.33 -101.416 179.513 131.569 -99.794
-942.148 1001.41 -101.417 179.513 131.569 -99.794
-942.54 1000.49 -101.419 179.513 131.569 -99.794
-942.932 999.57 -101.42 179.513 131.569 -99.794
-943.323 998.65 -101.421 179.513 131.569 -99.794
-943.715 997.729 -101.423 179.513 131.569 -99.794
-944.107 996.809 -101.424 179.545 131.575 -99.773
-944.499 995.889 -101.425 179.545 131.575 -99.773
-944.891 994.969 -101.427 179.545 131.575 -99.773
-945.282 994.049 -101.428 179.545 131.575 -99.773
-945.674 993.129 -101.429 179.545 131.575 -99.773
-946.066 992.209 -101.43 179.822 131.615 -99.601
-946.458 991.289 -101.432 179.822 131.615 -99.601
-946.85 990.369 -101.433 179.822 131.615 -99.601
-947.241 989.449 -101.434 179.822 131.615 -99.601
-947.633 988.529 -101.436 179.822 131.615 -99.601
-948.025 987.609 -101.437 179.822 131.615 -99.601
-948.417 986.689 -101.438 179.822 131.615 -99.601
-948.809 985.769 -101.44 179.932 131.633 -99.53
-949.2 984.849 -101.441 179.932 131.633 -99.53
-949.592 983.929 -101.442 179.968 131.638 -99.506
-949.984 983.009 -101.443 179.968 131.638 -99.506
-950.376 982.089 -101.445 -179.994 131.642 -99.481
-950.768 981.169 -101.446 -179.956 131.647 -99.457
-951.159 980.249 -101.447 -179.956 131.647 -99.457
-951.551 979.329 -101.449 -179.92 131.652 -99.434
-951.943 978.408 -101.45 -179.884 131.656 -99.413
-952.335 977.488 -101.451 -179.854 131.658 -99.392
-952.727 976.568 -101.453 -179.79 131.666 -99.348
-953.118 975.648 -101.454 -179.79 131.666 -99.348
-953.51 974.728 -101.455 -179.79 131.666 -99.348
-953.902 973.808 -101.457 -179.719 131.678 -99.304
-954.294 972.888 -101.458 -179.719 131.678 -99.304
-954.686 971.968 -101.459 -179.719 131.678 -99.304
-955.078 971.048 -101.46 -179.719 131.678 -99.304
-955.469 970.128 -101.462 -179.597 131.694 -99.224
-955.861 969.208 -101.463 -179.597 131.694 -99.224
-956.253 968.288 -101.464 -179.597 131.694 -99.224
-956.645 967.368 -101.466 -179.561 131.698 -99.199
-957.037 966.448 -101.467 -179.529 131.702 -99.18
-957.428 965.528 -101.468 -179.498 131.707 -99.162
-957.82 964.608 -101.47 -179.466 131.711 -99.141
-958.212 963.688 -101.471 -179.429 131.717 -99.119
-958.604 962.768 -101.472 -179.429 131.717 -99.119
-958.996 961.848 -101.474 -179.396 131.721 -99.097
-959.387 960.928 -101.475 -179.35 131.726 -99.066
-959.779 960.008 -101.476 -179.35 131.726 -99.066
-960.171 959.088 -101.477 -179.315 131.729 -99.04
-960.563 958.167 -101.479 -179.283 131.734 -99.017
-960.955 957.247 -101.48 -179.245 131.739 -98.992
-961.346 956.327 -101.481 -179.209 131.743 -98.97
-961.738 955.407 -101.483 -179.209 131.743 -98.97
-962.13 954.487 -101.484 -179.173 131.747 -98.948
-962.522 953.567 -101.485 -179.173 131.747 -98.948
-962.914 952.647 -101.487 -179.138 131.752 -98.927
-963.305 951.727 -101.488 -179.062 131.764 -98.877
-963.697 950.807 -101.489 -179.062 131.764 -98.877
-964.089 949.887 -101.491 -179.018 131.768 -98.849
-964.481 948.967 -101.492 -178.98 131.772 -98.825
-964.873 948.047 -101.493 -178.98 131.772 -98.825
-965.264 947.127 -101.494 -178.948 131.777 -98.806
-965.656 946.207 -101.496 -178.916 131.783 -98.785
-966.048 945.287 -101.497 -178.88 131.787 -98.762
-966.44 944.367 -101.498 -178.88 131.787 -98.762
-966.832 943.447 -101.5 -178.844 131.79 -98.739
-967.224 942.527 -101.501 -178.813 131.795 -98.719
-967.615 941.607 -101.502 -178.776 131.8 -98.693
-968.007 940.687 -101.504 -178.74 131.806 -98.667
-968.399 939.767 -101.505 -178.74 131.806 -98.667
-968.791 938.846 -101.506 -178.707 131.81 -98.647
-969.183 937.926 -101.508 -178.67 131.814 -98.625
-969.574 937.006 -101.509 -178.637 131.817 -98.603
-969.966 936.086 -101.51 -178.595 131.822 -98.579
-970.358 935.166 -101.511 -178.595 131.822 -98.579
-970.75 934.246 -101.513 -178.558 131.828 -98.555
-971.142 933.326 -101.514 -178.525 131.832 -98.533
-971.533 932.406 -101.515 -178.495 131.835 -98.514
-971.925 931.486 -101.517 -178.461 131.838 -98.494
-972.317 930.566 -101.518 -178.461 131.838 -98.494
-972.709 929.646 -101.519 -178.416 131.843 -98.464
-973.101 928.726 -101.521 -178.375 131.849 -98.437
-973.492 927.806 -101.522 -178.375 131.849 -98.437
-973.884 926.886 -101.523 -178.339 131.852 -98.414
-974.276 925.966 -101.525 -178.298 131.856 -98.386
-974.668 925.046 -101.526 -178.262 131.861 -98.362
-975.06 924.126 -101.527 -178.262 131.861 -98.362
-975.451 923.206 -101.528 -178.229 131.866 -98.342
-975.843 922.286 -101.53 -178.196 131.871 -98.322
-976.235 921.366 -101.531 -178.159 131.875 -98.297
-976.627 920.446 -101.532 -178.13 131.878 -98.278
-977.019 919.526 -101.534 -178.096 131.881 -98.257
-977.41 918.605 -101.535 -178.096 131.881 -98.257
-977.802 917.685 -101.536 -178.055 131.883 -98.229
-978.194 916.765 -101.538 -178.055 131.883 -98.229
-978.586 915.845 -101.539 -178.055 131.883 -98.229
-978.978 914.925 -101.54 -178.055 131.883 -98.229
-979.37 914.005 -101.542 -178.055 131.883 -98.229
-979.761 913.085 -101.543 -178.055 131.883 -98.229
-980.153 912.165 -101.544 -178.055 131.883 -98.229
-980.545 911.245 -101.545 -178.055 131.883 -98.229
-980.937 910.325 -101.547 -178.055 131.883 -98.229
-981.329 909.405 -101.548 -178.055 131.883 -98.229
-981.72 908.485 -101.549 -178.055 131.883 -98.229
4
-941.264 1002.5 -101.588 179.677 131.598 -99.688
-941.645 1001.58 -101.59 179.677 131.598 -99.688
-942.026 1000.65 -101.591 179.677 131.598 -99.688
-942.407 999.73 -101.593 179.677 131.598 -99.688
-942.788 998.805 -101.594 179.677 131.598 -99.688
-943.169 997.881 -101.596 179.677 131.598 -99.688
-943.55 996.956 -101.597 179.677 131.598 -99.688
-943.931 996.032 -101.599 179.677 131.598 -99.688
-944.312 995.107 -101.6 179.677 131.598 -99.688
-944.693 994.182 -101.601 179.677 131.598 -99.688
-945.074 993.258 -101.603 179.677 131.598 -99.688
-945.454 992.333 -101.604 179.714 131.604 -99.666
-945.835 991.409 -101.606 179.714 131.604 -99.666
-946.216 990.484 -101.607 179.714 131.604 -99.666
-946.597 989.559 -101.609 179.714 131.604 -99.666
-946.978 988.635 -101.61 179.714 131.604 -99.666
-947.359 987.71 -101.612 179.924 131.632 -99.534
-947.74 986.786 -101.613 179.924 131.632 -99.534
-948.121 985.861 -101.615 179.924 131.632 -99.534
-948.502 984.936 -101.616 179.924 131.632 -99.534
-948.883 984.012 -101.617 179.924 131.632 -99.534
-949.264 983.087 -101.619 179.924 131.632 -99.534
-949.645 982.162 -101.62 -179.961 131.647 -99.46
-950.025 981.238 -101.622 -179.961 131.647 -99.46
-950.406 980.313 -101.623 -179.961 131.647 -99.46
-950.787 979.389 -101.625 -179.961 131.647 -99.46
-951.168 978.464 -101.626 -179.961 131.647 -99.46
-951.549 977.539 -101.628 -179.765 131.671 -99.332
-951.93 976.615 -101.629 -179.765 131.671 -99.332
-952.311 975.69 -101.631 -179.765 131.671 -99.332
-952.692 974.766 -101.632 -179.765 131.671 -99.332
-953.073 973.841 -101.633 -179.723 131.677 -99.306
-953.454 972.916 -101.635 -179.723 131.677 -99.306
-953.835 971.992 -101.636 -179.688 131.683 -99.284
-954.216 971.067 -101.638 -179.651 131.687 -99.261
-954.596 970.143 -101.639 -179.651 131.687 -99.261
-954.977 969.218 -101.641 -179.611 131.693 -99.233
-955.358 968.293 -101.642 -179.611 131.693 -99.233
-955.739 967.369 -101.644 -179.538 131.7 -99.185
-956.12 966.444 -101.645 -179.538 131.7 -99.185
-956.501 965.52 -101.647 -179.507 131.704 -99.167
-956.882 964.595 -101.648 -179.433 131.717 -99.122
-957.263 963.67 -101.65 -179.433 131.717 -99.122
-957.644 962.746 -101.651 -179.433 131.717 -99.122
-958.025 961.821 -101.652 -179.354 131.725 -99.068
-958.406 960.896 -101.654 -179.354 131.725 -99.068
-958.787 959.972 -101.655 -179.323 131.728 -99.046
-959.167 959.047 -101.657 -179.283 131.734 -99.019
-959.548 958.123 -101.658 -179.283 131.734 -99.019
-959.929 957.198 -101.66 -179.209 131.743 -98.971
-960.31 956.273 -101.661 -179.209 131.743 -98.971
-960.691 955.349 -101.663 -179.179 131.746 -98.953
-961.072 954.424 -101.664 -179.179 131.746 -98.953
-961.453 953.5 -101.666 -179.134 131.753 -98.924
-961.834 952.575 -101.667 -179.094 131.761 -98.898
-962.215 951.65 -101.668 -179.094 131.761 -98.898
-962.596 950.726 -101.67 -179.057 131.765 -98.873
-962.977 949.801 -101.671 -179.024 131.769 -98.852
-963.357 948.877 -101.673 -178.989 131.771 -98.83
-963.738 947.952 -101.674 -178.957 131.777 -98.812
-964.119 947.027 -101.676 -178.957 131.777 -98.812
-964.5 946.103 -101.677 -178.957 131.777 -98.812
-964.881 945.178 -101.679 -178.848 131.791 -98.742
-965.262 944.253 -101.68 -178.848 131.791 -98.742
-965.643 943.329 -101.682 -178.813 131.795 -98.72
-966.024 942.404 -101.683 -178.813 131.795 -98.72
-966.405 941.48 -101.684 -178.781 131.8 -98.698
-966.786 940.555 -101.686 -178.748 131.805 -98.673
-967.167 939.63 -101.687 -178.707 131.81 -98.648
-967.548 938.706 -101.689 -178.707 131.81 -98.648
-967.928 937.781 -101.69 -178.652 131.815 -98.613
-968.309 936.857 -101.692 -178.652 131.815 -98.613
-968.69 935.932 -101.693 -178.581 131.824 -98.57
-969.071 935.007 -101.695 -178.581 131.824 -98.57
-969.452 934.083 -101.696 -178.581 131.824 -98.57
-969.833 933.158 -101.698 -178.503 131.835 -98.521
-970.214 932.234 -101.699 -178.503 131.835 -98.521
-970.595 931.309 -101.7 -178.461 131.838 -98.493
-970.976 930.384 -101.702 -178.425 131.842 -98.47
-971.357 929.46 -101.703 -178.425 131.842 -98.47
-971.738 928.535 -101.705 -178.425 131.842 -98.47
-972.119 927.611 -101.706 -178.313 131.855 -98.396
-972.499 926.686 -101.708 -178.313 131.855 -98.396
-972.88 925.761 -101.709 -178.313 131.855 -98.396
-973.261 924.837 -101.711 -178.276 131.859 -98.371
-973.642 923.912 -101.712 -178.243 131.864 -98.351
-974.023 922.987 -101.714 -178.191 131.872 -98.32
-974.404 922.063 -101.715 -178.191 131.872 -98.32
-974.785 921.138 -101.716 -178.158 131.876 -98.299
-975.166 920.214 -101.718 -178.13 131.879 -98.281
-975.547 919.289 -101.719 -178.092 131.881 -98.254
-975.928 918.364 -101.721 -178.092 131.881 -98.254
-976.309 917.44 -101.722 -178.092 131.881 -98.254
-976.69 916.515 -101.724 -178.092 131.881 -98.254
-977.07 915.591 -101.725 -178.092 131.881 -98.254
-977.451 914.666 -101.727 -178.092 131.881 -98.254
-977.832 913.741 -101.728 -178.092 131.881 -98.254
-978.213 912.817 -101.73 -178.092 131.881 -98.254
-978.594 911.892 -101.731 -178.092 131.881 -98.254
-978.975 910.968 -101.733 -178.092 131.881 -98.254
-979.356 910.043 -101.734 -178.092 131.881 -98.254
-979.737 909.118 -101.735 -178.092 131.881 -98.254
-980.118 908.194 -101.737 -178.092 131.881 -98.254
-980.499 907.269 -101.738 -178.092 131.881 -98.254
-980.88 906.345 -101.74 -178.092 131.881 -98.254
-981.26 905.42 -101.741 -178.092 131.881 -98.254
5
-938.004 1003.35 -101.068 179.684 131.599 -99.683
-938.38 1002.43 -101.066 179.684 131.599 -99.683
-938.757 1001.5 -101.064 179.684 131.599 -99.683
-939.133 1000.57 -101.062 179.684 131.599 -99.683
-939.509 999.647 -101.06 179.684 131.599 -99.683
-939.885 998.72 -101.058 179.684 131.599 -99.683
-940.261 997.794 -101.056 179.684 131.599 -99.683
-940.638 996.867 -101.054 179.684 131.599 -99.683
-941.014 995.941 -101.052 179.684 131.599 -99.683
-941.39 995.014 -101.05 179.684 131.599 -99.683
-941.766 994.088 -101.048 179.684 131.599 -99.683
-942.142 993.161 -101.046 179.684 131.599 -99.683
-942.519 992.235 -101.044 179.684 131.599 -99.683
-942.895 991.308 -101.042 179.723 131.605 -99.659
-943.271 990.381 -101.04 179.723 131.605 -99.659
-943.647 989.455 -101.038 179.723 131.605 -99.659
-944.023 988.528 -101.036 179.723 131.605 -99.659
-944.399 987.602 -101.034 179.723 131.605 -99.659
-944.776 986.675 -101.032 179.723 131.605 -99.659
-945.152 985.749 -101.03 179.723 131.605 -99.659
-945.528 984.822 -101.028 179.723 131.605 -99.659
-945.904 983.896 -101.026 179.723 131.605 -99.659
-946.28 982.969 -101.024 -179.774 131.669 -99.338
-946.657 982.043 -101.022 -179.774 131.669 -99.338
-947.033 981.116 -101.02 -179.774 131.669 -99.338
-947.409 980.189 -101.018 -179.774 131.669 -99.338
-947.785 979.263 -101.016 -179.774 131.669 -99.338
-948.161 978.336 -101.014 -179.774 131.669 -99.338
-948.537 977.41 -101.012 -179.774 131.669 -99.338
-948.914 976.483 -101.01 -179.774 131.669 -99.338
-949.29 975.557 -101.008 -179.774 131.669 -99.338
-949.666 974.63 -101.006 -179.742 131.674 -99.318
-950.042 973.704 -101.004 -179.705 131.68 -99.295
-950.418 972.777 -101.002 -179.705 131.68 -99.295
-950.795 971.851 -101 -179.705 131.68 -99.295
-951.171 970.924 -100.998 -179.638 131.689 -99.252
-951.547 969.998 -100.996 -179.607 131.693 -99.231
-951.923 969.071 -100.995 -179.607 131.693 -99.231
-952.299 968.144 -100.993 -179.565 131.698 -99.202
-952.676 967.218 -100.991 -179.528 131.702 -99.18
-953.052 966.291 -100.989 -179.497 131.707 -99.161
-953.428 965.365 -100.987 -179.497 131.707 -99.161
-953.804 964.438 -100.985 -179.447 131.715 -99.13
-954.18 963.512 -100.983 -179.413 131.719 -99.109
-954.556 962.585 -100.981 -179.413 131.719 -99.109
-954.933 961.659 -100.979 -179.371 131.723 -99.082
-955.309 960.732 -100.977 -179.336 131.727 -99.056
-955.685 959.806 -100.975 -179.305 131.731 -99.034
-956.061 958.879 -100.973 -179.274 131.736 -99.012
-956.437 957.952 -100.971 -179.274 131.736 -99.012
-956.814 957.026 -100.969 -179.237 131.74 -98.987
-957.19 956.099 -100.967 -179.201 131.743 -98.965
-957.566 955.173 -100.965 -179.17 131.747 -98.946
-957.942 954.246 -100.963 -179.13 131.754 -98.921
-958.318 953.32 -100.961 -179.13 131.754 -98.921
-958.694 952.393 -100.959 -179.094 131.76 -98.898
-959.071 951.467 -100.957 -179.062 131.765 -98.877
-959.447 950.54 -100.955 -179.024 131.768 -98.851
-959.823 949.614 -100.953 -179.024 131.768 -98.851
-960.199 948.687 -100.951 -178.976 131.772 -98.822
-960.575 947.761 -100.949 -178.935 131.779 -98.798
-960.952 946.834 -100.947 -178.935 131.779 -98.798
-961.328 945.907 -100.945 -178.899 131.785 -98.773
-961.704 944.981 -100.943 -178.862 131.789 -98.75
-962.08 944.054 -100.941 -178.831 131.792 -98.731
-962.456 943.128 -100.939 -178.794 131.798 -98.707
-962.833 942.201 -100.937 -178.794 131.798 -98.707
-963.209 941.275 -100.935 -178.794 131.798 -98.707
-963.585 940.348 -100.933 -178.685 131.812 -98.634
-963.961 939.422 -100.931 -178.685 131.812 -98.634
-964.337 938.495 -100.929 -178.685 131.812 -98.634
-964.713 937.569 -100.927 -178.647 131.815 -98.609
-965.09 936.642 -100.925 -178.613 131.82 -98.589
-965.466 935.715 -100.923 -178.581 131.825 -98.57
-965.842 934.789 -100.921 -178.539 131.831 -98.541
-966.218 933.862 -100.919 -178.539 131.831 -98.541
-966.594 932.936 -100.917 -178.503 131.834 -98.52
-966.971 932.009 -100.915 -178.469 131.837 -98.5
-967.347 931.083 -100.913 -178.425 131.842 -98.471
-967.723 930.156 -100.911 -178.425 131.842 -98.471
-968.099 929.23 -100.909 -178.352 131.85 -98.423
-968.475 928.303 -100.907 -178.352 131.85 -98.423
-968.851 927.377 -100.905 -178.352 131.85 -98.423
-969.228 926.45 -100.903 -178.28 131.859 -98.373
-969.604 925.523 -100.901 -178.28 131.859 -98.373
-969.98 924.597 -100.899 -178.28 131.859 -98.373
-970.356 923.67 -100.897 -178.28 131.859 -98.373
-970.732 922.744 -100.895 -178.111 131.88 -98.267
-971.109 921.817 -100.893 -178.111 131.88 -98.267
-971.485 920.891 -100.891 -178.111 131.88 -98.267
-971.861 919.964 -100.889 -178.111 131.88 -98.267
-972.237 919.038 -100.887 -178.045 131.884 -98.224
-972.613 918.111 -100.885 -178.045 131.884 -98.224
-972.99 917.185 -100.883 -178.045 131.884 -98.224
-973.366 916.258 -100.881 -178.045 131.884 -98.224
-973.742 915.332 -100.879 -178.045 131.884 -98.224
-974.118 914.405 -100.877 -178.045 131.884 -98.224
-974.494 913.478 -100.875 -178.045 131.884 -98.224
-974.87 912.552 -100.873 -178.045 131.884 -98.224
-975.247 911.625 -100.871 -178.045 131.884 -98.224
-975.623 910.699 -100.869 -178.045 131.884 -98.224
-975.999 909.772 -100.867 -178.045 131.884 -98.224
-976.375 908.846 -100.865 -178.045 131.884 -98.224
-976.751 907.919 -100.863 -178.045 131.884 -98.224
-977.128 906.993 -100.861 -178.045 131.884 -98.224
-977.504 906.066 -100.859 -178.045 131.884 -98.224
6
-938.005 1002.21 -101.316 179.72 131.603 -99.66
-938.373 1001.28 -101.312 179.72 131.603 -99.66
-938.741 1000.35 -101.309 179.72 131.603 -99.66
-939.11 999.425 -101.305 179.72 131.603 -99.66
-939.478 998.495 -101.301 179.72 131.603 -99.66
-939.847 997.565 -101.297 179.72 131.603 -99.66
-940.215 996.636 -101.294 179.72 131.603 -99.66
-940.583 995.706 -101.29 179.72 131.603 -99.66
-940.952 994.776 -101.286 179.72 131.603 -99.66
-941.32 993.847 -101.282 179.72 131.603 -99.66
-941.689 992.917 -101.279 179.72 131.603 -99.66
-942.057 991.987 -101.275 179.72 131.603 -99.66
-942.425 991.058 -101.271 179.756 131.606 -99.638
-942.794 990.128 -101.267 179.756 131.606 -99.638
-943.162 989.198 -101.264 179.756 131.606 -99.638
-943.531 988.269 -101.26 179.756 131.606 -99.638
-943.899 987.339 -101.256 179.756 131.606 -99.638
-944.267 986.409 -101.252 179.756 131.606 -99.638
-944.636 985.48 -101.249 179.756 131.606 -99.638
-945.004 984.55 -101.245 179.756 131.606 -99.638
-945.373 983.62 -101.241 179.756 131.606 -99.638
-945.741 982.691 -101.238 179.756 131.606 -99.638
-946.109 981.761 -101.234 -179.714 131.679 -99.3
-946.478 980.831 -101.23 -179.714 131.679 -99.3
-946.846 979.902 -101.226 -179.714 131.679 -99.3
-947.214 978.972 -101.223 -179.714 131.679 -99.3
-947.583 978.042 -101.219 -179.714 131.679 -99.3
-947.951 977.113 -101.215 -179.714 131.679 -99.3
-948.32 976.183 -101.211 -179.714 131.679 -99.3
-948.688 975.253 -101.208 -179.714 131.679 -99.3
-949.056 974.324 -101.204 -179.714 131.679 -99.3
-949.425 973.394 -101.2 -179.714 131.679 -99.3
-949.793 972.464 -101.196 -179.684 131.681 -99.278
-950.162 971.535 -101.193 -179.645 131.686 -99.253
-950.53 970.605 -101.189 -179.645 131.686 -99.253
-950.898 969.675 -101.185 -179.645 131.686 -99.253
-951.267 968.746 -101.181 -179.543 131.7 -99.186
-951.635 967.816 -101.178 -179.543 131.7 -99.186
-952.004 966.886 -101.174 -179.543 131.7 -99.186
-952.372 965.957 -101.17 -179.473 131.712 -99.143
-952.74 965.027 -101.166 -179.473 131.712 -99.143
-953.109 964.097 -101.163 -179.436 131.717 -99.121
-953.477 963.168 -101.159 -179.403 131.72 -99.1
-953.846 962.238 -101.155 -179.365 131.723 -99.074
-954.214 961.308 -101.152 -179.365 131.723 -99.074
-954.582 960.379 -101.148 -179.331 131.727 -99.052
-954.951 959.449 -101.144 -179.331 131.727 -99.052
-955.319 958.519 -101.14 -179.258 131.737 -99.005
-955.688 957.59 -101.137 -179.258 131.737 -99.005
-956.056 956.66 -101.133 -179.258 131.737 -99.005
-956.424 955.73 -101.129 -179.157 131.752 -98.939
-956.793 954.801 -101.125 -179.157 131.752 -98.939
-957.161 953.871 -101.122 -179.157 131.752 -98.939
-957.53 952.941 -101.118 -179.088 131.761 -98.892
-957.898 952.012 -101.114 -179.088 131.761 -98.892
-958.266 951.082 -101.11 -179.047 131.764 -98.865
-958.635 950.152 -101.107 -179.014 131.767 -98.844
-959.003 949.223 -101.103 -179.014 131.767 -98.844
-959.372 948.293 -101.099 -178.926 131.781 -98.791
-959.74 947.363 -101.095 -178.926 131.781 -98.791
-960.108 946.434 -101.092 -178.926 131.781 -98.791
-960.477 945.504 -101.088 -178.926 131.781 -98.791
-960.845 944.575 -101.084 -178.926 131.781 -98.791
-961.214 943.645 -101.08 -178.747 131.804 -98.675
-961.582 942.715 -101.077 -178.747 131.804 -98.675
-961.95 941.786 -101.073 -178.747 131.804 -98.675
-962.319 940.856 -101.069 -178.747 131.804 -98.675
-962.687 939.926 -101.066 -178.712 131.808 -98.654
-963.056 938.997 -101.062 -178.712 131.808 -98.654
-963.424 938.067 -101.058 -178.638 131.818 -98.609
-963.792 937.137 -101.054 -178.638 131.818 -98.609
-964.161 936.208 -101.051 -178.605 131.823 -98.588
-964.529 935.278 -101.047 -178.567 131.828 -98.563
-964.898 934.348 -101.043 -178.527 131.832 -98.535
-965.266 933.419 -101.039 -178.527 131.832 -98.535
-965.634 932.489 -101.036 -178.455 131.838 -98.486
-966.003 931.559 -101.032 -178.455 131.838 -98.486
-966.371 930.63 -101.028 -178.455 131.838 -98.486
-966.74 929.7 -101.024 -178.393 131.845 -98.446
-967.108 928.77 -101.021 -178.393 131.845 -98.446
-967.476 927.841 -101.017 -178.393 131.845 -98.446
-967.845 926.911 -101.013 -178.257 131.863 -98.36
-968.213 925.981 -101.009 -178.257 131.863 -98.36
-968.582 925.052 -101.006 -178.257 131.863 -98.36
-968.95 924.122 -101.002 -178.257 131.863 -98.36
-969.318 923.192 -100.998 -178.257 131.863 -98.36
-969.687 922.263 -100.994 -178.123 131.879 -98.275
-970.055 921.333 -100.991 -178.123 131.879 -98.275
-970.424 920.403 -100.987 -178.123 131.879 -98.275
-970.792 919.474 -100.983 -178.123 131.879 -98.275
-971.16 918.544 -100.98 -178.05 131.884 -98.228
-971.529 917.614 -100.976 -178.05 131.884 -98.228
-971.897 916.685 -100.972 -178.05 131.884 -98.228
-972.265 915.755 -100.968 -178.05 131.884 -98.228
-972.634 914.825 -100.965 -178.05 131.884 -98.228
-973.002 913.896 -100.961 -178.05 131.884 -98.228
-973.371 912.966 -100.957 -178.05 131.884 -98.228
-973.739 912.036 -100.953 -178.05 131.884 -98.228
-974.107 911.107 -100.95 -178.05 131.884 -98.228
-974.476 910.177 -100.946 -178.05 131.884 -98.228
-974.844 909.247 -100.942 -178.05 131.884 -98.228
-975.213 908.318 -100.938 -178.05 131.884 -98.228
-975.581 907.388 -100.935 -178.05 131.884 -98.228
-975.949 906.458 -100.931 -178.05 131.884 -98.228
-976.318 905.529 -100.927 -178.05 131.884 -98.228
-976.686 904.599 -100.923 -178.05 131.884 -98.228
7
-938.8 1003.68 -101.99 179.721 131.605 -99.663
-939.162 1002.74 -101.986 179.721 131.605 -99.663
-939.524 1001.81 -101.982 179.721 131.605 -99.663
-939.886 1000.88 -101.978 179.721 131.605 -99.663
-940.248 999.947 -101.974 179.721 131.605 -99.663
-940.61 999.015 -101.97 179.721 131.605 -99.663
-940.972 998.082 -101.966 179.721 131.605 -99.663
-941.334 997.15 -101.962 179.721 131.605 -99.663
-941.696 996.218 -101.958 179.721 131.605 -99.663
-942.058 995.286 -101.954 179.721 131.605 -99.663
-942.42 994.354 -101.95 179.721 131.605 -99.663
-942.782 993.422 -101.946 179.721 131.605 -99.663
-943.144 992.489 -101.942 179.721 131.605 -99.663
-943.506 991.557 -101.938 179.721 131.605 -99.663
-943.868 990.625 -101.934 179.721 131.605 -99.663
-944.23 989.693 -101.93 179.721 131.605 -99.663
-944.592 988.761 -101.927 179.721 131.605 -99.663
-944.954 987.829 -101.923 179.721 131.605 -99.663
-945.316 986.896 -101.919 179.721 131.605 -99.663
-945.678 985.964 -101.915 179.721 131.605 -99.663
-946.04 985.032 -101.911 179.721 131.605 -99.663
-946.402 984.1 -101.907 -179.889 131.653 -99.414
-946.764 983.168 -101.903 -179.889 131.653 -99.414
-947.126 982.235 -101.899 -179.889 131.653 -99.414
-947.488 981.303 -101.895 -179.889 131.653 -99.414
-947.85 980.371 -101.891 -179.889 131.653 -99.414
-948.212 979.439 -101.887 -179.889 131.653 -99.414
-948.574 978.507 -101.883 -179.889 131.653 -99.414
-948.936 977.575 -101.879 -179.889 131.653 -99.414
-949.298 976.642 -101.875 -179.78 131.669 -99.343
-949.66 975.71 -101.871 -179.78 131.669 -99.343
-950.022 974.778 -101.867 -179.735 131.674 -99.314
-950.384 973.846 -101.863 -179.735 131.674 -99.314
-950.746 972.914 -101.859 -179.699 131.679 -99.289
-951.108 971.982 -101.855 -179.666 131.683 -99.267
-951.47 971.049 -101.851 -179.666 131.683 -99.267
-951.832 970.117 -101.847 -179.631 131.687 -99.244
-952.194 969.185 -101.843 -179.598 131.691 -99.221
-952.556 968.253 -101.839 -179.567 131.696 -99.2
-952.918 967.321 -101.835 -179.567 131.696 -99.2
-953.28 966.388 -101.832 -179.502 131.706 -99.162
-953.642 965.456 -101.828 -179.47 131.711 -99.141
-954.004 964.524 -101.824 -179.47 131.711 -99.141
-954.366 963.592 -101.82 -179.43 131.716 -99.117
-954.728 962.66 -101.816 -179.4 131.719 -99.099
-955.09 961.728 -101.812 -179.37 131.721 -99.078
-955.452 960.795 -101.808 -179.332 131.728 -99.054
-955.814 959.863 -101.804 -179.3 131.732 -99.034
-956.176 958.931 -101.8 -179.3 131.732 -99.034
-956.538 957.999 -101.796 -179.221 131.742 -98.981
-956.9 957.067 -101.792 -179.221 131.742 -98.981
-957.262 956.135 -101.788 -179.19 131.746 -98.963
-957.624 955.202 -101.784 -179.19 131.746 -98.963
-957.986 954.27 -101.78 -179.125 131.758 -98.921
-958.348 953.338 -101.776 -179.125 131.758 -98.921
-958.71 952.406 -101.772 -179.093 131.761 -98.897
-959.072 951.474 -101.768 -179.093 131.761 -98.897
-959.434 950.541 -101.764 -178.988 131.771 -98.828
-959.795 949.609 -101.76 -178.988 131.771 -98.828
-960.157 948.677 -101.756 -178.956 131.777 -98.809
-960.519 947.745 -101.752 -178.956 131.777 -98.809
-960.881 946.813 -101.748 -178.92 131.783 -98.787
-961.243 945.881 -101.744 -178.92 131.783 -98.787
-961.605 944.948 -101.74 -178.845 131.792 -98.74
-961.967 944.016 -101.736 -178.845 131.792 -98.74
-962.329 943.084 -101.733 -178.806 131.798 -98.715
-962.691 942.152 -101.729 -178.766 131.803 -98.69
-963.053 941.22 -101.725 -178.766 131.803 -98.69
-963.415 940.288 -101.721 -178.731 131.806 -98.667
-963.777 939.355 -101.717 -178.731 131.806 -98.667
-964.139 938.423 -101.713 -178.625 131.821 -98.6
-964.501 937.491 -101.709 -178.625 131.821 -98.6
-964.863 936.559 -101.705 -178.592 131.826 -98.58
-965.225 935.627 -101.701 -178.592 131.826 -98.58
-965.587 934.694 -101.697 -178.558 131.831 -98.559
-965.949 933.762 -101.693 -178.526 131.834 -98.536
-966.311 932.83 -101.689 -178.526 131.834 -98.536
-966.673 931.898 -101.685 -178.413 131.844 -98.459
-967.035 930.966 -101.681 -178.413 131.844 -98.459
-967.397 930.034 -101.677 -178.413 131.844 -98.459
-967.759 929.101 -101.673 -178.413 131.844 -98.459
-968.121 928.169 -101.669 -178.413 131.844 -98.459
-968.483 927.237 -101.665 -178.413 131.844 -98.459
-968.845 926.305 -101.661 -178.413 131.844 -98.459
-969.207 925.373 -101.657 -178.413 131.844 -98.459
-969.569 924.441 -101.653 -178.126 131.877 -98.276
-969.931 923.508 -101.649 -178.126 131.877 -98.276
-970.293 922.576 -101.645 -178.126 131.877 -98.276
-970.655 921.644 -101.641 -178.126 131.877 -98.276
-971.017 920.712 -101.638 -178.126 131.877 -98.276
-971.379 919.78 -101.634 -178.126 131.877 -98.276
-971.741 918.848 -101.63 -178.126 131.877 -98.276
-972.103 917.915 -101.626 -178.126 131.877 -98.276
-972.465 916.983 -101.622 -178.126 131.877 -98.276
-972.827 916.051 -101.618 -178.126 131.877 -98.276
-973.189 915.119 -101.614 -178.126 131.877 -98.276
-973.551 914.187 -101.61 -178.126 131.877 -98.276
-973.913 913.254 -101.606 -178.126 131.877 -98.276
-974.275 912.322 -101.602 -178.126 131.877 -98.276
-974.637 911.39 -101.598 -178.126 131.877 -98.276
-974.999 910.458 -101.594 -178.126 131.877 -98.276
-975.361 909.526 -101.59 -178.126 131.877 -98.276
-975.723 908.594 -101.586 -178.126 131.877 -98.276
-976.085 907.661 -101.582 -178.126 131.877 -98.276
-976.447 906.729 -101.578 -178.126 131.877 -98.276
-976.809 905.797 -101.574 -178.126 131.877 -98.276
8
-937.135 1004.63 -101.955 179.655 131.597 -99.704
-937.509 1003.7 -101.954 179.655 131.597 -99.704
-937.883 1002.78 -101.952 179.655 131.597 -99.704
-938.257 1001.85 -101.951 179.655 131.597 -99.704
-938.631 1000.92 -101.949 179.655 131.597 -99.704
-939.005 999.995 -101.948 179.655 131.597 -99.704
-939.379 999.068 -101.946 179.655 131.597 -99.704
-939.753 998.14 -101.945 179.655 131.597 -99.704
-940.127 997.213 -101.943 179.655 131.597 -99.704
-940.501 996.286 -101.942 179.655 131.597 -99.704
-940.875 995.358 -101.94 179.655 131.597 -99.704
-941.25 994.431 -101.939 179.655 131.597 -99.704
-941.624 993.503 -101.937 179.655 131.597 -99.704
-941.998 992.576 -101.936 179.655 131.597 -99.704
-942.372 991.649 -101.934 179.655 131.597 -99.704
-942.746 990.721 -101.933 179.655 131.597 -99.704
-943.12 989.794 -101.931 179.655 131.597 -99.704
-943.494 988.866 -101.93 179.655 131.597 -99.704
-943.868 987.939 -101.928 179.655 131.597 -99.704
-944.242 987.012 -101.927 179.655 131.597 -99.704
-944.616 986.084 -101.925 -179.844 131.659 -99.384
-944.99 985.157 -101.924 -179.844 131.659 -99.384
-945.364 984.229 -101.922 -179.844 131.659 -99.384
-945.738 983.302 -101.921 -179.844 131.659 -99.384
-946.112 982.374 -101.919 -179.844 131.659 -99.384
-946.486 981.447 -101.918 -179.844 131.659 -99.384
-946.86 980.52 -101.917 -179.844 131.659 -99.384
-947.234 979.592 -101.915 -179.844 131.659 -99.384
-947.608 978.665 -101.914 -179.844 131.659 -99.384
-947.982 977.737 -101.912 -179.844 131.659 -99.384
-948.356 976.81 -101.911 -179.78 131.669 -99.343
-948.73 975.883 -101.909 -179.78 131.669 -99.343
-949.104 974.955 -101.908 -179.78 131.669 -99.343
-949.479 974.028 -101.906 -179.743 131.673 -99.319
-949.853 973.1 -101.905 -179.703 131.678 -99.292
-950.227 972.173 -101.903 -179.674 131.682 -99.271
-950.601 971.246 -101.902 -179.639 131.686 -99.249
-950.975 970.318 -101.9 -179.639 131.686 -99.249
-951.349 969.391 -101.899 -179.603 131.691 -99.224
-951.723 968.463 -101.897 -179.564 131.695 -99.198
-952.097 967.536 -101.896 -179.535 131.699 -99.181
-952.471 966.609 -101.894 -179.499 131.706 -99.159
-952.845 965.681 -101.893 -179.499 131.706 -99.159
-953.219 964.754 -101.891 -179.466 131.712 -99.14
-953.593 963.826 -101.89 -179.425 131.717 -99.115
-953.967 962.899 -101.888 -179.389 131.719 -99.091
-954.341 961.971 -101.887 -179.389 131.719 -99.091
-954.715 961.044 -101.885 -179.355 131.723 -99.067
-955.089 960.117 -101.884 -179.316 131.729 -99.043
-955.463 959.189 -101.882 -179.278 131.735 -99.018
-955.837 958.262 -101.881 -179.278 131.735 -99.018
-956.211 957.334 -101.879 -179.24 131.739 -98.992
-956.585 956.407 -101.878 -179.201 131.745 -98.969
-956.959 955.48 -101.876 -179.171 131.75 -98.95
-957.334 954.552 -101.875 -179.137 131.756 -98.928
-957.708 953.625 -101.873 -179.137 131.756 -98.928
-958.082 952.697 -101.872 -179.1 131.76 -98.903
-958.456 951.77 -101.87 -179.067 131.763 -98.88
-958.83 950.843 -101.869 -179.033 131.766 -98.857
-959.204 949.915 -101.867 -178.995 131.771 -98.833
-959.578 948.988 -101.866 -178.995 131.771 -98.833
-959.952 948.06 -101.864 -178.956 131.778 -98.81
-960.326 947.133 -101.863 -178.92 131.784 -98.787
-960.7 946.206 -101.861 -178.888 131.788 -98.767
-961.074 945.278 -101.86 -178.857 131.791 -98.747
-961.448 944.351 -101.858 -178.857 131.791 -98.747
-961.822 943.423 -101.857 -178.821 131.796 -98.726
-962.196 942.496 -101.855 -178.785 131.801 -98.702
-962.57 941.568 -101.854 -178.742 131.806 -98.675
-962.944 940.641 -101.852 -178.742 131.806 -98.675
-963.318 939.714 -101.851 -178.711 131.809 -98.655
-963.692 938.786 -101.849 -178.67 131.815 -98.63
-964.066 937.859 -101.848 -178.633 131.821 -98.606
-964.44 936.931 -101.847 -178.633 131.821 -98.606
-964.814 936.004 -101.845 -178.596 131.826 -98.583
-965.189 935.077 -101.844 -178.558 131.832 -98.559
-965.563 934.149 -101.842 -178.529 131.834 -98.538
-965.937 933.222 -101.841 -178.496 131.836 -98.514
-966.311 932.294 -101.839 -178.496 131.836 -98.514
-966.685 931.367 -101.838 -178.496 131.836 -98.514
-967.059 930.44 -101.836 -178.496 131.836 -98.514
-967.433 929.512 -101.835 -178.326 131.854 -98.403
-967.807 928.585 -101.833 -178.326 131.854 -98.403
-968.181 927.657 -101.832 -178.326 131.854 -98.403
-968.555 926.73 -101.83 -178.326 131.854 -98.403
-968.929 925.803 -101.829 -178.326 131.854 -98.403
-969.303 924.875 -101.827 -178.326 131.854 -98.403
-969.677 923.948 -101.826 -178.326 131.854 -98.403
-970.051 923.02 -101.824 -178.326 131.854 -98.403
-970.425 922.093 -101.823 -178.326 131.854 -98.403
-970.799 921.166 -101.821 -178.326 131.854 -98.403
-971.173 920.238 -101.82 -178.326 131.854 -98.403
-971.547 919.311 -101.818 -178.326 131.854 -98.403
-971.921 918.383 -101.817 -178.326 131.854 -98.403
-972.295 917.456 -101.815 -178.326 131.854 -98.403
-972.669 916.528 -101.814 -178.326 131.854 -98.403
-973.044 915.601 -101.812 -178.326 131.854 -98.403
-973.418 914.674 -101.811 -178.326 131.854 -98.403
-973.792 913.746 -101.809 -178.326 131.854 -98.403
-974.166 912.819 -101.808 -178.326 131.854 -98.403
-974.54 911.891 -101.806 -178.326 131.854 -98.403
-974.914 910.964 -101.805 -178.326 131.854 -98.403
-975.288 910.037 -101.803 -178.326 131.854 -98.403
-975.662 909.109 -101.802 -178.326 131.854 -98.403
-976.036 908.182 -101.8 -178.326 131.854 -98.403
-976.41 907.254 -101.799 -178.326 131.854 -98.403
9
-938.943 1004.09 -102.415 179.695 131.601 -99.68
-939.311 1003.16 -102.413 179.695 131.601 -99.68
-939.68 1002.23 -102.412 179.695 131.601 -99.68
-940.048 1001.3 -102.41 179.695 131.601 -99.68
-940.416 1000.37 -102.409 179.695 131.601 -99.68
-940.784 999.438 -102.407 179.695 131.601 -99.68
-941.152 998.508 -102.406 179.695 131.601 -99.68
-941.52 997.578 -102.404 179.695 131.601 -99.68
-941.888 996.648 -102.403 179.695 131.601 -99.68
-942.256 995.719 -102.401 179.695 131.601 -99.68
-942.625 994.789 -102.4 179.695 131.601 -99.68
-942.993 993.859 -102.398 179.695 131.601 -99.68
-943.361 992.929 -102.397 179.695 131.601 -99.68
-943.729 992 -102.395 179.726 131.604 -99.659
-944.097 991.07 -102.394 179.726 131.604 -99.659
-944.465 990.14 -102.392 179.726 131.604 -99.659
-944.833 989.21 -102.391 179.726 131.604 -99.659
-945.201 988.28 -102.389 179.726 131.604 -99.659
-945.57 987.351 -102.388 179.726 131.604 -99.659
-945.938 986.421 -102.386 179.726 131.604 -99.659
-946.306 985.491 -102.384 179.726 131.604 -99.659
-946.674 984.561 -102.383 179.726 131.604 -99.659
-947.042 983.632 -102.381 179.726 131.604 -99.659
-947.41 982.702 -102.38 -179.73 131.674 -99.311
-947.778 981.772 -102.378 -179.73 131.674 -99.311
-948.146 980.842 -102.377 -179.73 131.674 -99.311
-948.515 979.912 -102.375 -179.73 131.674 -99.311
-948.883 978.983 -102.374 -179.73 131.674 -99.311
-949.251 978.053 -102.372 -179.73 131.674 -99.311
-949.619 977.123 -102.371 -179.73 131.674 -99.311
-949.987 976.193 -102.369 -179.73 131.674 -99.311
-950.355 975.264 -102.368 -179.73 131.674 -99.311
-950.723 974.334 -102.366 -179.73 131.674 -99.311
-951.091 973.404 -102.365 -179.73 131.674 -99.311
-951.46 972.474 -102.363 -179.692 131.679 -99.283
-951.828 971.544 -102.362 -179.692 131.679 -99.283
-952.196 970.615 -102.36 -179.619 131.688 -99.235
-952.564 969.685 -102.359 -179.619 131.688 -99.235
-952.932 968.755 -102.357 -179.584 131.693 -99.211
-953.3 967.825 -102.356 -179.543 131.698 -99.186
-953.668 966.896 -102.354 -179.511 131.703 -99.166
-954.036 965.966 -102.352 -179.511 131.703 -99.166
-954.405 965.036 -102.351 -179.438 131.715 -99.122
-954.773 964.106 -102.349 -179.438 131.715 -99.122
-955.141 963.177 -102.348 -179.401 131.718 -99.098
-955.509 962.247 -102.346 -179.401 131.718 -99.098
-955.877 961.317 -102.345 -179.363 131.722 -99.072
-956.245 960.387 -102.343 -179.328 131.728 -99.049
-956.613 959.457 -102.342 -179.286 131.733 -99.024
-956.981 958.528 -102.34 -179.286 131.733 -99.024
-957.35 957.598 -102.339 -179.245 131.739 -98.995
-957.718 956.668 -102.337 -179.208 131.744 -98.973
-958.086 955.738 -102.336 -179.175 131.749 -98.953
-958.454 954.809 -102.334 -179.175 131.749 -98.953
-958.822 953.879 -102.333 -179.146 131.755 -98.935
-959.19 952.949 -102.331 -179.105 131.76 -98.907
-959.558 952.019 -102.33 -179.067 131.762 -98.881
-959.926 951.089 -102.328 -179.037 131.765 -98.861
-960.295 950.16 -102.327 -179.008 131.769 -98.842
-960.663 949.23 -102.325 -178.972 131.775 -98.82
-961.031 948.3 -102.324 -178.972 131.775 -98.82
-961.399 947.37 -102.322 -178.941 131.781 -98.802
-961.767 946.441 -102.321 -178.908 131.786 -98.78
-962.135 945.511 -102.319 -178.876 131.789 -98.759
-962.503 944.581 -102.317 -178.845 131.793 -98.74
-962.872 943.651 -102.316 -178.81 131.798 -98.719
-963.24 942.721 -102.314 -178.81 131.798 -98.719
-963.608 941.792 -102.313 -178.777 131.802 -98.698
-963.976 940.862 -102.311 -178.746 131.806 -98.676
-964.344 939.932 -102.31 -178.714 131.809 -98.658
-964.712 939.002 -102.308 -178.675 131.815 -98.632
-965.08 938.073 -102.307 -178.642 131.82 -98.613
-965.448 937.143 -102.305 -178.642 131.82 -98.613
-965.817 936.213 -102.304 -178.608 131.824 -98.591
-966.185 935.283 -102.302 -178.575 131.83 -98.57
-966.553 934.353 -102.301 -178.541 131.833 -98.547
-966.921 933.424 -102.299 -178.508 131.835 -98.524
-967.289 932.494 -102.298 -178.47 131.837 -98.498
-967.657 931.564 -102.296 -178.441 131.84 -98.479
-968.025 930.634 -102.295 -178.441 131.84 -98.479
-968.393 929.705 -102.293 -178.402 131.845 -98.453
-968.762 928.775 -102.292 -178.367 131.849 -98.43
-969.13 927.845 -102.29 -178.331 131.854 -98.406
-969.498 926.915 -102.289 -178.331 131.854 -98.406
-969.866 925.986 -102.287 -178.294 131.859 -98.382
-970.234 925.056 -102.285 -178.258 131.864 -98.359
-970.602 924.126 -102.284 -178.222 131.869 -98.338
-970.97 923.196 -102.282 -178.222 131.869 -98.338
-971.338 922.266 -102.281 -178.186 131.873 -98.315
-971.707 921.337 -102.279 -178.155 131.875 -98.295
-972.075 920.407 -102.278 -178.126 131.878 -98.276
-972.443 919.477 -102.276 -178.087 131.882 -98.249
-972.811 918.547 -102.275 -178.047 131.884 -98.225
-973.179 917.618 -102.273 -178.047 131.884 -98.225
-973.547 916.688 -102.272 -178.047 131.884 -98.225
-973.915 915.758 -102.27 -178.047 131.884 -98.225
-974.283 914.828 -102.269 -178.047 131.884 -98.225
-974.652 913.898 -102.267 -178.047 131.884 -98.225
-975.02 912.969 -102.266 -178.047 131.884 -98.225
-975.388 912.039 -102.264 -178.047 131.884 -98.225
-975.756 911.109 -102.263 -178.047 131.884 -98.225
-976.124 910.179 -102.261 -178.047 131.884 -98.225
-976.492 909.25 -102.26 -178.047 131.884 -98.225
-976.86 908.32 -102.258 -178.047 131.884 -98.225
-977.228 907.39 -102.257 -178.047 131.884 -98.225
-977.597 906.46 -102.255 -178.047 131.884 -98.225
10
-940.566 1004.55 -101.531 179.614 131.589 -99.73
-940.96 1003.63 -101.527 179.614 131.589 -99.73
-941.355 1002.71 -101.523 179.614 131.589 -99.73
-941.749 1001.79 -101.519 179.614 131.589 -99.73
-942.144 1000.87 -101.515 179.614 131.589 -99.73
-942.538 999.956 -101.511 179.614 131.589 -99.73
-942.933 999.037 -101.507 179.614 131.589 -99.73
-943.328 998.118 -101.503 179.614 131.589 -99.73
-943.722 997.199 -101.499 179.614 131.589 -99.73
-944.117 996.28 -101.495 179.614 131.589 -99.73
-944.511 995.361 -101.491 179.614 131.589 -99.73
-944.906 994.442 -101.487 179.644 131.594 -99.711
-945.3 993.524 -101.483 179.644 131.594 -99.711
-945.695 992.605 -101.479 179.644 131.594 -99.711
-946.089 991.686 -101.475 179.644 131.594 -99.711
-946.484 990.767 -101.471 179.644 131.594 -99.711
-946.879 989.848 -101.467 179.644 131.594 -99.711
-947.273 988.929 -101.463 179.644 131.594 -99.711
-947.668 988.01 -101.459 179.644 131.594 -99.711
-948.062 987.091 -101.455 -179.975 131.646 -99.47
-948.457 986.173 -101.451 -179.975 131.646 -99.47
-948.851 985.254 -101.447 -179.975 131.646 -99.47
-949.246 984.335 -101.443 -179.975 131.646 -99.47
-949.64 983.416 -101.439 -179.975 131.646 -99.47
-950.035 982.497 -101.436 -179.975 131.646 -99.47
-950.43 981.578 -101.432 -179.975 131.646 -99.47
-950.824 980.659 -101.428 -179.975 131.646 -99.47
-951.219 979.741 -101.424 -179.975 131.646 -99.47
-951.613 978.822 -101.42 -179.867 131.656 -99.401
-952.008 977.903 -101.416 -179.867 131.656 -99.401
-952.402 976.984 -101.412 -179.798 131.664 -99.353
-952.797 976.065 -101.408 -179.798 131.664 -99.353
-953.192 975.146 -101.404 -179.798 131.664 -99.353
-953.586 974.227 -101.4 -179.765 131.67 -99.331
-953.981 973.309 -101.396 -179.734 131.675 -99.312
-954.375 972.39 -101.392 -179.697 131.68 -99.289
-954.77 971.471 -101.388 -179.666 131.684 -99.269
-955.164 970.552 -101.384 -179.666 131.684 -99.269
-955.559 969.633 -101.38 -179.621 131.69 -99.239
-955.953 968.714 -101.376 -179.584 131.695 -99.214
-956.348 967.795 -101.372 -179.584 131.695 -99.214
-956.743 966.877 -101.368 -179.548 131.699 -99.19
-957.137 965.958 -101.364 -179.507 131.704 -99.166
-957.532 965.039 -101.36 -179.466 131.711 -99.14
-957.926 964.12 -101.356 -179.466 131.711 -99.14
-958.321 963.201 -101.352 -179.434 131.716 -99.121
-958.715 962.282 -101.348 -179.401 131.72 -99.101
-959.11 961.363 -101.344 -179.364 131.723 -99.076
-959.505 960.445 -101.34 -179.332 131.727 -99.052
-959.899 959.526 -101.336 -179.332 131.727 -99.052
-960.294 958.607 -101.332 -179.292 131.732 -99.025
-960.688 957.688 -101.328 -179.259 131.737 -99.002
-961.083 956.769 -101.324 -179.227 131.741 -98.981
-961.477 955.85 -101.32 -179.191 131.745 -98.959
-961.872 954.931 -101.316 -179.191 131.745 -98.959
-962.266 954.012 -101.312 -179.155 131.75 -98.937
-962.661 953.094 -101.308 -179.112 131.757 -98.909
-963.056 952.175 -101.304 -179.112 131.757 -98.909
-963.45 951.256 -101.3 -179.079 131.762 -98.889
-963.845 950.337 -101.296 -179.047 131.766 -98.868
-964.239 949.418 -101.292 -179.013 131.769 -98.846
-964.634 948.499 -101.288 -178.981 131.772 -98.827
-965.028 947.58 -101.284 -178.981 131.772 -98.827
-965.423 946.662 -101.28 -178.93 131.78 -98.796
-965.817 945.743 -101.276 -178.893 131.786 -98.771
-966.212 944.824 -101.272 -178.893 131.786 -98.771
-966.607 943.905 -101.268 -178.852 131.792 -98.746
-967.001 942.986 -101.264 -178.817 131.795 -98.723
-967.396 942.067 -101.26 -178.785 131.801 -98.701
-967.79 941.148 -101.256 -178.785 131.801 -98.701
-968.185 940.23 -101.252 -178.747 131.805 -98.674
-968.579 939.311 -101.248 -178.717 131.808 -98.654
-968.974 938.392 -101.244 -178.685 131.811 -98.636
-969.369 937.473 -101.24 -178.651 131.815 -98.614
-969.763 936.554 -101.236 -178.617 131.82 -98.593
-970.158 935.635 -101.232 -178.581 131.826 -98.57
-970.552 934.716 -101.228 -178.581 131.826 -98.57
-970.947 933.798 -101.224 -178.548 131.831 -98.55
-971.341 932.879 -101.22 -178.517 131.834 -98.529
-971.736 931.96 -101.216 -178.486 131.836 -98.509
-972.13 931.041 -101.212 -178.451 131.84 -98.488
-972.525 930.122 -101.208 -178.451 131.84 -98.488
-972.92 929.203 -101.204 -178.416 131.844 -98.464
-973.314 928.284 -101.2 -178.385 131.848 -98.444
-973.709 927.366 -101.196 -178.348 131.851 -98.421
-974.103 926.447 -101.192 -178.308 131.855 -98.392
-974.498 925.528 -101.188 -178.308 131.855 -98.392
-974.892 924.609 -101.184 -178.272 131.859 -98.368
-975.287 923.69 -101.18 -178.229 131.867 -98.342
-975.681 922.771 -101.176 -178.229 131.867 -98.342
-976.076 921.852 -101.172 -178.187 131.873 -98.317
-976.471 920.933 -101.168 -178.151 131.878 -98.293
-976.865 920.015 -101.164 -178.115 131.88 -98.269
-977.26 919.096 -101.16 -178.115 131.88 -98.269
-977.654 918.177 -101.157 -178.08 131.883 -98.246
-978.049 917.258 -101.153 -178.08 131.883 -98.246
-978.443 916.339 -101.149 -178.08 131.883 -98.246
-978.838 915.42 -101.145 -178.08 131.883 -98.246
-979.233 914.501 -101.141 -178.08 131.883 -98.246
-979.627 913.583 -101.137 -178.08 131.883 -98.246
-980.022 912.664 -101.133 -178.08 131.883 -98.246
-980.416 911.745 -101.129 -178.08 131.883 -98.246
-980.811 910.826 -101.125 -178.08 131.883 -98.246
-981.205 909.907 -101.121 -178.08 131.883 -98.246
-981.6 908.988 -101.117 -178.08 131.883 -98.246
-981.994 908.069 -101.113 -178.08 131.883 -98.246
11
-939.878 1004.72 -101.234 179.626 131.591 -99.724
-940.249 1003.79 -101.235 179.626 131.591 -99.724
-940.62 1002.86 -101.236 179.626 131.591 -99.724
-940.992 1001.93 -101.237 179.626 131.591 -99.724
-941.363 1001 -101.238 179.626 131.591 -99.724
-941.735 1000.08 -101.239 179.626 131.591 -99.724
-942.106 999.147 -101.24 179.626 131.591 -99.724
-942.478 998.219 -101.241 179.626 131.591 -99.724
-942.849 997.29 -101.242 179.626 131.591 -99.724
-943.221 996.362 -101.243 179.626 131.591 -99.724
-943.592 995.433 -101.244 179.626 131.591 -99.724
-943.964 994.505 -101.245 179.626 131.591 -99.724
-944.335 993.577 -101.246 179.626 131.591 -99.724
-944.707 992.648 -101.247 179.626 131.591 -99.724
-945.078 991.72 -101.248 179.626 131.591 -99.724
-945.449 990.791 -101.249 179.626 131.591 -99.724
-945.821 989.863 -101.25 179.626 131.591 -99.724
-946.192 988.934 -101.251 179.626 131.591 -99.724
-946.564 988.006 -101.252 179.626 131.591 -99.724
-946.935 987.077 -101.253 179.626 131.591 -99.724
-947.307 986.149 -101.254 179.626 131.591 -99.724
-947.678 985.221 -101.255 -179.821 131.66 -99.369
-948.05 984.292 -101.256 -179.821 131.66 -99.369
-948.421 983.364 -101.257 -179.821 131.66 -99.369
-948.793 982.435 -101.258 -179.821 131.66 -99.369
-949.164 981.507 -101.259 -179.821 131.66 -99.369
-949.536 980.578 -101.26 -179.821 131.66 -99.369
-949.907 979.65 -101.261 -179.821 131.66 -99.369
-950.279 978.721 -101.262 -179.821 131.66 -99.369
-950.65 977.793 -101.263 -179.821 131.66 -99.369
-951.021 976.865 -101.264 -179.821 131.66 -99.369
-951.393 975.936 -101.265 -179.821 131.66 -99.369
-951.764 975.008 -101.266 -179.77 131.67 -99.335
-952.136 974.079 -101.267 -179.77 131.67 -99.335
-952.507 973.151 -101.268 -179.728 131.676 -99.309
-952.879 972.222 -101.269 -179.728 131.676 -99.309
-953.25 971.294 -101.27 -179.656 131.686 -99.264
-953.622 970.365 -101.271 -179.656 131.686 -99.264
-953.993 969.437 -101.272 -179.656 131.686 -99.264
-954.365 968.508 -101.273 -179.541 131.7 -99.188
-954.736 967.58 -101.274 -179.541 131.7 -99.188
-955.108 966.652 -101.275 -179.541 131.7 -99.188
-955.479 965.723 -101.276 -179.541 131.7 -99.188
-955.85 964.795 -101.277 -179.424 131.717 -99.117
-956.222 963.866 -101.278 -179.424 131.717 -99.117
-956.593 962.938 -101.279 -179.424 131.717 -99.117
-956.965 962.009 -101.28 -179.392 131.72 -99.095
-957.336 961.081 -101.281 -179.36 131.724 -99.073
-957.708 960.152 -101.282 -179.32 131.729 -99.044
-958.079 959.224 -101.283 -179.287 131.734 -99.023
-958.451 958.296 -101.284 -179.287 131.734 -99.023
-958.822 957.367 -101.285 -179.25 131.74 -98.996
-959.194 956.439 -101.286 -179.208 131.743 -98.97
-959.565 955.51 -101.287 -179.178 131.747 -98.953
-959.937 954.582 -101.288 -179.178 131.747 -98.953
-960.308 953.653 -101.289 -179.146 131.751 -98.932
-960.68 952.725 -101.29 -179.111 131.758 -98.909
-961.051 951.796 -101.291 -179.07 131.763 -98.883
-961.422 950.868 -101.292 -179.037 131.767 -98.86
-961.794 949.94 -101.293 -179.037 131.767 -98.86
-962.165 949.011 -101.294 -179.004 131.77 -98.84
-962.537 948.083 -101.296 -178.962 131.775 -98.815
-962.908 947.154 -101.297 -178.926 131.781 -98.792
-963.28 946.226 -101.298 -178.926 131.781 -98.792
-963.651 945.297 -101.299 -178.889 131.787 -98.768
-964.023 944.369 -101.3 -178.853 131.791 -98.746
-964.394 943.44 -101.301 -178.822 131.794 -98.726
-964.766 942.512 -101.302 -178.785 131.8 -98.701
-965.137 941.584 -101.303 -178.785 131.8 -98.701
-965.509 940.655 -101.304 -178.752 131.804 -98.677
-965.88 939.727 -101.305 -178.716 131.807 -98.653
-966.251 938.798 -101.306 -178.675 131.812 -98.629
-966.623 937.87 -101.307 -178.675 131.812 -98.629
-966.994 936.941 -101.308 -178.637 131.817 -98.605
-967.366 936.013 -101.309 -178.604 131.821 -98.585
-967.737 935.084 -101.31 -178.572 131.827 -98.564
-968.109 934.156 -101.311 -178.538 131.832 -98.542
-968.48 933.228 -101.312 -178.499 131.836 -98.517
-968.852 932.299 -101.313 -178.499 131.836 -98.517
-969.223 931.371 -101.314 -178.465 131.838 -98.496
-969.595 930.442 -101.315 -178.43 131.842 -98.474
-969.966 929.514 -101.316 -178.394 131.845 -98.45
-970.338 928.585 -101.317 -178.362 131.849 -98.429
-970.709 927.657 -101.318 -178.362 131.849 -98.429
-971.081 926.728 -101.319 -178.326 131.853 -98.405
-971.452 925.8 -101.32 -178.28 131.858 -98.373
-971.823 924.872 -101.321 -178.28 131.858 -98.373
-972.195 923.943 -101.322 -178.235 131.865 -98.345
-972.566 923.015 -101.323 -178.202 131.871 -98.325
-972.938 922.086 -101.324 -178.202 131.871 -98.325
-973.309 921.158 -101.325 -178.156 131.877 -98.297
-973.681 920.229 -101.326 -178.119 131.881 -98.272
-974.052 919.301 -101.327 -178.08 131.881 -98.246
-974.424 918.372 -101.328 -178.049 131.883 -98.228
-974.795 917.444 -101.329 -178.049 131.883 -98.228
-975.167 916.515 -101.33 -178.049 131.883 -98.228
-975.538 915.587 -101.331 -178.049 131.883 -98.228
-975.91 914.659 -101.332 -178.049 131.883 -98.228
-976.281 913.73 -101.333 -178.049 131.883 -98.228
-976.652 912.802 -101.334 -178.049 131.883 -98.228
-977.024 911.873 -101.335 -178.049 131.883 -98.228
-977.395 910.945 -101.336 -178.049 131.883 -98.228
-977.767 910.016 -101.337 -178.049 131.883 -98.228
-978.138 909.088 -101.338 -178.049 131.883 -98.228
-978.51 908.159 -101.339 -178.049 131.883 -98.228
-978.881 907.231 -101.34 -178.049 131.883 -98.228
12
-938.084 1003.65 -103.324 179.67 131.598 -99.692
-938.444 1002.71 -103.318 179.67 131.598 -99.692
-938.804 1001.78 -103.311 179.67 131.598 -99.692
-939.164 1000.85 -103.305 179.67 131.598 -99.692
-939.524 999.915 -103.299 179.67 131.598 -99.692
-939.884 998.982 -103.293 179.67 131.598 -99.692
-940.244 998.049 -103.287 179.67 131.598 -99.692
-940.603 997.116 -103.281 179.67 131.598 -99.692
-940.963 996.183 -103.275 179.67 131.598 -99.692
-941.323 995.25 -103.269 179.67 131.598 -99.692
-941.683 994.317 -103.263 179.67 131.598 -99.692
-942.043 993.384 -103.256 179.67 131.598 -99.692
-942.403 992.451 -103.25 179.707 131.603 -99.669
-942.763 991.518 -103.244 179.707 131.603 -99.669
-943.123 990.585 -103.238 179.707 131.603 -99.669
-943.483 989.652 -103.232 179.707 131.603 -99.669
-943.843 988.719 -103.226 179.707 131.603 -99.669
-944.203 987.786 -103.22 179.707 131.603 -99.669
-944.562 986.853 -103.214 179.707 131.603 -99.669
-944.922 985.92 -103.208 179.707 131.603 -99.669
-945.282 984.988 -103.201 179.707 131.603 -99.669
-945.642 984.055 -103.195 179.707 131.603 -99.669
-946.002 983.122 -103.189 179.707 131.603 -99.669
-946.362 982.189 -103.183 -179.683 131.682 -99.28
-946.722 981.256 -103.177 -179.683 131.682 -99.28
-947.082 980.323 -103.171 -179.683 131.682 -99.28
-947.442 979.39 -103.165 -179.683 131.682 -99.28
-947.802 978.457 -103.159 -179.683 131.682 -99.28
-948.161 977.524 -103.152 -179.683 131.682 -99.28
-948.521 976.591 -103.146 -179.683 131.682 -99.28
-948.881 975.658 -103.14 -179.683 131.682 -99.28
-949.241 974.725 -103.134 -179.683 131.682 -99.28
-949.601 973.792 -103.128 -179.683 131.682 -99.28
-949.961 972.859 -103.122 -179.683 131.682 -99.28
-950.321 971.926 -103.116 -179.651 131.686 -99.26
-950.681 970.993 -103.11 -179.651 131.686 -99.26
-951.041 970.06 -103.104 -179.62 131.691 -99.24
-951.401 969.127 -103.097 -179.583 131.696 -99.214
-951.761 968.194 -103.091 -179.551 131.699 -99.194
-952.12 967.261 -103.085 -179.515 131.703 -99.172
-952.48 966.328 -103.079 -179.515 131.703 -99.172
-952.84 965.395 -103.073 -179.479 131.709 -99.149
-953.2 964.462 -103.067 -179.447 131.714 -99.13
-953.56 963.529 -103.061 -179.41 131.719 -99.107
-953.92 962.596 -103.055 -179.372 131.722 -99.083
-954.28 961.663 -103.048 -179.372 131.722 -99.083
-954.64 960.73 -103.042 -179.336 131.726 -99.057
-955 959.797 -103.036 -179.297 131.731 -99.028
-955.36 958.864 -103.03 -179.264 131.737 -99.006
-955.72 957.931 -103.024 -179.264 131.737 -99.006
-956.079 956.998 -103.018 -179.228 131.741 -98.982
-956.439 956.065 -103.012 -179.196 131.745 -98.962
-956.799 955.133 -103.006 -179.159 131.75 -98.94
-957.159 954.2 -103 -179.124 131.755 -98.918
-957.519 953.267 -102.993 -179.094 131.761 -98.898
-957.879 952.334 -102.987 -179.094 131.761 -98.898
-958.239 951.401 -102.981 -179.057 131.764 -98.873
-958.599 950.468 -102.975 -179.023 131.767 -98.852
-958.959 949.535 -102.969 -178.99 131.772 -98.832
-959.319 948.602 -102.963 -178.948 131.776 -98.806
-959.679 947.669 -102.957 -178.948 131.776 -98.806
-960.038 946.736 -102.951 -178.911 131.784 -98.784
-960.398 945.803 -102.944 -178.875 131.789 -98.759
-960.758 944.87 -102.938 -178.839 131.792 -98.737
-961.118 943.937 -102.932 -178.808 131.796 -98.717
-961.478 943.004 -102.926 -178.808 131.796 -98.717
-961.838 942.071 -102.92 -178.767 131.802 -98.687
-962.198 941.138 -102.914 -178.726 131.807 -98.66
-962.558 940.205 -102.908 -178.726 131.807 -98.66
-962.918 939.272 -102.902 -178.69 131.811 -98.64
-963.278 938.339 -102.896 -178.642 131.816 -98.609
-963.637 937.406 -102.889 -178.605 131.82 -98.584
-963.997 936.473 -102.883 -178.605 131.82 -98.584
-964.357 935.54 -102.877 -178.563 131.828 -98.558
-964.717 934.607 -102.871 -178.529 131.833 -98.536
-965.077 933.674 -102.865 -178.494 131.836 -98.514
-965.437 932.741 -102.859 -178.494 131.836 -98.514
-965.797 931.808 -102.853 -178.456 131.839 -98.491
-966.157 930.875 -102.847 -178.411 131.844 -98.461
-966.517 929.942 -102.84 -178.411 131.844 -98.461
-966.877 929.009 -102.834 -178.411 131.844 -98.461
-967.237 928.076 -102.828 -178.299 131.856 -98.386
-967.596 927.143 -102.822 -178.299 131.856 -98.386
-967.956 926.211 -102.816 -178.299 131.856 -98.386
-968.316 925.278 -102.81 -178.267 131.86 -98.365
-968.676 924.345 -102.804 -178.267 131.86 -98.365
-969.036 923.412 -102.798 -178.267 131.86 -98.365
-969.396 922.479 -102.792 -178.084 131.882 -98.249
-969.756 921.546 -102.785 -178.084 131.882 -98.249
-970.116 920.613 -102.779 -178.084 131.882 -98.249
-970.476 919.68 -102.773 -178.084 131.882 -98.249
-970.836 918.747 -102.767 -178.084 131.882 -98.249
-971.196 917.814 -102.761 -178.084 131.882 -98.249
-971.555 916.881 -102.755 -178.084 131.882 -98.249
-971.915 915.948 -102.749 -178.084 131.882 -98.249
-972.275 915.015 -102.743 -178.084 131.882 -98.249
-972.635 914.082 -102.736 -178.084 131.882 -98.249
-972.995 913.149 -102.73 -178.084 131.882 -98.249
-973.355 912.216 -102.724 -178.084 131.882 -98.249
-973.715 911.283 -102.718 -178.084 131.882 -98.249
-974.075 910.35 -102.712 -178.084 131.882 -98.249
-974.435 909.417 -102.706 -178.084 131.882 -98.249
-974.795 908.484 -102.7 -178.084 131.882 -98.249
-975.155 907.551 -102.694 -178.084 131.882 -98.249
-975.514 906.618 -102.688 -178.084 131.882 -98.249
-975.874 905.685 -102.681 -178.084 131.882 -98.249
13
-936.195 1002.91 -102.76 179.732 131.602 -99.656
-936.544 1001.97 -102.762 179.732 131.602 -99.656
-936.892 1001.03 -102.764 179.732 131.602 -99.656
-937.241 1000.1 -102.766 179.732 131.602 -99.656
-937.59 999.159 -102.768 179.732 131.602 -99.656
-937.938 998.222 -102.77 179.732 131.602 -99.656
-938.287 997.285 -102.771 179.732 131.602 -99.656
-938.636 996.348 -102.773 179.732 131.602 -99.656
-938.985 995.41 -102.775 179.732 131.602 -99.656
-939.333 994.473 -102.777 179.732 131.602 -99.656
-939.682 993.536 -102.779 179.732 131.602 -99.656
-940.031 992.599 -102.781 179.732 131.602 -99.656
-940.379 991.661 -102.783 179.732 131.602 -99.656
-940.728 990.724 -102.785 179.768 131.606 -99.633
-941.077 989.787 -102.787 179.768 131.606 -99.633
-941.425 988.85 -102.788 179.768 131.606 -99.633
-941.774 987.912 -102.79 179.768 131.606 -99.633
-942.123 986.975 -102.792 179.768 131.606 -99.633
-942.471 986.038 -102.794 179.768 131.606 -99.633
-942.82 985.101 -102.796 179.768 131.606 -99.633
-943.169 984.163 -102.798 179.768 131.606 -99.633
-943.517 983.226 -102.8 179.768 131.606 -99.633
-943.866 982.289 -102.802 179.768 131.606 -99.633
-944.215 981.352 -102.804 -179.691 131.682 -99.286
-944.563 980.415 -102.806 -179.691 131.682 -99.286
-944.912 979.477 -102.807 -179.691 131.682 -99.286
-945.261 978.54 -102.809 -179.691 131.682 -99.286
-945.609 977.603 -102.811 -179.691 131.682 -99.286
-945.958 976.666 -102.813 -179.691 131.682 -99.286
-946.307 975.728 -102.815 -179.691 131.682 -99.286
-946.655 974.791 -102.817 -179.691 131.682 -99.286
-947.004 973.854 -102.819 -179.691 131.682 -99.286
-947.353 972.917 -102.821 -179.691 131.682 -99.286
-947.702 971.979 -102.823 -179.66 131.686 -99.266
-948.05 971.042 -102.824 -179.622 131.689 -99.241
-948.399 970.105 -102.826 -179.589 131.694 -99.219
-948.748 969.168 -102.828 -179.589 131.694 -99.219
-949.096 968.23 -102.83 -179.555 131.699 -99.196
-949.445 967.293 -102.832 -179.521 131.704 -99.175
-949.794 966.356 -102.834 -179.521 131.704 -99.175
-950.142 965.419 -102.836 -179.446 131.713 -99.126
-950.491 964.481 -102.838 -179.446 131.713 -99.126
-950.84 963.544 -102.84 -179.408 131.717 -99.101
-951.188 962.607 -102.842 -179.38 131.72 -99.082
-951.537 961.67 -102.843 -179.344 131.726 -99.058
-951.886 960.732 -102.845 -179.309 131.731 -99.037
-952.234 959.795 -102.847 -179.309 131.731 -99.037
-952.583 958.858 -102.849 -179.27 131.736 -99.01
-952.932 957.921 -102.851 -179.238 131.74 -98.988
-953.28 956.984 -102.853 -179.203 131.745 -98.966
-953.629 956.046 -102.855 -179.168 131.75 -98.946
-953.978 955.109 -102.857 -179.168 131.75 -98.946
-954.326 954.172 -102.859 -179.134 131.756 -98.925
-954.675 953.235 -102.861 -179.102 131.759 -98.905
-955.024 952.297 -102.862 -179.067 131.761 -98.882
-955.373 951.36 -102.864 -179.027 131.768 -98.855
-955.721 950.423 -102.866 -178.992 131.773 -98.833
-956.07 949.486 -102.868 -178.992 131.773 -98.833
-956.419 948.548 -102.87 -178.956 131.78 -98.812
-956.767 947.611 -102.872 -178.922 131.783 -98.789
-957.116 946.674 -102.874 -178.892 131.786 -98.77
-957.465 945.737 -102.876 -178.86 131.788 -98.75
-957.813 944.799 -102.878 -178.826 131.793 -98.727
-958.162 943.862 -102.879 -178.826 131.793 -98.727
-958.511 942.925 -102.881 -178.793 131.798 -98.703
-958.859 941.988 -102.883 -178.759 131.803 -98.68
-959.208 941.05 -102.885 -178.726 131.806 -98.66
-959.557 940.113 -102.887 -178.69 131.812 -98.638
-959.905 939.176 -102.889 -178.657 131.816 -98.618
-960.254 938.239 -102.891 -178.62 131.82 -98.595
-960.603 937.302 -102.893 -178.62 131.82 -98.595
-960.951 936.364 -102.895 -178.583 131.826 -98.572
-961.3 935.427 -102.897 -178.548 131.83 -98.55
-961.649 934.49 -102.898 -178.519 131.832 -98.531
-961.997 933.553 -102.9 -178.487 131.836 -98.51
-962.346 932.615 -102.902 -178.456 131.84 -98.491
-962.695 931.678 -102.904 -178.423 131.844 -98.47
-963.044 930.741 -102.906 -178.423 131.844 -98.47
-963.392 929.804 -102.908 -178.393 131.846 -98.45
-963.741 928.866 -102.91 -178.357 131.851 -98.426
-964.09 927.929 -102.912 -178.322 131.857 -98.404
-964.438 926.992 -102.914 -178.285 131.861 -98.379
-964.787 926.055 -102.916 -178.253 131.865 -98.36
-965.136 925.117 -102.917 -178.253 131.865 -98.36
-965.484 924.18 -102.919 -178.22 131.869 -98.339
-965.833 923.243 -102.921 -178.19 131.872 -98.32
-966.182 922.306 -102.923 -178.148 131.876 -98.293
-966.53 921.368 -102.925 -178.114 131.881 -98.272
-966.879 920.431 -102.927 -178.081 131.885 -98.248
-967.228 919.494 -102.929 -178.081 131.885 -98.248
-967.576 918.557 -102.931 -178.047 131.886 -98.225
-967.925 917.619 -102.933 -178.047 131.886 -98.225
-968.274 916.682 -102.934 -178.047 131.886 -98.225
-968.622 915.745 -102.936 -178.047 131.886 -98.225
-968.971 914.808 -102.938 -178.047 131.886 -98.225
-969.32 913.871 -102.94 -178.047 131.886 -98.225
-969.668 912.933 -102.942 -178.047 131.886 -98.225
-970.017 911.996 -102.944 -178.047 131.886 -98.225
-970.366 911.059 -102.946 -178.047 131.886 -98.225
-970.715 910.122 -102.948 -178.047 131.886 -98.225
-971.063 909.184 -102.95 -178.047 131.886 -98.225
-971.412 908.247 -102.952 -178.047 131.886 -98.225
-971.761 907.31 -102.953 -178.047 131.886 -98.225
-972.109 906.373 -102.955 -178.047 131.886 -98.225
-972.458 905.435 -102.957 -178.047 131.886 -98.225
-972.807 904.498 -102.959 -178.047 131.886 -98.225
14
-936.267 1006.21 -103.146 179.616 131.59 -99.728
-936.662 1005.29 -103.14 179.616 131.59 -99.728
-937.057 1004.37 -103.134 179.616 131.59 -99.728
-937.452 1003.45 -103.128 179.616 131.59 -99.728
-937.848 1002.53 -103.122 179.616 131.59 -99.728
-938.243 1001.61 -103.116 179.616 131.59 -99.728
-938.638 1000.7 -103.111 179.616 131.59 -99.728
-939.033 999.777 -103.105 179.616 131.59 -99.728
-939.428 998.858 -103.099 179.616 131.59 -99.728
-939.824 997.94 -103.093 179.616 131.59 -99.728
-940.219 997.021 -103.087 179.616 131.59 -99.728
-940.614 996.103 -103.081 179.616 131.59 -99.728
-941.009 995.184 -103.075 179.616 131.59 -99.728
-941.405 994.266 -103.07 179.647 131.595 -99.707
-941.8 993.347 -103.064 179.647 131.595 -99.707
-942.195 992.428 -103.058 179.647 131.595 -99.707
-942.59 991.51 -103.052 179.647 131.595 -99.707
-942.986 990.591 -103.046 179.647 131.595 -99.707
-943.381 989.673 -103.04 179.647 131.595 -99.707
-943.776 988.754 -103.035 179.647 131.595 -99.707
-944.171 987.836 -103.029 179.647 131.595 -99.707
-944.566 986.917 -103.023 179.647 131.595 -99.707
-944.962 985.998 -103.017 -179.849 131.657 -99.387
-945.357 985.08 -103.011 -179.849 131.657 -99.387
-945.752 984.161 -103.005 -179.849 131.657 -99.387
-946.147 983.243 -102.999 -179.849 131.657 -99.387
-946.543 982.324 -102.994 -179.849 131.657 -99.387
-946.938 981.406 -102.988 -179.849 131.657 -99.387
-947.333 980.487 -102.982 -179.849 131.657 -99.387
-947.728 979.569 -102.976 -179.849 131.657 -99.387
-948.124 978.65 -102.97 -179.849 131.657 -99.387
-948.519 977.731 -102.964 -179.849 131.657 -99.387
-948.914 976.813 -102.958 -179.812 131.663 -99.362
-949.309 975.894 -102.953 -179.769 131.67 -99.334
-949.705 974.976 -102.947 -179.769 131.67 -99.334
-950.1 974.057 -102.941 -179.737 131.676 -99.315
-950.495 973.139 -102.935 -179.691 131.683 -99.286
-950.89 972.22 -102.929 -179.691 131.683 -99.286
-951.285 971.301 -102.923 -179.65 131.687 -99.261
-951.681 970.383 -102.917 -179.62 131.691 -99.239
-952.076 969.464 -102.912 -179.62 131.691 -99.239
-952.471 968.546 -102.906 -179.579 131.696 -99.211
-952.866 967.627 -102.9 -179.542 131.699 -99.188
-953.262 966.709 -102.894 -179.505 131.705 -99.167
-953.657 965.79 -102.888 -179.474 131.711 -99.146
-954.052 964.872 -102.882 -179.474 131.711 -99.146
-954.447 963.953 -102.877 -179.432 131.717 -99.122
-954.843 963.034 -102.871 -179.399 131.721 -99.1
-955.238 962.116 -102.865 -179.364 131.725 -99.076
-955.633 961.197 -102.859 -179.364 131.725 -99.076
-956.028 960.279 -102.853 -179.328 131.728 -99.05
-956.423 959.36 -102.847 -179.298 131.732 -99.028
-956.819 958.442 -102.841 -179.261 131.737 -99.003
-957.214 957.523 -102.836 -179.22 131.74 -98.977
-957.609 956.604 -102.83 -179.22 131.74 -98.977
-958.004 955.686 -102.824 -179.175 131.746 -98.949
-958.4 954.767 -102.818 -179.143 131.751 -98.928
-958.795 953.849 -102.812 -179.143 131.751 -98.928
-959.19 952.93 -102.806 -179.143 131.751 -98.928
-959.585 952.012 -102.8 -179.143 131.751 -98.928
-959.981 951.093 -102.795 -179.143 131.751 -98.928
-960.376 950.175 -102.789 -179.143 131.751 -98.928
-960.771 949.256 -102.783 -178.866 131.788 -98.753
-961.166 948.337 -102.777 -178.866 131.788 -98.753
-961.561 947.419 -102.771 -178.866 131.788 -98.753
-961.957 946.5 -102.765 -178.866 131.788 -98.753
-962.352 945.582 -102.759 -178.866 131.788 -98.753
-962.747 944.663 -102.754 -178.866 131.788 -98.753
-963.142 943.745 -102.748 -178.836 131.791 -98.734
-963.538 942.826 -102.742 -178.836 131.791 -98.734
-963.933 941.907 -102.736 -178.717 131.809 -98.652
-964.328 940.989 -102.73 -178.717 131.809 -98.652
-964.723 940.07 -102.724 -178.717 131.809 -98.652
-965.119 939.152 -102.719 -178.717 131.809 -98.652
-965.514 938.233 -102.713 -178.67 131.814 -98.625
-965.909 937.315 -102.707 -178.618 131.819 -98.593
-966.304 936.396 -102.701 -178.618 131.819 -98.593
-966.699 935.478 -102.695 -178.585 131.823 -98.573
-967.095 934.559 -102.689 -178.538 131.831 -98.542
-967.49 933.64 -102.683 -178.507 131.833 -98.522
-967.885 932.722 -102.678 -178.507 131.833 -98.522
-968.28 931.803 -102.672 -178.429 131.843 -98.473
-968.676 930.885 -102.666 -178.429 131.843 -98.473
-969.071 929.966 -102.66 -178.397 131.847 -98.452
-969.466 929.048 -102.654 -178.397 131.847 -98.452
-969.861 928.129 -102.648 -178.348 131.853 -98.421
-970.257 927.21 -102.642 -178.348 131.853 -98.421
-970.652 926.292 -102.637 -178.348 131.853 -98.421
-971.047 925.373 -102.631 -178.348 131.853 -98.421
-971.442 924.455 -102.625 -178.348 131.853 -98.421
-971.838 923.536 -102.619 -178.348 131.853 -98.421
-972.233 922.618 -102.613 -178.348 131.853 -98.421
-972.628 921.699 -102.607 -178.348 131.853 -98.421
-973.023 920.781 -102.601 -178.348 131.853 -98.421
-973.418 919.862 -102.596 -178.348 131.853 -98.421
-973.814 918.943 -102.59 -178.348 131.853 -98.421
-974.209 918.025 -102.584 -178.348 131.853 -98.421
-974.604 917.106 -102.578 -178.348 131.853 -98.421
-974.999 916.188 -102.572 -178.348 131.853 -98.421
-975.395 915.269 -102.566 -178.348 131.853 -98.421
-975.79 914.351 -102.561 -178.348 131.853 -98.421
-976.185 913.432 -102.555 -178.348 131.853 -98.421
-976.58 912.513 -102.549 -178.348 131.853 -98.421
-976.976 911.595 -102.543 -178.348 131.853 -98.421
-977.371 910.676 -102.537 -178.348 131.853 -98.421
-977.766 909.758 -102.531 -178.348 131.853 -98.421
