1
-877.345 452.364 -99.4258 83.3 132.652 119.326
-878.128 452.986 -99.4105 83.3 132.652 119.326
-878.91 453.609 -99.3951 83.3 132.652 119.326
-879.692 454.232 -99.3798 83.3 132.652 119.326
-880.475 454.854 -99.3645 83.606 132.548 119.54
-881.257 455.477 -99.3492 83.606 132.548 119.54
-882.039 456.1 -99.3338 83.887 132.431 119.744
-882.821 456.722 -99.3185 84.265 132.265 119.996
-883.604 457.345 -99.3032 84.265 132.265 119.996
-884.386 457.968 -99.2879 84.589 132.12 120.199
-885.168 458.59 -99.2725 84.589 132.12 120.199
-885.951 459.213 -99.2572 84.985 131.949 120.468
-886.733 459.836 -99.2419 85.317 131.806 120.698
-887.515 460.459 -99.2266 85.317 131.806 120.698
-888.298 461.081 -99.2112 85.613 131.674 120.9
-889.08 461.704 -99.1959 85.908 131.537 121.078
-889.862 462.327 -99.1806 85.908 131.537 121.078
-890.645 462.949 -99.1653 86.329 131.341 121.335
-891.427 463.572 -99.1499 86.329 131.341 121.335
-892.209 464.195 -99.1346 86.706 131.173 121.614
-892.992 464.817 -99.1193 86.706 131.173 121.614
-893.774 465.44 -99.1039 86.706 131.173 121.614
-894.556 466.063 -99.0886 86.706 131.173 121.614
-895.339 466.685 -99.0733 86.706 131.173 121.614
-896.121 467.308 -99.058 86.706 131.173 121.614
-896.903 467.931 -99.0426 86.706 131.173 121.614
-897.686 468.553 -99.0273 86.706 131.173 121.614
-898.468 469.176 -99.012 86.706 131.173 121.614
-899.25 469.799 -98.9967 86.706 131.173 121.614
-900.033 470.421 -98.9813 86.706 131.173 121.614
-900.815 471.044 -98.966 86.706 131.173 121.614
-901.597 471.667 -98.9507 86.706 131.173 121.614
-902.38 472.289 -98.9354 86.706 131.173 121.614
-903.162 472.912 -98.92 86.706 131.173 121.614
-903.944 473.535 -98.9047 86.706 131.173 121.614
-904.727 474.158 -98.8894 86.706 131.173 121.614
-905.509 474.78 -98.8741 86.706 131.173 121.614
-906.291 475.403 -98.8587 86.706 131.173 121.614
-907.074 476.026 -98.8434 86.706 131.173 121.614
-907.856 476.648 -98.8281 86.706 131.173 121.614
-908.638 477.271 -98.8127 86.706 131.173 121.614
-909.42 477.894 -98.7974 86.706 131.173 121.614
-910.203 478.516 -98.7821 86.706 131.173 121.614
-910.985 479.139 -98.7668 86.706 131.173 121.614
-911.767 479.762 -98.7514 86.706 131.173 121.614
-912.55 480.384 -98.7361 86.706 131.173 121.614
-913.332 481.007 -98.7208 86.706 131.173 121.614
-914.114 481.63 -98.7055 86.706 131.173 121.614
-914.897 482.252 -98.6901 86.706 131.173 121.614
-915.679 482.875 -98.6748 86.706 131.173 121.614
-916.461 483.498 -98.6595 86.706 131.173 121.614
2
-876.801 453.351 -99.4542 83.3 132.653 119.326
-877.592 453.964 -99.4367 83.3 132.653 119.326
-878.382 454.576 -99.4191 83.3 132.653 119.326
-879.172 455.189 -99.4016 83.3 132.653 119.326
-879.962 455.802 -99.3841 83.573 132.565 119.523
-880.752 456.414 -99.3666 83.573 132.565 119.523
-881.542 457.027 -99.3491 83.919 132.42 119.772
-882.333 457.64 -99.3316 84.234 132.281 119.98
-883.123 458.252 -99.3141 84.234 132.281 119.98
-883.913 458.865 -99.2966 84.517 132.153 120.156
-884.703 459.478 -99.2791 84.865 132.002 120.386
-885.493 460.09 -99.2616 84.865 132.002 120.386
-886.283 460.703 -99.2441 85.192 131.859 120.606
-887.073 461.316 -99.2266 85.53 131.714 120.851
-887.864 461.928 -99.2091 85.53 131.714 120.851
-888.654 462.541 -99.1916 85.824 131.576 121.024
-889.444 463.154 -99.1741 86.163 131.421 121.234
-890.234 463.766 -99.1565 86.163 131.421 121.234
-891.024 464.379 -99.139 86.499 131.266 121.461
-891.814 464.992 -99.1215 86.499 131.266 121.461
-892.605 465.604 -99.104 86.499 131.266 121.461
-893.395 466.217 -99.0865 86.499 131.266 121.461
-894.185 466.829 -99.069 86.499 131.266 121.461
-894.975 467.442 -99.0515 86.499 131.266 121.461
-895.765 468.055 -99.034 86.499 131.266 121.461
-896.555 468.667 -99.0165 86.499 131.266 121.461
-897.345 469.28 -98.999 86.499 131.266 121.461
-898.136 469.893 -98.9815 86.499 131.266 121.461
-898.926 470.505 -98.964 86.499 131.266 121.461
-899.716 471.118 -98.9465 86.499 131.266 121.461
-900.506 471.731 -98.929 86.499 131.266 121.461
-901.296 472.343 -98.9115 86.499 131.266 121.461
-902.086 472.956 -98.894 86.499 131.266 121.461
-902.877 473.569 -98.8764 86.499 131.266 121.461
-903.667 474.181 -98.8589 86.499 131.266 121.461
-904.457 474.794 -98.8414 86.499 131.266 121.461
-905.247 475.407 -98.8239 86.499 131.266 121.461
-906.037 476.019 -98.8064 86.499 131.266 121.461
-906.827 476.632 -98.7889 86.499 131.266 121.461
-907.617 477.245 -98.7714 86.499 131.266 121.461
-908.408 477.857 -98.7539 86.499 131.266 121.461
-909.198 478.47 -98.7364 86.499 131.266 121.461
-909.988 479.083 -98.7189 86.499 131.266 121.461
-910.778 479.695 -98.7014 86.499 131.266 121.461
-911.568 480.308 -98.6839 86.499 131.266 121.461
-912.358 480.921 -98.6664 86.499 131.266 121.461
-913.149 481.533 -98.6489 86.499 131.266 121.461
-913.939 482.146 -98.6314 86.499 131.266 121.461
-914.729 482.759 -98.6139 86.499 131.266 121.461
-915.519 483.371 -98.5963 86.499 131.266 121.461
-916.309 483.984 -98.5788 86.499 131.266 121.461
3
-881.334 448.471 -99.8365 83.921 132.421 119.776
-882.113 449.098 -99.8202 83.921 132.421 119.776
-882.891 449.725 -99.8039 83.921 132.421 119.776
-883.67 450.352 -99.7876 83.921 132.421 119.776
-884.449 450.979 -99.7713 83.921 132.421 119.776
-885.227 451.607 -99.755 83.921 132.421 119.776
-886.006 452.234 -99.7388 84.27 132.266 120.003
-886.785 452.861 -99.7225 84.668 132.087 120.253
-887.564 453.488 -99.7062 84.668 132.087 120.253
-888.342 454.115 -99.6899 84.986 131.95 120.469
-889.121 454.742 -99.6736 84.986 131.95 120.469
-889.9 455.37 -99.6573 85.36 131.789 120.733
-890.678 455.997 -99.641 85.655 131.656 120.926
-891.457 456.624 -99.6247 85.655 131.656 120.926
-892.236 457.251 -99.6084 85.995 131.5 121.137
-893.014 457.878 -99.5922 86.33 131.341 121.335
-893.793 458.505 -99.5759 86.33 131.341 121.335
-894.572 459.133 -99.5596 86.666 131.192 121.587
-895.351 459.76 -99.5433 86.666 131.192 121.587
-896.129 460.387 -99.527 87 131.036 121.807
-896.908 461.014 -99.5107 87 131.036 121.807
-897.687 461.641 -99.4944 87 131.036 121.807
-898.465 462.268 -99.4781 87 131.036 121.807
-899.244 462.896 -99.4619 87 131.036 121.807
-900.023 463.523 -99.4456 87 131.036 121.807
-900.802 464.15 -99.4293 87 131.036 121.807
-901.58 464.777 -99.413 87 131.036 121.807
-902.359 465.404 -99.3967 87 131.036 121.807
-903.138 466.031 -99.3804 87 131.036 121.807
-903.916 466.659 -99.3641 87 131.036 121.807
-904.695 467.286 -99.3478 87 131.036 121.807
-905.474 467.913 -99.3315 87 131.036 121.807
-906.253 468.54 -99.3153 87 131.036 121.807
-907.031 469.167 -99.299 87 131.036 121.807
-907.81 469.794 -99.2827 87 131.036 121.807
-908.589 470.422 -99.2664 87 131.036 121.807
-909.367 471.049 -99.2501 87 131.036 121.807
-910.146 471.676 -99.2338 87 131.036 121.807
-910.925 472.303 -99.2175 87 131.036 121.807
-911.704 472.93 -99.2012 87 131.036 121.807
-912.482 473.557 -99.1849 87 131.036 121.807
-913.261 474.185 -99.1687 87 131.036 121.807
-914.04 474.812 -99.1524 87 131.036 121.807
-914.818 475.439 -99.1361 87 131.036 121.807
-915.597 476.066 -99.1198 87 131.036 121.807
-916.376 476.693 -99.1035 87 131.036 121.807
-917.155 477.321 -99.0872 87 131.036 121.807
-917.933 477.948 -99.0709 87 131.036 121.807
-918.712 478.575 -99.0546 87 131.036 121.807
-919.491 479.202 -99.0384 87 131.036 121.807
-920.269 479.829 -99.0221 87 131.036 121.807
4
-875.378 454.073 -100.044 83.299 132.653 119.326
-876.171 454.682 -100.03 83.299 132.653 119.326
-876.964 455.292 -100.016 83.299 132.653 119.326
-877.756 455.901 -100.002 83.299 132.653 119.326
-878.549 456.511 -99.9881 83.299 132.653 119.326
-879.341 457.12 -99.9741 83.573 132.565 119.523
-880.134 457.73 -99.96 83.573 132.565 119.523
-880.927 458.34 -99.946 83.864 132.445 119.735
-881.719 458.949 -99.9319 84.201 132.297 119.959
-882.512 459.559 -99.9179 84.201 132.297 119.959
-883.304 460.168 -99.9038 84.59 132.121 120.202
-884.097 460.778 -99.8898 84.59 132.121 120.202
-884.89 461.387 -99.8757 85.067 131.913 120.522
-885.682 461.997 -99.8616 85.067 131.913 120.522
-886.475 462.607 -99.8476 85.444 131.753 120.796
-887.267 463.216 -99.8335 85.444 131.753 120.796
-888.06 463.826 -99.8195 85.782 131.596 121
-888.853 464.435 -99.8054 86.122 131.441 121.212
-889.645 465.045 -99.7914 86.122 131.441 121.212
-890.438 465.655 -99.7773 86.456 131.284 121.426
-891.23 466.264 -99.7633 86.456 131.284 121.426
-892.023 466.874 -99.7492 86.456 131.284 121.426
-892.816 467.483 -99.7352 86.456 131.284 121.426
-893.608 468.093 -99.7211 86.456 131.284 121.426
-894.401 468.702 -99.7071 86.456 131.284 121.426
-895.193 469.312 -99.693 86.456 131.284 121.426
-895.986 469.922 -99.679 86.456 131.284 121.426
-896.779 470.531 -99.6649 86.456 131.284 121.426
-897.571 471.141 -99.6509 86.456 131.284 121.426
-898.364 471.75 -99.6368 86.456 131.284 121.426
-899.156 472.36 -99.6228 86.456 131.284 121.426
-899.949 472.97 -99.6087 86.456 131.284 121.426
-900.742 473.579 -99.5947 86.456 131.284 121.426
-901.534 474.189 -99.5806 86.456 131.284 121.426
-902.327 474.798 -99.5666 86.456 131.284 121.426
-903.119 475.408 -99.5525 86.456 131.284 121.426
-903.912 476.017 -99.5385 86.456 131.284 121.426
-904.705 476.627 -99.5244 86.456 131.284 121.426
-905.497 477.237 -99.5104 86.456 131.284 121.426
-906.29 477.846 -99.4963 86.456 131.284 121.426
-907.082 478.456 -99.4823 86.456 131.284 121.426
-907.875 479.065 -99.4682 86.456 131.284 121.426
-908.668 479.675 -99.4542 86.456 131.284 121.426
-909.46 480.285 -99.4401 86.456 131.284 121.426
-910.253 480.894 -99.426 86.456 131.284 121.426
-911.045 481.504 -99.412 86.456 131.284 121.426
-911.838 482.113 -99.3979 86.456 131.284 121.426
-912.631 482.723 -99.3839 86.456 131.284 121.426
-913.423 483.332 -99.3698 86.456 131.284 121.426
-914.216 483.942 -99.3558 86.456 131.284 121.426
-915.008 484.552 -99.3417 86.456 131.284 121.426
