1
-1019.35 98.9647 -56.3313 127.672 133.572 71.277
-1019 99.9002 -56.3435 127.672 133.572 71.277
-1018.64 100.836 -56.3558 127.672 133.572 71.277
-1018.29 101.771 -56.368 127.672 133.572 71.277
-1017.94 102.707 -56.3802 127.672 133.572 71.277
-1017.59 103.642 -56.3924 127.672 133.572 71.277
-1017.23 104.578 -56.4046 127.672 133.572 71.277
-1016.88 105.513 -56.4168 127.672 133.572 71.277
-1016.53 106.449 -56.429 127.672 133.572 71.277
-1016.18 107.384 -56.4413 127.672 133.572 71.277
-1015.82 108.32 -56.4535 127.672 133.572 71.277
-1015.47 109.255 -56.4657 127.672 133.572 71.277
-1015.12 110.191 -56.4779 127.672 133.572 71.277
-1014.77 111.126 -56.4901 127.672 133.572 71.277
-1014.41 112.062 -56.5023 127.672 133.572 71.277
-1014.06 112.997 -56.5145 127.672 133.572 71.277
-1013.71 113.933 -56.5267 127.672 133.572 71.277
-1013.35 114.868 -56.539 127.672 133.572 71.277
-1013 115.804 -56.5512 127.672 133.572 71.277
-1012.65 116.739 -56.5634 127.672 133.572 71.277
-1012.3 117.675 -56.5756 127.672 133.572 71.277
-1011.94 118.61 -56.5878 127.672 133.572 71.277
-1011.59 119.546 -56.6 127.672 133.572 71.277
-1011.24 120.481 -56.6122 127.672 133.572 71.277
-1010.89 121.417 -56.6244 127.672 133.572 71.277
-1010.53 122.352 -56.6367 127.672 133.572 71.277
-1010.18 123.287 -56.6489 127.672 133.572 71.277
-1009.83 124.223 -56.6611 127.707 133.568 71.319
-1009.48 125.158 -56.6733 127.697 133.568 71.321
-1009.12 126.094 -56.6855 127.692 133.568 71.324
-1008.77 127.029 -56.6977 127.692 133.568 71.324
-1008.42 127.965 -56.7099 127.685 133.565 71.319
-1008.06 128.9 -56.7221 127.684 133.562 71.314
-1007.71 129.836 -56.7344 127.687 133.561 71.315
-1007.36 130.771 -56.7466 127.687 133.561 71.315
-1007.01 131.707 -56.7588 127.688 133.561 71.318
-1006.65 132.642 -56.771 127.689 133.56 71.316
-1006.3 133.578 -56.7832 127.686 133.557 71.313
-1005.95 134.513 -56.7954 127.685 133.555 71.311
-1005.6 135.449 -56.8076 127.685 133.555 71.311
-1005.24 136.384 -56.8198 127.685 133.555 71.309
-1004.89 137.32 -56.8321 127.683 133.554 71.31
-1004.54 138.255 -56.8443 127.681 133.554 71.312
-1004.19 139.191 -56.8565 127.678 133.555 71.317
-1003.83 140.126 -56.8687 127.678 133.555 71.317
-1003.48 141.062 -56.8809 127.678 133.555 71.319
-1003.13 141.997 -56.8931 127.679 133.554 71.318
-1002.77 142.933 -56.9053 127.682 133.551 71.313
-1002.42 143.868 -56.9175 127.685 133.55 71.317
-1002.07 144.804 -56.9298 127.681 133.549 71.318
-1001.72 145.739 -56.942 127.681 133.549 71.318
-1001.36 146.675 -56.9542 127.678 133.55 71.322
-1001.01 147.61 -56.9664 127.674 133.551 71.324
-1000.66 148.546 -56.9786 127.672 133.55 71.322
-1000.31 149.481 -56.9908 127.672 133.55 71.322
-999.953 150.417 -57.003 127.674 133.549 71.318
-999.6 151.352 -57.0152 127.676 133.546 71.318
-999.248 152.288 -57.0275 127.675 133.545 71.321
-998.895 153.223 -57.0397 127.673 133.544 71.321
-998.542 154.159 -57.0519 127.673 133.544 71.321
-998.19 155.094 -57.0641 127.672 133.542 71.322
-997.837 156.03 -57.0763 127.669 133.541 71.322
-997.484 156.965 -57.0885 127.672 133.539 71.324
-997.132 157.901 -57.1007 127.672 133.539 71.324
-996.779 158.836 -57.113 127.673 133.539 71.326
-996.426 159.772 -57.1252 127.671 133.538 71.33
-996.074 160.707 -57.1374 127.667 133.537 71.33
-995.721 161.643 -57.1496 127.667 133.537 71.33
-995.368 162.578 -57.1618 127.666 133.537 71.333
-995.016 163.514 -57.174 127.663 133.537 71.34
-994.663 164.449 -57.1862 127.664 133.535 71.336
-994.31 165.385 -57.1984 127.667 133.533 71.332
-993.958 166.32 -57.2107 127.671 133.531 71.326
-993.605 167.256 -57.2229 127.671 133.531 71.329
-993.252 168.191 -57.2351 127.672 133.531 71.332
-992.9 169.127 -57.2473 127.667 133.53 71.336
-992.547 170.062 -57.2595 127.667 133.53 71.336
-992.194 170.998 -57.2717 127.666 133.53 71.34
-991.842 171.933 -57.2839 127.666 133.53 71.34
-991.489 172.869 -57.2961 127.666 133.527 71.336
-991.136 173.804 -57.3084 127.667 133.525 71.336
-990.784 174.74 -57.3206 127.667 133.524 71.339
-990.431 175.675 -57.3328 127.667 133.524 71.339
-990.078 176.611 -57.345 127.66 133.525 71.346
-989.726 177.546 -57.3572 127.659 133.526 71.352
-989.373 178.482 -57.3694 127.659 133.526 71.352
-989.02 179.417 -57.3816 127.658 133.524 71.348
-988.668 180.353 -57.3938 127.659 133.521 71.341
-988.315 181.288 -57.4061 127.662 133.519 71.342
-987.962 182.224 -57.4183 127.661 133.517 71.344
-987.61 183.159 -57.4305 127.661 133.517 71.344
-987.257 184.095 -57.4427 127.659 133.517 71.345
-986.904 185.03 -57.4549 127.656 133.518 71.349
-986.552 185.966 -57.4671 127.656 133.518 71.349
-986.199 186.901 -57.4793 127.655 133.517 71.348
-985.846 187.836 -57.4915 127.658 133.516 71.349
-985.494 188.772 -57.5038 127.658 133.516 71.349
-985.141 189.707 -57.516 127.658 133.514 71.353
-984.788 190.643 -57.5282 127.657 133.514 71.355
-984.435 191.578 -57.5404 127.656 133.512 71.351
-984.083 192.514 -57.5526 127.656 133.512 71.351
-983.73 193.449 -57.5648 127.654 133.511 71.347
-983.377 194.385 -57.577 127.653 133.512 71.353
-983.025 195.32 -57.5892 127.652 133.512 71.361
-982.672 196.256 -57.6015 127.651 133.513 71.366
-982.319 197.191 -57.6137 127.651 133.513 71.366
-981.967 198.127 -57.6259 127.652 133.508 71.362
-981.614 199.062 -57.6381 127.65 133.507 71.361
-981.261 199.998 -57.6503 127.65 133.506 71.362
-980.909 200.933 -57.6625 127.65 133.506 71.362
-980.556 201.869 -57.6747 127.646 133.508 71.375
-980.203 202.804 -57.687 127.648 133.508 71.377
-979.851 203.74 -57.6992 127.648 133.508 71.377
-979.498 204.675 -57.7114 127.651 133.502 71.364
-979.145 205.611 -57.7236 127.65 133.498 71.356
-978.793 206.546 -57.7358 127.649 133.499 71.362
-978.44 207.482 -57.748 127.644 133.499 71.365
-978.087 208.417 -57.7602 127.644 133.499 71.365
-977.735 209.353 -57.7724 127.642 133.499 71.37
-977.382 210.288 -57.7847 127.645 133.501 71.374
-977.029 211.224 -57.7969 127.647 133.5 71.375
-976.677 212.159 -57.8091 127.649 133.498 71.375
-976.324 213.095 -57.8213 127.649 133.498 71.375
-975.971 214.03 -57.8335 127.648 133.497 71.384
-975.619 214.966 -57.8457 127.646 133.494 71.381
-975.266 215.901 -57.8579 127.646 133.493 71.375
-974.913 216.837 -57.8701 127.646 133.491 71.368
-974.561 217.772 -57.8824 127.643 133.492 71.374
-974.208 218.708 -57.8946 127.643 133.492 71.374
-973.855 219.643 -57.9068 127.644 133.493 71.376
-973.503 220.579 -57.919 127.642 133.491 71.375
-973.15 221.514 -57.9312 127.641 133.489 71.376
-972.797 222.45 -57.9434 127.64 133.487 71.375
-972.445 223.385 -57.9556 127.638 133.487 71.38
-972.092 224.321 -57.9678 127.638 133.487 71.38
-971.739 225.256 -57.9801 127.637 133.489 71.391
-971.387 226.192 -57.9923 127.636 133.487 71.385
-971.034 227.127 -58.0045 127.638 133.485 71.378
-970.681 228.063 -58.0167 127.638 133.485 71.378
-970.329 228.998 -58.0289 127.637 133.484 71.382
-969.976 229.934 -58.0411 127.636 133.482 71.384
-969.623 230.869 -58.0533 127.638 133.48 71.386
-969.271 231.805 -58.0655 127.637 133.48 71.386
-968.918 232.74 -58.0778 127.637 133.48 71.386
-968.565 233.676 -58.09 127.639 133.481 71.39
-968.213 234.611 -58.1022 127.638 133.483 71.4
-967.86 235.547 -58.1144 127.635 133.481 71.399
-967.507 236.482 -58.1266 127.635 133.481 71.399
-967.155 237.418 -58.1388 127.634 133.477 71.386
-966.802 238.353 -58.151 127.631 133.475 71.391
-966.449 239.289 -58.1632 127.63 133.475 71.391
-966.097 240.224 -58.1755 127.63 133.475 71.391
-965.744 241.16 -58.1877 127.629 133.475 71.393
-965.391 242.095 -58.1999 127.629 133.475 71.394
-965.039 243.031 -58.2121 127.63 133.476 71.398
-964.686 243.966 -58.2243 127.629 133.475 71.399
-964.333 244.902 -58.2365 127.63 133.473 71.402
-963.981 245.837 -58.2487 127.63 133.469 71.396
-963.628 246.773 -58.261 127.63 133.469 71.396
-963.275 247.708 -58.2732 127.63 133.465 71.389
-962.923 248.644 -58.2854 127.627 133.466 71.397
-962.57 249.579 -58.2976 127.627 133.466 71.397
-961.515 251.824 -58.3901 127.628 133.469 71.408
-961.165 252.76 -58.4018 127.627 133.467 71.406
-960.815 253.697 -58.4134 127.626 133.467 71.411
-960.466 254.633 -58.4251 127.626 133.467 71.411
-960.116 255.57 -58.4366 127.623 133.463 71.408
-959.766 256.506 -58.4482 127.623 133.459 71.397
-959.417 257.443 -58.4597 127.622 133.461 71.404
-959.067 258.38 -58.4712 127.623 133.461 71.406
-958.718 259.317 -58.4827 127.623 133.461 71.406
-958.369 260.254 -58.4942 127.623 133.46 71.408
-958.02 261.19 -58.5056 127.62 133.459 71.408
-957.671 262.127 -58.517 127.619 133.459 71.414
-957.322 263.064 -58.5283 127.619 133.459 71.414
-956.973 264.001 -58.5397 127.617 133.456 71.419
-956.625 264.938 -58.551 127.618 133.454 71.412
-956.276 265.875 -58.5622 127.618 133.452 71.413
-955.928 266.812 -58.5735 127.618 133.452 71.413
-955.579 267.749 -58.5847 127.621 133.452 71.417
-955.231 268.687 -58.5959 127.622 133.452 71.418
-954.883 269.624 -58.607 127.621 133.452 71.418
-954.535 270.561 -58.6182 127.62 133.452 71.42
-954.187 271.498 -58.6293 127.618 133.45 71.424
-953.839 272.436 -58.6403 127.616 133.45 71.425
-953.492 273.373 -58.6514 127.616 133.45 71.425
-953.144 274.31 -58.6624 127.617 133.447 71.419
-952.796 275.248 -58.6734 127.616 133.445 71.419
-952.449 276.185 -58.6843 127.615 133.445 71.42
-952.102 277.123 -58.6952 127.615 133.445 71.42
-951.755 278.06 -58.7061 127.612 133.445 71.423
-951.408 278.998 -58.717 127.611 133.446 71.425
-951.061 279.936 -58.7278 127.61 133.446 71.43
-950.714 280.873 -58.7387 127.612 133.445 71.431
-950.367 281.811 -58.7494 127.612 133.44 71.422
-950.02 282.749 -58.7602 127.612 133.44 71.422
-949.674 283.687 -58.7709 127.61 133.439 71.426
-949.327 284.624 -58.7816 127.608 133.439 71.429
-948.981 285.562 -58.7923 127.608 133.439 71.432
-948.635 286.5 -58.8029 127.611 133.44 71.434
-948.289 287.438 -58.8135 127.611 133.439 71.437
-947.943 288.376 -58.8241 127.611 133.439 71.442
-947.597 289.314 -58.8346 127.611 133.439 71.442
-947.251 290.252 -58.8452 127.612 133.437 71.435
-946.905 291.19 -58.8557 127.609 133.435 71.436
-946.559 292.129 -58.8661 127.604 133.433 71.433
-946.214 293.067 -58.8766 127.604 133.433 71.433
-945.869 294.005 -58.887 127.603 133.433 71.437
-945.523 294.943 -58.8973 127.601 133.434 71.444
-945.178 295.882 -58.9077 127.602 133.436 71.449
-944.833 296.82 -58.918 127.604 133.434 71.443
-944.488 297.758 -58.9283 127.604 133.434 71.443
-944.143 298.697 -58.9386 127.602 133.433 71.439
-943.798 299.635 -58.9488 127.599 133.432 71.443
-943.454 300.574 -58.959 127.596 133.431 71.442
-943.109 301.512 -58.9692 127.598 133.429 71.443
-942.765 302.451 -58.9793 127.598 133.429 71.443
-942.42 303.389 -58.9894 127.601 133.429 71.451
-942.076 304.328 -58.9995 127.603 133.429 71.455
-941.732 305.267 -59.0096 127.605 133.425 71.445
-941.388 306.205 -59.0196 127.604 133.424 71.449
-941.044 307.144 -59.0296 127.604 133.424 71.449
-940.7 308.083 -59.0396 127.599 133.421 71.446
-940.357 309.022 -59.0495 127.598 133.42 71.448
-940.013 309.961 -59.0595 127.598 133.418 71.453
-939.669 310.9 -59.0693 127.598 133.418 71.453
-939.326 311.839 -59.0792 127.6 133.415 71.451
-938.983 312.778 -59.089 127.603 133.411 71.44
-938.64 313.717 -59.0988 127.604 133.412 71.451
-938.296 314.656 -59.1086 127.602 133.41 71.449
-937.953 315.595 -59.1183 127.6 133.406 71.445
-937.611 316.534 -59.1281 127.599 133.407 71.447
-937.268 317.473 -59.1377 127.599 133.407 71.447
-936.925 318.412 -59.1474 127.596 133.408 71.456
-936.583 319.352 -59.157 127.601 133.407 71.454
-936.24 320.291 -59.1666 127.599 133.406 71.452
-935.898 321.23 -59.1762 127.599 133.406 71.452
-935.556 322.17 -59.1857 127.602 133.405 71.456
-935.213 323.109 -59.1952 127.597 133.404 71.459
-934.871 324.049 -59.2047 127.595 133.404 71.464
-934.529 324.988 -59.2142 127.593 133.405 71.468
-934.188 325.928 -59.2236 127.593 133.405 71.468
-933.846 326.867 -59.233 127.593 133.401 71.453
-933.504 327.807 -59.2424 127.591 133.401 71.462
-933.163 328.747 -59.2517 127.591 133.401 71.462
-932.821 329.686 -59.261 127.593 133.401 71.461
-932.48 330.626 -59.2703 127.591 133.399 71.462
-932.139 331.566 -59.2795 127.588 133.404 71.481
-931.798 332.506 -59.2888 127.588 133.404 71.481
-931.457 333.445 -59.2979 127.589 133.4 71.465
-931.116 334.385 -59.3071 127.589 133.402 71.47
-930.775 335.325 -59.3162 127.589 133.402 71.473
-930.435 336.265 -59.3254 127.59 133.399 71.47
-930.094 337.205 -59.3344 127.587 133.398 71.477
-929.754 338.145 -59.3435 127.587 133.398 71.477
-929.413 339.085 -59.3525 127.585 133.398 71.48
-929.073 340.026 -59.3615 127.585 133.394 71.466
-928.733 340.966 -59.3705 127.584 133.395 71.474
-928.393 341.906 -59.3794 127.584 133.395 71.474
-928.053 342.846 -59.3883 127.582 133.394 71.475
-927.713 343.786 -59.3972 127.581 133.394 71.473
-927.373 344.727 -59.406 127.582 133.396 71.48
-927.034 345.667 -59.4148 127.581 133.394 71.484
2
-1019.1 99.1565 -57.0024 127.672 133.572 71.276
-1018.75 100.093 -57.0127 127.672 133.572 71.276
-1018.4 101.029 -57.023 127.672 133.572 71.276
-1018.05 101.966 -57.0333 127.672 133.572 71.276
-1017.69 102.902 -57.0436 127.672 133.572 71.276
-1017.34 103.838 -57.054 127.672 133.572 71.276
-1016.99 104.775 -57.0643 127.672 133.572 71.276
-1016.63 105.711 -57.0746 127.672 133.572 71.276
-1016.28 106.647 -57.0849 127.672 133.572 71.276
-1015.93 107.584 -57.0952 127.672 133.572 71.276
-1015.57 108.52 -57.1055 127.672 133.572 71.276
-1015.22 109.456 -57.1158 127.672 133.572 71.276
-1014.87 110.393 -57.1261 127.672 133.572 71.276
-1014.51 111.329 -57.1365 127.672 133.572 71.276
-1014.16 112.265 -57.1468 127.672 133.572 71.276
-1013.81 113.202 -57.1571 127.672 133.572 71.276
-1013.45 114.138 -57.1674 127.672 133.572 71.276
-1013.1 115.074 -57.1777 127.672 133.572 71.276
-1012.75 116.011 -57.188 127.672 133.572 71.276
-1012.39 116.947 -57.1983 127.672 133.572 71.276
-1012.04 117.883 -57.2086 127.672 133.572 71.276
-1011.69 118.82 -57.219 127.672 133.572 71.276
-1011.34 119.756 -57.2293 127.672 133.572 71.276
-1010.98 120.692 -57.2396 127.672 133.572 71.276
-1010.63 121.629 -57.2499 127.672 133.572 71.276
-1010.28 122.565 -57.2602 127.672 133.572 71.276
-1009.92 123.501 -57.2705 127.672 133.572 71.276
-1009.57 124.438 -57.2808 127.705 133.567 71.319
-1009.22 125.374 -57.2911 127.697 133.568 71.322
-1008.86 126.31 -57.3014 127.689 133.567 71.325
-1008.51 127.247 -57.3118 127.687 133.567 71.323
-1008.16 128.183 -57.3221 127.687 133.567 71.323
-1007.8 129.119 -57.3324 127.689 133.565 71.318
-1007.45 130.056 -57.3427 127.688 133.562 71.317
-1007.1 130.992 -57.353 127.686 133.562 71.316
-1006.74 131.929 -57.3633 127.686 133.561 71.319
-1006.39 132.865 -57.3736 127.686 133.561 71.319
-1006.04 133.801 -57.3839 127.684 133.559 71.313
-1005.68 134.738 -57.3943 127.684 133.558 71.311
-1005.33 135.674 -57.4046 127.684 133.556 71.31
-1004.98 136.61 -57.4149 127.68 133.555 71.31
-1004.62 137.547 -57.4252 127.678 133.554 71.314
-1004.27 138.483 -57.4355 127.678 133.554 71.314
-1003.92 139.419 -57.4458 127.678 133.555 71.318
-1003.57 140.356 -57.4561 127.678 133.553 71.32
-1003.21 141.292 -57.4664 127.683 133.551 71.318
-1002.86 142.228 -57.4768 127.682 133.551 71.317
-1002.51 143.165 -57.4871 127.682 133.551 71.317
-1002.15 144.101 -57.4974 127.678 133.551 71.317
-1001.8 145.037 -57.5077 127.674 133.552 71.319
-1001.45 145.974 -57.518 127.676 133.553 71.321
-1001.09 146.91 -57.5283 127.677 133.552 71.324
-1000.74 147.846 -57.5386 127.678 133.549 71.323
-1000.39 148.783 -57.5489 127.678 133.549 71.323
-1000.03 149.719 -57.5592 127.676 133.549 71.323
-999.68 150.655 -57.5696 127.676 133.548 71.32
-999.327 151.592 -57.5799 127.674 133.546 71.321
-998.974 152.528 -57.5902 127.676 133.545 71.321
-998.621 153.464 -57.6005 127.676 133.544 71.32
-998.268 154.401 -57.6108 127.673 133.542 71.321
-997.914 155.337 -57.6211 127.673 133.542 71.321
-997.561 156.273 -57.6314 127.669 133.541 71.318
-997.208 157.21 -57.6417 127.671 133.54 71.323
-996.855 158.146 -57.6521 127.67 133.538 71.323
-996.502 159.082 -57.6624 127.671 133.537 71.326
-996.149 160.019 -57.6727 127.671 133.537 71.326
-995.795 160.955 -57.683 127.67 133.537 71.329
-995.442 161.891 -57.6933 127.666 133.535 71.328
-995.089 162.828 -57.7036 127.664 133.536 71.337
-994.736 163.764 -57.7139 127.667 133.535 71.335
-994.383 164.701 -57.7242 127.67 133.532 71.33
-994.03 165.637 -57.7346 127.67 133.532 71.33
-993.676 166.573 -57.7449 127.671 133.53 71.327
-993.323 167.51 -57.7552 127.668 133.529 71.329
-992.97 168.446 -57.7655 127.667 133.53 71.333
-992.617 169.382 -57.7758 127.666 133.53 71.336
-992.264 170.319 -57.7861 127.669 133.531 71.339
-991.911 171.255 -57.7964 127.671 133.531 71.341
-991.557 172.191 -57.8067 127.668 133.527 71.338
-991.204 173.128 -57.8171 127.668 133.527 71.338
-990.851 174.064 -57.8274 127.664 133.528 71.342
-990.498 175 -57.8377 127.661 133.528 71.344
-990.145 175.937 -57.848 127.661 133.528 71.344
-989.791 176.873 -57.8583 127.663 133.528 71.35
-989.438 177.809 -57.8686 127.664 133.525 71.352
-989.085 178.746 -57.8789 127.662 133.523 71.35
-988.732 179.682 -57.8892 127.658 133.52 71.343
-988.379 180.618 -57.8995 127.658 133.52 71.343
-988.026 181.555 -57.9099 127.659 133.52 71.347
-987.672 182.491 -57.9202 127.659 133.519 71.347
-987.319 183.427 -57.9305 127.659 133.519 71.347
-986.966 184.364 -57.9408 127.661 133.517 71.348
-986.613 185.3 -57.9511 127.658 133.516 71.348
-986.26 186.236 -57.9614 127.653 133.515 71.346
-985.907 187.173 -57.9717 127.654 133.515 71.348
-985.553 188.109 -57.982 127.654 133.515 71.348
-985.2 189.045 -57.9924 127.655 133.514 71.348
-984.847 189.982 -58.0027 127.658 133.515 71.356
-984.494 190.918 -58.013 127.659 133.515 71.353
-984.141 191.854 -58.0233 127.656 133.511 71.348
-983.788 192.791 -58.0336 127.654 133.51 71.343
-983.434 193.727 -58.0439 127.653 133.512 71.35
-983.081 194.663 -58.0542 127.653 133.512 71.35
-982.728 195.6 -58.0645 127.654 133.512 71.36
-982.375 196.536 -58.0749 127.655 133.512 71.364
-982.022 197.473 -58.0852 127.655 133.509 71.362
-981.668 198.409 -58.0955 127.655 133.509 71.362
-981.315 199.345 -58.1058 127.652 133.509 71.361
-980.962 200.282 -58.1161 127.65 133.507 71.36
-980.609 201.218 -58.1264 127.65 133.505 71.365
-980.256 202.154 -58.1367 127.648 133.506 71.373
-979.903 203.091 -58.147 127.651 133.505 71.371
-979.549 204.027 -58.1573 127.649 133.502 71.366
-979.196 204.963 -58.1677 127.647 133.499 71.357
-978.843 205.9 -58.178 127.644 133.501 71.363
-978.49 206.836 -58.1883 127.644 133.501 71.363
-978.137 207.772 -58.1986 127.643 133.499 71.366
-977.784 208.709 -58.2089 127.646 133.5 71.372
-977.43 209.645 -58.2192 127.646 133.5 71.372
-977.077 210.581 -58.2295 127.648 133.499 71.374
-976.724 211.518 -58.2398 127.644 133.497 71.377
-976.371 212.454 -58.2502 127.646 133.498 71.378
-976.018 213.39 -58.2605 127.645 133.499 71.387
-975.665 214.327 -58.2708 127.649 133.497 71.384
-975.311 215.263 -58.2811 127.649 133.497 71.384
-974.958 216.199 -58.2914 127.651 133.495 71.378
-974.605 217.136 -58.3017 127.648 133.491 71.369
-974.252 218.072 -58.312 127.645 133.492 71.374
-973.899 219.008 -58.3223 127.642 133.492 71.373
-973.546 219.945 -58.3327 127.641 133.491 71.375
-973.192 220.881 -58.343 127.642 133.49 71.373
-972.839 221.817 -58.3533 127.643 133.488 71.374
-972.486 222.754 -58.3636 127.643 133.488 71.374
-972.133 223.69 -58.3739 127.64 133.486 71.375
-971.78 224.626 -58.3842 127.638 133.487 71.383
-971.426 225.563 -58.3945 127.634 133.487 71.385
-971.073 226.499 -58.4048 127.634 133.487 71.385
-970.72 227.435 -58.4152 127.637 133.483 71.374
-970.367 228.372 -58.4255 127.639 133.482 71.381
-970.014 229.308 -58.4358 127.639 133.48 71.383
-969.661 230.245 -58.4461 127.639 133.48 71.383
-969.307 231.181 -58.4564 127.64 133.479 71.388
-968.954 232.117 -58.4667 127.637 133.48 71.387
-968.601 233.054 -58.477 127.639 133.482 71.392
-968.248 233.99 -58.4873 127.638 133.484 71.397
-967.895 234.926 -58.4976 127.634 133.484 71.404
-967.542 235.863 -58.508 127.635 133.481 71.397
-967.188 236.799 -58.5183 127.635 133.481 71.397
-966.835 237.735 -58.5286 127.634 133.477 71.387
-966.482 238.672 -58.5389 127.631 133.478 71.395
-966.129 239.608 -58.5492 127.633 133.48 71.4
-965.776 240.544 -58.5595 127.63 133.479 71.398
-965.423 241.481 -58.5698 127.63 133.477 71.399
-965.069 242.417 -58.5801 127.63 133.474 71.396
-964.716 243.353 -58.5905 127.63 133.474 71.396
-964.363 244.29 -58.6008 127.628 133.471 71.397
-964.01 245.226 -58.6111 127.629 133.472 71.402
-963.657 246.162 -58.6214 127.627 133.469 71.394
-963.303 247.099 -58.6317 127.628 133.467 71.39
-962.95 248.035 -58.642 127.628 133.467 71.39
-961.966 250.197 -58.7735 127.628 133.464 71.397
-961.615 251.134 -58.7828 127.629 133.465 71.401
-961.264 252.071 -58.792 127.628 133.466 71.404
-960.913 253.008 -58.8012 127.628 133.466 71.404
-960.562 253.945 -58.8104 127.626 133.468 71.407
-960.211 254.882 -58.8195 127.622 133.466 71.409
-959.86 255.82 -58.8285 127.625 133.463 71.4
-959.509 256.757 -58.8375 127.626 133.461 71.405
-959.159 257.694 -58.8465 127.626 133.461 71.405
-958.808 258.632 -58.8554 127.625 133.462 71.408
-958.458 259.569 -58.8642 127.625 133.462 71.409
-958.107 260.506 -58.873 127.62 133.459 71.409
-957.757 261.444 -58.8817 127.619 133.459 71.412
-957.407 262.381 -58.8904 127.617 133.457 71.421
-957.057 263.319 -58.899 127.617 133.457 71.421
-956.707 264.256 -58.9076 127.619 133.456 71.423
-956.357 265.194 -58.9161 127.62 133.454 71.415
-956.007 266.132 -58.9246 127.617 133.452 71.415
-955.657 267.069 -58.933 127.617 133.452 71.416
-955.307 268.007 -58.9414 127.617 133.452 71.416
-954.957 268.945 -58.9497 127.617 133.451 71.416
-954.608 269.882 -58.958 127.619 133.452 71.416
-954.258 270.82 -58.9662 127.622 133.451 71.421
-953.909 271.758 -58.9743 127.62 133.451 71.426
-953.56 272.696 -58.9825 127.621 133.449 71.417
-953.21 273.633 -58.9905 127.619 133.447 71.417
-952.861 274.571 -58.9985 127.619 133.447 71.417
-952.512 275.509 -59.0065 127.618 133.447 71.417
-952.163 276.447 -59.0144 127.615 133.447 71.419
-951.814 277.385 -59.0222 127.614 133.447 71.421
-951.466 278.323 -59.03 127.613 133.446 71.424
-951.117 279.261 -59.0378 127.611 133.444 71.428
-950.768 280.199 -59.0455 127.611 133.444 71.428
-950.42 281.137 -59.0531 127.612 133.443 71.431
-950.071 282.075 -59.0607 127.611 133.44 71.426
-949.723 283.014 -59.0682 127.61 133.441 71.431
-949.374 283.952 -59.0757 127.609 133.44 71.434
-949.026 284.89 -59.0832 127.61 133.44 71.438
-948.678 285.828 -59.0905 127.61 133.44 71.438
-948.33 286.766 -59.0979 127.611 133.439 71.435
-947.982 287.705 -59.1051 127.61 133.439 71.441
-947.634 288.643 -59.1124 127.611 133.44 71.441
-947.286 289.581 -59.1195 127.611 133.438 71.434
-946.938 290.52 -59.1267 127.611 133.438 71.434
-946.591 291.458 -59.1337 127.609 133.438 71.437
-946.243 292.397 -59.1408 127.605 133.435 71.43
-945.896 293.335 -59.1477 127.606 133.435 71.438
-945.548 294.274 -59.1546 127.606 133.435 71.438
-945.201 295.212 -59.1615 127.603 133.435 71.443
-944.854 296.151 -59.1683 127.603 133.436 71.445
-944.507 297.09 -59.1751 127.602 133.433 71.435
-944.159 298.028 -59.1818 127.598 133.431 71.435
-943.812 298.967 -59.1884 127.598 133.431 71.441
-943.466 299.906 -59.195 127.597 133.43 71.441
-943.119 300.844 -59.2016 127.601 133.43 71.447
-942.772 301.783 -59.2081 127.601 133.43 71.447
-942.425 302.722 -59.2145 127.602 133.43 71.451
-942.079 303.661 -59.2209 127.6 133.43 71.459
-941.732 304.6 -59.2273 127.604 133.426 71.451
-941.386 305.538 -59.2336 127.602 133.425 71.451
-941.039 306.477 -59.2398 127.602 133.425 71.451
-940.693 307.416 -59.246 127.603 133.423 71.453
-940.347 308.355 -59.2521 127.602 133.422 71.453
-940.001 309.294 -59.2582 127.603 133.421 71.449
-939.655 310.233 -59.2643 127.601 133.419 71.456
-939.309 311.172 -59.2702 127.602 133.414 71.448
-938.963 312.112 -59.2762 127.604 133.408 71.439
-938.617 313.051 -59.282 127.604 133.408 71.439
-938.272 313.99 -59.2879 127.603 133.409 71.447
-937.926 314.929 -59.2936 127.601 133.408 71.443
-937.58 315.868 -59.2994 127.599 133.406 71.441
-937.235 316.808 -59.305 127.595 133.408 71.448
-936.89 317.747 -59.3106 127.595 133.408 71.448
-936.544 318.686 -59.3162 127.598 133.407 71.452
-936.199 319.626 -59.3217 127.602 133.406 71.453
-935.854 320.565 -59.3272 127.602 133.407 71.46
-935.509 321.504 -59.3326 127.603 133.408 71.466
-935.164 322.444 -59.3379 127.598 133.406 71.469
-934.819 323.383 -59.3432 127.598 133.406 71.469
-934.475 324.323 -59.3485 127.598 133.408 71.474
-934.13 325.262 -59.3537 127.594 133.408 71.475
-933.785 326.202 -59.3589 127.594 133.404 71.46
-933.441 327.142 -59.3639 127.594 133.403 71.46
-933.096 328.081 -59.369 127.592 133.401 71.46
-932.752 329.021 -59.374 127.592 133.401 71.46
-932.408 329.961 -59.3789 127.591 133.399 71.457
-932.063 330.9 -59.3838 127.588 133.4 71.463
-931.719 331.84 -59.3887 127.585 133.402 71.473
-931.375 332.78 -59.3934 127.59 133.399 71.46
-931.031 333.72 -59.3982 127.591 133.401 71.464
-930.687 334.66 -59.4029 127.591 133.402 71.468
-930.344 335.599 -59.4075 127.591 133.402 71.468
-930 336.539 -59.4121 127.59 133.4 71.472
-929.656 337.479 -59.4166 127.587 133.4 71.476
-929.313 338.419 -59.4211 127.586 133.401 71.485
-928.969 339.359 -59.4255 127.587 133.398 71.472
-928.626 340.299 -59.4299 127.587 133.398 71.472
-928.283 341.239 -59.4342 127.585 133.399 71.481
-927.94 342.179 -59.4384 127.581 133.396 71.479
