1
-993.112 1124.01 59.2394 123.327 136.386 94.675
-975.797 1119.09 59.2394 145.29 137.012 95.763
-975.524 1120.05 59.245 145.29 137.012 95.763
-975.251 1121.01 59.2507 145.29 137.012 95.763
-974.977 1121.98 59.2564 145.29 137.012 95.763
-974.704 1122.94 59.262 145.29 137.012 95.763
-974.43 1123.9 59.2677 145.29 137.012 95.763
-974.157 1124.86 59.2733 145.29 137.012 95.763
-973.884 1125.82 59.279 145.29 137.012 95.763
-973.61 1126.79 59.2846 145.29 137.012 95.763
-973.337 1127.75 59.2903 145.29 137.012 95.763
-973.063 1128.71 59.296 145.29 137.012 95.763
-972.79 1129.67 59.3016 145.29 137.012 95.763
-972.516 1130.63 59.3073 145.29 137.012 95.763
-972.243 1131.6 59.3129 145.29 137.012 95.763
-971.97 1132.56 59.3186 145.29 137.012 95.763
-971.696 1133.52 59.3242 145.29 137.012 95.763
-971.423 1134.48 59.3299 145.29 137.012 95.763
-971.149 1135.44 59.3356 145.253 137.011 95.751
-970.876 1136.4 59.3412 145.253 137.007 95.751
-970.603 1137.37 59.3469 145.25 137.004 95.742
-970.329 1138.33 59.3525 145.245 137.004 95.732
-970.056 1139.29 59.3582 145.245 137.004 95.732
-969.782 1140.25 59.3638 145.242 137.004 95.721
-969.509 1141.21 59.3695 145.24 137.004 95.718
-969.236 1142.18 59.3752 145.237 137.003 95.713
-968.962 1143.14 59.3808 145.237 137.003 95.713
-968.689 1144.1 59.3865 145.239 137.003 95.713
-968.415 1145.06 59.3921 145.246 137.005 95.726
-968.142 1146.02 59.3978 145.248 137.006 95.73
-967.869 1146.99 59.4034 145.251 137.007 95.733
-967.595 1147.95 59.4091 145.251 137.007 95.733
-967.322 1148.91 59.4148 145.253 137.008 95.738
-967.048 1149.87 59.4204 145.25 137.007 95.739
-966.775 1150.83 59.4261 145.25 137.008 95.741
-966.502 1151.79 59.4317 145.252 137.009 95.746
-966.228 1152.76 59.4374 145.252 137.009 95.746
-965.955 1153.72 59.443 145.253 137.01 95.746
-965.681 1154.68 59.4487 145.252 137.012 95.747
-965.408 1155.64 59.4544 145.251 137.012 95.747
-965.135 1156.6 59.46 145.253 137.011 95.748
-964.861 1157.57 59.4657 145.251 137.01 95.745
-964.588 1158.53 59.4713 145.247 137.011 95.742
-964.314 1159.49 59.477 145.247 137.011 95.742
-964.041 1160.45 59.4826 145.247 137.011 95.742
-963.768 1161.41 59.4883 145.247 137.011 95.742
-963.494 1162.38 59.4939 145.247 137.011 95.742
2
-987.715 1123.56 59.0865 123.327 136.386 94.675
-970.541 1118.17 59.0865 145.291 137.012 95.764
-970.242 1119.12 59.1026 145.291 137.012 95.764
-969.942 1120.08 59.1187 145.291 137.012 95.764
-969.643 1121.03 59.1348 145.291 137.012 95.764
-969.343 1121.99 59.1509 145.291 137.012 95.764
-969.044 1122.94 59.167 145.291 137.012 95.764
-968.744 1123.89 59.1832 145.291 137.012 95.764
-968.445 1124.85 59.1993 145.291 137.012 95.764
-968.145 1125.8 59.2154 145.291 137.012 95.764
-967.846 1126.76 59.2315 145.291 137.012 95.764
-967.546 1127.71 59.2476 145.291 137.012 95.764
-967.247 1128.66 59.2637 145.291 137.012 95.764
-966.947 1129.62 59.2798 145.291 137.012 95.764
-966.648 1130.57 59.296 145.291 137.012 95.764
-966.348 1131.52 59.3121 145.259 137.013 95.754
-966.049 1132.48 59.3282 145.251 137.006 95.753
-965.749 1133.43 59.3443 145.245 137.003 95.742
-965.45 1134.39 59.3604 145.242 137.004 95.732
-965.15 1135.34 59.3765 145.241 137.004 95.725
-964.851 1136.29 59.3927 145.241 137.004 95.725
-964.551 1137.25 59.4088 145.241 137.004 95.72
-964.252 1138.2 59.4249 145.243 137.002 95.72
-963.952 1139.16 59.441 145.247 137.002 95.72
-963.653 1140.11 59.4571 145.249 137.004 95.728
-963.353 1141.06 59.4732 145.25 137.004 95.734
-963.054 1142.02 59.4894 145.252 137.004 95.736
-962.754 1142.97 59.5055 145.252 137.004 95.736
-962.455 1143.93 59.5216 145.25 137.005 95.739
-962.155 1144.88 59.5377 145.248 137.008 95.74
-961.856 1145.83 59.5538 145.25 137.011 95.746
-961.556 1146.79 59.5699 145.256 137.014 95.751
-961.257 1147.74 59.586 145.256 137.013 95.752
-960.957 1148.7 59.6022 145.256 137.013 95.752
-960.657 1149.65 59.6183 145.253 137.013 95.748
-960.358 1150.6 59.6344 145.25 137.014 95.748
-960.058 1151.56 59.6505 145.251 137.014 95.749
-959.759 1152.51 59.6666 145.251 137.014 95.749
-959.459 1153.47 59.6827 145.255 137.013 95.75
-959.16 1154.42 59.6989 145.252 137.012 95.749
-958.86 1155.37 59.715 145.245 137.012 95.742
-958.561 1156.33 59.7311 145.245 137.012 95.742
-958.261 1157.28 59.7472 145.245 137.012 95.742
-957.962 1158.24 59.7633 145.245 137.012 95.742
-957.662 1159.19 59.7794 145.245 137.012 95.742
-957.363 1160.14 59.7956 145.245 137.012 95.742
-957.063 1161.1 59.8117 145.245 137.012 95.742
3
-994.382 1124.72 58.7217 123.327 136.386 94.675
-977.106 1119.66 58.7217 145.295 137.014 95.769
-976.825 1120.62 58.7186 145.295 137.014 95.769
-976.544 1121.58 58.7154 145.295 137.014 95.769
-976.264 1122.54 58.7123 145.295 137.014 95.769
-975.983 1123.5 58.7092 145.295 137.014 95.769
-975.702 1124.46 58.706 145.295 137.014 95.769
-975.421 1125.42 58.7029 145.295 137.014 95.769
-975.14 1126.38 58.6998 145.295 137.014 95.769
-974.86 1127.34 58.6966 145.295 137.014 95.769
-974.579 1128.3 58.6935 145.295 137.014 95.769
-974.298 1129.26 58.6904 145.295 137.014 95.769
-974.017 1130.22 58.6873 145.295 137.014 95.769
-973.736 1131.18 58.6841 145.295 137.014 95.769
-973.456 1132.14 58.681 145.295 137.014 95.769
-973.175 1133.1 58.6779 145.295 137.014 95.769
-972.894 1134.06 58.6747 145.295 137.014 95.769
-972.613 1135.02 58.6716 145.295 137.014 95.769
-972.332 1135.98 58.6685 145.257 137.008 95.752
-972.051 1136.94 58.6653 145.236 137.003 95.739
-971.771 1137.9 58.6622 145.238 137.003 95.734
-971.49 1138.86 58.6591 145.24 137.005 95.729
-971.209 1139.82 58.656 145.24 137.005 95.729
-970.928 1140.78 58.6528 145.242 137.005 95.725
-970.647 1141.74 58.6497 145.245 137.004 95.722
-970.367 1142.7 58.6466 145.248 137.002 95.721
-970.086 1143.66 58.6434 145.248 137.003 95.721
-969.805 1144.62 58.6403 145.249 137.007 95.728
-969.524 1145.58 58.6372 145.25 137.008 95.734
-969.243 1146.54 58.634 145.249 137.009 95.737
-968.963 1147.5 58.6309 145.249 137.009 95.737
-968.682 1148.46 58.6278 145.248 137.009 95.738
-968.401 1149.42 58.6247 145.253 137.012 95.746
-968.12 1150.38 58.6215 145.258 137.013 95.752
-967.839 1151.34 58.6184 145.256 137.013 95.752
-967.559 1152.3 58.6153 145.253 137.013 95.753
-967.278 1153.25 58.6121 145.252 137.012 95.75
-966.997 1154.21 58.609 145.253 137.013 95.751
-966.716 1155.17 58.6059 145.253 137.013 95.751
-966.435 1156.13 58.6028 145.255 137.016 95.754
-966.155 1157.09 58.5996 145.259 137.016 95.759
-965.874 1158.05 58.5965 145.257 137.014 95.755
-965.593 1159.01 58.5934 145.25 137.014 95.75
-965.312 1159.97 58.5902 145.249 137.012 95.748
-965.031 1160.93 58.5871 145.248 137.012 95.746
-964.75 1161.89 58.584 145.248 137.012 95.746
-964.47 1162.85 58.5808 145.248 137.012 95.746
4
-993.159 1125.68 58.6854 123.327 136.386 94.675
-975.895 1120.59 58.6854 145.295 137.014 95.766
-975.612 1121.55 58.6978 145.295 137.014 95.766
-975.329 1122.51 58.7102 145.295 137.014 95.766
-975.046 1123.47 58.7227 145.295 137.014 95.766
-974.763 1124.43 58.7351 145.295 137.014 95.766
-974.48 1125.38 58.7476 145.295 137.014 95.766
-974.197 1126.34 58.76 145.295 137.014 95.766
-973.914 1127.3 58.7724 145.295 137.014 95.766
-973.631 1128.26 58.7849 145.295 137.014 95.766
-973.348 1129.22 58.7973 145.295 137.014 95.766
-973.065 1130.18 58.8097 145.295 137.014 95.766
-972.782 1131.14 58.8222 145.295 137.014 95.766
-972.499 1132.1 58.8346 145.295 137.014 95.766
-972.217 1133.06 58.8471 145.295 137.014 95.766
-971.934 1134.02 58.8595 145.295 137.014 95.766
-971.651 1134.98 58.8719 145.261 137.009 95.751
-971.368 1135.93 58.8844 145.237 137.004 95.738
-971.085 1136.89 58.8968 145.239 137.003 95.734
-970.802 1137.85 58.9092 145.239 137.003 95.734
-970.519 1138.81 58.9217 145.239 137.004 95.729
-970.236 1139.77 58.9341 145.241 137.005 95.725
-969.953 1140.73 58.9466 145.244 137.004 95.723
-969.67 1141.69 58.959 145.247 137.002 95.723
-969.387 1142.65 58.9714 145.247 137.002 95.721
-969.104 1143.61 58.9839 145.249 137.006 95.729
-968.821 1144.57 58.9963 145.251 137.008 95.737
-968.539 1145.53 59.0088 145.251 137.008 95.737
-968.256 1146.48 59.0212 145.251 137.008 95.74
-967.973 1147.44 59.0336 145.25 137.009 95.742
-967.69 1148.4 59.0461 145.254 137.012 95.749
-967.407 1149.36 59.0585 145.258 137.013 95.755
-967.124 1150.32 59.0709 145.257 137.013 95.755
-966.841 1151.28 59.0834 145.256 137.014 95.755
-966.558 1152.24 59.0958 145.256 137.014 95.755
-966.275 1153.2 59.1083 145.252 137.013 95.752
-965.992 1154.16 59.1207 145.252 137.014 95.751
-965.709 1155.12 59.1331 145.255 137.017 95.755
-965.426 1156.07 59.1456 145.26 137.017 95.759
-965.143 1157.03 59.158 145.26 137.017 95.759
-964.861 1157.99 59.1704 145.254 137.015 95.753
-964.578 1158.95 59.1829 145.249 137.015 95.749
-964.295 1159.91 59.1953 145.247 137.013 95.746
-964.012 1160.87 59.2078 145.247 137.013 95.746
-963.729 1161.83 59.2202 145.247 137.013 95.746
-963.446 1162.79 59.2326 145.247 137.013 95.746
-963.163 1163.75 59.2451 145.247 137.013 95.746
