1
-990.504 877.01 38.4562 -152.575 95.841 -3.405
-990.501 877.021 37.4562 -152.575 95.841 -3.405
-990.498 877.032 36.4563 -152.575 95.841 -3.405
-990.496 877.043 35.4564 -152.575 95.841 -3.405
-990.493 877.054 34.4564 -152.575 95.841 -3.405
-990.49 877.065 33.4565 -152.575 95.841 -3.405
-990.487 877.076 32.4566 -152.575 95.841 -3.405
-990.485 877.087 31.4566 -152.575 95.841 -3.405
-990.482 877.098 30.4567 -152.575 95.841 -3.405
-990.479 877.108 29.4568 -152.575 95.841 -3.405
-990.476 877.119 28.4568 -152.575 95.841 -3.405
-990.474 877.13 27.4569 -152.575 95.841 -3.405
-990.471 877.141 26.4569 -152.575 95.841 -3.405
-990.468 877.152 25.457 -152.575 95.841 -3.405
-990.465 877.163 24.4571 -152.575 95.841 -3.405
-990.463 877.174 23.4571 -152.575 95.841 -3.405
-990.46 877.185 22.4572 -152.575 95.841 -3.405
-990.457 877.196 21.4573 -152.575 95.841 -3.405
-990.454 877.207 20.4573 -152.575 95.841 -3.405
-990.452 877.218 19.4574 -152.575 95.841 -3.405
-990.449 877.229 18.4575 -152.575 95.841 -3.405
-990.446 877.24 17.4575 -152.575 95.841 -3.405
-990.443 877.251 16.4576 -152.575 95.841 -3.405
-990.441 877.262 15.4576 -152.575 95.841 -3.405
-990.438 877.273 14.4577 -152.575 95.841 -3.405
-990.435 877.284 13.4578 -152.575 95.841 -3.405
-990.432 877.295 12.4578 -152.617 96.852 -3.51
-990.43 877.306 11.4579 -152.617 96.852 -3.51
-990.427 877.317 10.458 -152.635 97.375 -3.493
-990.424 877.328 9.45803 -152.656 97.802 -3.465
-990.421 877.339 8.4581 -152.656 97.802 -3.465
-990.419 877.35 7.45816 -152.678 98.275 -3.445
-990.416 877.361 6.45822 -152.678 98.275 -3.445
-990.413 877.372 5.45829 -152.7 98.783 -3.426
-990.41 877.382 4.45835 -152.712 99.237 -3.42
-990.408 877.393 3.45842 -152.712 99.237 -3.42
-990.405 877.404 2.45848 -152.724 99.778 -3.412
-990.402 877.415 1.45854 -152.724 99.778 -3.412
-990.399 877.426 0.458607 -152.752 100.392 -3.399
-990.397 877.437 -0.541329 -152.752 100.392 -3.399
-990.394 877.448 -1.54127 -152.782 100.939 -3.393
-990.391 877.459 -2.5412 -152.782 100.939 -3.393
-990.388 877.47 -3.54114 -152.805 101.565 -3.392
-990.386 877.481 -4.54107 -152.805 101.565 -3.392
-990.383 877.492 -5.54101 -152.805 101.565 -3.392
-990.38 877.503 -6.54095 -152.858 102.656 -3.397
-990.377 877.514 -7.54088 -152.858 102.656 -3.397
-990.375 877.525 -8.54082 -152.876 103.283 -3.394
-990.372 877.536 -9.54075 -152.876 103.283 -3.394
-990.369 877.547 -10.5407 -152.897 103.907 -3.398
-990.366 877.558 -11.5406 -152.897 103.907 -3.398
-990.364 877.569 -12.5406 -152.926 104.462 -3.391
-990.361 877.58 -13.5405 -152.926 104.462 -3.391
-990.358 877.591 -14.5404 -152.953 105.095 -3.391
-990.355 877.602 -15.5404 -152.953 105.095 -3.391
-990.353 877.613 -16.5403 -152.969 105.634 -3.401
-990.35 877.624 -17.5402 -152.969 105.634 -3.401
-990.347 877.635 -18.5402 -153.001 106.177 -3.393
-990.344 877.645 -19.5401 -153.001 106.177 -3.393
-990.342 877.656 -20.5401 -153.029 106.807 -3.399
-990.339 877.667 -21.54 -153.05 107.357 -3.406
-990.336 877.678 -22.5399 -153.05 107.357 -3.406
-990.333 877.689 -23.5399 -153.07 107.98 -3.404
-990.331 877.7 -24.5398 -153.07 107.98 -3.404
-990.328 877.711 -25.5397 -153.07 107.98 -3.404
-990.325 877.722 -26.5397 -153.113 108.687 -3.411
-990.322 877.733 -27.5396 -153.113 108.687 -3.411
-990.32 877.744 -28.5395 -153.129 109.23 -3.412
-990.317 877.755 -29.5395 -153.129 109.23 -3.412
-990.314 877.766 -30.5394 -153.158 109.934 -3.413
-990.311 877.777 -31.5394 -153.158 109.934 -3.413
-990.309 877.788 -32.5393 -153.187 110.483 -3.419
-990.306 877.799 -33.5392 -153.187 110.483 -3.419
-990.303 877.81 -34.5392 -153.217 111.036 -3.419
-990.3 877.821 -35.5391 -153.217 111.036 -3.419
-990.298 877.832 -36.539 -153.25 111.889 -3.432
-990.295 877.843 -37.539 -153.25 111.889 -3.432
-990.292 877.854 -38.5389 -153.277 112.51 -3.443
-990.289 877.865 -39.5388 -153.277 112.51 -3.443
-990.287 877.876 -40.5388 -153.315 113.136 -3.451
-990.284 877.887 -41.5387 -153.315 113.136 -3.451
-990.281 877.898 -42.5386 -153.315 113.136 -3.451
-990.278 877.909 -43.5386 -153.354 113.924 -3.449
-990.276 877.919 -44.5385 -153.354 113.924 -3.449
-990.273 877.93 -45.5385 -153.383 114.634 -3.46
-990.27 877.941 -46.5384 -153.383 114.634 -3.46
-990.267 877.952 -47.5383 -153.383 114.634 -3.46
-990.265 877.963 -48.5383 -153.408 115.412 -3.468
-990.262 877.974 -49.5382 -153.408 115.412 -3.468
-990.259 877.985 -50.5381 -153.439 115.957 -3.465
-990.256 877.996 -51.5381 -153.439 115.957 -3.465
-990.254 878.007 -52.538 -153.477 116.588 -3.476
-990.251 878.018 -53.5379 -153.477 116.588 -3.476
-990.248 878.029 -54.5379 -153.512 117.289 -3.489
-990.245 878.04 -55.5378 -153.512 117.289 -3.489
-990.243 878.051 -56.5378 -153.512 117.289 -3.489
-990.24 878.062 -57.5377 -153.575 118.454 -3.499
-990.237 878.073 -58.5376 -153.575 118.454 -3.499
-990.234 878.084 -59.5376 -153.575 118.454 -3.499
-990.232 878.095 -60.5375 -153.608 119.082 -3.526
-990.229 878.106 -61.5374 -153.608 119.082 -3.526
-990.226 878.117 -62.5374 -153.646 119.623 -3.534
-990.223 878.128 -63.5373 -153.646 119.623 -3.534
-990.221 878.139 -64.5372 -153.646 119.623 -3.534
-990.218 878.15 -65.5372 -153.67 120.278 -3.539
-990.215 878.161 -66.5371 -153.67 120.278 -3.539
-990.212 878.172 -67.5371 -153.698 120.803 -3.534
-990.21 878.182 -68.537 -153.698 120.803 -3.534
-990.207 878.193 -69.5369 -153.74 121.426 -3.532
-990.204 878.204 -70.5369 -153.74 121.426 -3.532
-990.201 878.215 -71.5368 -153.777 121.898 -3.557
2
-991.044 875.304 38.1016 -152.576 95.842 -3.407
-991.036 875.31 37.1017 -152.576 95.842 -3.407
-991.029 875.315 36.1017 -152.576 95.842 -3.407
-991.022 875.321 35.1018 -152.576 95.842 -3.407
-991.015 875.326 34.1018 -152.576 95.842 -3.407
-991.007 875.332 33.1018 -152.576 95.842 -3.407
-991 875.337 32.1019 -152.576 95.842 -3.407
-990.993 875.343 31.1019 -152.576 95.842 -3.407
-990.986 875.349 30.102 -152.576 95.842 -3.407
-990.979 875.354 29.102 -152.576 95.842 -3.407
-990.971 875.36 28.102 -152.576 95.842 -3.407
-990.964 875.365 27.1021 -152.576 95.842 -3.407
-990.957 875.371 26.1021 -152.576 95.842 -3.407
-990.95 875.376 25.1022 -152.576 95.842 -3.407
-990.942 875.382 24.1022 -152.576 95.842 -3.407
-990.935 875.387 23.1023 -152.576 95.842 -3.407
-990.928 875.393 22.1023 -152.576 95.842 -3.407
-990.921 875.398 21.1023 -152.576 95.842 -3.407
-990.913 875.404 20.1024 -152.576 95.842 -3.407
-990.906 875.409 19.1024 -152.576 95.842 -3.407
-990.899 875.415 18.1025 -152.576 95.842 -3.407
-990.892 875.42 17.1025 -152.576 95.842 -3.407
-990.884 875.426 16.1025 -152.576 95.842 -3.407
-990.877 875.432 15.1026 -152.576 95.842 -3.407
-990.87 875.437 14.1026 -152.576 95.842 -3.407
-990.863 875.443 13.1027 -152.576 95.842 -3.407
-990.855 875.448 12.1027 -152.619 96.853 -3.505
-990.848 875.454 11.1028 -152.638 97.377 -3.486
-990.841 875.459 10.1028 -152.638 97.377 -3.486
-990.834 875.465 9.10284 -152.638 97.377 -3.486
-990.826 875.47 8.10288 -152.666 98.001 -3.451
-990.819 875.476 7.10292 -152.666 98.001 -3.451
-990.812 875.481 6.10296 -152.688 98.492 -3.434
-990.805 875.487 5.103 -152.704 98.934 -3.422
-990.797 875.492 4.10304 -152.704 98.934 -3.422
-990.79 875.498 3.10309 -152.719 99.471 -3.416
-990.783 875.503 2.10313 -152.719 99.471 -3.416
-990.776 875.509 1.10317 -152.729 99.932 -3.415
-990.768 875.515 0.10321 -152.729 99.932 -3.415
-990.761 875.52 -0.896749 -152.754 100.47 -3.401
-990.754 875.526 -1.89671 -152.787 101.172 -3.387
-990.747 875.531 -2.89667 -152.787 101.172 -3.387
-990.739 875.537 -3.89662 -152.787 101.172 -3.387
-990.732 875.542 -4.89658 -152.82 101.877 -3.389
-990.725 875.548 -5.89654 -152.82 101.877 -3.389
-990.718 875.553 -6.8965 -152.847 102.421 -3.395
-990.71 875.559 -7.89646 -152.869 102.972 -3.396
-990.703 875.564 -8.89642 -152.869 102.972 -3.396
-990.696 875.57 -9.89637 -152.869 102.972 -3.396
-990.689 875.575 -10.8963 -152.893 103.828 -3.402
-990.681 875.581 -11.8963 -152.893 103.828 -3.402
-990.674 875.586 -12.8962 -152.916 104.303 -3.401
-990.667 875.592 -13.8962 -152.916 104.303 -3.401
-990.66 875.598 -14.8962 -152.945 104.936 -3.387
-990.652 875.603 -15.8961 -152.945 104.936 -3.387
-990.645 875.609 -16.8961 -152.966 105.481 -3.395
-990.638 875.614 -17.896 -152.966 105.481 -3.395
-990.631 875.62 -18.896 -153.003 106.177 -3.392
-990.624 875.625 -19.896 -153.023 106.65 -3.399
-990.616 875.631 -20.8959 -153.023 106.65 -3.399
-990.609 875.636 -21.8959 -153.045 107.277 -3.41
-990.602 875.642 -22.8958 -153.045 107.277 -3.41
-990.595 875.647 -23.8958 -153.064 107.823 -3.409
-990.587 875.653 -24.8958 -153.064 107.823 -3.409
-990.58 875.658 -25.8957 -153.094 108.374 -3.401
-990.573 875.664 -26.8957 -153.094 108.374 -3.401
-990.566 875.669 -27.8956 -153.121 108.997 -3.409
-990.558 875.675 -28.8956 -153.121 108.997 -3.409
-990.551 875.681 -29.8955 -153.15 109.7 -3.408
-990.544 875.686 -30.8955 -153.15 109.7 -3.408
-990.537 875.692 -31.8955 -153.172 110.247 -3.424
-990.529 875.697 -32.8954 -153.172 110.247 -3.424
-990.522 875.703 -33.8954 -153.205 110.799 -3.419
-990.515 875.708 -34.8953 -153.205 110.799 -3.419
-990.508 875.714 -35.8953 -153.228 111.421 -3.421
-990.5 875.719 -36.8953 -153.228 111.421 -3.421
-990.493 875.725 -37.8952 -153.259 112.046 -3.433
-990.486 875.73 -38.8952 -153.259 112.046 -3.433
-990.479 875.736 -39.8951 -153.282 112.589 -3.442
-990.471 875.741 -40.8951 -153.282 112.589 -3.442
-990.464 875.747 -41.895 -153.317 113.214 -3.454
-990.457 875.753 -42.895 -153.341 113.685 -3.447
-990.45 875.758 -43.895 -153.341 113.685 -3.447
-990.442 875.764 -44.8949 -153.363 114.162 -3.453
-990.435 875.769 -45.8949 -153.363 114.162 -3.453
-990.428 875.775 -46.8948 -153.384 114.634 -3.456
-990.421 875.78 -47.8948 -153.384 114.634 -3.456
-990.413 875.786 -48.8948 -153.402 115.256 -3.467
-990.406 875.791 -49.8947 -153.402 115.256 -3.467
-990.399 875.797 -50.8947 -153.433 115.879 -3.468
-990.392 875.802 -51.8946 -153.433 115.879 -3.468
-990.384 875.808 -52.8946 -153.472 116.508 -3.471
-990.377 875.813 -53.8945 -153.472 116.508 -3.471
-990.37 875.819 -54.8945 -153.472 116.508 -3.471
-990.363 875.824 -55.8945 -153.514 117.365 -3.491
-990.355 875.83 -56.8944 -153.514 117.365 -3.491
-990.348 875.836 -57.8944 -153.535 117.908 -3.51
-990.341 875.841 -58.8943 -153.535 117.908 -3.51
-990.334 875.847 -59.8943 -153.535 117.908 -3.51
-990.326 875.852 -60.8943 -153.63 119.393 -3.53
-990.319 875.858 -61.8942 -153.63 119.393 -3.53
-990.312 875.863 -62.8942 -153.63 119.393 -3.53
-990.305 875.869 -63.8941 -153.63 119.393 -3.53
-990.298 875.874 -64.8941 -153.658 119.994 -3.541
-990.29 875.88 -65.894 -153.658 119.994 -3.541
-990.283 875.885 -66.894 -153.686 120.548 -3.535
-990.276 875.891 -67.894 -153.686 120.548 -3.535
-990.269 875.896 -68.8939 -153.686 120.548 -3.535
-990.261 875.902 -69.8939 -153.75 121.567 -3.537
-990.254 875.907 -70.8938 -153.75 121.567 -3.537
-990.247 875.913 -71.8938 -153.75 121.567 -3.537
3
-986.587 875.319 39.4072 -152.576 95.841 -3.405
-986.586 875.328 38.4072 -152.576 95.841 -3.405
-986.585 875.337 37.4072 -152.576 95.841 -3.405
-986.584 875.346 36.4073 -152.576 95.841 -3.405
-986.583 875.355 35.4073 -152.576 95.841 -3.405
-986.582 875.364 34.4074 -152.576 95.841 -3.405
-986.581 875.373 33.4074 -152.576 95.841 -3.405
-986.58 875.383 32.4075 -152.576 95.841 -3.405
-986.578 875.392 31.4075 -152.576 95.841 -3.405
-986.577 875.401 30.4075 -152.576 95.841 -3.405
-986.576 875.41 29.4076 -152.576 95.841 -3.405
-986.575 875.419 28.4076 -152.576 95.841 -3.405
-986.574 875.428 27.4077 -152.576 95.841 -3.405
-986.573 875.437 26.4077 -152.576 95.841 -3.405
-986.572 875.446 25.4077 -152.576 95.841 -3.405
-986.571 875.455 24.4078 -152.576 95.841 -3.405
-986.57 875.464 23.4078 -152.576 95.841 -3.405
-986.568 875.473 22.4079 -152.576 95.841 -3.405
-986.567 875.482 21.4079 -152.576 95.841 -3.405
-986.566 875.491 20.4079 -152.576 95.841 -3.405
-986.565 875.5 19.408 -152.576 95.841 -3.405
-986.564 875.509 18.408 -152.576 95.841 -3.405
-986.563 875.518 17.4081 -152.576 95.841 -3.405
-986.562 875.527 16.4081 -152.576 95.841 -3.405
-986.561 875.536 15.4082 -152.576 95.841 -3.405
-986.56 875.545 14.4082 -152.576 95.841 -3.405
-986.558 875.554 13.4082 -152.576 95.841 -3.405
-986.557 875.563 12.4083 -152.622 96.95 -3.502
-986.556 875.572 11.4083 -152.622 96.95 -3.502
-986.555 875.581 10.4084 -152.64 97.436 -3.487
-986.554 875.59 9.40841 -152.659 97.869 -3.462
-986.553 875.6 8.40845 -152.659 97.869 -3.462
-986.552 875.609 7.40849 -152.684 98.419 -3.438
-986.551 875.618 6.40853 -152.684 98.419 -3.438
-986.549 875.627 5.40857 -152.707 99.01 -3.421
-986.548 875.636 4.40861 -152.707 99.01 -3.421
-986.547 875.645 3.40866 -152.723 99.625 -3.413
-986.546 875.654 2.4087 -152.723 99.625 -3.413
-986.545 875.663 1.40874 -152.738 100.162 -3.403
-986.544 875.672 0.40878 -152.738 100.162 -3.403
-986.543 875.681 -0.591179 -152.768 100.706 -3.393
-986.542 875.69 -1.59114 -152.768 100.706 -3.393
-986.541 875.699 -2.5911 -152.797 101.407 -3.388
-986.539 875.708 -3.59105 -152.797 101.407 -3.388
-986.538 875.717 -4.59101 -152.825 101.954 -3.39
-986.537 875.726 -5.59097 -152.825 101.954 -3.39
-986.536 875.735 -6.59093 -152.854 102.578 -3.397
-986.535 875.744 -7.59089 -152.854 102.578 -3.397
-986.534 875.753 -8.59085 -152.875 103.206 -3.395
-986.533 875.762 -9.59081 -152.89 103.748 -3.396
-986.532 875.771 -10.5908 -152.89 103.748 -3.396
-986.53 875.78 -11.5907 -152.913 104.223 -3.399
-986.529 875.789 -12.5907 -152.913 104.223 -3.399
-986.528 875.798 -13.5906 -152.935 104.698 -3.387
-986.527 875.807 -14.5906 -152.954 105.173 -3.394
-986.526 875.817 -15.5906 -152.954 105.173 -3.394
-986.525 875.826 -16.5905 -152.986 105.942 -3.394
-986.524 875.835 -17.5905 -152.986 105.942 -3.394
-986.523 875.844 -18.5904 -153.013 106.416 -3.399
-986.522 875.853 -19.5904 -153.013 106.416 -3.399
-986.52 875.862 -20.5903 -153.034 106.962 -3.4
-986.519 875.871 -21.5903 -153.034 106.962 -3.4
-986.518 875.88 -22.5903 -153.059 107.667 -3.408
-986.517 875.889 -23.5902 -153.059 107.667 -3.408
-986.516 875.898 -24.5902 -153.095 108.374 -3.402
-986.515 875.907 -25.5901 -153.095 108.374 -3.402
-986.514 875.916 -26.5901 -153.121 108.998 -3.411
-986.513 875.925 -27.5901 -153.121 108.998 -3.411
-986.512 875.934 -28.59 -153.145 109.621 -3.406
-986.51 875.943 -29.59 -153.145 109.621 -3.406
-986.509 875.952 -30.5899 -153.171 110.245 -3.418
-986.508 875.961 -31.5899 -153.171 110.245 -3.418
-986.507 875.97 -32.5899 -153.205 110.799 -3.412
-986.506 875.979 -33.5898 -153.205 110.799 -3.412
-986.505 875.988 -34.5898 -153.231 111.499 -3.42
-986.504 875.997 -35.5897 -153.231 111.499 -3.42
-986.503 876.006 -36.5897 -153.256 112.046 -3.433
-986.501 876.015 -37.5896 -153.256 112.046 -3.433
-986.5 876.024 -38.5896 -153.281 112.588 -3.441
-986.499 876.034 -39.5896 -153.281 112.588 -3.441
-986.498 876.043 -40.5895 -153.322 113.294 -3.45
-986.497 876.052 -41.5895 -153.322 113.294 -3.45
-986.496 876.061 -42.5894 -153.351 113.923 -3.448
-986.495 876.07 -43.5894 -153.351 113.923 -3.448
-986.494 876.079 -44.5894 -153.372 114.398 -3.462
-986.493 876.088 -45.5893 -153.372 114.398 -3.462
-986.491 876.097 -46.5893 -153.397 115.021 -3.464
-986.49 876.106 -47.5892 -153.397 115.021 -3.464
-986.489 876.115 -48.5892 -153.425 115.645 -3.471
-986.488 876.124 -49.5891 -153.425 115.645 -3.471
-986.487 876.133 -50.5891 -153.453 116.192 -3.47
-986.486 876.142 -51.5891 -153.453 116.192 -3.47
-986.485 876.151 -52.589 -153.49 116.824 -3.488
-986.484 876.16 -53.589 -153.49 116.824 -3.488
-986.483 876.169 -54.5889 -153.528 117.753 -3.504
-986.481 876.178 -55.5889 -153.528 117.753 -3.504
-986.48 876.187 -56.5889 -153.528 117.753 -3.504
-986.479 876.196 -57.5888 -153.568 118.376 -3.497
-986.478 876.205 -58.5888 -153.568 118.376 -3.497
-986.477 876.214 -59.5887 -153.6 119.004 -3.525
-986.476 876.223 -60.5887 -153.6 119.004 -3.525
-986.475 876.232 -61.5886 -153.641 119.547 -3.533
-986.474 876.241 -62.5886 -153.641 119.547 -3.533
-986.472 876.251 -63.5886 -153.665 120.137 -3.539
-986.471 876.26 -64.5885 -153.665 120.137 -3.539
-986.47 876.269 -65.5885 -153.695 120.677 -3.533
-986.469 876.278 -66.5884 -153.715 121.102 -3.54
-986.468 876.287 -67.5884 -153.715 121.102 -3.54
-986.467 876.296 -68.5884 -153.715 121.102 -3.54
-986.466 876.305 -69.5883 -153.758 121.656 -3.545
-986.465 876.314 -70.5883 -153.758 121.656 -3.545
4
-986.576 873.192 39.0096 -152.576 95.84 -3.406
-986.571 873.198 38.0097 -152.576 95.84 -3.406
-986.567 873.204 37.0097 -152.576 95.84 -3.406
-986.562 873.21 36.0097 -152.576 95.84 -3.406
-986.557 873.216 35.0098 -152.576 95.84 -3.406
-986.553 873.222 34.0098 -152.576 95.84 -3.406
-986.548 873.229 33.0098 -152.576 95.84 -3.406
-986.544 873.235 32.0098 -152.576 95.84 -3.406
-986.539 873.241 31.0099 -152.576 95.84 -3.406
-986.534 873.247 30.0099 -152.576 95.84 -3.406
-986.53 873.253 29.0099 -152.576 95.84 -3.406
-986.525 873.259 28.01 -152.576 95.84 -3.406
-986.52 873.265 27.01 -152.576 95.84 -3.406
-986.516 873.271 26.01 -152.576 95.84 -3.406
-986.511 873.278 25.01 -152.576 95.84 -3.406
-986.507 873.284 24.0101 -152.576 95.84 -3.406
-986.502 873.29 23.0101 -152.576 95.84 -3.406
-986.497 873.296 22.0101 -152.576 95.84 -3.406
-986.493 873.302 21.0102 -152.576 95.84 -3.406
-986.488 873.308 20.0102 -152.576 95.84 -3.406
-986.483 873.314 19.0102 -152.576 95.84 -3.406
-986.479 873.32 18.0103 -152.576 95.84 -3.406
-986.474 873.326 17.0103 -152.576 95.84 -3.406
-986.47 873.333 16.0103 -152.576 95.84 -3.406
-986.465 873.339 15.0103 -152.576 95.84 -3.406
-986.46 873.345 14.0104 -152.576 95.84 -3.406
-986.456 873.351 13.0104 -152.576 95.84 -3.406
-986.451 873.357 12.0104 -152.62 96.853 -3.492
-986.447 873.363 11.0105 -152.62 96.853 -3.492
-986.442 873.369 10.0105 -152.644 97.437 -3.472
-986.437 873.375 9.01052 -152.664 97.897 -3.449
-986.433 873.381 8.01055 -152.664 97.897 -3.449
-986.428 873.388 7.01058 -152.681 98.396 -3.434
-986.423 873.394 6.01061 -152.681 98.396 -3.434
-986.419 873.4 5.01063 -152.7 98.922 -3.418
-986.414 873.406 4.01066 -152.7 98.922 -3.418
-986.41 873.412 3.01069 -152.716 99.395 -3.412
-986.405 873.418 2.01072 -152.734 99.937 -3.413
-986.4 873.424 1.01075 -152.734 99.937 -3.413
-986.396 873.43 0.0107818 -152.775 100.684 -3.398
-986.391 873.436 -0.989189 -152.775 100.684 -3.398
-986.386 873.443 -1.98916 -152.796 101.234 -3.393
-986.382 873.449 -2.98913 -152.796 101.234 -3.393
-986.377 873.455 -3.9891 -152.816 101.717 -3.397
-986.373 873.461 -4.98907 -152.816 101.717 -3.397
-986.368 873.467 -5.98904 -152.841 102.265 -3.399
-986.363 873.473 -6.98901 -152.861 102.813 -3.398
-986.359 873.479 -7.98898 -152.861 102.813 -3.398
-986.354 873.485 -8.98895 -152.877 103.362 -3.394
-986.35 873.491 -9.98892 -152.877 103.362 -3.394
-986.345 873.498 -10.9889 -152.896 103.846 -3.4
-986.34 873.504 -11.9889 -152.896 103.846 -3.4
-986.336 873.51 -12.9888 -152.924 104.398 -3.393
-986.331 873.516 -13.9888 -152.946 104.944 -3.388
-986.326 873.522 -14.9888 -152.946 104.944 -3.388
-986.322 873.528 -15.9887 -152.97 105.554 -3.404
-986.317 873.534 -16.9887 -152.97 105.554 -3.404
-986.313 873.54 -17.9887 -153.012 106.241 -3.405
-986.308 873.547 -18.9887 -153.012 106.241 -3.405
-986.303 873.553 -19.9886 -153.038 106.927 -3.408
-986.299 873.559 -20.9886 -153.038 106.927 -3.408
-986.294 873.565 -21.9886 -153.059 107.549 -3.415
-986.289 873.571 -22.9885 -153.059 107.549 -3.415
-986.285 873.577 -23.9885 -153.088 108.168 -3.406
-986.28 873.583 -24.9885 -153.088 108.168 -3.406
-986.276 873.589 -25.9885 -153.088 108.168 -3.406
-986.271 873.595 -26.9884 -153.114 108.85 -3.412
-986.266 873.602 -27.9884 -153.114 108.85 -3.412
-986.262 873.608 -28.9884 -153.142 109.536 -3.409
-986.257 873.614 -29.9883 -153.142 109.536 -3.409
-986.252 873.62 -30.9883 -153.171 110.086 -3.422
-986.248 873.626 -31.9883 -153.171 110.086 -3.422
-986.243 873.632 -32.9882 -153.205 110.699 -3.418
-986.239 873.638 -33.9882 -153.227 111.246 -3.429
-986.234 873.644 -34.9882 -153.227 111.246 -3.429
-986.229 873.65 -35.9882 -153.264 112.001 -3.444
-986.225 873.657 -36.9881 -153.264 112.001 -3.444
-986.22 873.663 -37.9881 -153.29 112.548 -3.45
-986.216 873.669 -38.9881 -153.29 112.548 -3.45
-986.211 873.675 -39.988 -153.314 113.096 -3.455
-986.206 873.681 -40.988 -153.314 113.096 -3.455
-986.202 873.687 -41.988 -153.341 113.652 -3.452
-986.197 873.693 -42.988 -153.341 113.652 -3.452
-986.192 873.699 -43.9879 -153.361 114.204 -3.462
-986.188 873.705 -44.9879 -153.361 114.204 -3.462
-986.183 873.712 -45.9879 -153.387 114.749 -3.459
-986.179 873.718 -46.9878 -153.387 114.749 -3.459
-986.174 873.724 -47.9878 -153.41 115.293 -3.471
-986.169 873.73 -48.9878 -153.41 115.293 -3.471
-986.165 873.736 -49.9878 -153.452 115.979 -3.472
-986.16 873.742 -50.9877 -153.452 115.979 -3.472
-986.155 873.748 -51.9877 -153.452 115.979 -3.472
-986.151 873.754 -52.9877 -153.512 117.209 -3.499
-986.146 873.76 -53.9876 -153.512 117.209 -3.499
-986.142 873.767 -54.9876 -153.512 117.209 -3.499
-986.137 873.773 -55.9876 -153.539 117.824 -3.513
-986.132 873.779 -56.9875 -153.539 117.824 -3.513
-986.128 873.785 -57.9875 -153.539 117.824 -3.513
-986.123 873.791 -58.9875 -153.539 117.824 -3.513
-986.119 873.797 -59.9875 -153.643 119.678 -3.534
-986.114 873.803 -60.9874 -153.643 119.678 -3.534
-986.109 873.809 -61.9874 -153.643 119.678 -3.534
-986.105 873.816 -62.9874 -153.643 119.678 -3.534
-986.1 873.822 -63.9873 -153.643 119.678 -3.534
-986.095 873.828 -64.9873 -153.666 120.268 -3.538
-986.091 873.834 -65.9873 -153.695 120.761 -3.538
-986.086 873.84 -66.9873 -153.695 120.761 -3.538
-986.082 873.846 -67.9872 -153.723 121.202 -3.546
-986.077 873.852 -68.9872 -153.723 121.202 -3.546
-986.072 873.858 -69.9872 -153.771 121.811 -3.558
-986.068 873.864 -70.9871 -153.771 121.811 -3.558
5
-985.49 875.015 38.7415 -152.576 95.841 -3.41
-985.491 875.019 37.7415 -152.576 95.841 -3.41
-985.491 875.023 36.7415 -152.576 95.841 -3.41
-985.492 875.028 35.7415 -152.576 95.841 -3.41
-985.493 875.032 34.7415 -152.576 95.841 -3.41
-985.493 875.036 33.7415 -152.576 95.841 -3.41
-985.494 875.04 32.7415 -152.576 95.841 -3.41
-985.495 875.044 31.7415 -152.576 95.841 -3.41
-985.496 875.048 30.7416 -152.576 95.841 -3.41
-985.496 875.053 29.7416 -152.576 95.841 -3.41
-985.497 875.057 28.7416 -152.576 95.841 -3.41
-985.498 875.061 27.7416 -152.576 95.841 -3.41
-985.498 875.065 26.7416 -152.576 95.841 -3.41
-985.499 875.069 25.7416 -152.576 95.841 -3.41
-985.5 875.074 24.7416 -152.576 95.841 -3.41
-985.501 875.078 23.7416 -152.576 95.841 -3.41
-985.501 875.082 22.7416 -152.576 95.841 -3.41
-985.502 875.086 21.7416 -152.576 95.841 -3.41
-985.503 875.09 20.7416 -152.576 95.841 -3.41
-985.504 875.094 19.7417 -152.576 95.841 -3.41
-985.504 875.099 18.7417 -152.576 95.841 -3.41
-985.505 875.103 17.7417 -152.576 95.841 -3.41
-985.506 875.107 16.7417 -152.576 95.841 -3.41
-985.506 875.111 15.7417 -152.576 95.841 -3.41
-985.507 875.115 14.7417 -152.576 95.841 -3.41
-985.508 875.12 13.7417 -152.576 95.841 -3.41
-985.509 875.124 12.7417 -152.618 96.76 -3.484
-985.509 875.128 11.7417 -152.618 96.76 -3.484
-985.51 875.132 10.7417 -152.642 97.269 -3.467
-985.511 875.136 9.74175 -152.664 97.712 -3.44
-985.511 875.14 8.74175 -152.664 97.712 -3.44
-985.512 875.145 7.74176 -152.679 98.201 -3.43
-985.513 875.149 6.74177 -152.679 98.201 -3.43
-985.514 875.153 5.74178 -152.696 98.655 -3.422
-985.514 875.157 4.74179 -152.707 99.185 -3.423
-985.515 875.161 3.7418 -152.707 99.185 -3.423
-985.516 875.165 2.74181 -152.722 99.665 -3.415
-985.517 875.17 1.74182 -152.722 99.665 -3.415
-985.517 875.174 0.741827 -152.768 100.476 -3.4
-985.518 875.178 -0.258164 -152.768 100.476 -3.4
-985.519 875.182 -1.25816 -152.794 100.958 -3.39
-985.519 875.186 -2.25815 -152.794 100.958 -3.39
-985.52 875.191 -3.25814 -152.81 101.51 -3.383
-985.521 875.195 -4.25813 -152.838 102.125 -3.389
-985.522 875.199 -5.25812 -152.838 102.125 -3.389
-985.522 875.203 -6.25811 -152.859 102.673 -3.396
-985.523 875.207 -7.2581 -152.859 102.673 -3.396
-985.524 875.211 -8.25809 -152.871 103.227 -3.403
-985.524 875.216 -9.25808 -152.871 103.227 -3.403
-985.525 875.22 -10.2581 -152.896 103.845 -3.407
-985.526 875.224 -11.2581 -152.896 103.845 -3.407
-985.527 875.228 -12.2581 -152.927 104.397 -3.396
-985.527 875.232 -13.258 -152.927 104.397 -3.396
-985.528 875.237 -14.258 -152.95 105.012 -3.382
-985.529 875.241 -15.258 -152.976 105.619 -3.395
-985.53 875.245 -16.258 -152.976 105.619 -3.395
-985.53 875.249 -17.258 -153.012 106.171 -3.402
-985.531 875.253 -18.258 -153.012 106.171 -3.402
-985.532 875.257 -19.258 -153.029 106.722 -3.412
-985.532 875.262 -20.258 -153.029 106.722 -3.412
-985.533 875.266 -21.258 -153.05 107.274 -3.423
-985.534 875.27 -22.258 -153.05 107.274 -3.423
-985.535 875.274 -23.258 -153.07 107.825 -3.41
-985.535 875.278 -24.2579 -153.07 107.825 -3.41
-985.536 875.283 -25.2579 -153.102 108.442 -3.392
-985.537 875.287 -26.2579 -153.122 108.985 -3.403
-985.537 875.291 -27.2579 -153.122 108.985 -3.403
-985.538 875.295 -28.2579 -153.141 109.536 -3.411
-985.539 875.299 -29.2579 -153.141 109.536 -3.411
-985.54 875.303 -30.2579 -153.177 110.219 -3.43
-985.54 875.308 -31.2579 -153.177 110.219 -3.43
-985.541 875.312 -32.2579 -153.21 110.765 -3.419
-985.542 875.316 -33.2579 -153.21 110.765 -3.419
-985.543 875.32 -34.2579 -153.233 111.314 -3.418
-985.543 875.324 -35.2578 -153.264 111.931 -3.44
-985.544 875.329 -36.2578 -153.264 111.931 -3.44
-985.545 875.333 -37.2578 -153.279 112.412 -3.458
-985.545 875.337 -38.2578 -153.279 112.412 -3.458
-985.546 875.341 -39.2578 -153.309 113.026 -3.465
-985.547 875.345 -40.2578 -153.309 113.026 -3.465
-985.548 875.349 -41.2578 -153.342 113.583 -3.45
-985.548 875.354 -42.2578 -153.342 113.583 -3.45
-985.549 875.358 -43.2578 -153.358 114.068 -3.449
-985.55 875.362 -44.2578 -153.358 114.068 -3.449
-985.55 875.366 -45.2578 -153.387 114.68 -3.458
-985.551 875.37 -46.2578 -153.387 114.68 -3.458
-985.552 875.374 -47.2577 -153.404 115.293 -3.478
-985.553 875.379 -48.2577 -153.404 115.293 -3.478
-985.553 875.383 -49.2577 -153.444 115.842 -3.477
-985.554 875.387 -50.2577 -153.444 115.842 -3.477
-985.555 875.391 -51.2577 -153.482 116.462 -3.47
-985.556 875.395 -52.2577 -153.482 116.462 -3.47
-985.556 875.4 -53.2577 -153.507 117.008 -3.498
-985.557 875.404 -54.2577 -153.525 117.617 -3.521
-985.558 875.408 -55.2577 -153.525 117.617 -3.521
-985.558 875.412 -56.2577 -153.533 117.748 -3.472
-985.559 875.416 -57.2577 -153.592 118.585 -3.503
-985.56 875.42 -58.2576 -153.592 118.585 -3.503
-985.561 875.425 -59.2576 -153.592 118.585 -3.503
-985.561 875.429 -60.2576 -153.622 119.204 -3.533
-985.562 875.433 -61.2576 -153.622 119.204 -3.533
-985.563 875.437 -62.2576 -153.65 119.745 -3.55
-985.563 875.441 -63.2576 -153.668 120.269 -3.543
-985.564 875.446 -64.2576 -153.668 120.269 -3.543
-985.565 875.45 -65.2576 -153.705 120.819 -3.534
-985.566 875.454 -66.2576 -153.705 120.819 -3.534
-985.566 875.458 -67.2576 -153.726 121.255 -3.549
-985.567 875.462 -68.2576 -153.726 121.255 -3.549
-985.568 875.466 -69.2575 -153.769 121.777 -3.569
-985.569 875.471 -70.2575 -153.769 121.777 -3.569
-985.569 875.475 -71.2575 -153.769 121.777 -3.569
6
-984.355 876.883 38.195 -152.576 95.84 -3.409
-984.364 876.89 37.1951 -152.576 95.84 -3.409
-984.373 876.896 36.1951 -152.576 95.84 -3.409
-984.383 876.902 35.1952 -152.576 95.84 -3.409
-984.392 876.909 34.1952 -152.576 95.84 -3.409
-984.401 876.915 33.1953 -152.576 95.84 -3.409
-984.41 876.921 32.1954 -152.576 95.84 -3.409
-984.419 876.927 31.1954 -152.576 95.84 -3.409
-984.428 876.934 30.1955 -152.576 95.84 -3.409
-984.437 876.94 29.1956 -152.576 95.84 -3.409
-984.446 876.946 28.1956 -152.576 95.84 -3.409
-984.455 876.953 27.1957 -152.576 95.84 -3.409
-984.464 876.959 26.1957 -152.576 95.84 -3.409
-984.474 876.965 25.1958 -152.576 95.84 -3.409
-984.483 876.971 24.1959 -152.576 95.84 -3.409
-984.492 876.978 23.1959 -152.576 95.84 -3.409
-984.501 876.984 22.196 -152.576 95.84 -3.409
-984.51 876.99 21.196 -152.576 95.84 -3.409
-984.519 876.997 20.1961 -152.576 95.84 -3.409
-984.528 877.003 19.1962 -152.576 95.84 -3.409
-984.537 877.009 18.1962 -152.576 95.84 -3.409
-984.546 877.015 17.1963 -152.576 95.84 -3.409
-984.555 877.022 16.1963 -152.576 95.84 -3.409
-984.564 877.028 15.1964 -152.576 95.84 -3.409
-984.574 877.034 14.1965 -152.576 95.84 -3.409
-984.583 877.04 13.1965 -152.622 96.804 -3.48
-984.592 877.047 12.1966 -152.622 96.804 -3.48
-984.601 877.053 11.1967 -152.647 97.377 -3.463
-984.61 877.059 10.1967 -152.647 97.377 -3.463
-984.619 877.066 9.19678 -152.664 97.772 -3.438
-984.628 877.072 8.19684 -152.681 98.331 -3.429
-984.637 877.078 7.1969 -152.681 98.331 -3.429
-984.646 877.084 6.19696 -152.698 98.787 -3.422
-984.655 877.091 5.19702 -152.698 98.787 -3.422
-984.665 877.097 4.19708 -152.717 99.461 -3.419
-984.674 877.103 3.19714 -152.717 99.461 -3.419
-984.683 877.11 2.1972 -152.737 100.069 -3.412
-984.692 877.116 1.19726 -152.737 100.069 -3.412
-984.701 877.122 0.197325 -152.775 100.615 -3.399
-984.71 877.128 -0.802614 -152.775 100.615 -3.399
-984.719 877.135 -1.80255 -152.799 101.232 -3.381
-984.728 877.141 -2.80249 -152.799 101.232 -3.381
-984.737 877.147 -3.80243 -152.826 101.855 -3.384
-984.746 877.154 -4.80237 -152.826 101.855 -3.384
-984.755 877.16 -5.80231 -152.851 102.466 -3.396
-984.765 877.166 -6.80225 -152.866 102.951 -3.401
-984.774 877.172 -7.80219 -152.866 102.951 -3.401
-984.783 877.179 -8.80212 -152.877 103.498 -3.401
-984.792 877.185 -9.80206 -152.877 103.498 -3.401
-984.801 877.191 -10.802 -152.91 104.054 -3.406
-984.81 877.198 -11.8019 -152.935 104.601 -3.385
-984.819 877.204 -12.8019 -152.935 104.601 -3.385
-984.828 877.21 -13.8018 -152.959 105.218 -3.385
-984.837 877.216 -14.8018 -152.959 105.218 -3.385
-984.846 877.223 -15.8017 -152.994 105.893 -3.393
-984.856 877.229 -16.8016 -152.994 105.893 -3.393
-984.865 877.235 -17.8016 -153.024 106.586 -3.414
-984.874 877.242 -18.8015 -153.024 106.586 -3.414
-984.883 877.248 -19.8015 -153.042 107.135 -3.423
-984.892 877.254 -20.8014 -153.042 107.135 -3.423
-984.901 877.26 -21.8013 -153.062 107.617 -3.419
-984.91 877.267 -22.8013 -153.062 107.617 -3.419
-984.919 877.273 -23.8012 -153.088 108.169 -3.398
-984.928 877.279 -24.8011 -153.113 108.646 -3.399
-984.937 877.285 -25.8011 -153.113 108.646 -3.399
-984.946 877.292 -26.801 -153.13 109.258 -3.409
-984.956 877.298 -27.801 -153.13 109.258 -3.409
-984.965 877.304 -28.8009 -153.152 109.746 -3.421
-984.974 877.311 -29.8008 -153.152 109.746 -3.421
-984.983 877.317 -30.8008 -153.183 110.356 -3.434
-984.992 877.323 -31.8007 -153.183 110.356 -3.434
-985.001 877.329 -32.8007 -153.221 111.042 -3.42
-985.01 877.336 -33.8006 -153.247 111.588 -3.42
-985.019 877.342 -34.8005 -153.247 111.588 -3.42
-985.028 877.348 -35.8005 -153.272 112.138 -3.451
-985.037 877.355 -36.8004 -153.272 112.138 -3.451
-985.047 877.361 -37.8004 -153.293 112.753 -3.458
-985.056 877.367 -38.8003 -153.293 112.753 -3.458
-985.065 877.373 -39.8002 -153.319 113.235 -3.465
-985.074 877.38 -40.8002 -153.319 113.235 -3.465
-985.083 877.386 -41.8001 -153.35 113.86 -3.44
-985.092 877.392 -42.8 -153.35 113.86 -3.44
-985.101 877.399 -43.8 -153.379 114.478 -3.456
-985.11 877.405 -44.7999 -153.379 114.478 -3.456
-985.119 877.411 -45.7999 -153.394 115.02 -3.472
-985.128 877.417 -46.7998 -153.394 115.02 -3.472
-985.137 877.424 -47.7997 -153.424 115.568 -3.48
-985.147 877.43 -48.7997 -153.424 115.568 -3.48
-985.156 877.436 -49.7996 -153.469 116.252 -3.466
-985.165 877.443 -50.7996 -153.469 116.252 -3.466
-985.174 877.449 -51.7995 -153.469 116.252 -3.466
-985.183 877.455 -52.7994 -153.522 117.479 -3.514
-985.192 877.461 -53.7994 -153.522 117.479 -3.514
-985.201 877.468 -54.7993 -153.522 117.479 -3.514
-985.21 877.474 -55.7993 -153.587 118.517 -3.495
-985.219 877.48 -56.7992 -153.587 118.517 -3.495
-985.228 877.486 -57.7991 -153.587 118.517 -3.495
-985.238 877.493 -58.7991 -153.604 118.999 -3.519
-985.247 877.499 -59.799 -153.604 118.999 -3.519
-985.256 877.505 -60.7989 -153.642 119.612 -3.547
-985.265 877.512 -61.7989 -153.642 119.612 -3.547
-985.274 877.518 -62.7988 -153.667 120.269 -3.541
-985.283 877.524 -63.7988 -153.667 120.269 -3.541
-985.292 877.53 -64.7987 -153.7 120.702 -3.53
-985.301 877.537 -65.7986 -153.722 121.203 -3.548
-985.31 877.543 -66.7986 -153.722 121.203 -3.548
-985.319 877.549 -67.7985 -153.722 121.203 -3.548
-985.328 877.556 -68.7985 -153.771 121.811 -3.57
-985.338 877.562 -69.7984 -153.771 121.811 -3.57
-985.347 877.568 -70.7983 -153.771 121.811 -3.57
-985.356 877.574 -71.7983 -153.771 121.811 -3.57
7
-985.899 875.888 37.8647 -152.576 95.84 -3.409
-985.9 875.894 36.8647 -152.576 95.84 -3.409
-985.902 875.9 35.8647 -152.576 95.84 -3.409
-985.903 875.905 34.8647 -152.576 95.84 -3.409
-985.905 875.911 33.8647 -152.576 95.84 -3.409
-985.907 875.917 32.8648 -152.576 95.84 -3.409
-985.908 875.922 31.8648 -152.576 95.84 -3.409
-985.91 875.928 30.8648 -152.576 95.84 -3.409
-985.912 875.934 29.8648 -152.576 95.84 -3.409
-985.913 875.939 28.8648 -152.576 95.84 -3.409
-985.915 875.945 27.8648 -152.576 95.84 -3.409
-985.916 875.951 26.8649 -152.576 95.84 -3.409
-985.918 875.956 25.8649 -152.576 95.84 -3.409
-985.92 875.962 24.8649 -152.576 95.84 -3.409
-985.921 875.968 23.8649 -152.576 95.84 -3.409
-985.923 875.973 22.8649 -152.576 95.84 -3.409
-985.924 875.979 21.865 -152.576 95.84 -3.409
-985.926 875.985 20.865 -152.576 95.84 -3.409
-985.928 875.99 19.865 -152.576 95.84 -3.409
-985.929 875.996 18.865 -152.576 95.84 -3.409
-985.931 876.001 17.865 -152.576 95.84 -3.409
-985.932 876.007 16.865 -152.576 95.84 -3.409
-985.934 876.013 15.8651 -152.576 95.84 -3.409
-985.936 876.018 14.8651 -152.576 95.84 -3.409
-985.937 876.024 13.8651 -152.576 95.84 -3.409
-985.939 876.03 12.8651 -152.622 96.804 -3.48
-985.941 876.035 11.8651 -152.622 96.804 -3.48
-985.942 876.041 10.8651 -152.655 97.488 -3.455
-985.944 876.047 9.86516 -152.655 97.488 -3.455
-985.945 876.052 8.86518 -152.669 98.015 -3.435
-985.947 876.058 7.8652 -152.669 98.015 -3.435
-985.949 876.064 6.86521 -152.684 98.397 -3.429
-985.95 876.069 5.86523 -152.684 98.397 -3.429
-985.952 876.075 4.86525 -152.703 98.984 -3.424
-985.953 876.081 3.86527 -152.717 99.462 -3.42
-985.955 876.086 2.86528 -152.717 99.462 -3.42
-985.957 876.092 1.8653 -152.735 100.07 -3.414
-985.958 876.098 0.865317 -152.735 100.07 -3.414
-985.96 876.103 -0.134665 -152.779 100.685 -3.396
-985.961 876.109 -1.13465 -152.779 100.685 -3.396
-985.963 876.115 -2.13463 -152.799 101.233 -3.38
-985.965 876.12 -3.13461 -152.799 101.233 -3.38
-985.966 876.126 -4.1346 -152.822 101.787 -3.383
-985.968 876.132 -5.13458 -152.85 102.465 -3.397
-985.969 876.137 -6.13456 -152.85 102.465 -3.397
-985.971 876.143 -7.13454 -152.867 103.02 -3.404
-985.973 876.149 -8.13453 -152.867 103.02 -3.404
-985.974 876.154 -9.13451 -152.88 103.567 -3.403
-985.976 876.16 -10.1345 -152.88 103.567 -3.403
-985.978 876.166 -11.1345 -152.909 104.053 -3.408
-985.979 876.171 -12.1345 -152.934 104.6 -3.385
-985.981 876.177 -13.1344 -152.934 104.6 -3.385
-985.982 876.183 -14.1344 -152.956 105.151 -3.385
-985.984 876.188 -15.1344 -152.956 105.151 -3.385
-985.986 876.194 -16.1344 -152.984 105.755 -3.393
-985.987 876.2 -17.1344 -152.984 105.755 -3.393
-985.989 876.205 -18.1344 -153.017 106.312 -3.408
-985.99 876.211 -19.1343 -153.033 106.927 -3.418
-985.992 876.217 -20.1343 -153.033 106.927 -3.418
-985.994 876.222 -21.1343 -153.054 107.411 -3.426
-985.995 876.228 -22.1343 -153.054 107.411 -3.426
-985.997 876.233 -23.1343 -153.076 107.962 -3.403
-985.998 876.239 -24.1343 -153.076 107.962 -3.403
-986 876.245 -25.1342 -153.107 108.51 -3.393
-986.002 876.25 -26.1342 -153.107 108.51 -3.393
-986.003 876.256 -27.1342 -153.123 109.053 -3.406
-986.005 876.262 -28.1342 -153.146 109.606 -3.415
-986.006 876.267 -29.1342 -153.146 109.606 -3.415
-986.008 876.273 -30.1341 -153.173 110.153 -3.435
-986.01 876.279 -31.1341 -153.173 110.153 -3.435
-986.011 876.284 -32.1341 -153.214 110.835 -3.418
-986.013 876.29 -33.1341 -153.214 110.835 -3.418
-986.015 876.296 -34.1341 -153.236 111.383 -3.418
-986.016 876.301 -35.1341 -153.236 111.383 -3.418
-986.018 876.307 -36.134 -153.268 112 -3.443
-986.019 876.313 -37.134 -153.268 112 -3.443
-986.021 876.318 -38.134 -153.282 112.481 -3.458
-986.023 876.324 -39.134 -153.312 113.095 -3.465
-986.024 876.33 -40.134 -153.312 113.095 -3.465
-986.026 876.335 -41.134 -153.343 113.652 -3.444
-986.027 876.341 -42.1339 -153.343 113.652 -3.444
-986.029 876.347 -43.1339 -153.364 114.204 -3.449
-986.031 876.352 -44.1339 -153.364 114.204 -3.449
-986.032 876.358 -45.1339 -153.39 114.815 -3.465
-986.034 876.364 -46.1339 -153.39 114.815 -3.465
-986.035 876.369 -47.1339 -153.414 115.431 -3.482
-986.037 876.375 -48.1338 -153.414 115.431 -3.482
-986.039 876.381 -49.1338 -153.462 116.115 -3.469
-986.04 876.386 -50.1338 -153.462 116.115 -3.469
-986.042 876.392 -51.1338 -153.487 116.601 -3.475
-986.043 876.398 -52.1338 -153.487 116.601 -3.475
-986.045 876.403 -53.1337 -153.514 117.209 -3.506
-986.047 876.409 -54.1337 -153.514 117.209 -3.506
-986.048 876.415 -55.1337 -153.541 117.894 -3.521
-986.05 876.42 -56.1337 -153.541 117.894 -3.521
-986.052 876.426 -57.1337 -153.589 118.517 -3.496
-986.053 876.432 -58.1337 -153.589 118.517 -3.496
-986.055 876.437 -59.1336 -153.603 118.999 -3.518
-986.056 876.443 -60.1336 -153.603 118.999 -3.518
-986.058 876.449 -61.1336 -153.603 118.999 -3.518
-986.06 876.454 -62.1336 -153.649 119.811 -3.547
-986.061 876.46 -63.1336 -153.649 119.811 -3.547
-986.063 876.466 -64.1336 -153.666 120.268 -3.539
-986.064 876.471 -65.1335 -153.7 120.702 -3.526
-986.066 876.477 -66.1335 -153.7 120.702 -3.526
-986.068 876.482 -67.1335 -153.718 121.151 -3.542
-986.069 876.488 -68.1335 -153.718 121.151 -3.542
-986.071 876.494 -69.1335 -153.759 121.699 -3.566
-986.072 876.499 -70.1335 -153.759 121.699 -3.566
-986.074 876.505 -71.1334 -153.759 121.699 -3.566
-986.076 876.511 -72.1334 -153.759 121.699 -3.566
8
-991.145 878.075 38.9921 -152.574 95.841 -3.407
-991.149 878.083 37.9922 -152.574 95.841 -3.407
-991.153 878.092 36.9922 -152.574 95.841 -3.407
-991.156 878.1 35.9922 -152.574 95.841 -3.407
-991.16 878.108 34.9923 -152.574 95.841 -3.407
-991.164 878.117 33.9923 -152.574 95.841 -3.407
-991.167 878.125 32.9924 -152.574 95.841 -3.407
-991.171 878.134 31.9924 -152.574 95.841 -3.407
-991.175 878.142 30.9924 -152.574 95.841 -3.407
-991.178 878.151 29.9925 -152.574 95.841 -3.407
-991.182 878.159 28.9925 -152.574 95.841 -3.407
-991.186 878.167 27.9926 -152.574 95.841 -3.407
-991.189 878.176 26.9926 -152.574 95.841 -3.407
-991.193 878.184 25.9927 -152.574 95.841 -3.407
-991.196 878.193 24.9927 -152.574 95.841 -3.407
-991.2 878.201 23.9927 -152.574 95.841 -3.407
-991.204 878.21 22.9928 -152.574 95.841 -3.407
-991.207 878.218 21.9928 -152.574 95.841 -3.407
-991.211 878.226 20.9929 -152.574 95.841 -3.407
-991.215 878.235 19.9929 -152.574 95.841 -3.407
-991.218 878.243 18.993 -152.574 95.841 -3.407
-991.222 878.252 17.993 -152.574 95.841 -3.407
-991.226 878.26 16.993 -152.574 95.841 -3.407
-991.229 878.269 15.9931 -152.574 95.841 -3.407
-991.233 878.277 14.9931 -152.574 95.841 -3.407
-991.237 878.285 13.9932 -152.574 95.841 -3.407
-991.24 878.294 12.9932 -152.627 96.853 -3.481
-991.244 878.302 11.9932 -152.627 96.853 -3.481
-991.248 878.311 10.9933 -152.643 97.318 -3.47
-991.251 878.319 9.99333 -152.66 97.739 -3.448
-991.255 878.328 8.99337 -152.66 97.739 -3.448
-991.258 878.336 7.99342 -152.674 98.137 -3.437
-991.262 878.345 6.99346 -152.674 98.137 -3.437
-991.266 878.353 5.9935 -152.701 98.711 -3.419
-991.269 878.361 4.99354 -152.701 98.711 -3.419
-991.273 878.37 3.99358 -152.714 99.238 -3.416
-991.277 878.378 2.99363 -152.714 99.238 -3.416
-991.28 878.387 1.99367 -152.726 99.779 -3.411
-991.284 878.395 0.993711 -152.726 99.779 -3.411
-991.288 878.404 -0.00624677 -152.751 100.391 -3.395
-991.291 878.412 -1.0062 -152.751 100.391 -3.395
-991.295 878.42 -2.00616 -152.785 101.017 -3.383
-991.299 878.429 -3.00612 -152.785 101.017 -3.383
-991.302 878.437 -4.00608 -152.815 101.722 -3.379
-991.306 878.446 -5.00604 -152.815 101.722 -3.379
-991.309 878.454 -6.00599 -152.847 102.342 -3.387
-991.313 878.463 -7.00595 -152.847 102.342 -3.387
-991.317 878.471 -8.00591 -152.872 103.051 -3.394
-991.32 878.479 -9.00587 -152.872 103.051 -3.394
-991.324 878.488 -10.0058 -152.883 103.591 -3.399
-991.328 878.496 -11.0058 -152.883 103.591 -3.399
-991.331 878.505 -12.0057 -152.909 104.143 -3.406
-991.335 878.513 -13.0057 -152.909 104.143 -3.406
-991.339 878.522 -14.0057 -152.94 104.778 -3.382
-991.342 878.53 -15.0056 -152.94 104.778 -3.382
-991.346 878.538 -16.0056 -152.963 105.329 -3.39
-991.35 878.547 -17.0055 -152.963 105.329 -3.39
-991.353 878.555 -18.0055 -152.993 106.02 -3.391
-991.357 878.564 -19.0054 -153.016 106.495 -3.404
-991.36 878.572 -20.0054 -153.016 106.495 -3.404
-991.364 878.581 -21.0054 -153.041 107.198 -3.41
-991.368 878.589 -22.0053 -153.041 107.198 -3.41
-991.371 878.597 -23.0053 -153.063 107.823 -3.407
-991.375 878.606 -24.0052 -153.063 107.823 -3.407
-991.379 878.614 -25.0052 -153.095 108.373 -3.396
-991.382 878.623 -26.0051 -153.095 108.373 -3.396
-991.386 878.631 -27.0051 -153.12 108.843 -3.404
-991.39 878.64 -28.0051 -153.12 108.843 -3.404
-991.393 878.648 -29.005 -153.142 109.621 -3.412
-991.397 878.657 -30.005 -153.142 109.621 -3.412
-991.401 878.665 -31.0049 -153.171 110.246 -3.426
-991.404 878.673 -32.0049 -153.171 110.246 -3.426
-991.408 878.682 -33.0049 -153.171 110.246 -3.426
-991.411 878.69 -34.0048 -153.213 110.879 -3.414
-991.415 878.699 -35.0048 -153.213 110.879 -3.414
-991.419 878.707 -36.0047 -153.235 111.5 -3.415
-991.422 878.716 -37.0047 -153.235 111.5 -3.415
-991.426 878.724 -38.0046 -153.235 111.5 -3.415
-991.43 878.732 -39.0046 -153.293 112.822 -3.447
-991.433 878.741 -40.0046 -153.293 112.822 -3.447
-991.437 878.749 -41.0045 -153.293 112.822 -3.447
-991.441 878.758 -42.0045 -153.335 113.528 -3.449
-991.444 878.766 -43.0044 -153.335 113.528 -3.449
-991.448 878.775 -44.0044 -153.335 113.528 -3.449
-991.452 878.783 -45.0043 -153.389 114.791 -3.463
-991.455 878.791 -46.0043 -153.389 114.791 -3.463
-991.459 878.8 -47.0043 -153.389 114.791 -3.463
-991.462 878.808 -48.0042 -153.389 114.791 -3.463
-991.466 878.817 -49.0042 -153.404 115.334 -3.472
-991.47 878.825 -50.0041 -153.404 115.334 -3.472
-991.473 878.834 -51.0041 -153.436 115.879 -3.467
-991.477 878.842 -52.0041 -153.436 115.879 -3.467
-991.481 878.85 -53.004 -153.473 116.507 -3.463
-991.484 878.859 -54.004 -153.473 116.507 -3.463
-991.488 878.867 -55.0039 -153.507 117.21 -3.491
-991.492 878.876 -56.0039 -153.507 117.21 -3.491
-991.495 878.884 -57.0038 -153.526 117.751 -3.5
-991.499 878.893 -58.0038 -153.526 117.751 -3.5
-991.503 878.901 -59.0038 -153.574 118.454 -3.492
-991.506 878.909 -60.0037 -153.574 118.454 -3.492
-991.51 878.918 -61.0037 -153.6 119.002 -3.514
-991.514 878.926 -62.0036 -153.6 119.002 -3.514
-991.517 878.935 -63.0036 -153.638 119.546 -3.535
-991.521 878.943 -64.0035 -153.638 119.546 -3.535
-991.524 878.952 -65.0035 -153.656 120.067 -3.539
-991.528 878.96 -66.0035 -153.656 120.067 -3.539
-991.532 878.968 -67.0034 -153.684 120.549 -3.527
-991.535 878.977 -68.0034 -153.706 120.987 -3.527
-991.539 878.985 -69.0033 -153.706 120.987 -3.527
-991.543 878.994 -70.0033 -153.751 121.613 -3.54
-991.546 879.002 -71.0033 -153.751 121.613 -3.54
9
-986.877 875.963 38.6159 -152.575 95.841 -3.406
-986.877 875.98 37.6161 -152.575 95.841 -3.406
-986.878 875.996 36.6162 -152.575 95.841 -3.406
-986.879 876.013 35.6163 -152.575 95.841 -3.406
-986.88 876.03 34.6165 -152.575 95.841 -3.406
-986.88 876.046 33.6166 -152.575 95.841 -3.406
-986.881 876.063 32.6168 -152.575 95.841 -3.406
-986.882 876.079 31.6169 -152.575 95.841 -3.406
-986.883 876.096 30.617 -152.575 95.841 -3.406
-986.883 876.113 29.6172 -152.575 95.841 -3.406
-986.884 876.129 28.6173 -152.575 95.841 -3.406
-986.885 876.146 27.6174 -152.575 95.841 -3.406
-986.886 876.162 26.6176 -152.575 95.841 -3.406
-986.886 876.179 25.6177 -152.575 95.841 -3.406
-986.887 876.196 24.6179 -152.575 95.841 -3.406
-986.888 876.212 23.618 -152.575 95.841 -3.406
-986.888 876.229 22.6181 -152.575 95.841 -3.406
-986.889 876.245 21.6183 -152.575 95.841 -3.406
-986.89 876.262 20.6184 -152.575 95.841 -3.406
-986.891 876.279 19.6185 -152.575 95.841 -3.406
-986.891 876.295 18.6187 -152.575 95.841 -3.406
-986.892 876.312 17.6188 -152.575 95.841 -3.406
-986.893 876.328 16.619 -152.575 95.841 -3.406
-986.894 876.345 15.6191 -152.575 95.841 -3.406
-986.894 876.361 14.6192 -152.575 95.841 -3.406
-986.895 876.378 13.6194 -152.575 95.841 -3.406
-986.896 876.395 12.6195 -152.624 96.855 -3.485
-986.897 876.411 11.6197 -152.624 96.855 -3.485
-986.897 876.428 10.6198 -152.642 97.378 -3.472
-986.898 876.444 9.61993 -152.661 97.804 -3.449
-986.899 876.461 8.62007 -152.661 97.804 -3.449
-986.9 876.478 7.62021 -152.68 98.277 -3.435
-986.9 876.494 6.62034 -152.68 98.277 -3.435
-986.901 876.511 5.62048 -152.701 98.784 -3.42
-986.902 876.527 4.62062 -152.714 99.238 -3.419
-986.902 876.544 3.62076 -152.714 99.238 -3.419
-986.903 876.561 2.62089 -152.724 99.702 -3.413
-986.904 876.577 1.62103 -152.724 99.702 -3.413
-986.905 876.594 0.621171 -152.752 100.392 -3.396
-986.905 876.61 -0.378691 -152.752 100.392 -3.396
-986.906 876.627 -1.37855 -152.787 101.094 -3.382
-986.907 876.644 -2.37842 -152.787 101.094 -3.382
-986.908 876.66 -3.37828 -152.819 101.8 -3.382
-986.908 876.677 -4.37814 -152.819 101.8 -3.382
-986.909 876.693 -5.378 -152.852 102.5 -3.395
-986.91 876.71 -6.37786 -152.852 102.5 -3.395
-986.911 876.727 -7.37773 -152.852 102.5 -3.395
-986.911 876.743 -8.37759 -152.874 103.206 -3.398
-986.912 876.76 -9.37745 -152.874 103.206 -3.398
-986.913 876.776 -10.3773 -152.893 103.828 -3.401
-986.913 876.793 -11.3772 -152.893 103.828 -3.401
-986.914 876.81 -12.377 -152.923 104.46 -3.392
-986.915 876.826 -13.3769 -152.946 104.937 -3.382
-986.916 876.843 -14.3768 -152.946 104.937 -3.382
-986.916 876.859 -15.3766 -152.971 105.559 -3.391
-986.917 876.876 -16.3765 -152.971 105.559 -3.391
-986.918 876.892 -17.3763 -153.003 106.178 -3.393
-986.919 876.909 -18.3762 -153.003 106.178 -3.393
-986.919 876.926 -19.3761 -153.023 106.65 -3.404
-986.92 876.942 -20.3759 -153.043 107.199 -3.409
-986.921 876.959 -21.3758 -153.043 107.199 -3.409
-986.922 876.975 -22.3757 -153.062 107.745 -3.409
-986.922 876.992 -23.3755 -153.062 107.745 -3.409
-986.923 877.009 -24.3754 -153.089 108.294 -3.398
-986.924 877.025 -25.3752 -153.089 108.294 -3.398
-986.924 877.042 -26.3751 -153.12 108.92 -3.406
-986.925 877.058 -27.375 -153.12 108.92 -3.406
-986.926 877.075 -28.3748 -153.12 108.92 -3.406
-986.927 877.092 -29.3747 -153.167 110.169 -3.427
-986.927 877.108 -30.3746 -153.167 110.169 -3.427
-986.928 877.125 -31.3744 -153.167 110.169 -3.427
-986.929 877.141 -32.3743 -153.206 110.799 -3.416
-986.93 877.158 -33.3741 -153.206 110.799 -3.416
-986.93 877.175 -34.374 -153.232 111.422 -3.417
-986.931 877.191 -35.3739 -153.232 111.422 -3.417
-986.932 877.208 -36.3737 -153.259 112.046 -3.436
-986.933 877.224 -37.3736 -153.259 112.046 -3.436
-986.933 877.241 -38.3734 -153.285 112.666 -3.447
-986.934 877.258 -39.3733 -153.285 112.666 -3.447
-986.935 877.274 -40.3732 -153.316 113.213 -3.455
-986.935 877.291 -41.373 -153.346 113.765 -3.441
-986.936 877.307 -42.3729 -153.346 113.765 -3.441
-986.937 877.324 -43.3728 -153.368 114.242 -3.452
-986.938 877.341 -44.3726 -153.368 114.242 -3.452
-986.938 877.357 -45.3725 -153.391 114.867 -3.464
-986.939 877.374 -46.3723 -153.391 114.867 -3.464
-986.94 877.39 -47.3722 -153.413 115.491 -3.475
-986.941 877.407 -48.3721 -153.413 115.491 -3.475
-986.941 877.423 -49.3719 -153.45 116.113 -3.463
-986.942 877.44 -50.3718 -153.45 116.113 -3.463
-986.943 877.457 -51.3717 -153.45 116.113 -3.463
-986.944 877.473 -52.3715 -153.494 116.9 -3.485
-986.944 877.49 -53.3714 -153.494 116.9 -3.485
-986.945 877.506 -54.3712 -153.515 117.443 -3.501
-986.946 877.523 -55.3711 -153.515 117.443 -3.501
-986.947 877.54 -56.371 -153.54 117.985 -3.512
-986.947 877.556 -57.3708 -153.54 117.985 -3.512
-986.948 877.573 -58.3707 -153.613 119.16 -3.525
-986.949 877.589 -59.3706 -153.613 119.16 -3.525
-986.949 877.606 -60.3704 -153.613 119.16 -3.525
-986.95 877.623 -61.3703 -153.646 119.699 -3.541
-986.951 877.639 -62.3701 -153.646 119.699 -3.541
-986.952 877.656 -63.37 -153.646 119.699 -3.541
-986.952 877.672 -64.3699 -153.7 120.74 -3.522
-986.953 877.689 -65.3697 -153.7 120.74 -3.522
-986.954 877.706 -66.3696 -153.7 120.74 -3.522
-986.955 877.722 -67.3694 -153.722 121.215 -3.538
-986.955 877.739 -68.3693 -153.722 121.215 -3.538
-986.956 877.755 -69.3692 -153.722 121.215 -3.538
-986.957 877.772 -70.369 -153.722 121.215 -3.538
-986.958 877.789 -71.3689 -153.722 121.215 -3.538
10
-984.698 872.595 37.6128 -152.576 95.841 -3.406
-984.703 872.604 36.6129 -152.576 95.841 -3.406
-984.708 872.613 35.6129 -152.576 95.841 -3.406
-984.713 872.622 34.613 -152.576 95.841 -3.406
-984.718 872.631 33.613 -152.576 95.841 -3.406
-984.723 872.64 32.6131 -152.576 95.841 -3.406
-984.728 872.648 31.6131 -152.576 95.841 -3.406
-984.733 872.657 30.6132 -152.576 95.841 -3.406
-984.737 872.666 29.6132 -152.576 95.841 -3.406
-984.742 872.675 28.6133 -152.576 95.841 -3.406
-984.747 872.684 27.6134 -152.576 95.841 -3.406
-984.752 872.693 26.6134 -152.576 95.841 -3.406
-984.757 872.702 25.6135 -152.576 95.841 -3.406
-984.762 872.711 24.6135 -152.576 95.841 -3.406
-984.767 872.719 23.6136 -152.576 95.841 -3.406
-984.772 872.728 22.6136 -152.576 95.841 -3.406
-984.777 872.737 21.6137 -152.576 95.841 -3.406
-984.781 872.746 20.6137 -152.576 95.841 -3.406
-984.786 872.755 19.6138 -152.576 95.841 -3.406
-984.791 872.764 18.6138 -152.576 95.841 -3.406
-984.796 872.773 17.6139 -152.576 95.841 -3.406
-984.801 872.781 16.6139 -152.576 95.841 -3.406
-984.806 872.79 15.614 -152.576 95.841 -3.406
-984.811 872.799 14.614 -152.576 95.841 -3.406
-984.816 872.808 13.6141 -152.576 95.841 -3.406
-984.821 872.817 12.6141 -152.625 96.853 -3.481
-984.825 872.826 11.6142 -152.625 96.853 -3.481
-984.83 872.835 10.6142 -152.643 97.375 -3.466
-984.835 872.844 9.61427 -152.643 97.375 -3.466
-984.84 872.852 8.61433 -152.664 97.867 -3.444
-984.845 872.861 7.61438 -152.688 98.419 -3.427
-984.85 872.87 6.61443 -152.688 98.419 -3.427
-984.855 872.879 5.61448 -152.705 98.934 -3.417
-984.86 872.888 4.61453 -152.705 98.934 -3.417
-984.865 872.897 3.61458 -152.719 99.469 -3.412
-984.869 872.906 2.61463 -152.719 99.469 -3.412
-984.874 872.915 1.61468 -152.733 100.009 -3.406
-984.879 872.923 0.614736 -152.733 100.009 -3.406
-984.884 872.932 -0.385212 -152.765 100.626 -3.391
-984.889 872.941 -1.38516 -152.765 100.626 -3.391
-984.894 872.95 -2.38511 -152.797 101.327 -3.378
-984.899 872.959 -3.38506 -152.797 101.327 -3.378
-984.904 872.968 -4.38501 -152.833 102.033 -3.382
-984.909 872.977 -5.38496 -152.833 102.033 -3.382
-984.913 872.986 -6.3849 -152.833 102.033 -3.382
-984.918 872.994 -7.38485 -152.875 103.206 -3.396
-984.923 873.003 -8.3848 -152.875 103.206 -3.396
-984.928 873.012 -9.38475 -152.875 103.206 -3.396
-984.933 873.021 -10.3847 -152.875 103.206 -3.396
-984.938 873.03 -11.3846 -152.916 104.303 -3.4
-984.943 873.039 -12.3846 -152.916 104.303 -3.4
-984.948 873.048 -13.3845 -152.943 104.857 -3.381
-984.953 873.057 -14.3845 -152.943 104.857 -3.381
-984.957 873.065 -15.3844 -152.943 104.857 -3.381
-984.962 873.074 -16.3844 -152.943 104.857 -3.381
-984.967 873.083 -17.3843 -153.015 106.494 -3.404
-984.972 873.092 -18.3843 -153.015 106.494 -3.404
-984.977 873.101 -19.3842 -153.015 106.494 -3.404
-984.982 873.11 -20.3842 -153.038 107.119 -3.407
-984.987 873.119 -21.3841 -153.038 107.119 -3.407
-984.992 873.128 -22.3841 -153.038 107.119 -3.407
-984.997 873.136 -23.384 -153.084 108.214 -3.398
-985.001 873.145 -24.384 -153.084 108.214 -3.398
-985.006 873.154 -25.3839 -153.084 108.214 -3.398
-985.011 873.163 -26.3839 -153.084 108.214 -3.398
-985.016 873.172 -27.3838 -153.137 109.386 -3.409
-985.021 873.181 -28.3838 -153.137 109.386 -3.409
-985.026 873.19 -29.3837 -153.137 109.386 -3.409
-985.031 873.198 -30.3837 -153.137 109.386 -3.409
-985.036 873.207 -31.3836 -153.221 111.114 -3.414
-985.041 873.216 -32.3836 -153.221 111.114 -3.414
-985.045 873.225 -33.3835 -153.221 111.114 -3.414
-985.05 873.234 -34.3835 -153.221 111.114 -3.414
-985.055 873.243 -35.3834 -153.245 111.733 -3.421
-985.06 873.252 -36.3834 -153.245 111.733 -3.421
-985.065 873.261 -37.3833 -153.271 112.354 -3.446
-985.07 873.269 -38.3833 -153.271 112.354 -3.446
-985.075 873.278 -39.3832 -153.3 112.899 -3.45
-985.08 873.287 -40.3832 -153.3 112.899 -3.45
-985.085 873.296 -41.3831 -153.3 112.899 -3.45
-985.089 873.305 -42.3831 -153.3 112.899 -3.45
-985.094 873.314 -43.383 -153.3 112.899 -3.45
-985.099 873.323 -44.383 -153.3 112.899 -3.45
-985.104 873.332 -45.3829 -153.435 115.881 -3.468
-985.109 873.34 -46.3829 -153.435 115.881 -3.468
-985.114 873.349 -47.3828 -153.435 115.881 -3.468
-985.119 873.358 -48.3827 -153.435 115.881 -3.468
-985.124 873.367 -49.3827 -153.435 115.881 -3.468
-985.129 873.376 -50.3826 -153.435 115.881 -3.468
-985.133 873.385 -51.3826 -153.435 115.881 -3.468
-985.138 873.394 -52.3825 -153.501 117.057 -3.488
-985.143 873.403 -53.3825 -153.501 117.057 -3.488
-985.148 873.411 -54.3824 -153.501 117.057 -3.488
-985.153 873.42 -55.3824 -153.501 117.057 -3.488
-985.158 873.429 -56.3823 -153.562 118.296 -3.496
-985.163 873.438 -57.3823 -153.562 118.296 -3.496
-985.168 873.447 -58.3822 -153.562 118.296 -3.496
-985.173 873.456 -59.3822 -153.562 118.296 -3.496
-985.177 873.465 -60.3821 -153.562 118.296 -3.496
-985.182 873.474 -61.3821 -153.562 118.296 -3.496
-985.187 873.482 -62.382 -153.562 118.296 -3.496
-985.192 873.491 -63.382 -153.562 118.296 -3.496
-985.197 873.5 -64.3819 -153.759 121.7 -3.552
-985.202 873.509 -65.3819 -153.759 121.7 -3.552
-985.207 873.518 -66.3818 -153.759 121.7 -3.552
-985.212 873.527 -67.3818 -153.759 121.7 -3.552
-985.217 873.536 -68.3817 -153.759 121.7 -3.552
-985.221 873.545 -69.3817 -153.759 121.7 -3.552
-985.226 873.553 -70.3816 -153.759 121.7 -3.552
-985.231 873.562 -71.3816 -153.759 121.7 -3.552
-985.236 873.571 -72.3815 -153.759 121.7 -3.552
11
-981.565 870.265 36.9089 -152.578 95.84 -3.408
-981.569 870.276 35.909 -152.578 95.84 -3.408
-981.573 870.287 34.909 -152.578 95.84 -3.408
-981.577 870.299 33.9091 -152.578 95.84 -3.408
-981.581 870.31 32.9092 -152.578 95.84 -3.408
-981.585 870.321 31.9093 -152.578 95.84 -3.408
-981.588 870.332 30.9093 -152.578 95.84 -3.408
-981.592 870.344 29.9094 -152.578 95.84 -3.408
-981.596 870.355 28.9095 -152.578 95.84 -3.408
-981.6 870.366 27.9095 -152.578 95.84 -3.408
-981.604 870.378 26.9096 -152.578 95.84 -3.408
-981.608 870.389 25.9097 -152.578 95.84 -3.408
-981.612 870.4 24.9098 -152.578 95.84 -3.408
-981.616 870.411 23.9098 -152.578 95.84 -3.408
-981.62 870.423 22.9099 -152.578 95.84 -3.408
-981.623 870.434 21.91 -152.578 95.84 -3.408
-981.627 870.445 20.91 -152.578 95.84 -3.408
-981.631 870.456 19.9101 -152.578 95.84 -3.408
-981.635 870.468 18.9102 -152.578 95.84 -3.408
-981.639 870.479 17.9103 -152.578 95.84 -3.408
-981.643 870.49 16.9103 -152.578 95.84 -3.408
-981.647 870.502 15.9104 -152.578 95.84 -3.408
-981.651 870.513 14.9105 -152.578 95.84 -3.408
-981.655 870.524 13.9105 -152.578 95.84 -3.408
-981.659 870.535 12.9106 -152.62 96.743 -3.466
-981.662 870.547 11.9107 -152.62 96.743 -3.466
-981.666 870.558 10.9108 -152.64 97.244 -3.454
-981.67 870.569 9.91083 -152.64 97.244 -3.454
-981.674 870.581 8.9109 -152.662 97.741 -3.43
-981.678 870.592 7.91097 -152.662 97.741 -3.43
-981.682 870.603 6.91104 -152.681 98.34 -3.418
-981.686 870.614 5.91111 -152.681 98.34 -3.418
-981.69 870.626 4.91118 -152.698 98.793 -3.409
-981.694 870.637 3.91126 -152.713 99.259 -3.41
-981.698 870.648 2.91133 -152.713 99.259 -3.41
-981.701 870.659 1.9114 -152.713 99.259 -3.41
-981.705 870.671 0.911469 -152.769 100.423 -3.401
-981.709 870.682 -0.0884594 -152.769 100.423 -3.401
-981.713 870.693 -1.08839 -152.79 100.897 -3.399
-981.717 870.705 -2.08832 -152.79 100.897 -3.399
-981.721 870.716 -3.08825 -152.79 100.897 -3.399
-981.725 870.727 -4.08817 -152.835 102.076 -3.394
-981.729 870.738 -5.0881 -152.835 102.076 -3.394
-981.733 870.75 -6.08803 -152.835 102.076 -3.394
-981.737 870.761 -7.08796 -152.857 102.72 -3.395
-981.74 870.772 -8.08789 -152.871 103.193 -3.399
-981.744 870.783 -9.08782 -152.871 103.193 -3.399
-981.748 870.795 -10.0877 -152.897 103.78 -3.403
-981.752 870.806 -11.0877 -152.897 103.78 -3.403
-981.756 870.817 -12.0876 -152.931 104.479 -3.394
-981.76 870.829 -13.0875 -152.931 104.479 -3.394
-981.764 870.84 -14.0875 -152.931 104.479 -3.394
-981.768 870.851 -15.0874 -152.981 105.537 -3.405
-981.772 870.862 -16.0873 -152.981 105.537 -3.405
-981.775 870.874 -17.0872 -152.981 105.537 -3.405
-981.779 870.885 -18.0872 -153.029 106.774 -3.413
-981.783 870.896 -19.0871 -153.029 106.774 -3.413
-981.787 870.908 -20.087 -153.029 106.774 -3.413
-981.791 870.919 -21.087 -153.029 106.774 -3.413
-981.795 870.93 -22.0869 -153.072 107.891 -3.405
-981.799 870.941 -23.0868 -153.072 107.891 -3.405
-981.803 870.953 -24.0868 -153.072 107.891 -3.405
-981.807 870.964 -25.0867 -153.107 108.472 -3.401
-981.811 870.975 -26.0866 -153.107 108.472 -3.401
-981.814 870.986 -27.0865 -153.151 109.528 -3.421
-981.818 870.998 -28.0865 -153.151 109.528 -3.421
-981.822 871.009 -29.0864 -153.151 109.528 -3.421
-981.826 871.02 -30.0863 -153.151 109.528 -3.421
-981.83 871.032 -31.0863 -153.215 110.759 -3.428
-981.834 871.043 -32.0862 -153.215 110.759 -3.428
-981.838 871.054 -33.0861 -153.215 110.759 -3.428
-981.842 871.065 -34.086 -153.215 110.759 -3.428
-981.846 871.077 -35.086 -153.215 110.759 -3.428
-981.85 871.088 -36.0859 -153.215 110.759 -3.428
-981.853 871.099 -37.0858 -153.338 113.466 -3.455
-981.857 871.111 -38.0858 -153.338 113.466 -3.455
-981.861 871.122 -39.0857 -153.338 113.466 -3.455
-981.865 871.133 -40.0856 -153.338 113.466 -3.455
-981.869 871.144 -41.0855 -153.338 113.466 -3.455
-981.873 871.156 -42.0855 -153.338 113.466 -3.455
-981.877 871.167 -43.0854 -153.39 114.631 -3.464
-981.881 871.178 -44.0853 -153.39 114.631 -3.464
-981.885 871.189 -45.0853 -153.39 114.631 -3.464
-981.889 871.201 -46.0852 -153.421 115.28 -3.484
-981.892 871.212 -47.0851 -153.421 115.28 -3.484
-981.896 871.223 -48.085 -153.451 115.811 -3.486
-981.9 871.235 -49.085 -153.451 115.811 -3.486
-981.904 871.246 -50.0849 -153.451 115.811 -3.486
-981.908 871.257 -51.0848 -153.451 115.811 -3.486
-981.912 871.268 -52.0848 -153.535 117.625 -3.518
-981.916 871.28 -53.0847 -153.535 117.625 -3.518
-981.92 871.291 -54.0846 -153.535 117.625 -3.518
-981.924 871.302 -55.0845 -153.535 117.625 -3.518
-981.927 871.313 -56.0845 -153.535 117.625 -3.518
-981.931 871.325 -57.0844 -153.535 117.625 -3.518
-981.935 871.336 -58.0843 -153.535 117.625 -3.518
-981.939 871.347 -59.0843 -153.535 117.625 -3.518
-981.943 871.359 -60.0842 -153.535 117.625 -3.518
-981.947 871.37 -61.0841 -153.535 117.625 -3.518
-981.951 871.381 -62.084 -153.775 121.877 -3.575
-981.955 871.392 -63.084 -153.775 121.877 -3.575
-981.959 871.404 -64.0839 -153.775 121.877 -3.575
-981.963 871.415 -65.0838 -153.775 121.877 -3.575
-981.966 871.426 -66.0838 -153.775 121.877 -3.575
-981.97 871.438 -67.0837 -153.775 121.877 -3.575
-981.974 871.449 -68.0836 -153.775 121.877 -3.575
-981.978 871.46 -69.0835 -153.775 121.877 -3.575
-981.982 871.471 -70.0835 -153.775 121.877 -3.575
-981.986 871.483 -71.0834 -153.775 121.877 -3.575
-981.99 871.494 -72.0833 -153.775 121.877 -3.575
-981.994 871.505 -73.0833 -153.775 121.877 -3.575
12
-987.572 877.276 37.7539 -152.575 95.841 -3.405
-987.57 877.29 36.754 -152.575 95.841 -3.405
-987.568 877.304 35.7541 -152.575 95.841 -3.405
-987.567 877.319 34.7542 -152.575 95.841 -3.405
-987.565 877.333 33.7543 -152.575 95.841 -3.405
-987.564 877.348 32.7544 -152.575 95.841 -3.405
-987.562 877.362 31.7545 -152.575 95.841 -3.405
-987.561 877.376 30.7546 -152.575 95.841 -3.405
-987.559 877.391 29.7547 -152.575 95.841 -3.405
-987.558 877.405 28.7549 -152.575 95.841 -3.405
-987.556 877.42 27.755 -152.575 95.841 -3.405
-987.555 877.434 26.7551 -152.575 95.841 -3.405
-987.553 877.449 25.7552 -152.575 95.841 -3.405
-987.552 877.463 24.7553 -152.575 95.841 -3.405
-987.55 877.477 23.7554 -152.575 95.841 -3.405
-987.549 877.492 22.7555 -152.575 95.841 -3.405
-987.547 877.506 21.7556 -152.575 95.841 -3.405
-987.546 877.521 20.7557 -152.575 95.841 -3.405
-987.544 877.535 19.7558 -152.575 95.841 -3.405
-987.542 877.549 18.7559 -152.575 95.841 -3.405
-987.541 877.564 17.756 -152.575 95.841 -3.405
-987.539 877.578 16.7561 -152.575 95.841 -3.405
-987.538 877.593 15.7562 -152.575 95.841 -3.405
-987.536 877.607 14.7563 -152.575 95.841 -3.405
-987.535 877.622 13.7564 -152.575 95.841 -3.405
-987.533 877.636 12.7565 -152.625 96.9 -3.491
-987.532 877.65 11.7566 -152.625 96.9 -3.491
-987.53 877.665 10.7567 -152.641 97.377 -3.479
-987.529 877.679 9.75685 -152.659 97.803 -3.455
-987.527 877.694 8.75695 -152.659 97.803 -3.455
-987.526 877.708 7.75706 -152.679 98.276 -3.437
-987.524 877.722 6.75716 -152.679 98.276 -3.437
-987.523 877.737 5.75727 -152.699 98.71 -3.418
-987.521 877.751 4.75737 -152.712 99.161 -3.412
-987.52 877.766 3.75748 -152.712 99.161 -3.412
-987.518 877.78 2.75758 -152.729 99.779 -3.405
-987.517 877.795 1.75769 -152.729 99.779 -3.405
-987.515 877.809 0.757795 -152.748 100.315 -3.395
-987.513 877.823 -0.2421 -152.748 100.315 -3.395
-987.512 877.838 -1.24199 -152.782 101.015 -3.387
-987.51 877.852 -2.24189 -152.782 101.015 -3.387
-987.509 877.867 -3.24178 -152.804 101.564 -3.388
-987.507 877.881 -4.24168 -152.834 102.11 -3.392
-987.506 877.895 -5.24157 -152.834 102.11 -3.392
-987.504 877.91 -6.24147 -152.86 102.657 -3.396
-987.503 877.924 -7.24136 -152.86 102.657 -3.396
-987.501 877.939 -8.24126 -152.877 103.205 -3.392
-987.5 877.953 -9.24115 -152.877 103.205 -3.392
-987.498 877.968 -10.241 -152.892 103.75 -3.394
-987.497 877.982 -11.2409 -152.92 104.382 -3.393
-987.495 877.996 -12.2408 -152.92 104.382 -3.393
-987.494 878.011 -13.2407 -152.942 104.857 -3.386
-987.492 878.025 -14.2406 -152.942 104.857 -3.386
-987.491 878.04 -15.2405 -152.965 105.481 -3.397
-987.489 878.054 -16.2404 -152.965 105.481 -3.397
-987.487 878.068 -17.2403 -153.001 106.178 -3.394
-987.486 878.083 -18.2402 -153.001 106.178 -3.394
-987.484 878.097 -19.2401 -153.027 106.727 -3.398
-987.483 878.112 -20.24 -153.027 106.727 -3.398
-987.481 878.126 -21.2399 -153.051 107.356 -3.406
-987.48 878.141 -22.2398 -153.051 107.356 -3.406
-987.478 878.155 -23.2397 -153.072 107.981 -3.404
-987.477 878.169 -24.2396 -153.072 107.981 -3.404
-987.475 878.184 -25.2395 -153.107 108.608 -3.408
-987.474 878.198 -26.2394 -153.107 108.608 -3.408
-987.472 878.213 -27.2393 -153.126 109.152 -3.411
-987.471 878.227 -28.2392 -153.126 109.152 -3.411
-987.469 878.242 -29.2391 -153.154 109.778 -3.408
-987.468 878.256 -30.2389 -153.154 109.778 -3.408
-987.466 878.27 -31.2388 -153.154 109.778 -3.408
-987.465 878.285 -32.2387 -153.218 111.113 -3.422
-987.463 878.299 -33.2386 -153.218 111.113 -3.422
-987.461 878.314 -34.2385 -153.218 111.113 -3.422
-987.46 878.328 -35.2384 -153.245 111.735 -3.424
-987.458 878.342 -36.2383 -153.245 111.735 -3.424
-987.457 878.357 -37.2382 -153.245 111.735 -3.424
-987.455 878.371 -38.2381 -153.245 111.735 -3.424
-987.454 878.386 -39.238 -153.332 113.529 -3.451
-987.452 878.4 -40.2379 -153.332 113.529 -3.451
-987.451 878.415 -41.2378 -153.332 113.529 -3.451
-987.449 878.429 -42.2377 -153.332 113.529 -3.451
-987.448 878.443 -43.2376 -153.332 113.529 -3.451
-987.446 878.458 -44.2375 -153.332 113.529 -3.451
-987.445 878.472 -45.2374 -153.401 115.178 -3.464
-987.443 878.487 -46.2373 -153.401 115.178 -3.464
-987.442 878.501 -47.2372 -153.401 115.178 -3.464
-987.44 878.515 -48.2371 -153.401 115.178 -3.464
-987.439 878.53 -49.2369 -153.401 115.178 -3.464
-987.437 878.544 -50.2368 -153.401 115.178 -3.464
-987.436 878.559 -51.2367 -153.401 115.178 -3.464
-987.434 878.573 -52.2366 -153.401 115.178 -3.464
-987.432 878.588 -53.2365 -153.401 115.178 -3.464
-987.431 878.602 -54.2364 -153.401 115.178 -3.464
-987.429 878.616 -55.2363 -153.401 115.178 -3.464
-987.428 878.631 -56.2362 -153.401 115.178 -3.464
-987.426 878.645 -57.2361 -153.401 115.178 -3.464
-987.425 878.66 -58.236 -153.717 121.159 -3.538
-987.423 878.674 -59.2359 -153.717 121.159 -3.538
-987.422 878.688 -60.2358 -153.717 121.159 -3.538
-987.42 878.703 -61.2357 -153.717 121.159 -3.538
-987.419 878.717 -62.2356 -153.717 121.159 -3.538
-987.417 878.732 -63.2355 -153.717 121.159 -3.538
-987.416 878.746 -64.2354 -153.717 121.159 -3.538
-987.414 878.761 -65.2353 -153.717 121.159 -3.538
-987.413 878.775 -66.2352 -153.717 121.159 -3.538
-987.411 878.789 -67.2351 -153.717 121.159 -3.538
-987.41 878.804 -68.235 -153.717 121.159 -3.538
-987.408 878.818 -69.2348 -153.764 121.742 -3.546
-987.406 878.833 -70.2347 -153.764 121.742 -3.546
-987.405 878.847 -71.2346 -153.764 121.742 -3.546
-987.403 878.861 -72.2345 -153.764 121.742 -3.546
