1
-963.367 382.403 420.977 -116.202 111.49 -100.49
-964.288 381.984 420.982 -116.202 111.49 -100.49
-965.21 381.568 420.987 -116.357 111.494 -100.498
-966.133 381.155 420.991 -116.357 111.494 -100.498
-967.057 380.746 420.996 -116.508 111.491 -100.492
-967.982 380.341 421.001 -116.637 111.488 -100.484
-968.908 379.939 421.005 -116.787 111.482 -100.469
-969.835 379.541 421.01 -116.787 111.482 -100.469
-970.762 379.146 421.015 -116.914 111.476 -100.451
-971.691 378.754 421.019 -117.072 111.471 -100.431
-972.62 378.366 421.024 -117.211 111.468 -100.412
-973.551 377.982 421.029 -117.211 111.468 -100.412
-974.482 377.6 421.034 -117.364 111.465 -100.387
-975.414 377.223 421.038 -117.501 111.459 -100.367
-976.347 376.849 421.043 -117.501 111.459 -100.367
-977.281 376.478 421.048 -117.665 111.454 -100.345
-978.216 376.111 421.053 -117.81 111.449 -100.324
-979.151 375.747 421.057 -117.81 111.449 -100.324
-980.088 375.387 421.062 -117.992 111.444 -100.301
-981.025 375.031 421.067 -118.152 111.44 -100.28
-981.964 374.677 421.072 -118.152 111.44 -100.28
-982.903 374.328 421.076 -118.294 111.433 -100.261
-983.843 373.981 421.081 -118.477 111.429 -100.245
-984.784 373.639 421.086 -118.477 111.429 -100.245
-985.726 373.299 421.091 -118.621 111.425 -100.232
-986.669 372.964 421.096 -118.759 111.425 -100.212
-987.613 372.631 421.101 -118.759 111.425 -100.212
-988.558 372.302 421.106 -118.918 111.423 -100.194
-989.503 371.977 421.11 -119.083 111.418 -100.179
-990.45 371.655 421.115 -119.083 111.418 -100.179
-991.397 371.337 421.12 -119.227 111.412 -100.162
-992.346 371.022 421.125 -119.373 111.405 -100.144
-993.295 370.71 421.13 -119.373 111.405 -100.144
-994.245 370.402 421.135 -119.513 111.4 -100.125
-995.196 370.098 421.14 -119.649 111.397 -100.102
-996.148 369.797 421.145 -119.791 111.396 -100.087
-997.101 369.499 421.15 -119.954 111.395 -100.07
-998.055 369.205 421.155 -119.954 111.395 -100.07
-999.009 368.915 421.16 -120.096 111.393 -100.054
-999.965 368.628 421.165 -120.237 111.385 -100.04
-1000.92 368.344 421.17 -120.237 111.385 -100.04
-1001.88 368.064 421.175 -120.396 111.381 -100.022
-1002.84 367.788 421.18 -120.598 111.376 -100
-1003.8 367.514 421.185 -120.598 111.376 -100
-1004.76 367.245 421.19 -120.785 111.374 -99.981
-1005.72 366.979 421.195 -120.785 111.374 -99.981
-1006.68 366.716 421.2 -120.928 111.366 -99.964
-1007.64 366.457 421.205 -121.069 111.361 -99.95
-1008.6 366.201 421.21 -121.069 111.361 -99.95
-1009.57 365.949 421.215 -121.203 111.358 -99.928
-1010.53 365.7 421.22 -121.344 111.356 -99.911
-1011.5 365.455 421.225 -121.513 111.354 -99.897
-1012.47 365.213 421.23 -121.513 111.354 -99.897
-1013.44 364.974 421.235 -121.681 111.35 -99.882
-1014.41 364.74 421.241 -121.681 111.35 -99.882
-1015.38 364.508 421.246 -121.864 111.339 -99.868
-1016.35 364.28 421.251 -122.02 111.335 -99.85
-1017.32 364.056 421.256 -122.02 111.335 -99.85
-1018.29 363.835 421.261 -122.18 111.335 -99.829
-1019.26 363.618 421.266 -122.323 111.334 -99.812
-1020.24 363.404 421.272 -122.47 111.331 -99.795
-1021.21 363.193 421.277 -122.47 111.331 -99.795
-1022.19 362.986 421.282 -122.693 111.316 -99.762
-1023.17 362.783 421.287 -122.693 111.316 -99.762
-1024.15 362.583 421.292 -122.851 111.308 -99.74
-1025.12 362.386 421.298 -123.01 111.306 -99.72
-1026.1 362.193 421.303 -123.01 111.306 -99.72
-1027.09 362.003 421.308 -123.176 111.307 -99.705
-1028.07 361.817 421.313 -123.176 111.307 -99.705
-1029.05 361.635 421.319 -123.341 111.305 -99.686
-1030.03 361.455 421.324 -123.484 111.297 -99.67
-1031.02 361.28 421.329 -123.484 111.297 -99.67
-1032 361.108 421.334 -123.643 111.287 -99.653
-1032.99 360.939 421.34 -123.799 111.284 -99.631
-1033.98 360.774 421.345 -123.959 111.284 -99.61
-1034.96 360.612 421.35 -123.959 111.284 -99.61
-1035.95 360.454 421.356 -124.104 111.282 -99.594
-1036.94 360.299 421.361 -124.271 111.276 -99.579
-1037.93 360.148 421.366 -124.271 111.276 -99.579
-1038.92 360 421.372 -124.411 111.268 -99.561
-1039.92 359.855 421.377 -124.572 111.26 -99.542
-1040.91 359.714 421.382 -124.572 111.26 -99.542
-1041.9 359.577 421.388 -124.714 111.258 -99.527
-1042.9 359.443 421.393 -124.855 111.258 -99.514
-1043.9 359.313 421.399 -124.997 111.256 -99.502
-1044.89 359.186 421.404 -124.997 111.256 -99.502
-1045.89 359.062 421.409 -125.201 111.252 -99.477
-1046.89 358.942 421.415 -125.201 111.252 -99.477
-1047.89 358.826 421.42 -125.341 111.245 -99.464
-1048.89 358.713 421.426 -125.483 111.239 -99.449
-1049.89 358.603 421.431 -125.646 111.234 -99.427
-1050.89 358.497 421.437 -125.646 111.234 -99.427
-1051.9 358.395 421.442 -125.807 111.23 -99.407
-1052.9 358.296 421.448 -125.97 111.225 -99.387
-1053.91 358.2 421.453 -125.97 111.225 -99.387
-1054.91 358.108 421.459 -126.133 111.22 -99.37
-1055.92 358.019 421.464 -126.292 111.217 -99.352
-1056.93 357.934 421.47 -126.292 111.217 -99.352
-1059.48 357.774 421.488 -126.598 111.211 -99.321
-1060.48 357.706 421.493 -126.762 111.207 -99.304
-1061.49 357.642 421.498 -126.762 111.207 -99.304
-1062.49 357.581 421.503 -126.923 111.201 -99.285
-1063.49 357.524 421.507 -127.084 111.196 -99.266
-1064.49 357.471 421.512 -127.084 111.196 -99.266
-1065.49 357.422 421.517 -127.223 111.192 -99.249
-1066.49 357.376 421.522 -127.387 111.187 -99.229
-1067.49 357.334 421.527 -127.533 111.184 -99.217
-1068.49 357.296 421.532 -127.533 111.184 -99.217
-1069.49 357.261 421.536 -127.695 111.183 -99.199
-1070.49 357.23 421.541 -127.851 111.178 -99.183
-1071.49 357.203 421.546 -127.851 111.178 -99.183
-1072.49 357.18 421.551 -127.99 111.173 -99.167
-1073.49 357.16 421.555 -128.135 111.169 -99.153
-1074.49 357.144 421.56 -128.299 111.169 -99.137
-1075.49 357.132 421.565 -128.299 111.169 -99.137
-1076.49 357.124 421.569 -128.483 111.162 -99.113
-1077.49 357.119 421.574 -128.483 111.162 -99.113
-1078.49 357.118 421.579 -128.627 111.157 -99.094
-1079.49 357.121 421.583 -128.804 111.152 -99.072
-1080.48 357.127 421.588 -128.804 111.152 -99.072
-1081.48 357.137 421.593 -128.96 111.147 -99.052
-1082.48 357.151 421.597 -129.127 111.143 -99.036
-1083.48 357.169 421.602 -129.127 111.143 -99.036
-1084.48 357.19 421.606 -129.274 111.142 -99.025
-1085.48 357.215 421.611 -129.436 111.137 -99.009
-1086.48 357.244 421.615 -129.436 111.137 -99.009
-1087.48 357.277 421.62 -129.598 111.128 -98.994
-1088.48 357.313 421.624 -129.76 111.122 -98.972
-1089.48 357.353 421.629 -129.76 111.122 -98.972
-1090.47 357.397 421.633 -129.897 111.12 -98.952
-1091.47 357.444 421.638 -130.032 111.12 -98.934
-1092.47 357.495 421.642 -130.177 111.117 -98.913
-1093.47 357.55 421.647 -130.305 111.111 -98.9
-1094.47 357.609 421.651 -130.305 111.111 -98.9
-1095.47 357.671 421.656 -130.45 111.105 -98.887
-1096.47 357.737 421.66 -130.609 111.097 -98.868
-1097.46 357.807 421.664 -130.609 111.097 -98.868
-1098.46 357.881 421.669 -130.792 111.089 -98.85
-1099.46 357.958 421.673 -130.792 111.089 -98.85
-1100.46 358.039 421.678 -130.956 111.089 -98.833
-1101.46 358.124 421.682 -131.152 111.089 -98.807
-1102.45 358.212 421.686 -131.152 111.089 -98.807
-1103.45 358.304 421.691 -131.373 111.079 -98.769
-1104.45 358.4 421.695 -131.373 111.079 -98.769
-1105.45 358.5 421.699 -131.518 111.07 -98.753
-1106.44 358.603 421.703 -131.661 111.064 -98.739
-1109.16 358.796 421.76 -131.97 111.06 -98.709
-1110.16 358.914 421.765 -131.97 111.06 -98.709
-1111.16 359.035 421.77 -132.111 111.058 -98.695
-1112.15 359.16 421.774 -132.284 111.052 -98.673
-1113.14 359.289 421.778 -132.423 111.049 -98.657
-1114.14 359.422 421.783 -132.423 111.049 -98.657
-1115.13 359.559 421.787 -132.569 111.044 -98.641
-1116.12 359.699 421.791 -132.716 111.039 -98.625
-1117.11 359.842 421.795 -132.842 111.035 -98.615
-1118.1 359.99 421.798 -132.842 111.035 -98.615
-1119.09 360.141 421.802 -132.982 111.034 -98.602
-1120.08 360.296 421.806 -133.141 111.029 -98.585
-1121.07 360.454 421.809 -133.141 111.029 -98.585
-1122.05 360.616 421.813 -133.281 111.024 -98.568
-1123.04 360.782 421.816 -133.422 111.02 -98.554
-1124.03 360.952 421.819 -133.582 111.017 -98.534
-1125.01 361.125 421.822 -133.582 111.017 -98.534
-1125.99 361.302 421.825 -133.747 111.012 -98.519
-1126.98 361.483 421.828 -133.894 111.007 -98.503
-1127.96 361.667 421.831 -133.894 111.007 -98.503
-1128.94 361.855 421.834 -134.057 111.002 -98.485
-1129.92 362.047 421.836 -134.193 110.998 -98.467
-1130.9 362.242 421.839 -134.331 110.993 -98.447
-1131.88 362.442 421.841 -134.331 110.993 -98.447
-1132.86 362.644 421.843 -134.519 110.991 -98.427
-1133.84 362.851 421.846 -134.661 110.986 -98.411
-1134.81 363.061 421.848 -134.661 110.986 -98.411
-1135.79 363.275 421.85 -134.821 110.98 -98.393
-1136.77 363.493 421.852 -135.001 110.974 -98.374
-1137.74 363.714 421.853 -135.001 110.974 -98.374
-1138.71 363.939 421.855 -135.183 110.969 -98.354
-1139.69 364.167 421.857 -135.328 110.967 -98.339
-1140.66 364.4 421.858 -135.328 110.967 -98.339
-1141.63 364.636 421.859 -135.492 110.966 -98.322
-1142.6 364.875 421.861 -135.671 110.962 -98.3
-1143.57 365.119 421.862 -135.671 110.962 -98.3
-1144.54 365.366 421.863 -135.849 110.955 -98.275
-1145.51 365.617 421.864 -135.849 110.955 -98.275
-1146.48 365.871 421.865 -135.992 110.948 -98.259
-1147.45 366.129 421.865 -136.157 110.944 -98.242
-1148.41 366.391 421.866 -136.157 110.944 -98.242
-1149.38 366.657 421.867 -136.319 110.942 -98.225
-1150.34 366.926 421.867 -136.462 110.938 -98.21
-1151.31 367.199 421.867 -136.627 110.931 -98.193
-1152.27 367.476 421.868 -136.627 110.931 -98.193
-1153.23 367.756 421.868 -136.769 110.927 -98.18
-1154.19 368.04 421.868 -136.907 110.925 -98.165
-1155.15 368.328 421.868 -137.048 110.923 -98.146
-1156.11 368.619 421.867 -137.048 110.923 -98.146
-1158.65 369.266 421.867 -137.378 110.909 -98.102
-1159.61 369.571 421.867 -137.558 110.9 -98.079
-1160.56 369.88 421.867 -137.558 110.9 -98.079
-1161.51 370.193 421.866 -137.717 110.894 -98.06
-1162.47 370.509 421.866 -137.717 110.894 -98.06
-1163.41 370.828 421.865 -137.918 110.893 -98.041
-1164.36 371.151 421.864 -138.081 110.893 -98.023
-1165.31 371.477 421.864 -138.081 110.893 -98.023
-1166.25 371.807 421.863 -138.225 110.887 -98.007
-1167.2 372.14 421.862 -138.368 110.88 -97.989
-1168.14 372.476 421.861 -138.368 110.88 -97.989
-1169.08 372.816 421.859 -138.548 110.871 -97.965
-1170.02 373.159 421.858 -138.708 110.866 -97.945
-1170.96 373.506 421.856 -138.708 110.866 -97.945
-1171.9 373.856 421.855 -138.893 110.861 -97.921
-1172.83 374.21 421.853 -139.073 110.858 -97.903
-1173.76 374.567 421.851 -139.073 110.858 -97.903
-1174.7 374.928 421.849 -139.228 110.855 -97.888
-1175.63 375.291 421.847 -139.402 110.851 -97.87
-1176.56 375.659 421.845 -139.402 110.851 -97.87
-1177.49 376.03 421.843 -139.56 110.847 -97.854
-1178.41 376.404 421.841 -139.747 110.849 -97.838
-1179.34 376.782 421.838 -139.747 110.849 -97.838
-1180.26 377.163 421.836 -139.916 110.855 -97.825
-1181.18 377.547 421.833 -140.092 110.865 -97.813
-1182.1 377.935 421.83 -140.092 110.865 -97.813
-1183.02 378.327 421.828 -140.281 110.873 -97.796
-1183.94 378.722 421.825 -140.536 110.888 -97.781
-1184.86 379.12 421.821 -140.536 110.888 -97.781
-1185.77 379.522 421.818 -140.726 110.902 -97.769
-1186.69 379.927 421.815 -140.919 110.921 -97.762
-1187.6 380.335 421.812 -140.919 110.921 -97.762
-1188.51 380.747 421.808 -141.115 110.938 -97.752
-1189.42 381.163 421.805 -141.345 110.954 -97.737
-1190.33 381.582 421.801 -141.345 110.954 -97.737
-1191.24 382.004 421.797 -141.607 110.978 -97.72
-1192.14 382.43 421.793 -141.87 111.002 -97.706
-1193.04 382.859 421.789 -141.87 111.002 -97.706
-1193.95 383.292 421.785 -142.072 111.021 -97.697
-1194.85 383.728 421.781 -142.072 111.021 -97.697
-1195.75 384.167 421.776 -142.386 111.053 -97.676
-1196.65 384.61 421.772 -142.591 111.068 -97.666
-1197.54 385.056 421.767 -142.591 111.068 -97.666
-1198.44 385.506 421.763 -142.824 111.09 -97.653
-1199.33 385.959 421.758 -143.054 111.111 -97.641
-1200.22 386.416 421.753 -143.054 111.111 -97.641
-1201.11 386.876 421.748 -143.318 111.134 -97.628
-1202 387.34 421.743 -143.318 111.134 -97.628
-1205.12 388.95 421.739 -143.98 111.195 -97.588
-1206 389.423 421.735 -143.98 111.195 -97.588
-1206.89 389.899 421.731 -144.274 111.225 -97.575
-1207.77 390.378 421.726 -144.274 111.225 -97.575
-1208.65 390.86 421.722 -144.503 111.243 -97.561
-1209.52 391.345 421.718 -144.766 111.263 -97.546
-1210.4 391.834 421.713 -144.766 111.263 -97.546
-1211.27 392.325 421.709 -144.97 111.283 -97.534
-1212.14 392.819 421.704 -145.171 111.302 -97.52
-1213.01 393.317 421.699 -145.171 111.302 -97.52
-1213.88 393.817 421.695 -145.372 111.319 -97.505
-1214.74 394.321 421.69 -145.606 111.343 -97.495
-1215.6 394.828 421.685 -145.606 111.343 -97.495
-1216.46 395.337 421.681 -145.839 111.36 -97.481
-1217.32 395.85 421.676 -146.073 111.375 -97.462
-1218.18 396.366 421.671 -146.073 111.375 -97.462
-1219.03 396.885 421.666 -146.305 111.395 -97.445
-1219.89 397.407 421.661 -146.305 111.395 -97.445
-1220.74 397.932 421.656 -146.593 111.425 -97.43
-1221.59 398.46 421.651 -146.593 111.425 -97.43
-1222.43 398.991 421.646 -146.881 111.453 -97.414
-1223.28 399.525 421.641 -147.082 111.469 -97.402
-1224.12 400.062 421.635 -147.082 111.469 -97.402
-1224.96 400.603 421.63 -147.286 111.485 -97.389
-1225.8 401.146 421.625 -147.493 111.502 -97.375
-1226.64 401.692 421.62 -147.699 111.519 -97.362
-1227.47 402.242 421.614 -147.699 111.519 -97.362
-1228.3 402.794 421.609 -147.929 111.539 -97.353
-1229.13 403.35 421.603 -148.157 111.565 -97.344
-1229.96 403.908 421.598 -148.157 111.565 -97.344
-1230.79 404.47 421.592 -148.358 111.584 -97.336
-1231.61 405.035 421.587 -148.591 111.604 -97.325
-1232.44 405.603 421.581 -148.591 111.604 -97.325
-1233.26 406.173 421.576 -148.853 111.624 -97.308
-1234.08 406.747 421.57 -148.853 111.624 -97.308
-1234.89 407.324 421.564 -149.119 111.644 -97.288
-1235.71 407.904 421.558 -149.354 111.666 -97.278
-1236.52 408.488 421.553 -149.354 111.666 -97.278
-1237.33 409.074 421.547 -149.607 111.691 -97.265
-1238.14 409.663 421.541 -149.607 111.691 -97.265
-1238.95 410.255 421.535 -149.869 111.72 -97.257
-1239.75 410.85 421.529 -150.103 111.738 -97.24
-1240.55 411.449 421.523 -150.103 111.738 -97.24
-1241.35 412.05 421.517 -150.334 111.753 -97.222
-1242.15 412.655 421.511 -150.539 111.772 -97.211
-1242.95 413.262 421.504 -150.539 111.772 -97.211
-1243.75 413.873 421.498 -150.801 111.8 -97.199
-1244.54 414.487 421.492 -151.005 111.818 -97.19
-1245.33 415.103 421.486 -151.005 111.818 -97.19
-1247.4 416.697 421.496 -151.464 111.861 -97.167
-1248.19 417.333 421.491 -151.666 111.878 -97.152
-1248.97 417.972 421.485 -151.666 111.878 -97.152
-1249.76 418.613 421.48 -151.954 111.901 -97.136
-1250.53 419.256 421.475 -151.954 111.901 -97.136
-1251.31 419.902 421.469 -152.189 111.925 -97.129
-1252.08 420.551 421.463 -152.394 111.942 -97.118
-1252.86 421.202 421.458 -152.394 111.942 -97.118
-1253.62 421.855 421.452 -152.626 111.961 -97.103
-1254.39 422.511 421.446 -152.858 111.981 -97.087
-1255.15 423.169 421.44 -152.858 111.981 -97.087
-1255.91 423.83 421.434 -153.12 112.004 -97.069
-1256.67 424.493 421.428 -153.322 112.024 -97.055
-1257.42 425.159 421.421 -153.322 112.024 -97.055
-1258.17 425.827 421.415 -153.55 112.04 -97.038
-1258.92 426.497 421.409 -153.758 112.058 -97.025
-1259.67 427.17 421.402 -153.758 112.058 -97.025
-1260.41 427.846 421.396 -153.992 112.08 -97.015
-1261.15 428.523 421.389 -154.194 112.098 -97.006
-1261.88 429.204 421.382 -154.396 112.117 -96.996
-1262.62 429.886 421.375 -154.396 112.117 -96.996
-1263.35 430.572 421.368 -154.659 112.139 -96.977
-1264.08 431.259 421.361 -154.659 112.139 -96.977
-1264.8 431.949 421.354 -154.862 112.152 -96.958
-1265.53 432.642 421.347 -155.089 112.171 -96.944
-1266.25 433.336 421.34 -155.322 112.194 -96.931
-1266.96 434.034 421.332 -155.322 112.194 -96.931
-1267.68 434.734 421.325 -155.525 112.211 -96.918
-1268.39 435.436 421.317 -155.727 112.231 -96.913
-1269.1 436.141 421.31 -155.727 112.231 -96.913
-1269.81 436.848 421.302 -155.93 112.251 -96.906
-1270.51 437.557 421.294 -156.165 112.273 -96.893
-1271.21 438.269 421.286 -156.165 112.273 -96.893
-1271.91 438.984 421.278 -156.4 112.29 -96.876
-1272.6 439.701 421.27 -156.657 112.308 -96.858
-1273.29 440.42 421.262 -156.657 112.308 -96.858
-1273.98 441.142 421.254 -156.862 112.33 -96.849
-1274.67 441.866 421.246 -157.093 112.355 -96.841
-1275.35 442.593 421.237 -157.093 112.355 -96.841
-1276.03 443.322 421.229 -157.293 112.373 -96.832
-1276.71 444.053 421.22 -157.499 112.393 -96.824
-1277.38 444.787 421.211 -157.499 112.393 -96.824
-1278.06 445.524 421.203 -157.763 112.414 -96.808
-1278.73 446.262 421.194 -157.964 112.429 -96.791
-1279.39 447.004 421.185 -157.964 112.429 -96.791
-1280.06 447.748 421.176 -158.193 112.449 -96.774
-1280.72 448.494 421.167 -158.428 112.469 -96.763
-1281.37 449.242 421.158 -158.428 112.469 -96.763
-1282.03 449.993 421.148 -158.687 112.489 -96.746
-1282.68 450.747 421.139 -158.887 112.506 -96.736
-1283.33 451.503 421.129 -158.887 112.506 -96.736
-1283.98 452.261 421.12 -159.094 112.527 -96.727
-1284.62 453.022 421.11 -159.326 112.55 -96.716
-1285.26 453.786 421.101 -159.326 112.55 -96.716
-1285.9 454.551 421.091 -159.555 112.573 -96.705
-1286.54 455.319 421.081 -159.789 112.593 -96.687
-1287.17 456.09 421.071 -159.789 112.593 -96.687
-1287.8 456.863 421.061 -160.022 112.612 -96.669
-1288.43 457.639 421.051 -160.253 112.63 -96.658
-1289.05 458.417 421.04 -160.253 112.63 -96.658
-1289.67 459.197 421.03 -160.483 112.654 -96.652
-1290.29 459.98 421.02 -160.716 112.676 -96.642
-1290.91 460.765 421.009 -160.716 112.676 -96.642
-1291.52 461.553 420.999 -160.919 112.689 -96.624
-1292.13 462.343 420.988 -161.212 112.714 -96.606
-1292.74 463.136 420.977 -161.212 112.714 -96.606
-1293.34 463.931 420.966 -161.473 112.734 -96.586
-1293.94 464.728 420.955 -161.473 112.734 -96.586
-1294.54 465.528 420.944 -161.674 112.752 -96.573
-1295.14 466.331 420.933 -161.905 112.775 -96.559
-1295.73 467.135 420.922 -161.905 112.775 -96.559
-1296.32 467.943 420.911 -162.109 112.795 -96.548
-1296.91 468.752 420.899 -162.341 112.814 -96.534
-1297.49 469.564 420.888 -162.341 112.814 -96.534
-1298.08 470.379 420.876 -162.571 112.832 -96.521
-1298.65 471.196 420.865 -162.892 112.862 -96.505
-1299.23 472.016 420.853 -162.892 112.862 -96.505
-1299.8 472.837 420.841 -163.123 112.882 -96.491
-1300.37 473.662 420.829 -163.123 112.882 -96.491
-1300.94 474.489 420.817 -163.388 112.902 -96.475
-1301.51 475.318 420.805 -163.59 112.92 -96.462
-1302.07 476.15 420.793 -163.59 112.92 -96.462
-1302.63 476.984 420.781 -163.792 112.936 -96.446
-1303.19 477.82 420.769 -163.991 112.954 -96.434
-1303.74 478.659 420.756 -164.226 112.976 -96.421
-1304.29 479.501 420.744 -164.226 112.976 -96.421
-1304.84 480.345 420.731 -164.46 112.996 -96.405
-1305.38 481.191 420.718 -164.46 112.996 -96.405
-1305.93 482.04 420.706 -164.808 113.029 -96.393
-1306.47 482.891 420.693 -164.808 113.029 -96.393
-1307 483.745 420.68 -165.012 113.047 -96.382
-1307.54 484.601 420.667 -165.012 113.047 -96.382
-1308.07 485.459 420.654 -165.384 113.075 -96.357
-1308.6 486.32 420.64 -165.384 113.075 -96.357
-1309.12 487.184 420.627 -165.614 113.096 -96.342
-1309.64 488.05 420.614 -165.804 113.115 -96.334
-1310.16 488.918 420.6 -166.003 113.132 -96.323
-1310.68 489.789 420.587 -166.003 113.132 -96.323
-1311.19 490.662 420.573 -166.239 113.156 -96.309
-1311.71 491.538 420.559 -166.427 113.171 -96.294
2
-963.124 383.298 421.155 -116.201 111.49 -100.49
-964.048 382.882 421.158 -116.201 111.49 -100.49
-964.973 382.469 421.16 -116.348 111.495 -100.498
-965.899 382.06 421.163 -116.483 111.493 -100.494
-966.825 381.654 421.165 -116.483 111.493 -100.494
-967.753 381.252 421.168 -116.653 111.488 -100.483
-968.681 380.853 421.17 -116.787 111.481 -100.469
-969.61 380.458 421.173 -116.787 111.481 -100.469
-970.541 380.066 421.176 -116.935 111.475 -100.449
-971.472 379.678 421.178 -117.093 111.471 -100.429
-972.404 379.293 421.181 -117.23 111.469 -100.409
-973.336 378.912 421.183 -117.23 111.469 -100.409
-974.27 378.534 421.186 -117.383 111.466 -100.384
-975.205 378.16 421.188 -117.562 111.458 -100.358
-976.14 377.789 421.191 -117.562 111.458 -100.358
-977.077 377.422 421.193 -117.727 111.45 -100.336
-978.014 377.058 421.196 -117.893 111.446 -100.315
-978.952 376.698 421.198 -117.893 111.446 -100.315
-979.891 376.341 421.201 -118.051 111.443 -100.292
-980.831 375.988 421.203 -118.212 111.437 -100.272
-981.772 375.639 421.206 -118.212 111.437 -100.272
-982.714 375.293 421.208 -118.375 111.431 -100.255
-983.656 374.95 421.211 -118.375 111.431 -100.255
-984.6 374.611 421.213 -118.519 111.428 -100.243
-985.544 374.275 421.216 -118.701 111.425 -100.221
-986.489 373.943 421.218 -118.701 111.425 -100.221
-987.436 373.615 421.221 -118.857 111.424 -100.202
-988.383 373.29 421.223 -118.999 111.422 -100.187
-989.331 372.968 421.226 -119.166 111.416 -100.17
-990.279 372.65 421.228 -119.166 111.416 -100.17
-991.229 372.336 421.231 -119.291 111.409 -100.154
-992.18 372.025 421.233 -119.453 111.401 -100.134
-993.131 371.718 421.235 -119.453 111.401 -100.134
-994.084 371.414 421.238 -119.61 111.399 -100.108
-995.037 371.113 421.24 -119.75 111.397 -100.093
-995.991 370.816 421.243 -119.915 111.397 -100.075
-996.946 370.523 421.245 -119.915 111.397 -100.075
-997.902 370.233 421.247 -120.056 111.393 -100.06
-998.859 369.947 421.25 -120.056 111.393 -100.06
-999.817 369.664 421.252 -120.217 111.385 -100.043
-1000.78 369.385 421.254 -120.354 111.382 -100.027
-1001.73 369.109 421.257 -120.494 111.379 -100.013
-1002.7 368.836 421.259 -120.494 111.379 -100.013
-1003.66 368.568 421.262 -120.663 111.376 -99.996
-1004.62 368.302 421.264 -120.807 111.373 -99.98
-1005.58 368.041 421.266 -120.807 111.373 -99.98
-1006.55 367.782 421.269 -120.948 111.364 -99.962
-1007.51 367.528 421.271 -121.087 111.359 -99.947
-1008.48 367.276 421.273 -121.241 111.357 -99.921
-1009.44 367.029 421.275 -121.241 111.357 -99.921
-1010.41 366.785 421.278 -121.427 111.356 -99.904
-1011.38 366.544 421.28 -121.577 111.354 -99.893
-1012.35 366.307 421.282 -121.577 111.354 -99.893
-1013.32 366.073 421.285 -121.723 111.346 -99.879
-1014.29 365.843 421.287 -121.883 111.337 -99.866
-1015.26 365.616 421.289 -121.883 111.337 -99.866
-1016.23 365.393 421.291 -122.018 111.334 -99.85
-1017.21 365.174 421.294 -122.179 111.335 -99.829
-1018.18 364.957 421.296 -122.366 111.334 -99.808
-1019.16 364.745 421.298 -122.366 111.334 -99.808
-1020.13 364.536 421.3 -122.512 111.329 -99.791
-1021.11 364.33 421.303 -122.512 111.329 -99.791
-1022.09 364.128 421.305 -122.672 111.316 -99.764
-1023.07 363.93 421.307 -122.83 111.308 -99.743
-1024.05 363.735 421.309 -122.83 111.308 -99.743
-1025.03 363.543 421.312 -123.01 111.307 -99.72
-1026.01 363.355 421.314 -123.156 111.307 -99.706
-1026.99 363.171 421.316 -123.156 111.307 -99.706
-1027.98 362.99 421.318 -123.342 111.304 -99.686
-1028.96 362.812 421.32 -123.342 111.304 -99.686
-1029.95 362.638 421.323 -123.523 111.293 -99.667
-1030.93 362.468 421.325 -123.662 111.287 -99.651
-1031.92 362.301 421.327 -123.662 111.287 -99.651
-1032.91 362.138 421.329 -123.858 111.285 -99.624
-1033.9 361.978 421.331 -124.021 111.284 -99.603
-1034.89 361.821 421.333 -124.021 111.284 -99.603
-1035.88 361.669 421.335 -124.189 111.28 -99.587
-1036.87 361.519 421.338 -124.189 111.28 -99.587
-1037.86 361.373 421.34 -124.371 111.271 -99.565
-1038.85 361.231 421.342 -124.51 111.261 -99.547
-1039.85 361.092 421.344 -124.51 111.261 -99.547
-1040.84 360.957 421.346 -124.693 111.257 -99.528
-1041.84 360.825 421.348 -124.876 111.257 -99.512
-1042.84 360.697 421.35 -124.876 111.257 -99.512
-1043.83 360.572 421.352 -125.04 111.256 -99.498
-1044.83 360.451 421.354 -125.2 111.252 -99.476
-1045.83 360.333 421.357 -125.2 111.252 -99.476
-1046.83 360.219 421.359 -125.378 111.243 -99.458
-1047.83 360.108 421.361 -125.378 111.243 -99.458
-1048.84 360.001 421.363 -125.521 111.237 -99.441
-1049.84 359.898 421.365 -125.728 111.233 -99.417
-1050.84 359.797 421.367 -125.728 111.233 -99.417
-1051.85 359.701 421.369 -125.912 111.228 -99.396
-1052.85 359.608 421.371 -126.073 111.223 -99.378
-1053.86 359.518 421.373 -126.073 111.223 -99.378
-1054.87 359.432 421.375 -126.212 111.219 -99.363
-1055.88 359.349 421.377 -126.35 111.215 -99.344
-1056.88 359.27 421.379 -126.494 111.212 -99.33
-1057.89 359.195 421.381 -126.494 111.212 -99.33
-1060.67 359.073 421.388 -126.804 111.208 -99.3
-1061.67 359.013 421.39 -126.964 111.2 -99.282
-1062.67 358.956 421.392 -127.124 111.194 -99.264
-1063.67 358.903 421.394 -127.124 111.194 -99.264
-1064.68 358.854 421.396 -127.284 111.189 -99.242
-1065.68 358.808 421.398 -127.429 111.186 -99.226
-1066.68 358.766 421.399 -127.429 111.186 -99.226
-1067.68 358.728 421.401 -127.574 111.186 -99.212
-1068.68 358.694 421.403 -127.754 111.181 -99.193
-1069.68 358.663 421.405 -127.754 111.181 -99.193
-1070.68 358.636 421.407 -127.911 111.176 -99.179
-1071.69 358.612 421.409 -128.052 111.171 -99.16
-1072.69 358.593 421.411 -128.052 111.171 -99.16
-1073.69 358.577 421.412 -128.216 111.168 -99.145
-1074.69 358.564 421.414 -128.38 111.167 -99.128
-1075.69 358.556 421.416 -128.38 111.167 -99.128
-1076.69 358.551 421.418 -128.525 111.161 -99.109
-1077.69 358.55 421.42 -128.687 111.156 -99.087
-1078.69 358.552 421.421 -128.822 111.151 -99.069
-1079.69 358.558 421.423 -128.822 111.151 -99.069
-1080.69 358.568 421.425 -128.999 111.145 -99.047
-1081.69 358.582 421.427 -129.148 111.143 -99.035
-1082.69 358.599 421.429 -129.148 111.143 -99.035
-1083.69 358.62 421.43 -129.316 111.14 -99.021
-1084.69 358.645 421.432 -129.316 111.14 -99.021
-1085.69 358.673 421.434 -129.497 111.133 -99.004
-1086.69 358.705 421.435 -129.64 111.126 -98.988
-1087.69 358.741 421.437 -129.64 111.126 -98.988
-1088.69 358.78 421.439 -129.798 111.122 -98.966
-1089.69 358.823 421.44 -129.973 111.12 -98.94
-1090.69 358.87 421.442 -129.973 111.12 -98.94
-1091.69 358.921 421.444 -130.157 111.116 -98.915
-1092.69 358.975 421.445 -130.284 111.112 -98.902
-1093.69 359.033 421.447 -130.471 111.103 -98.884
-1094.69 359.094 421.449 -130.471 111.103 -98.884
-1095.69 359.16 421.45 -130.61 111.096 -98.868
-1096.69 359.229 421.452 -130.61 111.096 -98.868
-1097.68 359.301 421.454 -130.75 111.09 -98.853
-1098.68 359.378 421.455 -130.934 111.088 -98.833
-1099.68 359.458 421.457 -130.934 111.088 -98.833
-1100.68 359.541 421.458 -131.094 111.088 -98.814
-1101.68 359.629 421.46 -131.251 111.085 -98.786
-1102.68 359.72 421.461 -131.395 111.077 -98.767
-1103.67 359.815 421.463 -131.395 111.077 -98.767
-1104.67 359.914 421.465 -131.559 111.068 -98.749
-1105.67 360.016 421.466 -131.742 111.061 -98.729
-1106.67 360.122 421.468 -131.742 111.061 -98.729
-1107.67 360.231 421.469 -131.908 111.06 -98.712
-1110.7 360.552 421.504 -132.247 111.053 -98.677
-1111.69 360.676 421.506 -132.247 111.053 -98.677
-1112.69 360.803 421.508 -132.423 111.048 -98.656
-1113.68 360.934 421.51 -132.611 111.042 -98.635
-1114.68 361.068 421.512 -132.611 111.042 -98.635
-1115.67 361.207 421.514 -132.778 111.038 -98.62
-1116.66 361.349 421.515 -132.922 111.035 -98.607
-1117.65 361.494 421.517 -132.922 111.035 -98.607
-1118.65 361.644 421.519 -133.082 111.03 -98.592
-1119.64 361.797 421.52 -133.221 111.024 -98.574
-1120.62 361.954 421.522 -133.221 111.024 -98.574
-1121.61 362.115 421.523 -133.401 111.02 -98.553
-1122.6 362.279 421.525 -133.542 111.019 -98.539
-1123.59 362.447 421.526 -133.542 111.019 -98.539
-1124.57 362.619 421.527 -133.706 111.014 -98.524
-1125.56 362.795 421.528 -133.832 111.01 -98.511
-1126.54 362.974 421.529 -133.978 111.005 -98.497
-1127.53 363.157 421.53 -133.978 111.005 -98.497
-1128.51 363.344 421.531 -134.133 110.999 -98.474
-1129.49 363.535 421.532 -134.271 110.995 -98.456
-1130.47 363.729 421.533 -134.414 110.992 -98.439
-1131.45 363.927 421.533 -134.414 110.992 -98.439
-1132.43 364.129 421.534 -134.56 110.989 -98.424
-1133.41 364.334 421.535 -134.701 110.986 -98.408
-1134.39 364.543 421.535 -134.841 110.98 -98.392
-1135.37 364.756 421.536 -134.841 110.98 -98.392
-1136.35 364.973 421.536 -135.002 110.973 -98.374
-1137.32 365.193 421.536 -135.143 110.969 -98.361
-1138.3 365.417 421.536 -135.286 110.968 -98.344
-1139.27 365.645 421.537 -135.286 110.968 -98.344
-1140.24 365.876 421.537 -135.431 110.967 -98.329
-1141.22 366.112 421.537 -135.594 110.965 -98.311
-1142.19 366.351 421.537 -135.731 110.959 -98.292
-1143.16 366.593 421.537 -135.731 110.959 -98.292
-1144.13 366.84 421.536 -135.869 110.953 -98.273
-1145.1 367.09 421.536 -136.032 110.947 -98.256
-1146.07 367.344 421.536 -136.032 110.947 -98.256
-1147.03 367.601 421.535 -136.177 110.945 -98.24
-1148 367.863 421.535 -136.339 110.942 -98.223
-1148.97 368.128 421.534 -136.483 110.936 -98.21
-1149.93 368.397 421.534 -136.483 110.936 -98.21
-1150.9 368.669 421.533 -136.668 110.929 -98.19
-1151.86 368.945 421.532 -136.668 110.929 -98.19
-1152.82 369.225 421.531 -136.828 110.925 -98.175
-1153.79 369.509 421.53 -136.965 110.925 -98.157
-1154.75 369.797 421.529 -137.13 110.922 -98.133
-1155.71 370.088 421.528 -137.13 110.922 -98.133
-1156.67 370.383 421.527 -137.275 110.915 -98.115
-1158.82 370.969 421.518 -137.597 110.898 -98.075
-1159.78 371.281 421.516 -137.597 110.898 -98.075
-1160.73 371.596 421.515 -137.736 110.894 -98.059
-1161.68 371.915 421.513 -137.897 110.893 -98.043
-1162.63 372.237 421.511 -137.897 110.893 -98.043
-1163.58 372.563 421.51 -138.08 110.893 -98.023
-1164.52 372.892 421.508 -138.286 110.885 -98
-1165.47 373.225 421.506 -138.286 110.885 -98
-1166.41 373.56 421.504 -138.447 110.877 -97.977
-1167.36 373.9 421.503 -138.447 110.877 -97.977
-1168.3 374.243 421.501 -138.607 110.869 -97.956
-1169.24 374.589 421.499 -138.749 110.864 -97.938
-1170.18 374.939 421.496 -138.913 110.86 -97.919
-1171.11 375.292 421.494 -138.913 110.86 -97.919
-1172.05 375.648 421.492 -139.073 110.858 -97.902
-1172.98 376.008 421.49 -139.247 110.855 -97.885
-1173.91 376.372 421.488 -139.247 110.855 -97.885
-1174.84 376.739 421.485 -139.421 110.85 -97.867
-1175.77 377.109 421.483 -139.56 110.847 -97.854
-1176.7 377.483 421.48 -139.56 110.847 -97.854
-1177.63 377.86 421.478 -139.745 110.849 -97.838
-1178.55 378.241 421.475 -139.894 110.854 -97.827
-1179.48 378.625 421.473 -139.894 110.854 -97.827
-1180.4 379.013 421.47 -140.071 110.864 -97.814
-1181.32 379.404 421.467 -140.28 110.873 -97.796
-1182.24 379.799 421.464 -140.28 110.873 -97.796
-1183.16 380.196 421.461 -140.457 110.884 -97.784
-1184.07 380.598 421.458 -140.671 110.898 -97.771
-1184.99 381.003 421.455 -140.864 110.915 -97.764
-1185.9 381.411 421.452 -140.864 110.915 -97.764
-1186.81 381.823 421.449 -141.087 110.937 -97.754
-1187.72 382.238 421.446 -141.286 110.95 -97.74
-1188.63 382.657 421.443 -141.286 110.95 -97.74
-1189.54 383.079 421.439 -141.548 110.973 -97.724
-1190.45 383.504 421.436 -141.782 110.995 -97.71
-1191.35 383.933 421.433 -141.782 110.995 -97.71
-1192.25 384.365 421.429 -141.986 111.013 -97.701
-1193.15 384.801 421.426 -142.216 111.036 -97.689
-1194.05 385.241 421.422 -142.216 111.036 -97.689
-1194.95 385.683 421.419 -142.445 111.056 -97.673
-1195.85 386.13 421.415 -142.709 111.078 -97.662
-1196.75 386.579 421.411 -142.709 111.078 -97.662
-1197.64 387.032 421.407 -142.909 111.097 -97.649
-1198.53 387.489 421.403 -142.909 111.097 -97.649
-1199.42 387.949 421.399 -143.171 111.122 -97.637
-1200.31 388.412 421.395 -143.375 111.14 -97.624
-1201.2 388.879 421.391 -143.375 111.14 -97.624
-1202.09 389.349 421.387 -143.634 111.163 -97.609
-1202.98 389.823 421.383 -143.892 111.187 -97.593
-1206.23 391.549 421.403 -144.36 111.233 -97.568
-1207.11 392.032 421.399 -144.36 111.233 -97.568
-1207.99 392.517 421.396 -144.618 111.252 -97.556
-1208.86 393.006 421.392 -144.825 111.269 -97.545
-1209.74 393.498 421.388 -145.028 111.289 -97.531
-1210.61 393.992 421.384 -145.028 111.289 -97.531
-1211.48 394.49 421.38 -145.229 111.307 -97.516
-1212.35 394.991 421.377 -145.459 111.328 -97.502
-1213.22 395.494 421.373 -145.459 111.328 -97.502
-1214.08 396.001 421.369 -145.693 111.351 -97.491
-1214.94 396.511 421.365 -145.926 111.365 -97.474
-1215.8 397.024 421.361 -145.926 111.365 -97.474
-1216.66 397.539 421.356 -146.161 111.381 -97.455
-1217.52 398.058 421.352 -146.161 111.381 -97.455
-1218.37 398.58 421.348 -146.449 111.409 -97.438
-1219.22 399.105 421.344 -146.679 111.433 -97.424
-1220.07 399.633 421.339 -146.679 111.433 -97.424
-1220.92 400.163 421.335 -146.909 111.455 -97.411
-1221.77 400.697 421.331 -146.909 111.455 -97.411
-1222.61 401.234 421.326 -147.169 111.475 -97.394
-1223.45 401.774 421.322 -147.375 111.493 -97.382
-1224.29 402.317 421.317 -147.375 111.493 -97.382
-1225.13 402.863 421.313 -147.611 111.513 -97.366
-1225.97 403.412 421.308 -147.843 111.53 -97.355
-1226.8 403.964 421.303 -147.843 111.53 -97.355
-1227.63 404.519 421.299 -148.042 111.55 -97.347
-1228.47 405.077 421.294 -148.271 111.575 -97.337
-1229.29 405.638 421.289 -148.476 111.593 -97.33
-1230.12 406.202 421.284 -148.476 111.593 -97.33
-1230.94 406.769 421.279 -148.708 111.613 -97.318
-1231.77 407.339 421.274 -148.912 111.63 -97.305
-1232.59 407.912 421.269 -148.912 111.63 -97.305
-1233.4 408.488 421.264 -149.237 111.655 -97.282
-1234.22 409.067 421.259 -149.237 111.655 -97.282
-1235.04 409.649 421.254 -149.437 111.675 -97.275
-1235.85 410.234 421.249 -149.694 111.701 -97.262
-1236.66 410.822 421.243 -149.694 111.701 -97.262
-1237.47 411.413 421.238 -149.987 111.729 -97.251
-1238.27 412.007 421.233 -149.987 111.729 -97.251
-1239.08 412.605 421.227 -150.19 111.744 -97.234
-1239.88 413.205 421.222 -150.451 111.763 -97.217
-1240.68 413.808 421.217 -150.451 111.763 -97.217
-1241.48 414.414 421.211 -150.685 111.788 -97.205
-1242.27 415.023 421.206 -150.685 111.788 -97.205
-1243.07 415.636 421.2 -150.918 111.812 -97.195
-1243.86 416.251 421.194 -151.118 111.826 -97.185
-1244.65 416.869 421.189 -151.322 111.844 -97.173
-1245.44 417.49 421.183 -151.322 111.844 -97.173
-1247.57 419.177 421.198 -151.753 111.885 -97.148
-1248.36 419.816 421.194 -151.983 111.905 -97.136
-1249.14 420.457 421.19 -152.189 111.925 -97.13
-1249.92 421.101 421.185 -152.189 111.925 -97.13
-1250.7 421.747 421.181 -152.423 111.944 -97.116
-1251.48 422.395 421.176 -152.423 111.944 -97.116
-1252.25 423.047 421.171 -152.684 111.965 -97.099
-1253.02 423.7 421.166 -152.917 111.987 -97.085
-1253.78 424.356 421.161 -152.917 111.987 -97.085
-1254.55 425.015 421.156 -153.15 112.007 -97.068
-1255.31 425.676 421.151 -153.379 112.027 -97.051
-1256.07 426.34 421.146 -153.379 112.027 -97.051
-1256.82 427.006 421.14 -153.638 112.048 -97.034
-1257.57 427.675 421.135 -153.817 112.064 -97.021
-1258.32 428.346 421.129 -154.021 112.083 -97.013
-1259.07 429.02 421.124 -154.021 112.083 -97.013
-1259.81 429.696 421.118 -154.223 112.099 -97.004
-1260.55 430.374 421.112 -154.455 112.122 -96.992
-1261.29 431.055 421.106 -154.455 112.122 -96.992
-1262.03 431.739 421.1 -154.659 112.139 -96.977
-1262.76 432.425 421.093 -154.89 112.154 -96.954
-1263.49 433.114 421.087 -154.89 112.154 -96.954
-1264.21 433.805 421.08 -155.089 112.171 -96.942
-1264.94 434.499 421.074 -155.351 112.196 -96.927
-1265.66 435.195 421.067 -155.351 112.196 -96.927
-1266.37 435.893 421.06 -155.554 112.214 -96.915
-1267.09 436.594 421.053 -155.755 112.234 -96.911
-1267.8 437.298 421.046 -155.958 112.254 -96.903
-1268.51 438.004 421.039 -155.958 112.254 -96.903
-1269.22 438.713 421.032 -156.137 112.271 -96.894
-1269.92 439.424 421.025 -156.371 112.288 -96.877
-1270.62 440.137 421.017 -156.371 112.288 -96.877
-1271.32 440.854 421.01 -156.599 112.304 -96.861
-1272.01 441.572 421.002 -156.805 112.324 -96.851
-1272.7 442.293 420.994 -157.034 112.349 -96.842
-1273.39 443.017 420.986 -157.034 112.349 -96.842
-1274.08 443.743 420.978 -157.293 112.372 -96.831
-1274.76 444.471 420.97 -157.5 112.392 -96.824
-1275.44 445.203 420.962 -157.5 112.392 -96.824
-1276.11 445.936 420.954 -157.733 112.412 -96.811
-1276.79 446.672 420.945 -157.733 112.412 -96.811
-1277.46 447.411 420.937 -157.992 112.432 -96.788
-1278.13 448.152 420.928 -158.223 112.452 -96.772
-1278.79 448.895 420.919 -158.223 112.452 -96.772
-1279.46 449.641 420.91 -158.457 112.473 -96.762
-1280.12 450.39 420.901 -158.687 112.49 -96.747
-1280.77 451.141 420.892 -158.687 112.49 -96.747
-1281.43 451.895 420.883 -158.888 112.507 -96.737
-1282.08 452.651 420.874 -159.094 112.527 -96.727
-1282.73 453.409 420.865 -159.094 112.527 -96.727
-1283.37 454.17 420.855 -159.355 112.553 -96.715
-1284.01 454.934 420.845 -159.582 112.575 -96.703
-1284.65 455.7 420.836 -159.582 112.575 -96.703
-1285.29 456.468 420.826 -159.818 112.596 -96.685
-1285.92 457.239 420.816 -160.08 112.617 -96.666
-1286.55 458.013 420.806 -160.08 112.617 -96.666
-1287.18 458.789 420.796 -160.309 112.635 -96.656
-1287.81 459.567 420.786 -160.309 112.635 -96.656
-1288.43 460.348 420.775 -160.543 112.661 -96.649
-1289.05 461.132 420.765 -160.745 112.678 -96.639
-1289.66 461.918 420.754 -160.946 112.692 -96.621
-1290.28 462.706 420.743 -160.946 112.692 -96.621
-1290.89 463.497 420.733 -161.151 112.709 -96.61
-1291.5 464.291 420.722 -161.387 112.728 -96.594
-1292.1 465.087 420.711 -161.387 112.728 -96.594
-1292.7 465.885 420.7 -161.617 112.746 -96.574
-1293.3 466.686 420.688 -161.815 112.764 -96.56
-1293.9 467.49 420.677 -161.993 112.785 -96.554
-1294.49 468.296 420.666 -161.993 112.785 -96.554
-1295.08 469.104 420.654 -162.196 112.802 -96.542
-1295.67 469.915 420.642 -162.427 112.82 -96.53
-1296.25 470.729 420.631 -162.66 112.839 -96.516
-1296.83 471.545 420.619 -162.66 112.839 -96.516
-1297.41 472.363 420.607 -162.892 112.862 -96.504
-1297.99 473.184 420.595 -162.892 112.862 -96.504
-1298.56 474.008 420.583 -163.123 112.882 -96.491
-1299.13 474.833 420.57 -163.357 112.9 -96.475
-1299.7 475.662 420.558 -163.357 112.9 -96.475
-1300.26 476.493 420.545 -163.591 112.92 -96.462
-1300.82 477.326 420.533 -163.82 112.938 -96.444
-1301.38 478.162 420.52 -163.82 112.938 -96.444
-1301.94 479.001 420.507 -164.139 112.968 -96.425
-1302.49 479.842 420.494 -164.139 112.968 -96.425
-1303.04 480.685 420.481 -164.372 112.987 -96.411
-1303.59 481.531 420.468 -164.604 113.008 -96.401
-1304.13 482.379 420.455 -164.604 113.008 -96.401
-1304.67 483.23 420.441 -164.838 113.032 -96.39
-1305.21 484.084 420.428 -165.041 113.05 -96.379
-1305.75 484.94 420.414 -165.242 113.065 -96.367
-1306.28 485.798 420.401 -165.242 113.065 -96.367
-1306.81 486.659 420.387 -165.47 113.082 -96.35
-1307.33 487.522 420.373 -165.722 113.108 -96.335
-1307.86 488.388 420.359 -165.722 113.108 -96.335
-1308.38 489.257 420.345 -166.003 113.132 -96.322
-1308.9 490.128 420.33 -166.003 113.132 -96.322
-1309.41 491.001 420.316 -166.201 113.152 -96.312
-1309.92 491.877 420.302 -166.387 113.167 -96.297
3
-961.161 387.154 421.147 -116.202 111.49 -100.49
-962.08 386.73 421.151 -116.202 111.49 -100.49
-962.999 386.31 421.154 -116.202 111.49 -100.49
-963.92 385.892 421.158 -116.356 111.494 -100.497
-964.841 385.478 421.162 -116.508 111.492 -100.491
-965.763 385.068 421.166 -116.638 111.488 -100.484
-966.686 384.66 421.169 -116.638 111.488 -100.484
-967.61 384.256 421.173 -116.77 111.483 -100.47
-968.535 383.856 421.177 -116.895 111.476 -100.453
-969.461 383.458 421.18 -117.053 111.471 -100.433
-970.388 383.064 421.184 -117.053 111.471 -100.433
-971.315 382.674 421.188 -117.25 111.467 -100.405
-972.244 382.286 421.192 -117.383 111.465 -100.383
-973.173 381.902 421.195 -117.383 111.465 -100.383
-974.103 381.522 421.199 -117.541 111.458 -100.36
-975.034 381.144 421.203 -117.706 111.452 -100.338
-975.966 380.77 421.207 -117.706 111.452 -100.338
-976.899 380.399 421.21 -117.851 111.448 -100.32
-977.832 380.032 421.214 -117.993 111.444 -100.302
-978.767 379.668 421.218 -117.993 111.444 -100.302
-979.702 379.307 421.222 -118.173 111.439 -100.277
-980.639 378.95 421.225 -118.314 111.433 -100.259
-981.576 378.596 421.229 -118.457 111.429 -100.247
-982.514 378.245 421.233 -118.457 111.429 -100.247
-983.453 377.898 421.237 -118.601 111.425 -100.235
-984.393 377.554 421.241 -118.778 111.425 -100.211
-985.334 377.213 421.244 -118.778 111.425 -100.211
-986.275 376.876 421.248 -118.959 111.423 -100.191
-987.218 376.542 421.252 -118.959 111.423 -100.191
-988.161 376.211 421.256 -119.104 111.417 -100.176
-989.105 375.883 421.26 -119.249 111.411 -100.159
-990.05 375.559 421.263 -119.249 111.411 -100.159
-990.996 375.239 421.267 -119.472 111.4 -100.131
-991.943 374.921 421.271 -119.472 111.4 -100.131
-992.891 374.607 421.275 -119.649 111.397 -100.102
-993.84 374.296 421.279 -119.852 111.397 -100.081
-994.789 373.989 421.283 -119.852 111.397 -100.081
-995.74 373.685 421.286 -120.055 111.393 -100.06
-996.691 373.384 421.29 -120.055 111.393 -100.06
-997.643 373.087 421.294 -120.236 111.384 -100.04
-998.596 372.792 421.298 -120.236 111.384 -100.04
-999.55 372.502 421.302 -120.415 111.38 -100.021
-1000.51 372.214 421.306 -120.556 111.377 -100.005
-1001.46 371.93 421.31 -120.556 111.377 -100.005
-1002.42 371.649 421.314 -120.725 111.376 -99.988
-1003.37 371.372 421.317 -120.725 111.376 -99.988
-1004.33 371.098 421.321 -120.909 111.368 -99.968
-1005.29 370.827 421.325 -120.909 111.368 -99.968
-1006.25 370.56 421.329 -120.909 111.368 -99.968
-1007.21 370.295 421.333 -120.909 111.368 -99.968
-1008.18 370.035 421.337 -120.909 111.368 -99.968
-1009.14 369.777 421.341 -121.723 111.347 -99.88
-1010.1 369.523 421.345 -121.723 111.347 -99.88
-1011.07 369.272 421.349 -121.723 111.347 -99.88
-1012.03 369.025 421.353 -121.723 111.347 -99.88
-1013 368.781 421.357 -121.883 111.337 -99.866
-1013.97 368.54 421.361 -121.883 111.337 -99.866
-1014.93 368.302 421.364 -122.038 111.335 -99.847
-1015.9 368.068 421.368 -122.199 111.335 -99.826
-1016.87 367.837 421.372 -122.345 111.334 -99.811
-1017.84 367.61 421.376 -122.345 111.334 -99.811
-1018.81 367.386 421.38 -122.491 111.33 -99.794
-1019.79 367.165 421.384 -122.652 111.318 -99.767
-1020.76 366.947 421.388 -122.652 111.318 -99.767
-1021.73 366.733 421.392 -122.85 111.308 -99.74
-1022.71 366.522 421.396 -122.85 111.308 -99.74
-1023.69 366.315 421.4 -123.01 111.307 -99.72
-1024.66 366.111 421.404 -123.155 111.307 -99.706
-1025.64 365.91 421.408 -123.301 111.306 -99.691
-1026.62 365.712 421.412 -123.301 111.306 -99.691
-1027.6 365.518 421.416 -123.444 111.299 -99.674
-1028.58 365.327 421.42 -123.583 111.289 -99.66
-1029.56 365.14 421.424 -123.583 111.289 -99.66
-1030.54 364.956 421.428 -123.72 111.286 -99.642
-1031.53 364.775 421.432 -123.878 111.285 -99.622
-1032.51 364.597 421.436 -124.02 111.285 -99.604
-1033.49 364.423 421.44 -124.168 111.281 -99.588
-1034.48 364.252 421.444 -124.168 111.281 -99.588
-1035.47 364.085 421.448 -124.312 111.275 -99.573
-1036.45 363.92 421.452 -124.451 111.264 -99.556
-1037.44 363.759 421.456 -124.451 111.264 -99.556
-1038.43 363.602 421.461 -124.592 111.259 -99.54
-1039.42 363.448 421.465 -124.734 111.257 -99.523
-1040.41 363.297 421.469 -124.896 111.257 -99.51
-1041.4 363.149 421.473 -124.896 111.257 -99.51
-1042.4 363.005 421.477 -125.04 111.255 -99.497
-1043.39 362.864 421.481 -125.18 111.252 -99.479
-1044.38 362.727 421.485 -125.18 111.252 -99.479
-1045.38 362.592 421.489 -125.339 111.245 -99.462
-1046.38 362.461 421.493 -125.481 111.238 -99.447
-1047.37 362.334 421.497 -125.481 111.238 -99.447
-1048.37 362.21 421.501 -125.667 111.234 -99.423
-1049.37 362.089 421.505 -125.808 111.231 -99.407
-1050.37 361.971 421.509 -125.808 111.231 -99.407
-1051.37 361.857 421.514 -126.012 111.225 -99.382
-1052.37 361.746 421.518 -126.172 111.22 -99.368
-1053.37 361.638 421.522 -126.172 111.22 -99.368
-1054.38 361.534 421.526 -126.331 111.216 -99.346
-1055.38 361.433 421.53 -126.472 111.212 -99.33
-1056.39 361.336 421.534 -126.472 111.212 -99.33
-1057.39 361.241 421.538 -126.64 111.21 -99.318
-1059.86 361.186 421.553 -127.004 111.199 -99.276
-1060.86 361.112 421.557 -127.004 111.199 -99.276
-1061.86 361.041 421.561 -127.144 111.194 -99.261
-1062.86 360.974 421.564 -127.305 111.188 -99.24
-1063.86 360.911 421.568 -127.305 111.188 -99.24
-1064.86 360.852 421.572 -127.471 111.186 -99.222
-1065.86 360.797 421.576 -127.615 111.185 -99.207
-1066.86 360.746 421.579 -127.615 111.185 -99.207
-1067.86 360.698 421.583 -127.774 111.182 -99.191
-1068.86 360.655 421.587 -127.911 111.176 -99.179
-1069.86 360.615 421.59 -127.911 111.176 -99.179
-1070.86 360.579 421.594 -128.072 111.171 -99.157
-1071.86 360.547 421.598 -128.258 111.17 -99.143
-1072.86 360.519 421.601 -128.258 111.17 -99.143
-1073.86 360.495 421.605 -128.401 111.166 -99.125
-1074.86 360.475 421.609 -128.566 111.16 -99.103
-1075.86 360.458 421.612 -128.566 111.16 -99.103
-1076.85 360.445 421.616 -128.727 111.154 -99.083
-1077.85 360.436 421.62 -128.881 111.15 -99.063
-1078.85 360.432 421.623 -129.02 111.145 -99.044
-1079.85 360.43 421.627 -129.02 111.145 -99.044
-1080.85 360.433 421.631 -129.148 111.143 -99.035
-1081.85 360.44 421.634 -129.295 111.141 -99.023
-1082.85 360.45 421.638 -129.436 111.136 -99.009
-1083.85 360.465 421.641 -129.436 111.136 -99.009
-1084.85 360.483 421.645 -129.579 111.129 -98.995
-1085.84 360.505 421.648 -129.74 111.123 -98.975
-1086.84 360.531 421.652 -129.74 111.123 -98.975
-1087.84 360.561 421.655 -129.896 111.12 -98.951
-1088.84 360.594 421.659 -130.052 111.119 -98.929
-1089.84 360.632 421.663 -130.052 111.119 -98.929
-1090.84 360.673 421.666 -130.241 111.114 -98.907
-1091.83 360.718 421.67 -130.388 111.107 -98.891
-1092.83 360.767 421.673 -130.388 111.107 -98.891
-1093.83 360.82 421.676 -130.569 111.098 -98.872
-1094.83 360.877 421.68 -130.569 111.098 -98.872
-1095.83 360.938 421.683 -130.729 111.091 -98.854
-1096.82 361.002 421.687 -130.872 111.088 -98.838
-1097.82 361.071 421.69 -131.033 111.089 -98.82
-1098.82 361.143 421.694 -131.033 111.089 -98.82
-1099.82 361.219 421.697 -131.17 111.088 -98.801
-1100.82 361.299 421.701 -131.353 111.079 -98.771
-1101.81 361.383 421.704 -131.353 111.079 -98.771
-1102.81 361.471 421.707 -131.497 111.07 -98.754
-1103.81 361.562 421.711 -131.66 111.063 -98.739
-1104.81 361.658 421.714 -131.66 111.063 -98.739
-1105.81 361.757 421.717 -131.824 111.06 -98.72
-1108.3 362.042 421.771 -132.111 111.057 -98.693
-1109.3 362.153 421.775 -132.266 111.052 -98.675
-1110.3 362.267 421.779 -132.266 111.052 -98.675
-1111.29 362.385 421.783 -132.423 111.048 -98.655
-1112.29 362.507 421.786 -132.611 111.042 -98.635
-1113.28 362.633 421.789 -132.611 111.042 -98.635
-1114.27 362.762 421.793 -132.758 111.038 -98.621
-1115.26 362.895 421.796 -132.921 111.035 -98.606
-1116.26 363.032 421.799 -132.921 111.035 -98.606
-1117.25 363.172 421.802 -133.061 111.031 -98.594
-1118.24 363.316 421.805 -133.24 111.024 -98.572
-1119.22 363.464 421.807 -133.24 111.024 -98.572
-1120.21 363.615 421.81 -133.381 111.021 -98.555
-1121.2 363.77 421.813 -133.521 111.019 -98.54
-1122.19 363.929 421.815 -133.664 111.015 -98.526
-1123.17 364.092 421.817 -133.79 111.011 -98.514
-1124.16 364.258 421.82 -133.79 111.011 -98.514
-1125.14 364.428 421.822 -133.936 111.007 -98.499
-1126.13 364.602 421.824 -134.076 111.001 -98.482
-1127.11 364.779 421.825 -134.076 111.001 -98.482
-1128.09 364.96 421.827 -134.212 110.997 -98.463
-1129.07 365.145 421.829 -134.372 110.992 -98.442
-1130.06 365.334 421.83 -134.539 110.989 -98.424
-1131.04 365.526 421.832 -134.539 110.989 -98.424
-1132.01 365.722 421.833 -134.681 110.986 -98.41
-1132.99 365.921 421.834 -134.821 110.981 -98.393
-1133.97 366.125 421.836 -134.98 110.974 -98.376
-1134.95 366.332 421.837 -134.98 110.974 -98.376
-1135.93 366.542 421.837 -135.142 110.969 -98.359
-1136.9 366.757 421.838 -135.286 110.968 -98.344
-1137.88 366.975 421.839 -135.286 110.968 -98.344
-1138.85 367.197 421.839 -135.432 110.967 -98.329
-1139.82 367.422 421.84 -135.613 110.964 -98.309
-1140.8 367.652 421.84 -135.613 110.964 -98.309
-1141.77 367.885 421.841 -135.749 110.959 -98.289
-1142.74 368.121 421.841 -135.95 110.95 -98.264
-1143.71 368.362 421.841 -135.95 110.95 -98.264
-1144.68 368.606 421.841 -136.115 110.945 -98.247
-1145.65 368.853 421.84 -136.115 110.945 -98.247
-1146.62 369.105 421.84 -136.299 110.942 -98.227
-1147.58 369.36 421.84 -136.441 110.939 -98.213
-1148.55 369.619 421.839 -136.441 110.939 -98.213
-1149.52 369.882 421.839 -136.606 110.932 -98.196
-1150.48 370.148 421.838 -136.768 110.927 -98.181
-1151.45 370.418 421.837 -136.768 110.927 -98.181
-1152.41 370.692 421.836 -136.906 110.925 -98.165
-1153.37 370.969 421.835 -137.047 110.923 -98.146
-1154.34 371.25 421.834 -137.191 110.919 -98.126
-1156.87 371.891 421.831 -137.498 110.903 -98.087
-1157.83 372.188 421.83 -137.498 110.903 -98.087
-1158.79 372.488 421.828 -137.717 110.895 -98.061
-1159.74 372.792 421.827 -137.717 110.895 -98.061
-1160.69 373.099 421.825 -137.856 110.893 -98.045
-1161.65 373.41 421.823 -138 110.894 -98.033
-1162.6 373.724 421.821 -138.163 110.89 -98.014
-1163.55 374.041 421.819 -138.163 110.89 -98.014
-1164.49 374.362 421.817 -138.328 110.882 -97.994
-1165.44 374.687 421.814 -138.468 110.875 -97.975
-1166.38 375.014 421.812 -138.468 110.875 -97.975
-1167.33 375.345 421.809 -138.627 110.869 -97.954
-1168.27 375.68 421.807 -138.769 110.864 -97.935
-1169.21 376.018 421.804 -138.769 110.864 -97.935
-1170.15 376.359 421.801 -138.973 110.861 -97.912
-1171.09 376.704 421.798 -139.132 110.858 -97.898
-1172.03 377.052 421.795 -139.132 110.858 -97.898
-1172.96 377.404 421.792 -139.305 110.853 -97.878
-1173.89 377.759 421.788 -139.441 110.849 -97.864
-1174.83 378.118 421.785 -139.441 110.849 -97.864
-1175.76 378.48 421.781 -139.602 110.846 -97.849
-1176.69 378.845 421.778 -139.768 110.85 -97.837
-1177.62 379.214 421.774 -139.916 110.855 -97.825
-1178.54 379.586 421.77 -139.916 110.855 -97.825
-1179.47 379.961 421.766 -140.094 110.865 -97.813
-1180.39 380.34 421.762 -140.33 110.876 -97.79
-1181.32 380.723 421.758 -140.33 110.876 -97.79
-1182.24 381.109 421.753 -140.509 110.887 -97.781
-1183.16 381.498 421.749 -140.753 110.906 -97.767
-1184.08 381.891 421.744 -140.753 110.906 -97.767
-1184.99 382.287 421.74 -141.031 110.932 -97.754
-1185.91 382.686 421.735 -141.031 110.932 -97.754
-1186.82 383.089 421.73 -141.258 110.948 -97.741
-1187.74 383.496 421.725 -141.461 110.963 -97.729
-1188.65 383.905 421.72 -141.461 110.963 -97.729
-1189.56 384.319 421.715 -141.694 110.987 -97.714
-1190.47 384.735 421.71 -141.956 111.011 -97.701
-1191.37 385.155 421.704 -141.956 111.011 -97.701
-1192.28 385.579 421.699 -142.186 111.034 -97.692
-1193.19 386.006 421.693 -142.386 111.053 -97.676
-1194.09 386.436 421.688 -142.386 111.053 -97.676
-1194.99 386.87 421.682 -142.709 111.078 -97.66
-1195.89 387.307 421.676 -142.709 111.078 -97.66
-1196.79 387.748 421.67 -142.91 111.097 -97.65
-1197.69 388.192 421.664 -142.91 111.097 -97.65
-1198.58 388.639 421.657 -143.17 111.121 -97.637
-1199.48 389.09 421.651 -143.492 111.151 -97.617
-1200.37 389.544 421.645 -143.492 111.151 -97.617
-1203.53 391.114 421.643 -143.921 111.19 -97.592
-1204.42 391.579 421.637 -144.157 111.213 -97.582
-1205.31 392.048 421.632 -144.39 111.236 -97.57
-1206.19 392.519 421.626 -144.39 111.236 -97.57
-1207.07 392.993 421.621 -144.648 111.253 -97.555
-1207.96 393.47 421.615 -144.855 111.271 -97.544
-1208.83 393.951 421.61 -144.855 111.271 -97.544
-1209.71 394.434 421.604 -145.087 111.293 -97.527
-1210.58 394.921 421.599 -145.087 111.293 -97.527
-1211.46 395.41 421.593 -145.343 111.316 -97.509
-1212.33 395.903 421.587 -145.548 111.335 -97.498
-1213.2 396.399 421.581 -145.548 111.335 -97.498
-1214.06 396.897 421.575 -145.809 111.358 -97.483
-1214.93 397.399 421.569 -146.044 111.373 -97.466
-1215.79 397.904 421.563 -146.044 111.373 -97.466
-1216.65 398.412 421.557 -146.363 111.401 -97.442
-1217.51 398.923 421.551 -146.363 111.401 -97.442
-1218.37 399.437 421.545 -146.565 111.422 -97.432
-1219.22 399.954 421.539 -146.565 111.422 -97.432
-1220.07 400.474 421.533 -146.852 111.45 -97.415
-1220.93 400.997 421.527 -147.053 111.466 -97.404
-1221.77 401.523 421.52 -147.053 111.466 -97.404
-1222.62 402.053 421.514 -147.286 111.484 -97.388
-1223.47 402.585 421.508 -147.493 111.502 -97.375
-1224.31 403.12 421.501 -147.493 111.502 -97.375
-1225.15 403.659 421.495 -147.7 111.519 -97.362
-1225.99 404.2 421.488 -147.929 111.539 -97.353
-1226.83 404.745 421.481 -147.929 111.539 -97.353
-1227.66 405.293 421.475 -148.156 111.564 -97.343
-1228.5 405.843 421.468 -148.358 111.584 -97.335
-1229.33 406.397 421.461 -148.563 111.6 -97.325
-1230.16 406.954 421.454 -148.563 111.6 -97.325
-1230.99 407.514 421.448 -148.766 111.617 -97.315
-1231.81 408.077 421.441 -149.031 111.638 -97.295
-1232.63 408.643 421.434 -149.031 111.638 -97.295
-1233.46 409.212 421.427 -149.237 111.656 -97.282
-1234.28 409.784 421.42 -149.437 111.675 -97.275
-1235.09 410.359 421.413 -149.437 111.675 -97.275
-1235.91 410.937 421.405 -149.636 111.695 -97.265
-1236.72 411.518 421.398 -149.87 111.72 -97.258
-1237.54 412.103 421.391 -150.075 111.735 -97.244
-1238.35 412.69 421.384 -150.075 111.735 -97.244
-1239.15 413.281 421.376 -150.277 111.748 -97.227
-1239.96 413.874 421.369 -150.481 111.766 -97.214
-1240.76 414.471 421.362 -150.481 111.766 -97.214
-1241.57 415.07 421.354 -150.685 111.788 -97.205
-1242.37 415.673 421.347 -151.004 111.818 -97.19
-1243.16 416.279 421.339 -151.004 111.818 -97.19
-1243.96 416.888 421.331 -151.205 111.834 -97.18
-1246.07 418.5 421.339 -151.697 111.88 -97.152
-1246.86 419.13 421.333 -151.697 111.88 -97.152
-1247.65 419.762 421.327 -151.898 111.896 -97.139
-1248.44 420.396 421.32 -152.131 111.919 -97.131
-1249.22 421.032 421.314 -152.131 111.919 -97.131
-1250 421.672 421.307 -152.336 111.937 -97.121
-1250.78 422.313 421.301 -152.569 111.956 -97.106
-1251.56 422.957 421.294 -152.569 111.956 -97.106
-1252.33 423.603 421.287 -152.857 111.981 -97.088
-1253.1 424.252 421.28 -152.857 111.981 -97.088
-1253.87 424.903 421.273 -153.091 112.002 -97.071
-1254.63 425.557 421.266 -153.35 112.026 -97.053
-1255.39 426.213 421.259 -153.35 112.026 -97.053
-1256.15 426.872 421.251 -153.728 112.055 -97.027
-1256.91 427.533 421.244 -153.728 112.055 -97.027
-1257.66 428.196 421.236 -153.962 112.077 -97.014
-1258.41 428.862 421.228 -153.962 112.077 -97.014
-1259.16 429.53 421.221 -154.166 112.095 -97.007
-1259.91 430.201 421.213 -154.366 112.114 -96.996
-1260.65 430.874 421.205 -154.366 112.114 -96.996
-1261.39 431.55 421.197 -154.57 112.133 -96.983
-1262.13 432.228 421.188 -154.774 112.147 -96.965
-1262.86 432.908 421.18 -154.976 112.161 -96.949
-1263.59 433.591 421.172 -154.976 112.161 -96.949
-1264.32 434.276 421.163 -155.206 112.184 -96.937
-1265.05 434.964 421.154 -155.468 112.207 -96.921
-1265.77 435.654 421.146 -155.468 112.207 -96.921
-1266.49 436.347 421.137 -155.699 112.227 -96.913
-1267.21 437.042 421.128 -155.899 112.248 -96.906
-1267.93 437.739 421.119 -155.899 112.248 -96.906
-1268.64 438.439 421.11 -156.136 112.27 -96.895
-1269.35 439.142 421.1 -156.342 112.286 -96.88
-1270.05 439.846 421.091 -156.342 112.286 -96.88
-1270.76 440.554 421.082 -156.57 112.301 -96.866
-1271.46 441.263 421.072 -156.805 112.324 -96.851
-1272.16 441.975 421.062 -156.805 112.324 -96.851
-1272.86 442.69 421.053 -157.035 112.349 -96.842
-1273.55 443.407 421.043 -157.236 112.368 -96.836
-1274.24 444.126 421.033 -157.236 112.368 -96.836
-1274.93 444.848 421.023 -157.469 112.389 -96.825
-1275.61 445.572 421.013 -157.734 112.412 -96.811
-1276.29 446.299 421.002 -157.734 112.412 -96.811
-1276.97 447.028 420.992 -157.993 112.431 -96.789
-1277.65 447.759 420.981 -157.993 112.431 -96.789
-1278.32 448.493 420.971 -158.223 112.451 -96.771
-1279 449.229 420.96 -158.427 112.469 -96.763
-1279.66 449.968 420.949 -158.427 112.469 -96.763
-1280.33 450.709 420.938 -158.658 112.488 -96.749
-1280.99 451.453 420.927 -158.887 112.506 -96.736
-1281.65 452.199 420.916 -158.887 112.506 -96.736
-1282.31 452.948 420.905 -159.123 112.53 -96.726
-1282.97 453.699 420.894 -159.383 112.556 -96.714
-1283.62 454.452 420.882 -159.383 112.556 -96.714
-1284.27 455.208 420.871 -159.641 112.58 -96.699
-1284.91 455.966 420.859 -159.641 112.58 -96.699
-1285.56 456.727 420.848 -159.906 112.603 -96.68
-1286.2 457.49 420.836 -159.906 112.603 -96.68
-1286.84 458.256 420.824 -160.167 112.624 -96.663
-1287.47 459.023 420.812 -160.367 112.64 -96.654
-1288.1 459.794 420.8 -160.367 112.64 -96.654
-1288.73 460.567 420.787 -160.599 112.665 -96.647
-1289.36 461.342 420.775 -160.802 112.682 -96.634
-1289.99 462.12 420.763 -161.003 112.697 -96.618
-1290.61 462.9 420.75 -161.003 112.697 -96.618
-1291.23 463.682 420.737 -161.212 112.715 -96.606
-1291.84 464.467 420.725 -161.416 112.731 -96.591
-1292.46 465.255 420.712 -161.416 112.731 -96.591
-1293.07 466.045 420.699 -161.645 112.749 -96.573
-1293.68 466.837 420.686 -161.876 112.772 -96.56
-1294.28 467.632 420.672 -161.876 112.772 -96.56
-1294.88 468.429 420.659 -162.11 112.794 -96.548
-1295.48 469.228 420.646 -162.37 112.815 -96.532
-1296.08 470.031 420.632 -162.37 112.815 -96.532
-1296.68 470.835 420.619 -162.6 112.834 -96.52
-1297.27 471.642 420.605 -162.864 112.858 -96.505
-1297.86 472.451 420.591 -162.864 112.858 -96.505
-1298.44 473.263 420.577 -163.096 112.88 -96.493
-1299.02 474.077 420.563 -163.096 112.88 -96.493
-1299.61 474.894 420.549 -163.298 112.895 -96.48
-1300.18 475.713 420.535 -163.504 112.914 -96.467
-1300.76 476.534 420.521 -163.735 112.933 -96.45
-1301.33 477.358 420.506 -163.735 112.933 -96.45
-1301.9 478.184 420.492 -163.933 112.948 -96.436
-1302.47 479.013 420.477 -164.139 112.969 -96.425
-1303.03 479.844 420.463 -164.139 112.969 -96.425
-1303.59 480.678 420.448 -164.401 112.99 -96.408
-1304.15 481.514 420.433 -164.631 113.01 -96.398
-1304.71 482.353 420.418 -164.631 113.01 -96.398
-1305.26 483.194 420.403 -164.838 113.032 -96.391
-1305.81 484.037 420.387 -165.099 113.053 -96.375
-1306.36 484.883 420.372 -165.099 113.053 -96.375
-1306.9 485.731 420.357 -165.299 113.068 -96.363
-1307.44 486.582 420.341 -165.499 113.085 -96.349
-1307.98 487.435 420.325 -165.723 113.108 -96.336
-1308.52 488.29 420.31 -165.723 113.108 -96.336
-1309.05 489.148 420.294 -165.955 113.129 -96.326
-1309.59 490.009 420.278 -166.219 113.154 -96.31
-1310.11 490.871 420.262 -166.219 113.154 -96.31
-1310.64 491.737 420.246 -166.4 113.169 -96.296
-1311.16 492.604 420.229 -166.4 113.169 -96.296
4
-962.861 383.298 420.238 -116.202 111.49 -100.49
-963.784 382.883 420.241 -116.202 111.49 -100.49
-964.708 382.471 420.244 -116.202 111.49 -100.49
-965.634 382.063 420.247 -116.348 111.494 -100.498
-966.559 381.658 420.249 -116.496 111.492 -100.493
-967.486 381.257 420.252 -116.496 111.492 -100.493
-968.414 380.859 420.255 -116.653 111.488 -100.482
-969.342 380.465 420.258 -116.787 111.481 -100.468
-970.272 380.074 420.26 -116.915 111.475 -100.451
-971.202 379.687 420.263 -117.054 111.471 -100.435
-972.133 379.302 420.266 -117.054 111.471 -100.435
-973.065 378.922 420.269 -117.211 111.468 -100.411
-973.998 378.545 420.272 -117.344 111.466 -100.389
-974.932 378.171 420.274 -117.501 111.459 -100.366
-975.866 377.801 420.277 -117.501 111.459 -100.366
-976.802 377.434 420.28 -117.644 111.455 -100.347
-977.738 377.07 420.283 -117.789 111.449 -100.327
-978.676 376.71 420.286 -117.789 111.449 -100.327
-979.614 376.354 420.289 -117.974 111.443 -100.304
-980.553 376 420.292 -118.133 111.441 -100.282
-981.492 375.651 420.295 -118.133 111.441 -100.282
-982.433 375.304 420.298 -118.293 111.434 -100.262
-983.375 374.962 420.3 -118.436 111.429 -100.249
-984.317 374.622 420.303 -118.436 111.429 -100.249
-985.261 374.286 420.306 -118.581 111.426 -100.236
-986.205 373.954 420.309 -118.778 111.425 -100.211
-987.15 373.625 420.312 -118.778 111.425 -100.211
-988.096 373.299 420.315 -118.938 111.423 -100.192
-989.043 372.977 420.318 -119.103 111.418 -100.176
-989.99 372.658 420.321 -119.103 111.418 -100.176
-990.939 372.343 420.324 -119.27 111.41 -100.157
-991.888 372.031 420.327 -119.27 111.41 -100.157
-992.839 371.722 420.331 -119.433 111.401 -100.137
-993.79 371.417 420.334 -119.571 111.398 -100.116
-994.742 371.116 420.337 -119.729 111.397 -100.094
-995.695 370.817 420.34 -119.729 111.397 -100.094
-996.649 370.523 420.343 -119.872 111.396 -100.08
-997.603 370.231 420.346 -120.036 111.394 -100.062
-998.559 369.944 420.349 -120.036 111.394 -100.062
-999.515 369.659 420.352 -120.217 111.385 -100.044
-1000.47 369.378 420.355 -120.217 111.385 -100.044
-1001.43 369.101 420.359 -120.354 111.382 -100.028
-1002.39 368.827 420.362 -120.536 111.379 -100.009
-1003.35 368.556 420.365 -120.536 111.379 -100.009
-1004.31 368.289 420.368 -120.536 111.379 -100.009
-1005.27 368.025 420.371 -120.536 111.379 -100.009
-1006.23 367.765 420.375 -121.182 111.357 -99.931
-1007.2 367.508 420.378 -121.182 111.357 -99.931
-1008.16 367.254 420.381 -121.182 111.357 -99.931
-1009.13 367.004 420.384 -121.182 111.357 -99.931
-1010.09 366.758 420.388 -121.323 111.356 -99.913
-1011.06 366.514 420.391 -121.323 111.356 -99.913
-1012.03 366.275 420.394 -121.661 111.351 -99.885
-1013 366.038 420.397 -121.661 111.351 -99.885
-1013.97 365.806 420.401 -121.661 111.351 -99.885
-1014.94 365.576 420.404 -121.961 111.335 -99.858
-1015.91 365.35 420.407 -121.961 111.335 -99.858
-1016.88 365.128 420.411 -122.118 111.335 -99.837
-1017.85 364.908 420.414 -122.281 111.334 -99.817
-1018.83 364.693 420.418 -122.281 111.334 -99.817
-1019.8 364.481 420.421 -122.429 111.333 -99.801
-1020.78 364.272 420.424 -122.429 111.333 -99.801
-1021.75 364.066 420.428 -122.613 111.32 -99.775
-1022.73 363.865 420.431 -122.771 111.31 -99.75
-1023.71 363.666 420.435 -122.771 111.31 -99.75
-1024.69 363.471 420.438 -122.929 111.308 -99.729
-1025.67 363.279 420.441 -123.093 111.308 -99.712
-1026.65 363.091 420.445 -123.093 111.308 -99.712
-1027.63 362.906 420.448 -123.093 111.308 -99.712
-1028.61 362.725 420.452 -123.444 111.299 -99.674
-1029.6 362.547 420.455 -123.444 111.299 -99.674
-1030.58 362.373 420.459 -123.583 111.29 -99.661
-1031.56 362.202 420.462 -123.739 111.285 -99.639
-1032.55 362.034 420.466 -123.739 111.285 -99.639
-1033.54 361.87 420.47 -123.878 111.285 -99.62
-1034.53 361.71 420.473 -124.063 111.282 -99.598
-1035.51 361.552 420.477 -124.063 111.282 -99.598
-1036.5 361.399 420.48 -124.19 111.28 -99.587
-1037.49 361.248 420.484 -124.331 111.273 -99.57
-1038.49 361.101 420.487 -124.471 111.263 -99.553
-1039.48 360.958 420.491 -124.471 111.263 -99.553
-1040.47 360.818 420.495 -124.653 111.257 -99.533
-1041.46 360.681 420.498 -124.653 111.257 -99.533
-1042.46 360.548 420.502 -124.835 111.257 -99.514
-1043.45 360.418 420.506 -124.835 111.257 -99.514
-1044.45 360.292 420.509 -125.141 111.253 -99.485
-1045.45 360.169 420.513 -125.141 111.253 -99.485
-1046.45 360.05 420.517 -125.279 111.247 -99.467
-1047.45 359.934 420.52 -125.419 111.241 -99.454
-1048.45 359.821 420.524 -125.419 111.241 -99.454
-1049.45 359.712 420.528 -125.583 111.236 -99.432
-1050.45 359.606 420.532 -125.583 111.236 -99.432
-1051.45 359.504 420.535 -125.951 111.226 -99.389
-1052.45 359.405 420.539 -125.951 111.226 -99.389
-1053.46 359.31 420.543 -125.951 111.226 -99.389
-1054.46 359.218 420.547 -126.132 111.22 -99.371
-1055.47 359.129 420.551 -126.311 111.216 -99.349
-1056.48 359.044 420.554 -126.311 111.216 -99.349
-1057.48 358.963 420.558 -126.493 111.212 -99.328
-1058.49 358.884 420.562 -126.493 111.212 -99.328
-1062.69 358.717 420.582 -126.963 111.2 -99.279
-1063.69 358.659 420.586 -127.143 111.193 -99.258
-1064.69 358.605 420.59 -127.143 111.193 -99.258
-1065.69 358.555 420.593 -127.512 111.185 -99.217
-1066.69 358.509 420.597 -127.512 111.185 -99.217
-1067.69 358.466 420.6 -127.512 111.185 -99.217
-1068.69 358.428 420.604 -127.654 111.184 -99.202
-1069.69 358.393 420.607 -127.793 111.18 -99.188
-1070.69 358.361 420.611 -127.93 111.174 -99.176
-1071.69 358.334 420.614 -127.93 111.174 -99.176
-1072.7 358.311 420.618 -128.258 111.169 -99.141
-1073.7 358.291 420.621 -128.258 111.169 -99.141
-1074.7 358.275 420.625 -128.258 111.169 -99.141
-1075.7 358.262 420.628 -128.566 111.16 -99.103
-1076.7 358.254 420.632 -128.566 111.16 -99.103
-1077.7 358.249 420.635 -128.566 111.16 -99.103
-1078.7 358.249 420.639 -128.727 111.154 -99.084
-1079.69 358.252 420.642 -128.881 111.15 -99.064
-1080.69 358.258 420.646 -128.881 111.15 -99.064
-1081.69 358.269 420.65 -129.041 111.145 -99.044
-1082.69 358.283 420.653 -129.191 111.144 -99.033
-1083.69 358.301 420.657 -129.191 111.144 -99.033
-1084.69 358.323 420.66 -129.357 111.139 -99.019
-1085.69 358.349 420.664 -129.539 111.131 -99.002
-1086.69 358.378 420.667 -129.539 111.131 -99.002
-1087.69 358.411 420.671 -129.68 111.125 -98.985
-1088.69 358.448 420.674 -129.818 111.122 -98.964
-1089.68 358.489 420.678 -129.973 111.12 -98.94
-1090.68 358.534 420.681 -129.973 111.12 -98.94
-1091.68 358.582 420.685 -130.158 111.117 -98.917
-1092.68 358.635 420.688 -130.306 111.111 -98.901
-1093.68 358.691 420.692 -130.306 111.111 -98.901
-1094.68 358.75 420.695 -130.45 111.104 -98.886
-1095.67 358.814 420.699 -130.609 111.096 -98.868
-1096.67 358.881 420.702 -130.609 111.096 -98.868
-1097.67 358.952 420.706 -130.749 111.09 -98.852
-1098.67 359.027 420.709 -130.914 111.088 -98.835
-1099.66 359.106 420.713 -130.914 111.088 -98.835
-1100.66 359.189 420.716 -131.055 111.089 -98.819
-1101.66 359.275 420.72 -131.212 111.087 -98.795
-1102.66 359.365 420.723 -131.353 111.079 -98.772
-1103.65 359.459 420.727 -131.353 111.079 -98.772
-1104.65 359.557 420.73 -131.498 111.071 -98.755
-1105.65 359.658 420.734 -131.641 111.064 -98.741
-1106.64 359.763 420.737 -131.783 111.061 -98.724
-1107.64 359.872 420.741 -131.783 111.061 -98.724
-1108.64 359.985 420.744 -131.929 111.06 -98.711
-1109.63 360.102 420.747 -132.092 111.058 -98.697
-1112.63 360.57 420.796 -132.424 111.048 -98.656
-1113.62 360.7 420.8 -132.424 111.048 -98.656
-1114.61 360.834 420.804 -132.61 111.042 -98.635
-1115.61 360.971 420.808 -132.736 111.039 -98.623
-1116.6 361.112 420.811 -132.736 111.039 -98.623
-1117.59 361.257 420.815 -132.901 111.035 -98.608
-1118.58 361.405 420.818 -133.061 111.031 -98.595
-1119.57 361.557 420.822 -133.061 111.031 -98.595
-1120.56 361.713 420.825 -133.221 111.025 -98.576
-1121.55 361.872 420.829 -133.381 111.021 -98.556
-1122.53 362.035 420.832 -133.542 111.019 -98.539
-1123.52 362.202 420.835 -133.542 111.019 -98.539
-1124.5 362.372 420.838 -133.684 111.015 -98.526
-1125.49 362.546 420.841 -133.811 111.01 -98.513
-1126.47 362.723 420.844 -133.956 111.005 -98.498
-1127.46 362.905 420.847 -133.956 111.005 -98.498
-1128.44 363.09 420.849 -134.114 111 -98.477
-1129.42 363.278 420.852 -134.25 110.995 -98.458
-1130.4 363.471 420.854 -134.393 110.992 -98.441
-1131.38 363.667 420.857 -134.393 110.992 -98.441
-1132.36 363.866 420.859 -134.539 110.99 -98.425
-1133.34 364.07 420.861 -134.702 110.986 -98.409
-1134.32 364.277 420.863 -134.702 110.986 -98.409
-1135.29 364.487 420.865 -134.88 110.979 -98.387
-1136.27 364.702 420.867 -135.021 110.972 -98.372
-1137.25 364.92 420.869 -135.021 110.972 -98.372
-1138.22 365.141 420.871 -135.162 110.968 -98.358
-1139.19 365.367 420.873 -135.328 110.967 -98.34
-1140.17 365.596 420.874 -135.473 110.966 -98.325
-1141.14 365.828 420.876 -135.473 110.966 -98.325
-1142.11 366.064 420.877 -135.613 110.964 -98.309
-1143.08 366.304 420.879 -135.749 110.959 -98.29
-1144.05 366.548 420.88 -135.889 110.953 -98.272
-1145.02 366.795 420.881 -135.889 110.953 -98.272
-1145.99 367.046 420.882 -136.033 110.947 -98.255
-1146.96 367.301 420.883 -136.177 110.945 -98.241
-1147.92 367.559 420.884 -136.339 110.941 -98.223
-1148.89 367.821 420.885 -136.339 110.941 -98.223
-1149.85 368.087 420.886 -136.504 110.936 -98.206
-1150.82 368.356 420.887 -136.688 110.928 -98.189
-1151.78 368.629 420.887 -136.688 110.928 -98.189
-1152.74 368.906 420.888 -136.828 110.925 -98.174
-1153.71 369.186 420.888 -136.985 110.925 -98.154
-1154.67 369.47 420.888 -136.985 110.925 -98.154
-1155.63 369.758 420.889 -137.17 110.92 -98.128
-1156.59 370.049 420.889 -137.316 110.913 -98.109
-1158.67 370.581 420.889 -137.458 110.904 -98.092
-1159.63 370.889 420.889 -137.598 110.898 -98.076
-1160.58 371.201 420.889 -137.738 110.894 -98.059
-1161.53 371.515 420.888 -137.738 110.894 -98.059
-1162.48 371.834 420.888 -137.877 110.893 -98.044
-1163.43 372.156 420.887 -138.04 110.894 -98.028
-1164.38 372.481 420.887 -138.184 110.889 -98.013
-1165.32 372.81 420.886 -138.184 110.889 -98.013
-1166.27 373.143 420.885 -138.347 110.881 -97.991
-1167.21 373.479 420.884 -138.508 110.873 -97.97
-1168.15 373.818 420.883 -138.508 110.873 -97.97
-1169.09 374.161 420.882 -138.647 110.868 -97.952
-1170.03 374.507 420.881 -138.81 110.864 -97.931
-1170.97 374.857 420.879 -138.81 110.864 -97.931
-1171.9 375.211 420.878 -138.974 110.86 -97.912
-1172.84 375.568 420.876 -139.112 110.858 -97.898
-1173.77 375.928 420.875 -139.248 110.855 -97.885
-1174.7 376.292 420.873 -139.402 110.85 -97.868
-1175.63 376.66 420.871 -139.402 110.85 -97.868
-1176.56 377.031 420.869 -139.54 110.846 -97.854
-1177.48 377.405 420.867 -139.704 110.847 -97.839
-1178.41 377.783 420.865 -139.704 110.847 -97.839
-1179.33 378.165 420.863 -139.874 110.853 -97.828
-1180.25 378.55 420.86 -140.048 110.862 -97.815
-1181.18 378.939 420.858 -140.232 110.871 -97.799
-1182.09 379.331 420.855 -140.232 110.871 -97.799
-1183.01 379.726 420.853 -140.405 110.882 -97.786
-1183.93 380.125 420.85 -140.616 110.895 -97.774
-1184.84 380.528 420.847 -140.616 110.895 -97.774
-1185.76 380.934 420.844 -140.836 110.914 -97.765
-1186.67 381.343 420.841 -141.032 110.932 -97.755
-1187.58 381.757 420.838 -141.258 110.948 -97.742
-1188.49 382.173 420.835 -141.258 110.948 -97.742
-1189.4 382.593 420.831 -141.491 110.967 -97.728
-1190.3 383.017 420.828 -141.694 110.987 -97.715
-1191.21 383.444 420.824 -141.694 110.987 -97.715
-1192.11 383.875 420.821 -141.898 111.006 -97.704
-1193.01 384.309 420.817 -142.1 111.024 -97.696
-1193.91 384.746 420.813 -142.1 111.024 -97.696
-1194.81 385.187 420.809 -142.301 111.045 -97.683
-1195.71 385.632 420.805 -142.533 111.063 -97.669
-1196.6 386.08 420.801 -142.766 111.083 -97.657
-1197.5 386.532 420.797 -142.766 111.083 -97.657
-1198.39 386.987 420.792 -142.994 111.105 -97.643
-1199.28 387.446 420.788 -142.994 111.105 -97.643
-1200.17 387.908 420.783 -143.228 111.127 -97.633
-1201.06 388.374 420.778 -143.433 111.145 -97.62
-1204.17 389.922 420.784 -143.951 111.193 -97.589
-1205.06 390.396 420.78 -143.951 111.193 -97.589
-1205.94 390.874 420.777 -144.216 111.219 -97.577
-1206.82 391.354 420.773 -144.446 111.24 -97.565
-1207.7 391.838 420.769 -144.446 111.24 -97.565
-1208.57 392.325 420.765 -144.676 111.256 -97.552
-1209.45 392.815 420.761 -144.884 111.273 -97.54
-1210.32 393.308 420.757 -144.884 111.273 -97.54
-1211.19 393.804 420.753 -145.144 111.299 -97.523
-1212.06 394.303 420.749 -145.144 111.299 -97.523
-1212.92 394.805 420.744 -145.401 111.321 -97.503
-1213.78 395.311 420.74 -145.605 111.342 -97.494
-1214.65 395.819 420.736 -145.809 111.358 -97.482
-1215.51 396.331 420.731 -145.809 111.358 -97.482
-1216.36 396.845 420.727 -146.043 111.374 -97.466
-1217.22 397.363 420.722 -146.246 111.39 -97.449
-1218.07 397.884 420.718 -146.246 111.39 -97.449
-1218.92 398.408 420.713 -146.449 111.41 -97.438
-1219.77 398.935 420.709 -146.707 111.435 -97.42
-1220.62 399.465 420.704 -146.707 111.435 -97.42
-1221.47 399.998 420.699 -146.909 111.454 -97.41
-1222.31 400.534 420.694 -147.11 111.47 -97.399
-1223.15 401.074 420.69 -147.11 111.47 -97.399
-1223.99 401.616 420.685 -147.434 111.497 -97.38
-1224.83 402.162 420.68 -147.434 111.497 -97.38
-1225.66 402.71 420.675 -147.669 111.518 -97.364
-1226.5 403.262 420.67 -147.901 111.535 -97.355
-1227.33 403.817 420.665 -147.901 111.535 -97.355
-1228.16 404.375 420.659 -148.129 111.561 -97.344
-1228.98 404.936 420.654 -148.329 111.581 -97.336
-1229.81 405.5 420.649 -148.329 111.581 -97.336
-1230.63 406.067 420.644 -148.563 111.601 -97.326
-1231.45 406.637 420.638 -148.793 111.621 -97.313
-1232.27 407.21 420.633 -148.793 111.621 -97.313
-1233.09 407.787 420.627 -149.029 111.638 -97.295
-1233.9 408.366 420.622 -149.236 111.654 -97.282
-1234.72 408.949 420.616 -149.236 111.654 -97.282
-1235.53 409.534 420.611 -149.465 111.677 -97.272
-1236.34 410.123 420.605 -149.665 111.698 -97.265
-1237.14 410.715 420.599 -149.665 111.698 -97.265
-1237.95 411.31 420.593 -149.899 111.722 -97.255
-1238.75 411.908 420.587 -150.133 111.739 -97.237
-1239.55 412.509 420.582 -150.133 111.739 -97.237
-1240.35 413.113 420.576 -150.363 111.755 -97.22
-1241.15 413.721 420.57 -150.627 111.782 -97.208
-1241.94 414.331 420.564 -150.627 111.782 -97.208
-1242.73 414.944 420.557 -150.86 111.807 -97.197
-1243.52 415.561 420.551 -150.86 111.807 -97.197
-1244.31 416.181 420.545 -151.061 111.822 -97.187
-1246.56 417.835 420.555 -151.581 111.87 -97.161
-1247.34 418.472 420.55 -151.581 111.87 -97.161
-1248.13 419.111 420.545 -151.84 111.892 -97.143
-1248.91 419.753 420.54 -152.042 111.911 -97.134
-1249.69 420.396 420.535 -152.042 111.911 -97.134
-1250.47 421.043 420.529 -152.276 111.933 -97.126
-1251.24 421.692 420.524 -152.511 111.951 -97.109
-1252.01 422.343 420.518 -152.511 111.951 -97.109
-1252.78 422.997 420.513 -152.712 111.967 -97.097
-1253.54 423.653 420.507 -152.946 111.989 -97.083
-1254.3 424.312 420.501 -152.946 111.989 -97.083
-1255.06 424.973 420.495 -153.15 112.008 -97.068
-1255.82 425.636 420.489 -153.379 112.028 -97.051
-1256.57 426.302 420.483 -153.379 112.028 -97.051
-1257.32 426.97 420.476 -153.609 112.045 -97.036
-1258.07 427.641 420.47 -153.817 112.064 -97.022
-1258.82 428.314 420.464 -154.021 112.082 -97.012
-1259.56 428.99 420.457 -154.021 112.082 -97.012
-1260.3 429.668 420.45 -154.222 112.099 -97.004
-1261.04 430.348 420.444 -154.425 112.119 -96.993
-1261.77 431.031 420.437 -154.425 112.119 -96.993
-1262.5 431.717 420.43 -154.658 112.139 -96.976
-1263.23 432.405 420.423 -154.89 112.155 -96.955
-1263.96 433.095 420.415 -154.89 112.155 -96.955
-1264.68 433.788 420.408 -155.119 112.174 -96.941
-1265.4 434.483 420.401 -155.322 112.194 -96.929
-1266.12 435.18 420.393 -155.555 112.214 -96.915
-1266.83 435.88 420.386 -155.555 112.214 -96.915
-1267.54 436.583 420.378 -155.811 112.239 -96.909
-1268.25 437.288 420.37 -155.811 112.239 -96.909
-1268.96 437.995 420.362 -156.018 112.261 -96.901
-1269.66 438.705 420.355 -156.224 112.277 -96.888
-1270.36 439.417 420.346 -156.428 112.292 -96.874
-1271.06 440.132 420.338 -156.428 112.292 -96.874
-1271.75 440.849 420.33 -156.628 112.306 -96.861
-1272.44 441.568 420.322 -156.864 112.33 -96.849
-1273.13 442.29 420.313 -156.864 112.33 -96.849
-1273.82 443.014 420.305 -157.123 112.358 -96.842
-1274.5 443.741 420.296 -157.322 112.375 -96.832
-1275.18 444.47 420.287 -157.322 112.375 -96.832
-1275.86 445.202 420.278 -157.529 112.395 -96.824
-1276.53 445.936 420.269 -157.733 112.412 -96.811
-1277.21 446.673 420.26 -157.963 112.43 -96.791
-1277.87 447.412 420.251 -157.963 112.43 -96.791
-1278.54 448.153 420.242 -158.164 112.446 -96.776
-1279.2 448.897 420.233 -158.37 112.466 -96.768
-1279.87 449.643 420.223 -158.37 112.466 -96.768
-1280.52 450.392 420.213 -158.629 112.485 -96.751
-1281.18 451.143 420.204 -158.828 112.5 -96.738
-1281.83 451.897 420.194 -158.828 112.5 -96.738
-1282.48 452.653 420.184 -159.065 112.523 -96.729
-1283.13 453.411 420.174 -159.267 112.542 -96.719
-1283.77 454.172 420.164 -159.267 112.542 -96.719
-1284.41 454.936 420.154 -159.525 112.57 -96.707
-1285.05 455.702 420.144 -159.73 112.589 -96.692
-1285.69 456.47 420.133 -159.73 112.589 -96.692
-1286.32 457.24 420.123 -159.964 112.608 -96.673
-1286.95 458.013 420.112 -160.224 112.629 -96.66
-1287.57 458.789 420.102 -160.224 112.629 -96.66
-1288.2 459.567 420.091 -160.425 112.648 -96.651
-1288.82 460.347 420.08 -160.657 112.671 -96.645
-1289.44 461.13 420.069 -160.657 112.671 -96.645
-1290.05 461.916 420.058 -160.945 112.692 -96.621
-1290.67 462.703 420.047 -160.945 112.692 -96.621
-1291.28 463.493 420.036 -161.271 112.719 -96.603
-1291.88 464.286 420.024 -161.271 112.719 -96.603
-1292.49 465.081 420.013 -161.473 112.734 -96.584
-1293.09 465.878 420.001 -161.73 112.757 -96.567
-1293.69 466.678 419.99 -161.73 112.757 -96.567
-1294.29 467.481 419.978 -161.933 112.779 -96.557
-1294.88 468.285 419.966 -162.196 112.802 -96.542
-1295.47 469.093 419.954 -162.196 112.802 -96.542
-1296.06 469.902 419.942 -162.427 112.82 -96.529
-1296.64 470.714 419.93 -162.66 112.839 -96.516
-1297.22 471.529 419.918 -162.66 112.839 -96.516
-1297.8 472.346 419.906 -162.863 112.859 -96.505
-1298.38 473.165 419.893 -163.096 112.88 -96.491
-1298.95 473.987 419.881 -163.096 112.88 -96.491
-1299.52 474.811 419.868 -163.357 112.9 -96.474
-1300.09 475.638 419.855 -163.357 112.9 -96.474
-1300.66 476.467 419.842 -163.562 112.918 -96.463
-1301.22 477.299 419.829 -163.821 112.939 -96.446
-1301.78 478.133 419.816 -163.821 112.939 -96.446
-1302.33 478.969 419.803 -164.051 112.96 -96.429
-1302.89 479.808 419.79 -164.255 112.978 -96.418
-1303.44 480.649 419.777 -164.46 112.995 -96.405
-1303.99 481.493 419.763 -164.46 112.995 -96.405
-1304.53 482.339 419.75 -164.66 113.013 -96.397
-1305.08 483.188 419.736 -164.897 113.039 -96.388
-1305.61 484.039 419.722 -164.897 113.039 -96.388
-1306.15 484.892 419.709 -165.155 113.059 -96.373
-1306.69 485.748 419.695 -165.383 113.075 -96.357
-1307.22 486.607 419.681 -165.383 113.075 -96.357
-1307.75 487.467 419.667 -165.585 113.093 -96.342
-1308.27 488.331 419.652 -165.831 113.117 -96.331
-1308.79 489.196 419.638 -165.831 113.117 -96.331
-1309.31 490.064 419.624 -166.026 113.135 -96.322
-1309.83 490.935 419.609 -166.219 113.155 -96.311
-1310.35 491.808 419.594 -166.426 113.17 -96.295
-1310.86 492.683 419.58 -166.426 113.17 -96.295
