1
-736.183 483.305 7.19719 -157.648 108.574 -2.274
-736.184 483.284 6.19741 -157.648 108.574 -2.274
-736.184 483.263 5.19764 -157.648 108.574 -2.274
-736.185 483.242 4.19786 -157.648 108.574 -2.274
-736.185 483.22 3.19809 -157.648 108.574 -2.274
-736.186 483.199 2.19832 -157.648 108.574 -2.274
-736.186 483.178 1.19854 -157.648 108.574 -2.274
-736.186 483.157 0.198768 -157.648 108.574 -2.274
-736.187 483.135 -0.801006 -157.648 108.574 -2.274
-736.187 483.114 -1.80078 -157.648 108.574 -2.274
-736.188 483.093 -2.80055 -157.648 108.574 -2.274
-736.188 483.072 -3.80033 -157.648 108.577 -2.266
-736.189 483.05 -4.8001 -157.645 108.58 -2.261
-736.189 483.029 -5.79988 -157.645 108.58 -2.261
-736.19 483.008 -6.79965 -157.642 108.581 -2.258
-736.19 482.987 -7.79942 -157.644 108.579 -2.249
-736.191 482.965 -8.7992 -157.645 108.576 -2.248
-736.191 482.944 -9.79897 -157.645 108.575 -2.261
-736.192 482.923 -10.7987 -157.652 108.577 -2.259
-736.192 482.902 -11.7985 -157.652 108.577 -2.259
-736.193 482.88 -12.7983 -157.653 108.578 -2.262
-736.193 482.859 -13.7981 -157.653 108.577 -2.266
-736.194 482.838 -14.7978 -157.65 108.576 -2.265
-736.194 482.816 -15.7976 -157.648 108.577 -2.258
-736.195 482.795 -16.7974 -157.644 108.578 -2.272
-736.195 482.774 -17.7972 -157.645 108.578 -2.27
-736.195 482.753 -18.7969 -157.645 108.578 -2.27
-736.196 482.731 -19.7967 -157.646 108.578 -2.272
-736.196 482.71 -20.7965 -157.648 108.577 -2.274
-736.197 482.689 -21.7963 -157.652 108.577 -2.271
-736.197 482.668 -22.796 -157.656 108.578 -2.266
-736.198 482.646 -23.7958 -157.656 108.578 -2.266
-736.198 482.625 -24.7956 -157.657 108.579 -2.274
-736.199 482.604 -25.7954 -157.66 108.581 -2.27
-736.199 482.583 -26.7951 -157.662 108.581 -2.268
-736.2 482.561 -27.7949 -157.666 108.579 -2.264
-736.2 482.54 -28.7947 -157.668 108.579 -2.264
-736.201 482.519 -29.7944 -157.668 108.579 -2.264
-736.201 482.498 -30.7942 -157.672 108.579 -2.256
-736.202 482.476 -31.794 -157.67 108.578 -2.265
-736.202 482.455 -32.7938 -157.673 108.578 -2.266
-736.203 482.434 -33.7935 -157.674 108.579 -2.27
-736.203 482.413 -34.7933 -157.674 108.579 -2.27
-736.204 482.391 -35.7931 -157.672 108.579 -2.278
-736.204 482.37 -36.7929 -157.673 108.579 -2.278
-736.205 482.349 -37.7926 -157.675 108.583 -2.275
-736.205 482.328 -38.7924 -157.676 108.597 -2.282
-736.205 482.306 -39.7922 -157.674 108.628 -2.288
-736.206 482.285 -40.792 -157.674 108.628 -2.288
-736.206 482.264 -41.7917 -157.683 108.713 -2.276
-736.207 482.243 -42.7915 -157.689 108.912 -2.302
-736.207 482.221 -43.7913 -157.689 108.912 -2.302
-736.208 482.2 -44.7911 -157.723 109.251 -2.297
-736.208 482.179 -45.7908 -157.775 109.893 -2.293
-736.209 482.157 -46.7906 -157.775 109.893 -2.293
-736.209 482.136 -47.7904 -157.814 110.468 -2.299
-736.21 482.115 -48.7902 -157.814 110.468 -2.299
-736.21 482.094 -49.7899 -157.846 111.125 -2.311
-736.211 482.072 -50.7897 -157.846 111.125 -2.311
-736.211 482.051 -51.7895 -157.878 111.694 -2.315
-736.212 482.03 -52.7892 -157.878 111.694 -2.315
-736.212 482.009 -53.789 -157.898 112.209 -2.328
-736.213 481.987 -54.7888 -157.922 112.813 -2.332
-736.213 481.966 -55.7886 -157.922 112.813 -2.332
-736.214 481.945 -56.7883 -157.944 113.349 -2.33
-736.214 481.924 -57.7881 -157.944 113.349 -2.33
-736.214 481.902 -58.7879 -157.969 113.968 -2.342
-736.215 481.881 -59.7877 -157.969 113.968 -2.342
-736.215 481.86 -60.7874 -157.991 114.573 -2.348
-736.216 481.839 -61.7872 -157.991 114.573 -2.348
-736.216 481.817 -62.787 -158.007 115.092 -2.355
-736.217 481.796 -63.7868 -158.007 115.092 -2.355
-736.217 481.775 -64.7865 -158.021 115.65 -2.367
-736.218 481.754 -65.7863 -158.021 115.65 -2.367
-736.218 481.732 -66.7861 -158.038 116.153 -2.371
-736.219 481.711 -67.7859 -158.059 116.771 -2.404
-736.219 481.69 -68.7856 -158.059 116.771 -2.404
-736.22 481.669 -69.7854 -158.059 116.771 -2.404
-736.22 481.647 -70.7852 -158.059 116.771 -2.404
-736.221 481.626 -71.785 -158.059 116.771 -2.404
-736.221 481.605 -72.7847 -158.059 116.771 -2.404
-736.222 481.584 -73.7845 -158.059 116.771 -2.404
-736.222 481.562 -74.7843 -158.059 116.771 -2.404
-736.223 481.541 -75.784 -158.059 116.771 -2.404
-736.223 481.52 -76.7838 -158.059 116.771 -2.404
-736.223 481.498 -77.7836 -158.059 116.771 -2.404
2
-738.232 488.225 8.13023 -157.629 108.576 -2.252
-738.227 488.199 7.13058 -157.629 108.576 -2.252
-738.221 488.174 6.13092 -157.629 108.576 -2.252
-738.216 488.148 5.13126 -157.629 108.576 -2.252
-738.21 488.122 4.1316 -157.629 108.576 -2.252
-738.205 488.097 3.13195 -157.629 108.576 -2.252
-738.199 488.071 2.13229 -157.629 108.576 -2.252
-738.194 488.046 1.13263 -157.629 108.576 -2.252
-738.188 488.02 0.132973 -157.644 108.572 -2.259
-738.183 487.994 -0.866685 -157.644 108.572 -2.259
-738.177 487.969 -1.86634 -157.649 108.572 -2.261
-738.172 487.943 -2.866 -157.65 108.574 -2.27
-738.166 487.918 -3.86566 -157.647 108.577 -2.264
-738.161 487.892 -4.86532 -157.645 108.58 -2.258
-738.155 487.867 -5.86497 -157.645 108.58 -2.258
-738.15 487.841 -6.86463 -157.642 108.581 -2.259
-738.144 487.815 -7.86429 -157.646 108.577 -2.244
-738.139 487.79 -8.86395 -157.646 108.575 -2.255
-738.134 487.764 -9.8636 -157.651 108.576 -2.258
-738.128 487.739 -10.8633 -157.651 108.576 -2.258
-738.123 487.713 -11.8629 -157.654 108.577 -2.26
-738.117 487.687 -12.8626 -157.654 108.577 -2.264
-738.112 487.662 -13.8622 -157.651 108.576 -2.266
-738.106 487.636 -14.8619 -157.65 108.576 -2.26
-738.101 487.611 -15.8616 -157.646 108.577 -2.266
-738.095 487.585 -16.8612 -157.646 108.577 -2.266
-738.09 487.56 -17.8609 -157.644 108.578 -2.275
-738.084 487.534 -18.8605 -157.646 108.578 -2.271
-738.079 487.508 -19.8602 -157.647 108.578 -2.274
-738.073 487.483 -20.8598 -157.65 108.578 -2.276
-738.068 487.457 -21.8595 -157.65 108.578 -2.276
-738.062 487.432 -22.8592 -157.653 108.578 -2.268
-738.057 487.406 -23.8588 -157.655 108.579 -2.272
-738.051 487.38 -24.8585 -157.659 108.58 -2.27
-738.046 487.355 -25.8581 -157.662 108.581 -2.266
-738.04 487.329 -26.8578 -157.665 108.579 -2.264
-738.035 487.304 -27.8574 -157.665 108.579 -2.264
-738.03 487.278 -28.8571 -157.668 108.578 -2.264
-738.024 487.253 -29.8568 -157.671 108.578 -2.258
-738.019 487.227 -30.8564 -157.672 108.577 -2.261
-738.013 487.201 -31.8561 -157.672 108.577 -2.261
-738.008 487.176 -32.8557 -157.673 108.578 -2.266
-738.002 487.15 -33.8554 -157.673 108.579 -2.273
-737.997 487.125 -34.855 -157.672 108.578 -2.278
-737.991 487.099 -35.8547 -157.672 108.578 -2.278
-737.986 487.073 -36.8544 -157.672 108.578 -2.28
-737.98 487.048 -37.854 -157.674 108.586 -2.28
-737.975 487.022 -38.8537 -157.673 108.609 -2.288
-737.969 486.997 -39.8533 -157.673 108.609 -2.288
-737.964 486.971 -40.853 -157.676 108.664 -2.284
-737.958 486.946 -41.8527 -157.689 108.783 -2.275
-737.953 486.92 -42.8523 -157.689 108.783 -2.275
-737.947 486.894 -43.852 -157.696 109.01 -2.301
-737.942 486.869 -44.8516 -157.743 109.48 -2.282
-737.936 486.843 -45.8513 -157.743 109.48 -2.282
-737.931 486.818 -46.8509 -157.789 110.112 -2.291
-737.926 486.792 -47.8506 -157.82 110.661 -2.31
-737.92 486.766 -48.8503 -157.82 110.661 -2.31
-737.915 486.741 -49.8499 -157.857 111.336 -2.312
-737.909 486.715 -50.8496 -157.857 111.336 -2.312
-737.904 486.69 -51.8492 -157.884 111.842 -2.319
-737.898 486.664 -52.8489 -157.884 111.842 -2.319
-737.893 486.638 -53.8485 -157.91 112.511 -2.328
-737.887 486.613 -54.8482 -157.91 112.511 -2.328
-737.882 486.587 -55.8479 -157.931 113.043 -2.326
-737.876 486.562 -56.8475 -157.931 113.043 -2.326
-737.871 486.536 -57.8472 -157.952 113.583 -2.332
-737.865 486.511 -58.8468 -157.968 114.046 -2.349
-737.86 486.485 -59.8465 -157.968 114.046 -2.349
-737.854 486.459 -60.8461 -157.989 114.574 -2.348
-737.849 486.434 -61.8458 -157.989 114.574 -2.348
-737.843 486.408 -62.8455 -158.007 115.165 -2.356
-737.838 486.383 -63.8451 -158.007 115.165 -2.356
-737.832 486.357 -64.8448 -158.02 115.651 -2.37
-737.827 486.331 -65.8444 -158.04 116.213 -2.37
-737.821 486.306 -66.8441 -158.04 116.213 -2.37
-737.816 486.28 -67.8438 -158.06 116.812 -2.407
-737.811 486.255 -68.8434 -158.06 116.812 -2.407
-737.805 486.229 -69.8431 -158.06 116.812 -2.407
-737.8 486.204 -70.8427 -158.06 116.812 -2.407
-737.794 486.178 -71.8424 -158.06 116.812 -2.407
-737.789 486.152 -72.842 -158.06 116.812 -2.407
-737.783 486.127 -73.8417 -158.06 116.812 -2.407
-737.778 486.101 -74.8414 -158.06 116.812 -2.407
-737.772 486.076 -75.841 -158.06 116.812 -2.407
-737.767 486.05 -76.8407 -158.06 116.812 -2.407
3
-737.88 486.521 9.71919 -157.629 108.575 -2.252
-737.869 486.506 8.71937 -157.629 108.575 -2.252
-737.858 486.491 7.71955 -157.629 108.575 -2.252
-737.847 486.475 6.71973 -157.629 108.575 -2.252
-737.835 486.46 5.71991 -157.629 108.575 -2.252
-737.824 486.444 4.72009 -157.629 108.575 -2.252
-737.813 486.429 3.72028 -157.629 108.575 -2.252
-737.802 486.413 2.72046 -157.629 108.575 -2.252
-737.791 486.398 1.72064 -157.629 108.575 -2.252
-737.779 486.383 0.72082 -157.629 108.575 -2.252
-737.768 486.367 -0.278998 -157.643 108.573 -2.259
-737.757 486.352 -1.27882 -157.649 108.573 -2.26
-737.746 486.336 -2.27864 -157.65 108.575 -2.269
-737.735 486.321 -3.27845 -157.649 108.576 -2.263
-737.724 486.306 -4.27827 -157.649 108.576 -2.263
-737.712 486.29 -5.27809 -157.645 108.579 -2.259
-737.701 486.275 -6.27791 -157.643 108.581 -2.256
-737.69 486.259 -7.27773 -157.643 108.58 -2.254
-737.679 486.244 -8.27755 -157.645 108.577 -2.247
-737.668 486.228 -9.27737 -157.645 108.575 -2.261
-737.657 486.213 -10.2772 -157.65 108.577 -2.26
-737.645 486.198 -11.277 -157.654 108.577 -2.264
-737.634 486.182 -12.2768 -157.654 108.577 -2.264
-737.623 486.167 -13.2766 -157.654 108.577 -2.267
-737.612 486.151 -14.2765 -157.651 108.575 -2.269
-737.601 486.136 -15.2763 -157.65 108.576 -2.261
-737.59 486.12 -16.2761 -157.646 108.578 -2.27
-737.578 486.105 -17.2759 -157.646 108.578 -2.272
-737.567 486.09 -18.2757 -157.646 108.578 -2.272
-737.556 486.074 -19.2756 -157.647 108.578 -2.272
-737.545 486.059 -20.2754 -157.65 108.578 -2.272
-737.534 486.043 -21.2752 -157.652 108.578 -2.274
-737.522 486.028 -22.275 -157.655 108.578 -2.266
-737.511 486.012 -23.2748 -157.656 108.579 -2.27
-737.5 485.997 -24.2746 -157.656 108.579 -2.27
-737.489 485.982 -25.2745 -157.658 108.581 -2.271
-737.478 485.966 -26.2743 -157.661 108.582 -2.267
-737.467 485.951 -27.2741 -157.664 108.58 -2.265
-737.455 485.935 -28.2739 -157.667 108.579 -2.268
-737.444 485.92 -29.2737 -157.667 108.579 -2.268
-737.433 485.905 -30.2736 -157.671 108.579 -2.26
-737.422 485.889 -31.2734 -157.671 108.579 -2.265
-737.411 485.874 -32.2732 -157.67 108.578 -2.272
-737.4 485.858 -33.273 -157.673 108.578 -2.273
-737.388 485.843 -34.2728 -157.673 108.578 -2.273
-737.377 485.827 -35.2727 -157.672 108.579 -2.279
-737.366 485.812 -36.2725 -157.672 108.578 -2.28
-737.355 485.797 -37.2723 -157.675 108.582 -2.276
-737.344 485.781 -38.2721 -157.676 108.594 -2.28
-737.333 485.766 -39.2719 -157.676 108.594 -2.28
-737.321 485.75 -40.2717 -157.675 108.635 -2.284
-737.31 485.735 -41.2716 -157.683 108.714 -2.273
-737.299 485.719 -42.2714 -157.683 108.714 -2.273
-737.288 485.704 -43.2712 -157.688 108.893 -2.292
-737.277 485.689 -44.271 -157.719 109.253 -2.298
-737.266 485.673 -45.2708 -157.719 109.253 -2.298
-737.254 485.658 -46.2707 -157.779 110.002 -2.29
-737.243 485.642 -47.2705 -157.779 110.002 -2.29
-737.232 485.627 -48.2703 -157.814 110.533 -2.296
-737.221 485.611 -49.2701 -157.839 111.061 -2.31
-737.21 485.596 -50.2699 -157.839 111.061 -2.31
-737.198 485.581 -51.2697 -157.867 111.552 -2.316
-737.187 485.565 -52.2696 -157.867 111.552 -2.316
-737.176 485.55 -53.2694 -157.895 112.138 -2.325
-737.165 485.534 -54.2692 -157.916 112.663 -2.328
-737.154 485.519 -55.269 -157.916 112.663 -2.328
-737.143 485.504 -56.2688 -157.936 113.196 -2.329
-737.131 485.488 -57.2687 -157.936 113.196 -2.329
-737.12 485.473 -58.2685 -157.956 113.737 -2.333
-737.109 485.457 -59.2683 -157.956 113.737 -2.333
-737.098 485.442 -60.2681 -157.979 114.349 -2.348
-737.087 485.426 -61.2679 -157.979 114.349 -2.348
-737.076 485.411 -62.2678 -158.001 114.947 -2.349
-737.064 485.396 -63.2676 -158.001 114.947 -2.349
-737.053 485.38 -64.2674 -158.015 115.448 -2.359
-737.042 485.365 -65.2672 -158.029 115.971 -2.374
-737.031 485.349 -66.267 -158.029 115.971 -2.374
-737.02 485.334 -67.2668 -158.049 116.536 -2.39
-737.009 485.318 -68.2667 -158.074 117.13 -2.415
-736.997 485.303 -69.2665 -158.074 117.13 -2.415
-736.986 485.288 -70.2663 -158.074 117.13 -2.415
-736.975 485.272 -71.2661 -158.074 117.13 -2.415
-736.964 485.257 -72.2659 -158.074 117.13 -2.415
-736.953 485.241 -73.2658 -158.074 117.13 -2.415
-736.941 485.226 -74.2656 -158.074 117.13 -2.415
-736.93 485.211 -75.2654 -158.074 117.13 -2.415
4
-739.24 482.72 7.90085 -157.65 108.574 -2.261
-739.24 482.694 6.90117 -157.65 108.574 -2.261
-739.24 482.669 5.90149 -157.65 108.574 -2.261
-739.24 482.643 4.90182 -157.65 108.574 -2.261
-739.24 482.618 3.90214 -157.65 108.574 -2.261
-739.24 482.593 2.90246 -157.65 108.574 -2.261
-739.24 482.567 1.90279 -157.65 108.574 -2.261
-739.24 482.542 0.903109 -157.65 108.574 -2.261
-739.24 482.516 -0.0965681 -157.65 108.574 -2.261
-739.24 482.491 -1.09625 -157.65 108.574 -2.261
-739.24 482.466 -2.09592 -157.65 108.574 -2.261
-739.241 482.44 -3.0956 -157.65 108.574 -2.261
-739.241 482.415 -4.09528 -157.65 108.575 -2.268
-739.241 482.389 -5.09495 -157.647 108.579 -2.26
-739.241 482.364 -6.09463 -157.647 108.579 -2.26
-739.241 482.338 -7.09431 -157.645 108.582 -2.255
-739.241 482.313 -8.09398 -157.641 108.582 -2.258
-739.241 482.288 -9.09366 -157.643 108.577 -2.245
-739.241 482.262 -10.0933 -157.643 108.576 -2.255
-739.241 482.237 -11.093 -157.648 108.577 -2.26
-739.241 482.211 -12.0927 -157.653 108.577 -2.261
-739.241 482.186 -13.0924 -157.653 108.577 -2.261
-739.241 482.161 -14.092 -157.652 108.577 -2.267
-739.241 482.135 -15.0917 -157.65 108.575 -2.27
-739.241 482.11 -16.0914 -157.65 108.576 -2.26
-739.241 482.084 -17.0911 -157.647 108.577 -2.268
-739.241 482.059 -18.0908 -157.647 108.577 -2.268
-739.241 482.033 -19.0904 -157.647 108.578 -2.274
-739.241 482.008 -20.0901 -157.648 108.578 -2.27
-739.241 481.983 -21.0898 -157.649 108.578 -2.272
-739.241 481.957 -22.0895 -157.651 108.578 -2.273
-739.241 481.932 -23.0891 -157.654 108.578 -2.267
-739.241 481.906 -24.0888 -157.656 108.579 -2.267
-739.241 481.881 -25.0885 -157.656 108.579 -2.267
-739.241 481.856 -26.0882 -157.658 108.58 -2.27
-739.241 481.83 -27.0878 -157.661 108.582 -2.268
-739.241 481.805 -28.0875 -157.663 108.58 -2.264
-739.241 481.779 -29.0872 -157.663 108.58 -2.264
-739.241 481.754 -30.0869 -157.666 108.579 -2.265
-739.241 481.728 -31.0866 -157.669 108.579 -2.257
-739.241 481.703 -32.0862 -157.669 108.579 -2.262
-739.241 481.678 -33.0859 -157.67 108.578 -2.269
-739.241 481.652 -34.0856 -157.67 108.578 -2.269
-739.241 481.627 -35.0853 -157.671 108.579 -2.271
-739.241 481.601 -36.0849 -157.67 108.579 -2.277
-739.241 481.576 -37.0846 -157.671 108.578 -2.278
-739.241 481.551 -38.0843 -157.673 108.58 -2.277
-739.241 481.525 -39.084 -157.675 108.589 -2.281
-739.241 481.5 -40.0836 -157.675 108.589 -2.281
-739.241 481.474 -41.0833 -157.675 108.623 -2.285
-739.241 481.449 -42.083 -157.68 108.691 -2.28
-739.241 481.423 -43.0827 -157.68 108.691 -2.28
-739.241 481.398 -44.0824 -157.689 108.836 -2.283
-739.241 481.373 -45.082 -157.71 109.155 -2.303
-739.241 481.347 -46.0817 -157.71 109.155 -2.303
-739.241 481.322 -47.0814 -157.756 109.655 -2.28
-739.241 481.296 -48.0811 -157.799 110.287 -2.289
-739.241 481.271 -49.0807 -157.799 110.287 -2.289
-739.241 481.245 -50.0804 -157.826 110.859 -2.311
-739.241 481.22 -51.0801 -157.826 110.859 -2.311
-739.241 481.195 -52.0798 -157.867 111.553 -2.314
-739.241 481.169 -53.0794 -157.867 111.553 -2.314
-739.241 481.144 -54.0791 -157.894 112.138 -2.325
-739.241 481.118 -55.0788 -157.894 112.138 -2.325
-739.241 481.093 -56.0785 -157.918 112.74 -2.331
-739.241 481.068 -57.0782 -157.918 112.74 -2.331
-739.241 481.042 -58.0778 -157.942 113.35 -2.329
-739.241 481.017 -59.0775 -157.942 113.35 -2.329
-739.241 480.991 -60.0772 -157.962 113.892 -2.337
-739.241 480.966 -61.0769 -157.962 113.892 -2.337
-739.241 480.94 -62.0765 -157.985 114.5 -2.351
-739.241 480.915 -63.0762 -157.985 114.5 -2.351
-739.241 480.89 -64.0759 -158.007 115.166 -2.356
-739.241 480.864 -65.0756 -158.007 115.166 -2.356
-739.241 480.839 -66.0752 -158.023 115.781 -2.372
-739.241 480.813 -67.0749 -158.023 115.781 -2.372
-739.241 480.788 -68.0746 -158.041 116.325 -2.379
-739.241 480.763 -69.0743 -158.041 116.325 -2.379
-739.241 480.737 -70.074 -158.062 116.891 -2.407
-739.241 480.712 -71.0736 -158.062 116.891 -2.407
-739.241 480.686 -72.0733 -158.062 116.891 -2.407
-739.241 480.661 -73.073 -158.062 116.891 -2.407
-739.241 480.635 -74.0727 -158.062 116.891 -2.407
-739.241 480.61 -75.0723 -158.062 116.891 -2.407
-739.241 480.585 -76.072 -158.062 116.891 -2.407
-739.241 480.559 -77.0717 -158.062 116.891 -2.407
5
-735.162 483.836 7.4232 -157.629 108.576 -2.252
-735.161 483.813 6.42345 -157.629 108.576 -2.252
-735.161 483.791 5.42371 -157.629 108.576 -2.252
-735.161 483.768 4.42396 -157.629 108.576 -2.252
-735.16 483.746 3.42422 -157.629 108.576 -2.252
-735.16 483.723 2.42447 -157.629 108.576 -2.252
-735.159 483.701 1.42473 -157.629 108.576 -2.252
-735.159 483.678 0.424983 -157.629 108.576 -2.252
-735.159 483.655 -0.574762 -157.646 108.574 -2.259
-735.158 483.633 -1.57451 -157.65 108.574 -2.262
-735.158 483.61 -2.57425 -157.65 108.575 -2.268
-735.157 483.588 -3.574 -157.648 108.578 -2.262
-735.157 483.565 -4.57374 -157.644 108.58 -2.257
-735.157 483.543 -5.57349 -157.642 108.582 -2.256
-735.156 483.52 -6.57323 -157.642 108.582 -2.256
-735.156 483.497 -7.57298 -157.643 108.58 -2.251
-735.156 483.475 -8.57272 -157.646 108.576 -2.247
-735.155 483.452 -9.57247 -157.646 108.576 -2.26
-735.155 483.43 -10.5722 -157.652 108.577 -2.26
-735.154 483.407 -11.572 -157.654 108.577 -2.264
-735.154 483.385 -12.5717 -157.653 108.577 -2.267
-735.154 483.362 -13.5715 -157.65 108.575 -2.268
-735.153 483.34 -14.5712 -157.65 108.575 -2.268
-735.153 483.317 -15.5709 -157.649 108.577 -2.259
-735.152 483.294 -16.5707 -157.645 108.578 -2.273
-735.152 483.272 -17.5704 -157.646 108.578 -2.269
-735.152 483.249 -18.5702 -157.646 108.578 -2.269
-735.151 483.227 -19.5699 -157.648 108.578 -2.271
-735.151 483.204 -20.5697 -157.65 108.577 -2.274
-735.15 483.182 -21.5694 -157.653 108.578 -2.267
-735.15 483.159 -22.5692 -157.653 108.578 -2.267
-735.15 483.136 -23.5689 -157.655 108.579 -2.269
-735.149 483.114 -24.5686 -157.657 108.58 -2.269
-735.149 483.091 -25.5684 -157.66 108.582 -2.266
-735.149 483.069 -26.5681 -157.662 108.58 -2.264
-735.148 483.046 -27.5679 -157.665 108.578 -2.264
-735.148 483.024 -28.5676 -157.665 108.578 -2.264
-735.147 483.001 -29.5674 -157.668 108.578 -2.262
-735.147 482.978 -30.5671 -157.67 108.578 -2.259
-735.147 482.956 -31.5669 -157.669 108.577 -2.269
-735.146 482.933 -32.5666 -157.672 108.578 -2.269
-735.146 482.911 -33.5664 -157.672 108.578 -2.269
-735.145 482.888 -34.5661 -157.672 108.579 -2.275
-735.145 482.866 -35.5658 -157.672 108.578 -2.278
-735.145 482.843 -36.5656 -157.673 108.578 -2.279
-735.144 482.821 -37.5653 -157.675 108.586 -2.28
-735.144 482.798 -38.5651 -157.675 108.605 -2.284
-735.143 482.775 -39.5648 -157.675 108.605 -2.284
-735.143 482.753 -40.5646 -157.676 108.656 -2.281
-735.143 482.73 -41.5643 -157.691 108.784 -2.271
-735.142 482.708 -42.5641 -157.691 108.784 -2.271
-735.142 482.685 -43.5638 -157.701 109.037 -2.297
-735.142 482.663 -44.5636 -157.744 109.482 -2.286
-735.141 482.64 -45.5633 -157.744 109.482 -2.286
-735.141 482.617 -46.563 -157.783 110.056 -2.293
-735.14 482.595 -47.5628 -157.815 110.534 -2.297
-735.14 482.572 -48.5625 -157.815 110.534 -2.297
-735.14 482.55 -49.5623 -157.844 111.13 -2.31
-735.139 482.527 -50.562 -157.844 111.13 -2.31
-735.139 482.505 -51.5618 -157.884 111.843 -2.318
-735.138 482.482 -52.5615 -157.884 111.843 -2.318
-735.138 482.459 -53.5613 -157.908 112.436 -2.322
-735.138 482.437 -54.561 -157.908 112.436 -2.322
-735.137 482.414 -55.5608 -157.928 113.044 -2.33
-735.137 482.392 -56.5605 -157.928 113.044 -2.33
-735.137 482.369 -57.5602 -157.956 113.737 -2.334
-735.136 482.347 -58.56 -157.956 113.737 -2.334
-735.136 482.324 -59.5597 -157.973 114.199 -2.348
-735.135 482.302 -60.5595 -157.973 114.199 -2.348
-735.135 482.279 -61.5592 -157.999 114.873 -2.351
-735.135 482.256 -62.559 -157.999 114.873 -2.351
-735.134 482.234 -63.5587 -158.015 115.449 -2.361
-735.134 482.211 -64.5585 -158.015 115.449 -2.361
-735.133 482.189 -65.5582 -158.029 115.971 -2.375
-735.133 482.166 -66.558 -158.051 116.586 -2.39
-735.133 482.144 -67.5577 -158.051 116.586 -2.39
-735.132 482.121 -68.5574 -158.074 117.159 -2.416
-735.132 482.098 -69.5572 -158.074 117.159 -2.416
-735.131 482.076 -70.5569 -158.074 117.159 -2.416
-735.131 482.053 -71.5567 -158.074 117.159 -2.416
-735.131 482.031 -72.5564 -158.074 117.159 -2.416
-735.13 482.008 -73.5562 -158.074 117.159 -2.416
-735.13 481.986 -74.5559 -158.074 117.159 -2.416
-735.13 481.963 -75.5557 -158.074 117.159 -2.416
-735.129 481.94 -76.5554 -158.074 117.159 -2.416
-735.129 481.918 -77.5552 -158.074 117.159 -2.416
6
-736.454 481.481 9.04325 -157.649 108.575 -2.273
-736.449 481.456 8.04359 -157.649 108.575 -2.273
-736.444 481.43 7.04392 -157.649 108.575 -2.273
-736.44 481.405 6.04426 -157.649 108.575 -2.273
-736.435 481.379 5.0446 -157.649 108.575 -2.273
-736.431 481.353 4.04494 -157.649 108.575 -2.273
-736.426 481.328 3.04527 -157.649 108.575 -2.273
-736.422 481.302 2.04561 -157.649 108.575 -2.273
-736.417 481.277 1.04595 -157.649 108.575 -2.273
-736.413 481.251 0.0462865 -157.649 108.575 -2.273
-736.408 481.225 -0.953376 -157.649 108.575 -2.273
-736.404 481.2 -1.95304 -157.649 108.575 -2.273
-736.399 481.174 -2.9527 -157.649 108.575 -2.273
-736.395 481.149 -3.95236 -157.649 108.576 -2.264
-736.39 481.123 -4.95203 -157.649 108.576 -2.264
-736.386 481.098 -5.95169 -157.645 108.579 -2.259
-736.381 481.072 -6.95135 -157.644 108.581 -2.255
-736.377 481.046 -7.95101 -157.644 108.579 -2.248
-736.372 481.021 -8.95068 -157.646 108.575 -2.245
-736.368 480.995 -9.95034 -157.648 108.575 -2.258
-736.363 480.97 -10.95 -157.648 108.575 -2.258
-736.359 480.944 -11.9497 -157.653 108.577 -2.258
-736.354 480.919 -12.9493 -157.654 108.577 -2.265
-736.35 480.893 -13.949 -157.654 108.577 -2.265
-736.345 480.867 -14.9487 -157.651 108.576 -2.268
-736.34 480.842 -15.9483 -157.65 108.576 -2.259
-736.336 480.816 -16.948 -157.644 108.578 -2.274
-736.331 480.791 -17.9476 -157.644 108.578 -2.274
-736.327 480.765 -18.9473 -157.644 108.578 -2.275
-736.322 480.739 -19.947 -157.644 108.577 -2.275
-736.318 480.714 -20.9466 -157.648 108.577 -2.275
-736.313 480.688 -21.9463 -157.651 108.577 -2.276
-736.309 480.663 -22.946 -157.655 108.578 -2.266
-736.304 480.637 -23.9456 -157.655 108.578 -2.266
-736.3 480.612 -24.9453 -157.658 108.58 -2.271
-736.295 480.586 -25.9449 -157.661 108.581 -2.268
-736.291 480.56 -26.9446 -157.661 108.581 -2.268
-736.286 480.535 -27.9443 -157.664 108.58 -2.263
-736.282 480.509 -28.9439 -157.668 108.578 -2.263
-736.277 480.484 -29.9436 -157.672 108.579 -2.252
-736.273 480.458 -30.9433 -157.672 108.579 -2.252
-736.268 480.432 -31.9429 -157.671 108.578 -2.259
-736.264 480.407 -32.9426 -157.673 108.579 -2.268
-736.259 480.381 -33.9422 -157.673 108.579 -2.268
-736.255 480.356 -34.9419 -157.672 108.58 -2.277
-736.25 480.33 -35.9416 -157.671 108.579 -2.28
-736.245 480.305 -36.9412 -157.671 108.579 -2.28
-736.241 480.279 -37.9409 -157.673 108.58 -2.279
-736.236 480.253 -38.9406 -157.674 108.588 -2.284
-736.232 480.228 -39.9402 -157.673 108.622 -2.289
-736.227 480.202 -40.9399 -157.673 108.622 -2.289
-736.223 480.177 -41.9395 -157.68 108.701 -2.283
-736.218 480.151 -42.9392 -157.688 108.87 -2.292
-736.214 480.125 -43.9389 -157.688 108.87 -2.292
-736.209 480.1 -44.9385 -157.718 109.182 -2.296
-736.205 480.074 -45.9382 -157.77 109.744 -2.277
-736.2 480.049 -46.9379 -157.77 109.744 -2.277
-736.196 480.023 -47.9375 -157.805 110.282 -2.288
-736.191 479.998 -48.9372 -157.826 110.789 -2.317
-736.187 479.972 -49.9368 -157.826 110.789 -2.317
-736.182 479.946 -50.9365 -157.866 111.476 -2.313
-736.178 479.921 -51.9362 -157.866 111.476 -2.313
-736.173 479.895 -52.9358 -157.893 111.987 -2.319
-736.169 479.87 -53.9355 -157.893 111.987 -2.319
-736.164 479.844 -54.9352 -157.916 112.584 -2.33
-736.16 479.818 -55.9348 -157.916 112.584 -2.33
-736.155 479.793 -56.9345 -157.941 113.194 -2.326
-736.151 479.767 -57.9341 -157.941 113.194 -2.326
-736.146 479.742 -58.9338 -157.96 113.735 -2.333
-736.141 479.716 -59.9335 -157.96 113.735 -2.333
-736.137 479.691 -60.9331 -157.973 114.197 -2.355
-736.132 479.665 -61.9328 -157.973 114.197 -2.355
-736.128 479.639 -62.9325 -158 114.871 -2.346
-736.123 479.614 -63.9321 -158 114.871 -2.346
-736.119 479.588 -64.9318 -158.015 115.448 -2.361
-736.114 479.563 -65.9314 -158.033 116.033 -2.374
-736.11 479.537 -66.9311 -158.033 116.033 -2.374
-736.105 479.511 -67.9308 -158.052 116.537 -2.382
-736.101 479.486 -68.9304 -158.052 116.537 -2.382
-736.096 479.46 -69.9301 -158.075 117.161 -2.418
-736.092 479.435 -70.9298 -158.075 117.161 -2.418
-736.087 479.409 -71.9294 -158.075 117.161 -2.418
-736.083 479.384 -72.9291 -158.075 117.161 -2.418
-736.078 479.358 -73.9287 -158.075 117.161 -2.418
-736.074 479.332 -74.9284 -158.075 117.161 -2.418
-736.069 479.307 -75.9281 -158.075 117.161 -2.418
7
-734.827 478.634 9.37277 -157.628 108.576 -2.254
-734.83 478.612 8.37301 -157.628 108.576 -2.254
-734.833 478.591 7.37324 -157.628 108.576 -2.254
-734.837 478.57 6.37347 -157.628 108.576 -2.254
-734.84 478.548 5.37371 -157.628 108.576 -2.254
-734.843 478.527 4.37394 -157.628 108.576 -2.254
-734.847 478.506 3.37417 -157.628 108.576 -2.254
-734.85 478.484 2.3744 -157.628 108.576 -2.254
-734.853 478.463 1.37464 -157.628 108.576 -2.254
-734.857 478.442 0.374871 -157.628 108.576 -2.254
-734.86 478.42 -0.624896 -157.643 108.571 -2.256
-734.863 478.399 -1.62466 -157.649 108.572 -2.26
-734.867 478.378 -2.62443 -157.649 108.572 -2.26
-734.87 478.356 -3.6242 -157.65 108.575 -2.269
-734.873 478.335 -4.62396 -157.649 108.578 -2.26
-734.877 478.314 -5.62373 -157.646 108.58 -2.256
-734.88 478.292 -6.6235 -157.644 108.581 -2.253
-734.883 478.271 -7.62326 -157.644 108.581 -2.253
-734.887 478.25 -8.62303 -157.647 108.578 -2.241
-734.89 478.228 -9.6228 -157.647 108.576 -2.249
-734.894 478.207 -10.6226 -157.65 108.576 -2.256
-734.897 478.186 -11.6223 -157.655 108.578 -2.257
-734.9 478.164 -12.6221 -157.655 108.578 -2.257
-734.904 478.143 -13.6219 -157.654 108.577 -2.264
-734.907 478.122 -14.6216 -157.651 108.576 -2.266
-734.91 478.1 -15.6214 -157.649 108.575 -2.261
-734.914 478.079 -16.6212 -157.643 108.577 -2.274
-734.917 478.058 -17.6209 -157.643 108.577 -2.274
-734.92 478.036 -18.6207 -157.643 108.577 -2.276
-734.924 478.015 -19.6205 -157.644 108.578 -2.276
-734.927 477.994 -20.6202 -157.647 108.578 -2.276
-734.93 477.972 -21.62 -157.65 108.577 -2.277
-734.934 477.951 -22.6198 -157.65 108.577 -2.277
-734.937 477.93 -23.6195 -157.655 108.578 -2.266
-734.94 477.908 -24.6193 -157.656 108.579 -2.273
-734.944 477.887 -25.6191 -157.66 108.581 -2.267
-734.947 477.866 -26.6188 -157.66 108.581 -2.267
-734.95 477.844 -27.6186 -157.664 108.581 -2.261
-734.954 477.823 -28.6184 -157.668 108.579 -2.26
-734.957 477.802 -29.6181 -157.671 108.58 -2.258
-734.96 477.78 -30.6179 -157.673 108.579 -2.254
-734.964 477.759 -31.6177 -157.673 108.579 -2.254
-734.967 477.738 -32.6174 -157.672 108.579 -2.268
-734.97 477.716 -33.6172 -157.674 108.579 -2.272
-734.974 477.695 -34.617 -157.674 108.579 -2.272
-734.977 477.674 -35.6167 -157.672 108.579 -2.28
-734.98 477.652 -36.6165 -157.671 108.578 -2.283
-734.984 477.631 -37.6163 -157.673 108.582 -2.282
-734.987 477.61 -38.616 -157.673 108.582 -2.282
-734.99 477.588 -39.6158 -157.673 108.592 -2.287
-734.994 477.567 -40.6156 -157.672 108.617 -2.29
-734.997 477.546 -41.6153 -157.676 108.672 -2.285
-735 477.524 -42.6151 -157.688 108.816 -2.283
-735.004 477.503 -43.6149 -157.688 108.816 -2.283
-735.007 477.482 -44.6146 -157.705 109.092 -2.301
-735.01 477.46 -45.6144 -157.757 109.609 -2.273
-735.014 477.439 -46.6142 -157.757 109.609 -2.273
-735.017 477.418 -47.6139 -157.8 110.227 -2.286
-735.02 477.396 -48.6137 -157.8 110.227 -2.286
-735.024 477.375 -49.6135 -157.822 110.726 -2.315
-735.027 477.354 -50.6132 -157.853 111.266 -2.311
-735.03 477.332 -51.613 -157.853 111.266 -2.311
-735.034 477.311 -52.6128 -157.883 111.769 -2.308
-735.037 477.29 -53.6125 -157.883 111.769 -2.308
-735.04 477.268 -54.6123 -157.906 112.36 -2.326
-735.044 477.247 -55.6121 -157.906 112.36 -2.326
-735.047 477.226 -56.6118 -157.931 113.043 -2.328
-735.05 477.204 -57.6116 -157.931 113.043 -2.328
-735.054 477.183 -58.6114 -157.962 113.814 -2.336
-735.057 477.162 -59.6111 -157.962 113.814 -2.336
-735.061 477.14 -60.6109 -157.982 114.424 -2.355
-735.064 477.119 -61.6107 -157.982 114.424 -2.355
-735.067 477.098 -62.6104 -157.982 114.424 -2.355
-735.071 477.076 -63.6102 -158.009 115.166 -2.351
-735.074 477.055 -64.61 -158.009 115.166 -2.351
-735.077 477.034 -65.6097 -158.022 115.781 -2.378
-735.081 477.012 -66.6095 -158.022 115.781 -2.378
-735.084 476.991 -67.6093 -158.042 116.269 -2.371
-735.087 476.97 -68.609 -158.042 116.269 -2.371
-735.091 476.948 -69.6088 -158.06 116.811 -2.405
-735.094 476.927 -70.6086 -158.06 116.811 -2.405
-735.097 476.906 -71.6083 -158.06 116.811 -2.405
-735.101 476.884 -72.6081 -158.06 116.811 -2.405
-735.104 476.863 -73.6079 -158.06 116.811 -2.405
-735.107 476.842 -74.6076 -158.06 116.811 -2.405
-735.111 476.82 -75.6074 -158.06 116.811 -2.405
8
-735.052 486.408 6.66186 -157.65 108.574 -2.262
-735.05 486.391 5.662 -157.65 108.574 -2.262
-735.047 486.375 4.66214 -157.65 108.574 -2.262
-735.045 486.358 3.66228 -157.65 108.574 -2.262
-735.042 486.342 2.66242 -157.65 108.574 -2.262
-735.04 486.325 1.66256 -157.65 108.574 -2.262
-735.038 486.309 0.662695 -157.65 108.574 -2.262
-735.035 486.292 -0.337165 -157.65 108.574 -2.262
-735.033 486.276 -1.33703 -157.65 108.574 -2.262
-735.03 486.259 -2.33689 -157.651 108.575 -2.268
-735.028 486.243 -3.33675 -157.65 108.579 -2.26
-735.025 486.226 -4.33661 -157.648 108.581 -2.255
-735.023 486.21 -5.33647 -157.646 108.582 -2.253
-735.02 486.193 -6.33633 -157.646 108.582 -2.253
-735.018 486.177 -7.33619 -157.648 108.579 -2.242
-735.015 486.16 -8.33605 -157.649 108.577 -2.243
-735.013 486.144 -9.33591 -157.649 108.576 -2.255
-735.011 486.127 -10.3358 -157.654 108.577 -2.254
-735.008 486.111 -11.3356 -157.656 108.578 -2.259
-735.006 486.094 -12.3355 -157.653 108.576 -2.265
-735.003 486.078 -13.3354 -157.65 108.575 -2.266
-735.001 486.061 -14.3352 -157.65 108.575 -2.266
-734.998 486.045 -15.3351 -157.648 108.577 -2.261
-734.996 486.028 -16.3349 -157.643 108.578 -2.275
-734.993 486.012 -17.3348 -157.643 108.578 -2.277
-734.991 485.995 -18.3347 -157.644 108.577 -2.277
-734.988 485.979 -19.3345 -157.647 108.577 -2.278
-734.986 485.962 -20.3344 -157.647 108.577 -2.278
-734.984 485.946 -21.3342 -157.651 108.577 -2.273
-734.981 485.929 -22.3341 -157.656 108.578 -2.269
-734.979 485.913 -23.334 -157.656 108.578 -2.269
-734.976 485.896 -24.3338 -157.658 108.58 -2.269
-734.974 485.88 -25.3337 -157.663 108.582 -2.263
-734.971 485.863 -26.3336 -157.666 108.58 -2.259
-734.969 485.847 -27.3334 -157.666 108.58 -2.259
-734.966 485.83 -28.3333 -157.67 108.579 -2.26
-734.964 485.814 -29.3331 -157.672 108.58 -2.254
-734.962 485.797 -30.333 -157.672 108.579 -2.256
-734.959 485.781 -31.3329 -157.671 108.578 -2.267
-734.957 485.764 -32.3327 -157.673 108.579 -2.269
-734.954 485.748 -33.3326 -157.673 108.579 -2.269
-734.952 485.731 -34.3324 -157.671 108.58 -2.279
-734.949 485.715 -35.3323 -157.669 108.579 -2.282
-734.947 485.698 -36.3322 -157.672 108.58 -2.282
-734.944 485.682 -37.332 -157.671 108.59 -2.288
-734.942 485.665 -38.3319 -157.671 108.59 -2.288
-734.939 485.649 -39.3317 -157.671 108.617 -2.29
-734.937 485.632 -40.3316 -157.677 108.691 -2.286
-734.935 485.616 -41.3315 -157.677 108.691 -2.286
-734.932 485.599 -42.3313 -157.687 108.873 -2.294
-734.93 485.583 -43.3312 -157.729 109.326 -2.292
-734.927 485.566 -44.331 -157.729 109.326 -2.292
-734.925 485.55 -45.3309 -157.782 110 -2.284
-734.922 485.533 -46.3308 -157.782 110 -2.284
-734.92 485.517 -47.3306 -157.815 110.533 -2.301
-734.917 485.5 -48.3305 -157.815 110.533 -2.301
-734.915 485.484 -49.3304 -157.848 111.198 -2.312
-734.912 485.468 -50.3302 -157.88 111.697 -2.306
-734.91 485.451 -51.3301 -157.88 111.697 -2.306
-734.908 485.435 -52.3299 -157.88 111.697 -2.306
-734.905 485.418 -53.3298 -157.927 112.968 -2.331
-734.903 485.402 -54.3297 -157.927 112.968 -2.331
-734.9 485.385 -55.3295 -157.927 112.968 -2.331
-734.898 485.369 -56.3294 -157.95 113.581 -2.327
-734.895 485.352 -57.3292 -157.95 113.581 -2.327
-734.893 485.336 -58.3291 -157.971 114.2 -2.357
-734.89 485.319 -59.329 -157.971 114.2 -2.357
-734.888 485.303 -60.3288 -157.998 114.798 -2.343
-734.886 485.286 -61.3287 -157.998 114.798 -2.343
-734.883 485.27 -62.3285 -158.016 115.449 -2.363
-734.881 485.253 -63.3284 -158.016 115.449 -2.363
-734.878 485.237 -64.3283 -158.028 115.97 -2.377
-734.876 485.22 -65.3281 -158.028 115.97 -2.377
-734.873 485.204 -66.328 -158.05 116.536 -2.384
-734.871 485.187 -67.3279 -158.05 116.536 -2.384
-734.868 485.171 -68.3277 -158.074 117.158 -2.42
-734.866 485.154 -69.3276 -158.074 117.158 -2.42
-734.863 485.138 -70.3274 -158.074 117.158 -2.42
-734.861 485.121 -71.3273 -158.074 117.158 -2.42
-734.859 485.105 -72.3272 -158.074 117.158 -2.42
-734.856 485.088 -73.327 -158.074 117.158 -2.42
-734.854 485.072 -74.3269 -158.074 117.158 -2.42
-734.851 485.055 -75.3267 -158.074 117.158 -2.42
-734.849 485.039 -76.3266 -158.074 117.158 -2.42
-734.846 485.022 -77.3265 -158.074 117.158 -2.42
-734.844 485.006 -78.3263 -158.074 117.158 -2.42
9
-738.621 478.798 7.24569 -157.627 108.575 -2.253
-738.61 478.774 6.24604 -157.627 108.575 -2.253
-738.6 478.75 5.24639 -157.627 108.575 -2.253
-738.589 478.725 4.24674 -157.627 108.575 -2.253
-738.579 478.701 3.24709 -157.627 108.575 -2.253
-738.568 478.677 2.24744 -157.627 108.575 -2.253
-738.558 478.653 1.24779 -157.627 108.575 -2.253
-738.547 478.628 0.248136 -157.627 108.575 -2.253
-738.537 478.604 -0.751514 -157.627 108.575 -2.253
-738.526 478.58 -1.75116 -157.644 108.573 -2.258
-738.516 478.555 -2.75082 -157.65 108.573 -2.26
-738.505 478.531 -3.75047 -157.652 108.575 -2.27
-738.495 478.507 -4.75012 -157.652 108.575 -2.27
-738.484 478.483 -5.74977 -157.652 108.578 -2.261
-738.474 478.458 -6.74942 -157.648 108.581 -2.257
-738.463 478.434 -7.74907 -157.646 108.582 -2.252
-738.453 478.41 -8.74872 -157.647 108.581 -2.247
-738.442 478.386 -9.74837 -157.649 108.577 -2.242
-738.432 478.361 -10.748 -157.649 108.577 -2.242
-738.421 478.337 -11.7477 -157.649 108.576 -2.254
-738.411 478.313 -12.7473 -157.655 108.577 -2.254
-738.4 478.289 -13.747 -157.655 108.578 -2.261
-738.39 478.264 -14.7466 -157.653 108.576 -2.265
-738.379 478.24 -15.7463 -157.649 108.576 -2.266
-738.369 478.216 -16.7459 -157.649 108.576 -2.266
-738.358 478.192 -17.7456 -157.647 108.577 -2.262
-738.348 478.167 -18.7452 -157.643 108.578 -2.277
-738.337 478.143 -19.7449 -157.644 108.578 -2.276
-738.327 478.119 -20.7445 -157.645 108.577 -2.278
-738.316 478.094 -21.7442 -157.645 108.577 -2.278
-738.306 478.07 -22.7438 -157.649 108.577 -2.279
-738.295 478.046 -23.7435 -157.653 108.578 -2.27
-738.285 478.022 -24.7431 -157.656 108.579 -2.271
-738.274 477.997 -25.7428 -157.656 108.579 -2.271
-738.264 477.973 -26.7424 -157.659 108.581 -2.269
-738.253 477.949 -27.7421 -157.663 108.582 -2.264
-738.243 477.925 -28.7417 -157.666 108.58 -2.26
-738.232 477.9 -29.7414 -157.669 108.579 -2.259
-738.222 477.876 -30.741 -157.672 108.58 -2.254
-738.211 477.852 -31.7407 -157.672 108.58 -2.254
-738.201 477.828 -32.7403 -157.672 108.58 -2.254
-738.19 477.803 -33.74 -157.671 108.579 -2.266
-738.18 477.779 -34.7396 -157.673 108.579 -2.266
-738.169 477.755 -35.7393 -157.67 108.579 -2.281
-738.159 477.731 -36.7389 -157.67 108.579 -2.281
-738.148 477.706 -37.7386 -157.67 108.578 -2.283
-738.138 477.682 -38.7382 -157.671 108.58 -2.283
-738.127 477.658 -39.7379 -157.671 108.588 -2.287
-738.117 477.633 -40.7375 -157.67 108.617 -2.29
-738.106 477.609 -41.7372 -157.67 108.617 -2.29
-738.096 477.585 -42.7368 -157.675 108.681 -2.285
-738.085 477.561 -43.7365 -157.688 108.817 -2.283
-738.075 477.536 -44.7361 -157.688 108.817 -2.283
-738.064 477.512 -45.7358 -157.711 109.155 -2.303
-738.054 477.488 -46.7354 -157.761 109.655 -2.27
-738.043 477.464 -47.7351 -157.761 109.655 -2.27
-738.033 477.439 -48.7347 -157.799 110.226 -2.286
-738.022 477.415 -49.7344 -157.799 110.226 -2.286
-738.012 477.391 -50.734 -157.825 110.793 -2.316
-738.001 477.367 -51.7337 -157.858 111.338 -2.309
-737.99 477.342 -52.7333 -157.858 111.338 -2.309
-737.98 477.318 -53.733 -157.89 111.917 -2.312
-737.969 477.294 -54.7326 -157.89 111.917 -2.312
-737.959 477.27 -55.7323 -157.914 112.588 -2.331
-737.948 477.245 -56.7319 -157.914 112.588 -2.331
-737.938 477.221 -57.7316 -157.931 113.046 -2.327
-737.927 477.197 -58.7312 -157.931 113.046 -2.327
-737.917 477.172 -59.7309 -157.957 113.737 -2.332
-737.906 477.148 -60.7305 -157.957 113.737 -2.332
-737.896 477.124 -61.7302 -157.974 114.275 -2.359
-737.885 477.1 -62.7298 -157.974 114.275 -2.359
-737.875 477.075 -63.7295 -158.005 114.946 -2.34
-737.864 477.051 -64.7291 -158.005 114.946 -2.34
-737.854 477.027 -65.7288 -158.016 115.449 -2.363
-737.843 477.003 -66.7284 -158.016 115.449 -2.363
-737.833 476.978 -67.7281 -158.031 116.033 -2.376
-737.822 476.954 -68.7277 -158.031 116.033 -2.376
-737.812 476.93 -69.7274 -158.053 116.586 -2.385
-737.801 476.906 -70.727 -158.074 117.158 -2.421
-737.791 476.881 -71.7267 -158.074 117.158 -2.421
-737.78 476.857 -72.7263 -158.074 117.158 -2.421
-737.77 476.833 -73.726 -158.074 117.158 -2.421
-737.759 476.809 -74.7256 -158.074 117.158 -2.421
-737.749 476.784 -75.7253 -158.074 117.158 -2.421
-737.738 476.76 -76.7249 -158.074 117.158 -2.421
-737.728 476.736 -77.7246 -158.074 117.158 -2.421
10
-737.571 482.609 8.08701 -157.628 108.576 -2.251
-737.574 482.588 7.08723 -157.628 108.576 -2.251
-737.577 482.567 6.08745 -157.628 108.576 -2.251
-737.58 482.546 5.08768 -157.628 108.576 -2.251
-737.583 482.526 4.0879 -157.628 108.576 -2.251
-737.586 482.505 3.08812 -157.628 108.576 -2.251
-737.589 482.484 2.08834 -157.628 108.576 -2.251
-737.592 482.463 1.08856 -157.628 108.576 -2.251
-737.595 482.442 0.088783 -157.628 108.576 -2.251
-737.598 482.421 -0.910995 -157.642 108.572 -2.259
-737.601 482.401 -1.91077 -157.649 108.573 -2.265
-737.604 482.38 -2.91055 -157.649 108.573 -2.265
-737.607 482.359 -3.91033 -157.649 108.575 -2.273
-737.61 482.338 -4.91011 -157.648 108.577 -2.266
-737.613 482.317 -5.90989 -157.645 108.58 -2.262
-737.616 482.296 -6.90967 -157.644 108.582 -2.259
-737.619 482.275 -7.90944 -157.646 108.58 -2.251
-737.621 482.255 -8.90922 -157.647 108.576 -2.248
-737.624 482.234 -9.909 -157.647 108.575 -2.26
-737.627 482.213 -10.9088 -157.647 108.575 -2.26
-737.63 482.192 -11.9086 -157.652 108.577 -2.259
-737.633 482.171 -12.9083 -157.655 108.578 -2.262
-737.636 482.15 -13.9081 -157.653 108.577 -2.266
-737.639 482.13 -14.9079 -157.651 108.576 -2.266
-737.642 482.109 -15.9077 -157.651 108.576 -2.266
-737.645 482.088 -16.9075 -157.649 108.577 -2.258
-737.648 482.067 -17.9072 -157.645 108.578 -2.273
-737.651 482.046 -18.907 -157.645 108.577 -2.271
-737.654 482.025 -19.9068 -157.645 108.577 -2.272
-737.657 482.005 -20.9066 -157.647 108.577 -2.274
-737.66 481.984 -21.9063 -157.65 108.577 -2.276
-737.663 481.963 -22.9061 -157.654 108.578 -2.266
-737.666 481.942 -23.9059 -157.654 108.578 -2.266
-737.669 481.921 -24.9057 -157.655 108.579 -2.274
-737.672 481.9 -25.9055 -157.658 108.581 -2.272
-737.675 481.88 -26.9052 -157.66 108.582 -2.268
-737.678 481.859 -27.905 -157.663 108.58 -2.265
-737.681 481.838 -28.9048 -157.663 108.58 -2.265
-737.684 481.817 -29.9046 -157.666 108.579 -2.264
-737.687 481.796 -30.9043 -157.67 108.579 -2.253
-737.69 481.775 -31.9041 -157.668 108.578 -2.265
-737.693 481.755 -32.9039 -157.668 108.578 -2.265
-737.696 481.734 -33.9037 -157.671 108.578 -2.266
-737.699 481.713 -34.9035 -157.672 108.579 -2.271
-737.702 481.692 -35.9032 -157.671 108.58 -2.278
-737.705 481.671 -36.903 -157.671 108.579 -2.278
-737.708 481.65 -37.9028 -157.674 108.582 -2.275
-737.711 481.63 -38.9026 -157.673 108.592 -2.283
-737.714 481.609 -39.9024 -157.673 108.592 -2.283
-737.717 481.588 -40.9021 -157.673 108.617 -2.287
-737.72 481.567 -41.9019 -157.677 108.672 -2.284
-737.723 481.546 -42.9017 -157.691 108.798 -2.276
-737.726 481.525 -43.9015 -157.691 108.798 -2.276
-737.728 481.505 -44.9012 -157.712 109.12 -2.298
-737.731 481.484 -45.901 -157.766 109.698 -2.279
-737.734 481.463 -46.9008 -157.766 109.698 -2.279
-737.737 481.442 -47.9006 -157.805 110.283 -2.291
-737.74 481.421 -48.9004 -157.805 110.283 -2.291
-737.743 481.4 -49.9001 -157.831 110.857 -2.315
-737.746 481.379 -50.8999 -157.831 110.857 -2.315
-737.749 481.359 -51.8997 -157.871 111.549 -2.313
-737.752 481.338 -52.8995 -157.871 111.549 -2.313
-737.755 481.317 -53.8993 -157.894 112.062 -2.327
-737.758 481.296 -54.899 -157.894 112.062 -2.327
-737.761 481.275 -55.8988 -157.918 112.586 -2.327
-737.764 481.254 -56.8986 -157.944 113.272 -2.327
-737.767 481.234 -57.8984 -157.944 113.272 -2.327
-737.77 481.213 -58.8981 -157.944 113.272 -2.327
-737.773 481.192 -59.8979 -157.964 113.89 -2.342
-737.776 481.171 -60.8977 -157.964 113.89 -2.342
-737.779 481.15 -61.8975 -157.984 114.424 -2.351
-737.782 481.129 -62.8973 -157.984 114.424 -2.351
-737.785 481.109 -63.897 -158.007 115.093 -2.355
-737.788 481.088 -64.8968 -158.007 115.093 -2.355
-737.791 481.067 -65.8966 -158.022 115.716 -2.37
-737.794 481.046 -66.8964 -158.041 116.212 -2.371
-737.797 481.025 -67.8962 -158.041 116.212 -2.371
-737.8 481.004 -68.8959 -158.06 116.812 -2.407
-737.803 480.984 -69.8957 -158.06 116.812 -2.407
-737.806 480.963 -70.8955 -158.06 116.812 -2.407
-737.809 480.942 -71.8953 -158.06 116.812 -2.407
-737.812 480.921 -72.895 -158.06 116.812 -2.407
-737.815 480.9 -73.8948 -158.06 116.812 -2.407
-737.818 480.879 -74.8946 -158.06 116.812 -2.407
-737.821 480.859 -75.8944 -158.06 116.812 -2.407
-737.824 480.838 -76.8942 -158.06 116.812 -2.407
11
-733.239 491.009 6.35511 -157.65 108.577 -2.266
-733.227 490.989 5.35539 -157.65 108.577 -2.266
-733.216 490.968 4.35567 -157.65 108.577 -2.266
-733.204 490.948 3.35594 -157.65 108.577 -2.266
-733.193 490.928 2.35622 -157.65 108.577 -2.266
-733.181 490.907 1.3565 -157.65 108.577 -2.266
-733.169 490.887 0.356773 -157.65 108.577 -2.266
-733.158 490.866 -0.64295 -157.65 108.577 -2.266
-733.146 490.846 -1.64267 -157.65 108.577 -2.266
-733.135 490.825 -2.6424 -157.647 108.58 -2.261
-733.123 490.805 -3.64212 -157.645 108.581 -2.257
-733.111 490.784 -4.64184 -157.645 108.581 -2.257
-733.1 490.764 -5.64157 -157.646 108.581 -2.255
-733.088 490.743 -6.64129 -157.647 108.576 -2.25
-733.076 490.723 -7.64101 -157.647 108.575 -2.261
-733.065 490.702 -8.64074 -157.654 108.578 -2.258
-733.053 490.682 -9.64046 -157.656 108.578 -2.261
-733.042 490.662 -10.6402 -157.656 108.578 -2.261
-733.03 490.641 -11.6399 -157.653 108.577 -2.267
-733.018 490.621 -12.6396 -157.65 108.575 -2.262
-733.007 490.6 -13.6394 -157.647 108.576 -2.261
-732.995 490.58 -14.6391 -157.647 108.576 -2.261
-732.984 490.559 -15.6388 -157.643 108.578 -2.276
-732.972 490.539 -16.6385 -157.644 108.578 -2.271
-732.96 490.518 -17.6382 -157.646 108.577 -2.274
-732.949 490.498 -18.638 -157.65 108.576 -2.276
-732.937 490.477 -19.6377 -157.65 108.576 -2.276
-732.926 490.457 -20.6374 -157.654 108.577 -2.267
-732.914 490.437 -21.6371 -157.655 108.578 -2.272
-732.902 490.416 -22.6369 -157.658 108.581 -2.272
-732.891 490.396 -23.6366 -157.658 108.581 -2.272
-732.879 490.375 -24.6363 -157.662 108.582 -2.266
-732.868 490.355 -25.636 -157.665 108.579 -2.263
-732.856 490.334 -26.6358 -157.667 108.579 -2.263
-732.844 490.314 -27.6355 -157.671 108.58 -2.255
-732.833 490.293 -28.6352 -157.671 108.579 -2.26
-732.821 490.273 -29.6349 -157.671 108.579 -2.26
-732.809 490.252 -30.6346 -157.672 108.579 -2.268
-732.798 490.232 -31.6344 -157.673 108.58 -2.272
-732.786 490.212 -32.6341 -157.671 108.579 -2.279
-732.775 490.191 -33.6338 -157.671 108.579 -2.279
-732.763 490.171 -34.6335 -157.671 108.578 -2.28
-732.751 490.15 -35.6333 -157.673 108.584 -2.279
-732.74 490.13 -36.633 -157.674 108.602 -2.286
-732.728 490.109 -37.6327 -157.674 108.602 -2.286
-732.717 490.089 -38.6324 -157.674 108.649 -2.285
-732.705 490.068 -39.6322 -157.686 108.739 -2.272
-732.693 490.048 -40.6319 -157.694 108.959 -2.297
-732.682 490.027 -41.6316 -157.694 108.959 -2.297
-732.67 490.007 -42.6313 -157.731 109.324 -2.29
-732.659 489.986 -43.6311 -157.771 109.846 -2.287
-732.647 489.966 -44.6308 -157.771 109.846 -2.287
-732.635 489.946 -45.6305 -157.814 110.532 -2.3
-732.624 489.925 -46.6302 -157.814 110.532 -2.3
-732.612 489.905 -47.6299 -157.849 111.196 -2.309
-732.601 489.884 -48.6297 -157.849 111.196 -2.309
-732.589 489.864 -49.6294 -157.882 111.769 -2.314
-732.577 489.843 -50.6291 -157.903 112.286 -2.326
-732.566 489.823 -51.6288 -157.903 112.286 -2.326
-732.554 489.802 -52.6286 -157.928 112.968 -2.329
-732.542 489.782 -53.6283 -157.928 112.968 -2.329
-732.531 489.761 -54.628 -157.949 113.582 -2.333
-732.519 489.741 -55.6277 -157.949 113.582 -2.333
-732.508 489.721 -56.6275 -157.973 114.199 -2.351
-732.496 489.7 -57.6272 -157.973 114.199 -2.351
-732.484 489.68 -58.6269 -157.997 114.797 -2.345
-732.473 489.659 -59.6266 -157.997 114.797 -2.345
-732.461 489.639 -60.6263 -158.012 115.379 -2.363
-732.45 489.618 -61.6261 -158.012 115.379 -2.363
-732.438 489.598 -62.6258 -158.027 115.908 -2.373
-732.426 489.577 -63.6255 -158.045 116.434 -2.383
-732.415 489.557 -64.6252 -158.045 116.434 -2.383
-732.403 489.536 -65.625 -158.066 116.966 -2.412
-732.392 489.516 -66.6247 -158.066 116.966 -2.412
-732.38 489.496 -67.6244 -158.066 116.966 -2.412
-732.368 489.475 -68.6241 -158.066 116.966 -2.412
-732.357 489.455 -69.6239 -158.066 116.966 -2.412
-732.345 489.434 -70.6236 -158.066 116.966 -2.412
-732.334 489.414 -71.6233 -158.066 116.966 -2.412
-732.322 489.393 -72.623 -158.066 116.966 -2.412
-732.31 489.373 -73.6228 -158.066 116.966 -2.412
-732.299 489.352 -74.6225 -158.066 116.966 -2.412
-732.287 489.332 -75.6222 -158.066 116.966 -2.412
-732.275 489.311 -76.6219 -158.066 116.966 -2.412
-732.264 489.291 -77.6216 -158.066 116.966 -2.412
-732.252 489.27 -78.6214 -158.066 116.966 -2.412
12
-735.852 484.51 8.50842 -157.629 108.576 -2.252
-735.852 484.494 7.50855 -157.629 108.576 -2.252
-735.851 484.478 6.50868 -157.629 108.576 -2.252
-735.85 484.462 5.50881 -157.629 108.576 -2.252
-735.85 484.446 4.50893 -157.629 108.576 -2.252
-735.849 484.43 3.50906 -157.629 108.576 -2.252
-735.849 484.414 2.50919 -157.629 108.576 -2.252
-735.848 484.398 1.50932 -157.629 108.576 -2.252
-735.848 484.382 0.509449 -157.629 108.576 -2.252
-735.847 484.366 -0.490422 -157.643 108.572 -2.257
-735.847 484.35 -1.49029 -157.65 108.574 -2.265
-735.846 484.334 -2.49017 -157.651 108.575 -2.266
-735.845 484.318 -3.49004 -157.651 108.575 -2.266
-735.845 484.302 -4.48991 -157.648 108.577 -2.261
-735.844 484.286 -5.48978 -157.646 108.58 -2.258
-735.844 484.27 -6.48965 -157.643 108.58 -2.259
-735.843 484.254 -7.48952 -157.647 108.577 -2.246
-735.843 484.238 -8.48939 -157.647 108.577 -2.246
-735.842 484.221 -9.48926 -157.646 108.575 -2.257
-735.842 484.205 -10.4891 -157.65 108.576 -2.262
-735.841 484.189 -11.489 -157.653 108.577 -2.265
-735.84 484.173 -12.4889 -157.653 108.577 -2.268
-735.84 484.157 -13.4887 -157.651 108.576 -2.27
-735.839 484.141 -14.4886 -157.651 108.576 -2.27
-735.839 484.125 -15.4885 -157.651 108.576 -2.258
-735.838 484.109 -16.4884 -157.645 108.578 -2.273
-735.838 484.093 -17.4882 -157.645 108.578 -2.273
-735.837 484.077 -18.4881 -157.646 108.578 -2.268
-735.837 484.061 -19.488 -157.647 108.578 -2.272
-735.836 484.045 -20.4878 -157.651 108.578 -2.274
-735.835 484.029 -21.4877 -157.651 108.578 -2.274
-735.835 484.013 -22.4876 -157.654 108.578 -2.267
-735.834 483.997 -23.4875 -157.656 108.579 -2.27
-735.834 483.981 -24.4873 -157.659 108.581 -2.272
-735.833 483.965 -25.4872 -157.662 108.581 -2.266
-735.833 483.949 -26.4871 -157.662 108.581 -2.266
-735.832 483.933 -27.4869 -157.663 108.58 -2.267
-735.832 483.917 -28.4868 -157.667 108.578 -2.266
-735.831 483.901 -29.4867 -157.671 108.578 -2.258
-735.83 483.885 -30.4866 -157.671 108.578 -2.263
-735.83 483.869 -31.4864 -157.671 108.578 -2.263
-735.829 483.853 -32.4863 -157.67 108.577 -2.27
-735.829 483.837 -33.4862 -157.673 108.578 -2.271
-735.828 483.821 -34.486 -157.671 108.579 -2.278
-735.828 483.805 -35.4859 -157.671 108.579 -2.278
-735.827 483.789 -36.4858 -157.671 108.579 -2.279
-735.827 483.773 -37.4857 -157.674 108.585 -2.278
-735.826 483.757 -38.4855 -157.674 108.585 -2.278
-735.825 483.741 -39.4854 -157.674 108.609 -2.284
-735.825 483.724 -40.4853 -157.678 108.673 -2.28
-735.824 483.708 -41.4851 -157.678 108.673 -2.28
-735.824 483.692 -42.485 -157.688 108.836 -2.282
-735.823 483.676 -43.4849 -157.715 109.184 -2.3
-735.823 483.66 -44.4848 -157.715 109.184 -2.3
-735.822 483.644 -45.4846 -157.765 109.747 -2.283
-735.821 483.628 -46.4845 -157.765 109.747 -2.283
-735.821 483.612 -47.4844 -157.809 110.408 -2.291
-735.82 483.596 -48.4842 -157.809 110.408 -2.291
-735.82 483.58 -49.4841 -157.833 110.924 -2.312
-735.819 483.564 -50.484 -157.866 111.479 -2.315
-735.819 483.548 -51.4839 -157.866 111.479 -2.315
-735.818 483.532 -52.4837 -157.897 112.137 -2.325
-735.818 483.516 -53.4836 -157.897 112.137 -2.325
-735.817 483.5 -54.4835 -157.918 112.664 -2.327
-735.816 483.484 -55.4833 -157.918 112.664 -2.327
-735.816 483.468 -56.4832 -157.94 113.351 -2.334
-735.815 483.452 -57.4831 -157.94 113.351 -2.334
-735.815 483.436 -58.483 -157.959 113.815 -2.336
-735.814 483.42 -59.4828 -157.959 113.815 -2.336
-735.814 483.404 -60.4827 -157.983 114.425 -2.349
-735.813 483.388 -61.4826 -157.983 114.425 -2.349
-735.813 483.372 -62.4824 -158.006 115.094 -2.355
-735.812 483.356 -63.4823 -158.006 115.094 -2.355
-735.811 483.34 -64.4822 -158.02 115.584 -2.361
-735.811 483.324 -65.4821 -158.034 116.153 -2.374
-735.81 483.308 -66.4819 -158.034 116.153 -2.374
-735.81 483.292 -67.4818 -158.055 116.68 -2.397
-735.809 483.276 -68.4817 -158.055 116.68 -2.397
-735.809 483.26 -69.4815 -158.055 116.68 -2.397
-735.808 483.243 -70.4814 -158.055 116.68 -2.397
-735.808 483.227 -71.4813 -158.055 116.68 -2.397
-735.807 483.211 -72.4812 -158.055 116.68 -2.397
-735.806 483.195 -73.481 -158.055 116.68 -2.397
-735.806 483.179 -74.4809 -158.055 116.68 -2.397
-735.805 483.163 -75.4808 -158.055 116.68 -2.397
-735.805 483.147 -76.4806 -158.055 116.68 -2.397
13
-740.003 483.188 7.7337 -157.65 108.573 -2.261
-740 483.161 6.73406 -157.65 108.573 -2.261
-739.997 483.135 5.73441 -157.65 108.573 -2.261
-739.995 483.108 4.73477 -157.65 108.573 -2.261
-739.992 483.082 3.73513 -157.65 108.573 -2.261
-739.989 483.055 2.73549 -157.65 108.573 -2.261
-739.986 483.028 1.73585 -157.65 108.573 -2.261
-739.983 483.002 0.736207 -157.65 108.573 -2.261
-739.981 482.975 -0.263434 -157.65 108.573 -2.261
-739.978 482.948 -1.26308 -157.65 108.573 -2.261
-739.975 482.922 -2.26272 -157.65 108.573 -2.261
-739.972 482.895 -3.26236 -157.65 108.573 -2.261
-739.969 482.869 -4.262 -157.651 108.574 -2.27
-739.966 482.842 -5.26164 -157.651 108.576 -2.263
-739.964 482.815 -6.26128 -157.646 108.58 -2.26
-739.961 482.789 -7.26092 -157.643 108.581 -2.257
-739.958 482.762 -8.26056 -157.644 108.58 -2.255
-739.955 482.735 -9.26021 -157.644 108.58 -2.255
-739.952 482.709 -10.2598 -157.646 108.576 -2.25
-739.95 482.682 -11.2595 -157.646 108.575 -2.262
-739.947 482.655 -12.2591 -157.651 108.576 -2.261
-739.944 482.629 -13.2588 -157.653 108.577 -2.265
-739.941 482.602 -14.2584 -157.652 108.576 -2.269
-739.938 482.576 -15.2581 -157.652 108.576 -2.269
-739.935 482.549 -16.2577 -157.65 108.575 -2.267
-739.933 482.522 -17.2573 -157.649 108.578 -2.26
-739.93 482.496 -18.257 -157.645 108.578 -2.273
-739.927 482.469 -19.2566 -157.645 108.579 -2.269
-739.924 482.442 -20.2563 -157.646 108.579 -2.272
-739.921 482.416 -21.2559 -157.646 108.579 -2.272
-739.919 482.389 -22.2555 -157.649 108.578 -2.272
-739.916 482.362 -23.2552 -157.65 108.578 -2.273
-739.913 482.336 -24.2548 -157.655 108.578 -2.263
-739.91 482.309 -25.2545 -157.656 108.579 -2.273
-739.907 482.283 -26.2541 -157.66 108.581 -2.27
-739.904 482.256 -27.2537 -157.66 108.581 -2.27
-739.902 482.229 -28.2534 -157.663 108.58 -2.266
-739.899 482.203 -29.253 -157.666 108.579 -2.266
-739.896 482.176 -30.2527 -157.67 108.578 -2.262
-739.893 482.149 -31.2523 -157.67 108.578 -2.262
-739.89 482.123 -32.252 -157.672 108.579 -2.259
-739.888 482.096 -33.2516 -157.67 108.577 -2.269
-739.885 482.069 -34.2512 -157.673 108.578 -2.269
-739.882 482.043 -35.2509 -157.672 108.578 -2.275
-739.879 482.016 -36.2505 -157.672 108.578 -2.275
-739.876 481.99 -37.2502 -157.672 108.578 -2.278
-739.873 481.963 -38.2498 -157.674 108.58 -2.277
-739.871 481.936 -39.2494 -157.675 108.587 -2.278
-739.868 481.91 -40.2491 -157.675 108.606 -2.284
-739.865 481.883 -41.2487 -157.675 108.606 -2.284
-739.862 481.856 -42.2484 -157.678 108.682 -2.279
-739.859 481.83 -43.248 -157.678 108.682 -2.279
-739.857 481.803 -44.2477 -157.687 108.873 -2.289
-739.854 481.777 -45.2473 -157.713 109.185 -2.3
-739.851 481.75 -46.2469 -157.713 109.185 -2.3
-739.848 481.723 -47.2466 -157.759 109.7 -2.281
-739.845 481.697 -48.2462 -157.801 110.286 -2.289
-739.842 481.67 -49.2459 -157.801 110.286 -2.289
-739.84 481.643 -50.2455 -157.836 110.992 -2.311
-739.837 481.617 -51.2451 -157.836 110.992 -2.311
-739.834 481.59 -52.2448 -157.867 111.551 -2.317
-739.831 481.563 -53.2444 -157.867 111.551 -2.317
-739.828 481.537 -54.2441 -157.899 112.212 -2.324
-739.826 481.51 -55.2437 -157.899 112.212 -2.324
-739.823 481.484 -56.2433 -157.92 112.816 -2.332
-739.82 481.457 -57.243 -157.92 112.816 -2.332
-739.817 481.43 -58.2426 -157.941 113.428 -2.334
-739.814 481.404 -59.2423 -157.941 113.428 -2.334
-739.811 481.377 -60.2419 -157.941 113.428 -2.334
-739.809 481.35 -61.2416 -157.967 114.046 -2.344
-739.806 481.324 -62.2412 -157.967 114.046 -2.344
-739.803 481.297 -63.2408 -157.989 114.575 -2.35
-739.8 481.27 -64.2405 -158.006 115.094 -2.354
-739.797 481.244 -65.2401 -158.006 115.094 -2.354
-739.795 481.217 -66.2398 -158.019 115.496 -2.276
-739.792 481.191 -67.2394 -158.019 115.496 -2.276
-739.789 481.164 -68.239 -158.041 116.38 -2.384
-739.786 481.137 -69.2387 -158.041 116.38 -2.384
-739.783 481.111 -70.2383 -158.064 116.928 -2.408
-739.78 481.084 -71.238 -158.064 116.928 -2.408
-739.778 481.057 -72.2376 -158.064 116.928 -2.408
-739.775 481.031 -73.2372 -158.064 116.928 -2.408
-739.772 481.004 -74.2369 -158.064 116.928 -2.408
-739.769 480.978 -75.2365 -158.064 116.928 -2.408
-739.766 480.951 -76.2362 -158.064 116.928 -2.408
-739.764 480.924 -77.2358 -158.064 116.928 -2.408
14
-730.771 485.837 8.8708 -157.651 108.574 -2.267
-730.768 485.821 7.87093 -157.651 108.574 -2.267
-730.765 485.805 6.87106 -157.651 108.574 -2.267
-730.762 485.789 5.87119 -157.651 108.574 -2.267
-730.759 485.773 4.87132 -157.651 108.574 -2.267
-730.756 485.757 3.87145 -157.651 108.574 -2.267
-730.753 485.741 2.87158 -157.651 108.574 -2.267
-730.75 485.726 1.87172 -157.651 108.574 -2.267
-730.748 485.71 0.871846 -157.651 108.574 -2.267
-730.745 485.694 -0.128023 -157.651 108.574 -2.267
-730.742 485.678 -1.12789 -157.651 108.574 -2.267
-730.739 485.662 -2.12776 -157.65 108.577 -2.26
-730.736 485.646 -3.12763 -157.648 108.581 -2.255
-730.733 485.63 -4.1275 -157.646 108.582 -2.252
-730.73 485.614 -5.12737 -157.646 108.582 -2.252
-730.727 485.598 -6.12724 -157.648 108.58 -2.245
-730.724 485.582 -7.12711 -157.649 108.576 -2.245
-730.721 485.567 -8.12698 -157.65 108.576 -2.255
-730.718 485.551 -9.12685 -157.655 108.578 -2.256
-730.715 485.535 -10.1267 -157.655 108.578 -2.256
-730.712 485.519 -11.1266 -157.655 108.578 -2.261
-730.71 485.503 -12.1265 -157.652 108.576 -2.266
-730.707 485.487 -13.1263 -157.648 108.576 -2.261
-730.704 485.471 -14.1262 -157.648 108.576 -2.261
-730.701 485.455 -15.1261 -157.643 108.578 -2.276
-730.698 485.439 -16.1259 -157.643 108.578 -2.276
-730.695 485.423 -17.1258 -157.643 108.577 -2.277
-730.692 485.408 -18.1257 -157.647 108.577 -2.278
-730.689 485.392 -19.1255 -157.647 108.577 -2.278
-730.686 485.376 -20.1254 -157.65 108.577 -2.275
-730.683 485.36 -21.1253 -157.655 108.578 -2.266
-730.68 485.344 -22.1251 -157.656 108.579 -2.273
-730.677 485.328 -23.125 -157.66 108.581 -2.267
-730.674 485.312 -24.1249 -157.663 108.581 -2.263
-730.671 485.296 -25.1248 -157.665 108.58 -2.26
-730.669 485.28 -26.1246 -157.665 108.58 -2.26
-730.666 485.264 -27.1245 -157.669 108.579 -2.259
-730.663 485.249 -28.1244 -157.673 108.579 -2.253
-730.66 485.233 -29.1242 -157.671 108.578 -2.263
-730.657 485.217 -30.1241 -157.671 108.578 -2.263
-730.654 485.201 -31.124 -157.673 108.579 -2.268
-730.651 485.185 -32.1238 -157.672 108.579 -2.274
-730.648 485.169 -33.1237 -157.67 108.579 -2.282
-730.645 485.153 -34.1236 -157.671 108.579 -2.283
-730.642 485.137 -35.1234 -157.671 108.579 -2.283
-730.639 485.121 -36.1233 -157.672 108.582 -2.281
-730.636 485.105 -37.1232 -157.673 108.599 -2.289
-730.633 485.089 -38.1231 -157.673 108.641 -2.288
-730.63 485.074 -39.1229 -157.684 108.725 -2.275
-730.628 485.058 -40.1228 -157.684 108.725 -2.275
-730.625 485.042 -41.1227 -157.689 108.915 -2.299
-730.622 485.026 -42.1225 -157.721 109.255 -2.3
-730.619 485.01 -43.1224 -157.721 109.255 -2.3
-730.616 484.994 -44.1223 -157.769 109.796 -2.28
-730.613 484.978 -45.1221 -157.805 110.347 -2.291
-730.61 484.962 -46.122 -157.805 110.347 -2.291
-730.607 484.946 -47.1219 -157.831 110.925 -2.318
-730.604 484.93 -48.1217 -157.831 110.925 -2.318
-730.601 484.915 -49.1216 -157.868 111.552 -2.309
-730.598 484.899 -50.1215 -157.868 111.552 -2.309
-730.595 484.883 -51.1214 -157.896 112.212 -2.326
-730.592 484.867 -52.1212 -157.896 112.212 -2.326
-730.59 484.851 -53.1211 -157.919 112.817 -2.336
-730.587 484.835 -54.121 -157.919 112.817 -2.336
-730.584 484.819 -55.1208 -157.947 113.504 -2.326
-730.581 484.803 -56.1207 -157.965 113.969 -2.346
-730.578 484.787 -57.1206 -157.965 113.969 -2.346
-730.575 484.771 -58.1204 -157.984 114.5 -2.355
-730.572 484.756 -59.1203 -157.984 114.5 -2.355
-730.569 484.74 -60.1202 -158.007 115.094 -2.348
-730.566 484.724 -61.12 -158.007 115.094 -2.348
-730.563 484.708 -62.1199 -158.019 115.651 -2.371
-730.56 484.692 -63.1198 -158.034 116.153 -2.372
-730.557 484.676 -64.1197 -158.034 116.153 -2.372
-730.554 484.66 -65.1195 -158.055 116.681 -2.392
-730.551 484.644 -66.1194 -158.075 117.238 -2.425
-730.549 484.628 -67.1193 -158.075 117.238 -2.425
-730.546 484.612 -68.1191 -158.075 117.238 -2.425
-730.543 484.596 -69.119 -158.075 117.238 -2.425
-730.54 484.581 -70.1189 -158.075 117.238 -2.425
-730.537 484.565 -71.1187 -158.075 117.238 -2.425
-730.534 484.549 -72.1186 -158.075 117.238 -2.425
-730.531 484.533 -73.1185 -158.075 117.238 -2.425
-730.528 484.517 -74.1183 -158.075 117.238 -2.425
-730.525 484.501 -75.1182 -158.075 117.238 -2.425
-730.522 484.485 -76.1181 -158.075 117.238 -2.425
15
-733.347 484.916 7.09201 -157.652 108.575 -2.27
-733.344 484.891 6.09233 -157.652 108.575 -2.27
-733.342 484.866 5.09264 -157.652 108.575 -2.27
-733.34 484.841 4.09296 -157.652 108.575 -2.27
-733.337 484.816 3.09327 -157.652 108.575 -2.27
-733.335 484.791 2.09359 -157.652 108.575 -2.27
-733.333 484.766 1.0939 -157.652 108.575 -2.27
-733.33 484.741 0.094218 -157.652 108.575 -2.27
-733.328 484.716 -0.905467 -157.652 108.575 -2.27
-733.325 484.691 -1.90515 -157.652 108.575 -2.27
-733.323 484.666 -2.90484 -157.652 108.577 -2.261
-733.321 484.641 -3.90452 -157.649 108.581 -2.257
-733.318 484.616 -4.90421 -157.647 108.582 -2.252
-733.316 484.591 -5.90389 -157.646 108.582 -2.252
-733.314 484.566 -6.90358 -157.646 108.582 -2.252
-733.311 484.541 -7.90326 -157.649 108.577 -2.24
-733.309 484.516 -8.90294 -157.65 108.576 -2.253
-733.307 484.491 -9.90263 -157.654 108.577 -2.254
-733.304 484.466 -10.9023 -157.657 108.578 -2.258
-733.302 484.441 -11.902 -157.653 108.577 -2.265
-733.3 484.416 -12.9017 -157.653 108.577 -2.265
-733.297 484.391 -13.9014 -157.649 108.575 -2.267
-733.295 484.366 -14.9011 -157.648 108.576 -2.26
-733.292 484.341 -15.9007 -157.643 108.577 -2.276
-733.29 484.316 -16.9004 -157.644 108.577 -2.275
-733.288 484.291 -17.9001 -157.644 108.577 -2.275
-733.285 484.266 -18.8998 -157.645 108.577 -2.277
-733.283 484.241 -19.8995 -157.648 108.577 -2.278
-733.281 484.216 -20.8992 -157.651 108.577 -2.273
-733.278 484.191 -21.8988 -157.656 108.578 -2.268
-733.276 484.166 -22.8985 -157.656 108.578 -2.268
-733.274 484.141 -23.8982 -157.658 108.58 -2.27
-733.271 484.116 -24.8979 -157.662 108.581 -2.265
-733.269 484.091 -25.8976 -157.665 108.58 -2.26
-733.267 484.066 -26.8973 -157.665 108.58 -2.26
-733.264 484.041 -27.897 -157.669 108.579 -2.26
-733.262 484.016 -28.8966 -157.672 108.58 -2.252
-733.259 483.991 -29.8963 -157.673 108.58 -2.255
-733.257 483.966 -30.896 -157.672 108.579 -2.267
-733.255 483.941 -31.8957 -157.672 108.579 -2.267
-733.252 483.916 -32.8954 -157.673 108.579 -2.271
-733.25 483.891 -33.8951 -157.67 108.579 -2.282
-733.248 483.866 -34.8947 -157.67 108.578 -2.283
-733.245 483.841 -35.8944 -157.672 108.58 -2.281
-733.243 483.816 -36.8941 -157.672 108.58 -2.281
-733.241 483.791 -37.8938 -157.673 108.592 -2.287
-733.238 483.766 -38.8935 -157.673 108.634 -2.289
-733.236 483.741 -39.8932 -157.673 108.634 -2.289
-733.234 483.716 -40.8929 -157.681 108.713 -2.279
-733.231 483.691 -41.8925 -157.687 108.893 -2.3
-733.229 483.666 -42.8922 -157.718 109.22 -2.303
-733.226 483.641 -43.8919 -157.718 109.22 -2.303
-733.224 483.616 -44.8916 -157.771 109.846 -2.282
-733.222 483.591 -45.8913 -157.808 110.408 -2.295
-733.219 483.566 -46.891 -157.808 110.408 -2.295
-733.217 483.541 -47.8906 -157.84 111.06 -2.314
-733.215 483.516 -48.8903 -157.84 111.06 -2.314
-733.212 483.491 -49.89 -157.84 111.06 -2.314
-733.21 483.466 -50.8897 -157.88 111.697 -2.305
-733.208 483.441 -51.8894 -157.903 112.287 -2.326
-733.205 483.416 -52.8891 -157.903 112.287 -2.326
-733.203 483.391 -53.8888 -157.919 112.817 -2.337
-733.201 483.366 -54.8884 -157.919 112.817 -2.337
-733.198 483.341 -55.8881 -157.943 113.426 -2.324
-733.196 483.316 -56.8878 -157.943 113.426 -2.324
-733.193 483.291 -57.8875 -157.964 114.046 -2.352
-733.191 483.266 -58.8872 -157.964 114.046 -2.352
-733.189 483.241 -59.8869 -157.993 114.649 -2.345
-733.186 483.216 -60.8866 -157.993 114.649 -2.345
-733.184 483.191 -61.8862 -158.009 115.167 -2.349
-733.182 483.166 -62.8859 -158.009 115.167 -2.349
-733.179 483.141 -63.8856 -158.024 115.908 -2.379
-733.177 483.116 -64.8853 -158.024 115.908 -2.379
-733.175 483.091 -65.885 -158.044 116.434 -2.377
-733.172 483.066 -66.8847 -158.066 117.001 -2.418
-733.17 483.041 -67.8843 -158.066 117.001 -2.418
-733.167 483.016 -68.884 -158.066 117.001 -2.418
-733.165 482.991 -69.8837 -158.066 117.001 -2.418
-733.163 482.966 -70.8834 -158.066 117.001 -2.418
-733.16 482.941 -71.8831 -158.066 117.001 -2.418
-733.158 482.916 -72.8828 -158.066 117.001 -2.418
-733.156 482.891 -73.8825 -158.066 117.001 -2.418
-733.153 482.866 -74.8821 -158.066 117.001 -2.418
-733.151 482.841 -75.8818 -158.066 117.001 -2.418
-733.149 482.816 -76.8815 -158.066 117.001 -2.418
-733.146 482.791 -77.8812 -158.066 117.001 -2.418
16
-739.098 488.697 7.84818 -157.652 108.573 -2.265
-739.092 488.67 6.84857 -157.652 108.573 -2.265
-739.085 488.643 5.84896 -157.652 108.573 -2.265
-739.079 488.615 4.84935 -157.652 108.573 -2.265
-739.073 488.588 3.84975 -157.652 108.573 -2.265
-739.067 488.561 2.85014 -157.652 108.573 -2.265
-739.06 488.534 1.85053 -157.652 108.573 -2.265
-739.054 488.506 0.850923 -157.652 108.573 -2.265
-739.048 488.479 -0.148685 -157.652 108.573 -2.265
-739.042 488.452 -1.14829 -157.652 108.573 -2.265
-739.035 488.424 -2.1479 -157.652 108.573 -2.265
-739.029 488.397 -3.14751 -157.652 108.575 -2.264
-739.023 488.37 -4.14712 -157.649 108.579 -2.259
-739.017 488.342 -5.14672 -157.649 108.579 -2.259
-739.01 488.315 -6.14633 -157.647 108.581 -2.251
-739.004 488.288 -7.14594 -157.645 108.582 -2.252
-738.998 488.261 -8.14555 -157.648 108.579 -2.24
-738.992 488.233 -9.14516 -157.649 108.577 -2.242
-738.985 488.206 -10.1448 -157.65 108.576 -2.255
-738.979 488.179 -11.1444 -157.655 108.577 -2.253
-738.973 488.151 -12.144 -157.655 108.578 -2.259
-738.966 488.124 -13.1436 -157.653 108.577 -2.264
-738.96 488.097 -14.1432 -157.65 108.575 -2.267
-738.954 488.069 -15.1428 -157.647 108.576 -2.26
-738.948 488.042 -16.1424 -157.647 108.576 -2.26
-738.941 488.015 -17.142 -157.643 108.578 -2.275
-738.935 487.988 -18.1416 -157.643 108.578 -2.277
-738.929 487.96 -19.1412 -157.643 108.577 -2.276
-738.923 487.933 -20.1408 -157.647 108.577 -2.277
-738.916 487.906 -21.1404 -157.649 108.577 -2.277
-738.91 487.878 -22.1401 -157.649 108.577 -2.277
-738.904 487.851 -23.1397 -157.655 108.578 -2.267
-738.898 487.824 -24.1393 -157.656 108.579 -2.273
-738.891 487.797 -25.1389 -157.661 108.582 -2.268
-738.885 487.769 -26.1385 -157.661 108.582 -2.268
-738.879 487.742 -27.1381 -157.664 108.581 -2.261
-738.873 487.715 -28.1377 -157.668 108.579 -2.258
-738.866 487.687 -29.1373 -157.671 108.58 -2.258
-738.86 487.66 -30.1369 -157.673 108.58 -2.252
-738.854 487.633 -31.1365 -157.673 108.58 -2.252
-738.848 487.605 -32.1361 -157.671 108.579 -2.265
-738.841 487.578 -33.1357 -157.672 108.578 -2.267
-738.835 487.551 -34.1353 -157.672 108.579 -2.274
-738.829 487.524 -35.135 -157.67 108.579 -2.283
-738.823 487.496 -36.1346 -157.67 108.579 -2.283
-738.816 487.469 -37.1342 -157.67 108.578 -2.284
-738.81 487.442 -38.1338 -157.672 108.583 -2.282
-738.804 487.414 -39.1334 -157.672 108.594 -2.287
-738.797 487.387 -40.133 -157.671 108.622 -2.29
-738.791 487.36 -41.1326 -157.677 108.69 -2.285
-738.785 487.332 -42.1322 -157.677 108.69 -2.285
-738.779 487.305 -43.1318 -157.687 108.873 -2.293
-738.772 487.278 -44.1314 -157.718 109.22 -2.3
-738.766 487.251 -45.131 -157.718 109.22 -2.3
-738.76 487.223 -46.1306 -157.772 109.845 -2.281
-738.754 487.196 -47.1302 -157.81 110.408 -2.293
-738.747 487.169 -48.1299 -157.81 110.408 -2.293
-738.741 487.141 -49.1295 -157.836 110.992 -2.315
-738.735 487.114 -50.1291 -157.836 110.992 -2.315
-738.729 487.087 -51.1287 -157.882 111.77 -2.307
-738.722 487.059 -52.1283 -157.882 111.77 -2.307
-738.716 487.032 -53.1279 -157.882 111.77 -2.307
-738.71 487.005 -54.1275 -157.9 112.286 -2.328
-738.704 486.978 -55.1271 -157.926 112.969 -2.331
-738.697 486.95 -56.1267 -157.926 112.969 -2.331
-738.691 486.923 -57.1263 -157.926 112.969 -2.331
-738.685 486.896 -58.1259 -157.956 113.659 -2.326
-738.679 486.868 -59.1255 -157.956 113.659 -2.326
-738.672 486.841 -60.1252 -157.967 114.123 -2.357
-738.666 486.814 -61.1248 -157.967 114.123 -2.357
-738.66 486.787 -62.1244 -158.003 114.946 -2.341
-738.654 486.759 -63.124 -158.003 114.946 -2.341
-738.647 486.732 -64.1236 -158.013 115.45 -2.365
-738.641 486.705 -65.1232 -158.013 115.45 -2.365
-738.635 486.677 -66.1228 -158.026 115.971 -2.379
-738.628 486.65 -67.1224 -158.05 116.537 -2.383
-738.622 486.623 -68.122 -158.05 116.537 -2.383
-738.616 486.595 -69.1216 -158.071 117.099 -2.42
-738.61 486.568 -70.1212 -158.071 117.099 -2.42
-738.603 486.541 -71.1208 -158.071 117.099 -2.42
-738.597 486.514 -72.1204 -158.071 117.099 -2.42
-738.591 486.486 -73.1201 -158.071 117.099 -2.42
-738.585 486.459 -74.1197 -158.071 117.099 -2.42
-738.578 486.432 -75.1193 -158.071 117.099 -2.42
-738.572 486.404 -76.1189 -158.071 117.099 -2.42
-738.566 486.377 -77.1185 -158.071 117.099 -2.42
17
-737.234 483.769 7.50726 -157.642 108.57 -2.259
-737.24 483.75 6.50746 -157.642 108.57 -2.259
-737.246 483.731 5.50765 -157.642 108.57 -2.259
-737.253 483.713 4.50785 -157.642 108.57 -2.259
-737.259 483.694 3.50804 -157.642 108.57 -2.259
-737.265 483.675 2.50823 -157.642 108.57 -2.259
-737.271 483.656 1.50843 -157.642 108.57 -2.259
-737.277 483.638 0.508624 -157.642 108.57 -2.259
-737.283 483.619 -0.491182 -157.642 108.57 -2.259
-737.289 483.6 -1.49099 -157.647 108.571 -2.265
-737.295 483.581 -2.49079 -157.647 108.571 -2.265
-737.302 483.563 -3.4906 -157.651 108.572 -2.273
-737.308 483.544 -4.4904 -157.652 108.575 -2.266
-737.314 483.525 -5.49021 -157.649 108.578 -2.264
-737.32 483.506 -6.49001 -157.649 108.578 -2.264
-737.326 483.488 -7.48982 -157.648 108.582 -2.262
-737.332 483.469 -8.48963 -157.648 108.584 -2.251
-737.338 483.45 -9.48943 -157.646 108.581 -2.245
-737.344 483.431 -10.4892 -157.645 108.576 -2.254
-737.351 483.413 -11.489 -157.645 108.576 -2.254
-737.357 483.394 -12.4888 -157.65 108.576 -2.252
-737.363 483.375 -13.4887 -157.652 108.576 -2.262
-737.369 483.356 -14.4885 -157.654 108.575 -2.263
-737.375 483.338 -15.4883 -157.654 108.575 -2.263
-737.381 483.319 -16.4881 -157.651 108.575 -2.274
-737.387 483.3 -17.4879 -157.651 108.575 -2.274
-737.393 483.281 -18.4877 -157.648 108.576 -2.278
-737.4 483.263 -19.4875 -157.646 108.577 -2.274
-737.406 483.244 -20.4873 -157.645 108.579 -2.275
-737.412 483.225 -21.4871 -157.645 108.579 -2.275
-737.418 483.207 -22.4869 -157.646 108.58 -2.271
-737.424 483.188 -23.4867 -157.651 108.58 -2.263
-737.43 483.169 -24.4865 -157.653 108.579 -2.272
-737.436 483.15 -25.4863 -157.66 108.58 -2.27
-737.442 483.132 -26.4861 -157.66 108.58 -2.27
-737.449 483.113 -27.4859 -157.668 108.58 -2.266
-737.455 483.094 -28.4857 -157.673 108.579 -2.266
-737.461 483.075 -29.4855 -157.674 108.579 -2.264
-737.467 483.057 -30.4853 -157.674 108.579 -2.264
-737.473 483.038 -31.4852 -157.676 108.581 -2.255
-737.479 483.019 -32.485 -157.672 108.581 -2.266
-737.485 483 -33.4848 -157.673 108.579 -2.266
-737.491 482.982 -34.4846 -157.673 108.579 -2.266
-737.498 482.963 -35.4844 -157.671 108.58 -2.271
-737.504 482.944 -36.4842 -157.67 108.583 -2.281
-737.51 482.925 -37.484 -157.673 108.59 -2.279
-737.516 482.907 -38.4838 -157.674 108.608 -2.283
-737.522 482.888 -39.4836 -157.674 108.654 -2.29
-737.528 482.869 -40.4834 -157.674 108.654 -2.29
-737.534 482.85 -41.4832 -157.681 108.751 -2.284
-737.54 482.832 -42.483 -157.687 108.921 -2.296
-737.547 482.813 -43.4828 -157.687 108.921 -2.296
-737.553 482.794 -44.4826 -157.704 109.173 -2.305
-737.559 482.775 -45.4824 -157.704 109.173 -2.305
-737.565 482.757 -46.4822 -157.747 109.619 -2.27
-737.571 482.738 -47.482 -157.778 110.148 -2.278
-737.577 482.719 -48.4818 -157.778 110.148 -2.278
-737.583 482.7 -49.4817 -157.811 110.799 -2.297
-737.589 482.682 -50.4815 -157.811 110.799 -2.297
-737.596 482.663 -51.4813 -157.862 111.631 -2.305
-737.602 482.644 -52.4811 -157.862 111.631 -2.305
-737.608 482.625 -53.4809 -157.887 112.166 -2.326
-737.614 482.607 -54.4807 -157.887 112.166 -2.326
-737.62 482.588 -55.4805 -157.887 112.166 -2.326
-737.626 482.569 -56.4803 -157.939 113.282 -2.334
-737.632 482.55 -57.4801 -157.939 113.282 -2.334
-737.638 482.532 -58.4799 -157.957 113.752 -2.337
-737.645 482.513 -59.4797 -157.957 113.752 -2.337
-737.651 482.494 -60.4795 -157.983 114.503 -2.353
-737.657 482.475 -61.4793 -157.983 114.503 -2.353
-737.663 482.457 -62.4791 -157.983 114.503 -2.353
-737.669 482.438 -63.4789 -157.994 114.947 -2.344
-737.675 482.419 -64.4787 -158.005 115.46 -2.354
-737.681 482.4 -65.4785 -158.005 115.46 -2.354
-737.687 482.382 -66.4783 -158.015 115.983 -2.37
-737.694 482.363 -67.4781 -158.015 115.983 -2.37
-737.7 482.344 -68.478 -158.042 116.552 -2.38
-737.706 482.325 -69.4778 -158.042 116.552 -2.38
-737.712 482.307 -70.4776 -158.042 116.552 -2.38
-737.718 482.288 -71.4774 -158.042 116.552 -2.38
-737.724 482.269 -72.4772 -158.042 116.552 -2.38
-737.73 482.25 -73.477 -158.042 116.552 -2.38
-737.736 482.232 -74.4768 -158.042 116.552 -2.38
-737.743 482.213 -75.4766 -158.042 116.552 -2.38
-737.749 482.194 -76.4764 -158.042 116.552 -2.38
-737.755 482.175 -77.4762 -158.042 116.552 -2.38
18
-736.775 486.192 7.80607 -157.629 108.576 -2.251
-736.777 486.174 6.80624 -157.629 108.576 -2.251
-736.779 486.155 5.80641 -157.629 108.576 -2.251
-736.781 486.137 4.80657 -157.629 108.576 -2.251
-736.783 486.119 3.80674 -157.629 108.576 -2.251
-736.785 486.101 2.80691 -157.629 108.576 -2.251
-736.787 486.083 1.80708 -157.629 108.576 -2.251
-736.788 486.064 0.807244 -157.629 108.576 -2.251
-736.79 486.046 -0.192588 -157.645 108.571 -2.258
-736.792 486.028 -1.19242 -157.65 108.571 -2.263
-736.794 486.01 -2.19225 -157.653 108.573 -2.27
-736.796 485.992 -3.19209 -157.653 108.573 -2.27
-736.798 485.973 -4.19192 -157.654 108.575 -2.265
-736.8 485.955 -5.19175 -157.652 108.578 -2.262
-736.802 485.937 -6.19158 -157.649 108.582 -2.26
-736.804 485.919 -7.19142 -157.648 108.583 -2.249
-736.806 485.9 -8.19125 -157.648 108.583 -2.249
-736.808 485.882 -9.19108 -157.646 108.58 -2.247
-736.81 485.864 -10.1909 -157.647 108.575 -2.254
-736.812 485.846 -11.1907 -157.647 108.575 -2.254
-736.814 485.828 -12.1906 -157.65 108.575 -2.256
-736.815 485.809 -13.1904 -157.652 108.576 -2.264
-736.817 485.791 -14.1902 -157.653 108.575 -2.266
-736.819 485.773 -15.1901 -157.654 108.574 -2.263
-736.821 485.755 -16.1899 -157.654 108.574 -2.263
-736.823 485.737 -17.1897 -157.649 108.575 -2.278
-736.825 485.718 -18.1896 -157.647 108.577 -2.275
-736.827 485.7 -19.1894 -157.645 108.578 -2.274
-736.829 485.682 -20.1892 -157.645 108.578 -2.274
-736.831 485.664 -21.1891 -157.646 108.581 -2.272
-736.833 485.646 -22.1889 -157.648 108.582 -2.266
-736.835 485.627 -23.1887 -157.653 108.579 -2.265
-736.837 485.609 -24.1886 -157.653 108.579 -2.265
-736.839 485.591 -25.1884 -157.659 108.58 -2.27
-736.84 485.573 -26.1882 -157.666 108.579 -2.264
-736.842 485.555 -27.1881 -157.67 108.578 -2.266
-736.844 485.536 -28.1879 -157.67 108.578 -2.266
-736.846 485.518 -29.1877 -157.673 108.578 -2.266
-736.848 485.5 -30.1876 -157.674 108.58 -2.261
-736.85 485.482 -31.1874 -157.674 108.581 -2.26
-736.852 485.464 -32.1872 -157.67 108.58 -2.271
-736.854 485.445 -33.1871 -157.671 108.578 -2.27
-736.856 485.427 -34.1869 -157.671 108.578 -2.27
-736.858 485.409 -35.1867 -157.668 108.58 -2.28
-736.86 485.391 -36.1866 -157.67 108.583 -2.281
-736.862 485.373 -37.1864 -157.673 108.594 -2.279
-736.864 485.354 -38.1862 -157.672 108.618 -2.284
-736.866 485.336 -39.1861 -157.672 108.618 -2.284
-736.867 485.318 -40.1859 -157.674 108.686 -2.288
-736.869 485.3 -41.1857 -157.684 108.789 -2.28
-736.871 485.282 -42.1856 -157.684 108.789 -2.28
-736.873 485.263 -43.1854 -157.688 108.979 -2.305
-736.875 485.245 -44.1852 -157.71 109.253 -2.299
-736.877 485.227 -45.185 -157.71 109.253 -2.299
-736.879 485.209 -46.1849 -157.747 109.673 -2.269
-736.881 485.191 -47.1847 -157.786 110.287 -2.277
-736.883 485.172 -48.1845 -157.786 110.287 -2.277
-736.885 485.154 -49.1844 -157.817 110.961 -2.301
-736.887 485.136 -50.1842 -157.817 110.961 -2.301
-736.889 485.118 -51.184 -157.861 111.634 -2.306
-736.891 485.1 -52.1839 -157.861 111.634 -2.306
-736.893 485.081 -53.1837 -157.891 112.258 -2.325
-736.894 485.063 -54.1835 -157.891 112.258 -2.325
-736.896 485.045 -55.1834 -157.92 112.908 -2.34
-736.898 485.027 -56.1832 -157.92 112.908 -2.34
-736.9 485.009 -57.183 -157.944 113.47 -2.335
-736.902 484.99 -58.1829 -157.944 113.47 -2.335
-736.904 484.972 -59.1827 -157.968 114.134 -2.351
-736.906 484.954 -60.1825 -157.968 114.134 -2.351
-736.908 484.936 -61.1824 -157.982 114.592 -2.351
-736.91 484.918 -62.1822 -157.994 115.036 -2.347
-736.912 484.899 -63.182 -157.994 115.036 -2.347
-736.914 484.881 -64.1819 -158.007 115.694 -2.361
-736.916 484.863 -65.1817 -158.007 115.694 -2.361
-736.918 484.845 -66.1815 -158.027 116.255 -2.369
-736.919 484.827 -67.1814 -158.027 116.255 -2.369
-736.921 484.808 -68.1812 -158.027 116.255 -2.369
-736.923 484.79 -69.181 -158.066 116.933 -2.416
-736.925 484.772 -70.1809 -158.066 116.933 -2.416
-736.927 484.754 -71.1807 -158.066 116.933 -2.416
-736.929 484.736 -72.1805 -158.066 116.933 -2.416
-736.931 484.717 -73.1804 -158.066 116.933 -2.416
-736.933 484.699 -74.1802 -158.066 116.933 -2.416
-736.935 484.681 -75.18 -158.066 116.933 -2.416
-736.937 484.663 -76.1799 -158.066 116.933 -2.416
-736.939 484.645 -77.1797 -158.066 116.933 -2.416
