1
-671.968 415.006 -8.7211 -143.855 113.836 -6.963
-671.976 414.985 -9.72084 -143.855 113.836 -6.963
-671.985 414.963 -10.7206 -143.855 113.836 -6.963
-671.993 414.942 -11.7203 -143.855 113.836 -6.963
-672.002 414.921 -12.72 -143.855 113.836 -6.963
-672.01 414.899 -13.7198 -143.855 113.836 -6.963
-672.019 414.878 -14.7195 -143.855 113.836 -6.963
-672.027 414.856 -15.7192 -143.855 113.836 -6.963
-672.036 414.835 -16.719 -143.855 113.836 -6.963
-672.044 414.814 -17.7187 -143.855 113.836 -6.963
-672.053 414.792 -18.7185 -143.855 113.836 -6.963
-672.061 414.771 -19.7182 -143.855 113.836 -6.963
-672.07 414.749 -20.7179 -143.855 113.836 -6.963
-672.078 414.728 -21.7177 -143.855 113.836 -6.963
-672.087 414.707 -22.7174 -143.855 113.836 -6.963
-672.095 414.685 -23.7171 -143.855 113.836 -6.963
-672.104 414.664 -24.7169 -143.855 113.836 -6.963
-672.112 414.642 -25.7166 -143.855 113.836 -6.963
-672.121 414.621 -26.7163 -143.883 113.828 -6.994
-672.129 414.6 -27.7161 -143.891 113.828 -6.998
-672.138 414.578 -28.7158 -143.891 113.828 -6.998
-672.146 414.557 -29.7155 -143.899 113.833 -6.999
-672.155 414.535 -30.7153 -143.902 113.835 -7
-672.163 414.514 -31.715 -143.902 113.837 -6.994
-672.172 414.493 -32.7147 -143.902 113.837 -6.994
-672.18 414.471 -33.7145 -143.901 113.839 -6.987
-672.189 414.45 -34.7142 -143.901 113.838 -6.975
-672.197 414.429 -35.7139 -143.897 113.835 -6.977
-672.206 414.407 -36.7137 -143.893 113.831 -6.986
-672.214 414.386 -37.7134 -143.893 113.831 -6.986
-672.223 414.364 -38.7132 -143.895 113.831 -6.989
-672.231 414.343 -39.7129 -143.897 113.832 -6.997
-672.24 414.322 -40.7126 -143.901 113.834 -7.003
-672.248 414.3 -41.7124 -143.901 113.834 -7.003
-672.257 414.279 -42.7121 -143.903 113.836 -7.005
-672.265 414.257 -43.7118 -143.905 113.837 -7
-672.274 414.236 -44.7116 -143.904 113.838 -7.007
-672.282 414.215 -45.7113 -143.901 113.837 -7.01
-672.291 414.193 -46.711 -143.901 113.838 -7.002
-672.299 414.172 -47.7108 -143.901 113.838 -7.002
-672.308 414.15 -48.7105 -143.898 113.838 -7.001
-672.316 414.129 -49.7102 -143.899 113.838 -6.999
-672.325 414.108 -50.71 -143.899 113.838 -6.999
-672.333 414.086 -51.7097 -143.902 113.838 -6.996
-672.342 414.065 -52.7094 -143.906 113.838 -6.99
-672.35 414.043 -53.7092 -143.906 113.838 -6.99
-672.359 414.022 -54.7089 -143.904 113.837 -6.999
-672.367 414.001 -55.7086 -143.904 113.838 -6.996
-672.376 413.979 -56.7084 -143.902 113.838 -6.997
-672.384 413.958 -57.7081 -143.902 113.838 -6.997
-672.393 413.937 -58.7079 -143.9 113.839 -6.998
-672.401 413.915 -59.7076 -143.898 113.839 -6.998
-672.41 413.894 -60.7073 -143.899 113.84 -6.992
-672.418 413.872 -61.7071 -143.896 113.842 -6.998
-672.427 413.851 -62.7068 -143.896 113.842 -6.998
-672.435 413.83 -63.7065 -143.895 113.842 -7.008
-672.444 413.808 -64.7063 -143.897 113.843 -7.009
-672.452 413.787 -65.706 -143.897 113.843 -7.009
-672.461 413.765 -66.7057 -143.898 113.842 -7.014
-672.469 413.744 -67.7055 -143.899 113.842 -7.015
-672.478 413.723 -68.7052 -143.901 113.841 -7.008
-672.486 413.701 -69.7049 -143.901 113.841 -7.008
-672.495 413.68 -70.7047 -143.903 113.842 -7.006
-672.503 413.658 -71.7044 -143.902 113.844 -7.013
-672.512 413.637 -72.7041 -143.904 113.848 -7.01
-672.52 413.616 -73.7039 -143.904 113.848 -7.01
-672.529 413.594 -74.7036 -143.904 113.848 -7.01
-672.537 413.573 -75.7033 -143.904 113.848 -7.01
-672.546 413.551 -76.7031 -143.904 113.848 -7.01
-672.554 413.53 -77.7028 -143.904 113.848 -7.01
-672.563 413.509 -78.7026 -143.904 113.848 -7.01
2
-657.102 410.485 -8.4172 -143.854 113.836 -6.963
-657.111 410.462 -9.41689 -143.854 113.836 -6.963
-657.12 410.439 -10.4166 -143.854 113.836 -6.963
-657.128 410.416 -11.4163 -143.854 113.836 -6.963
-657.137 410.392 -12.416 -143.854 113.836 -6.963
-657.146 410.369 -13.4157 -143.854 113.836 -6.963
-657.154 410.346 -14.4154 -143.854 113.836 -6.963
-657.163 410.323 -15.415 -143.854 113.836 -6.963
-657.171 410.3 -16.4147 -143.854 113.836 -6.963
-657.18 410.276 -17.4144 -143.854 113.836 -6.963
-657.189 410.253 -18.4141 -143.854 113.836 -6.963
-657.197 410.23 -19.4138 -143.854 113.836 -6.963
-657.206 410.207 -20.4135 -143.854 113.836 -6.963
-657.214 410.183 -21.4132 -143.854 113.836 -6.963
-657.223 410.16 -22.4129 -143.854 113.836 -6.963
-657.232 410.137 -23.4126 -143.854 113.836 -6.963
-657.24 410.114 -24.4123 -143.882 113.829 -6.993
-657.249 410.09 -25.412 -143.891 113.828 -6.999
-657.258 410.067 -26.4117 -143.899 113.832 -7.001
-657.266 410.044 -27.4114 -143.899 113.832 -7.001
-657.275 410.021 -28.4111 -143.9 113.835 -7.002
-657.283 409.997 -29.4107 -143.9 113.836 -7
-657.292 409.974 -30.4104 -143.899 113.838 -6.996
-657.301 409.951 -31.4101 -143.899 113.838 -6.98
-657.309 409.928 -32.4098 -143.899 113.838 -6.98
-657.318 409.905 -33.4095 -143.895 113.835 -6.98
-657.327 409.881 -34.4092 -143.891 113.83 -6.987
-657.335 409.858 -35.4089 -143.892 113.829 -6.986
-657.344 409.835 -36.4086 -143.895 113.831 -6.991
-657.352 409.812 -37.4083 -143.895 113.831 -6.991
-657.361 409.788 -38.408 -143.9 113.833 -6.998
-657.37 409.765 -39.4077 -143.904 113.837 -6.999
-657.378 409.742 -40.4074 -143.904 113.837 -6.999
-657.387 409.719 -41.4071 -143.908 113.838 -6.995
-657.396 409.695 -42.4068 -143.906 113.838 -7.003
-657.404 409.672 -43.4064 -143.906 113.838 -7.003
-657.413 409.649 -44.4061 -143.903 113.836 -7
-657.421 409.626 -45.4058 -143.9 113.837 -6.999
-657.43 409.602 -46.4055 -143.897 113.837 -6.998
-657.439 409.579 -47.4052 -143.897 113.837 -6.998
-657.447 409.556 -48.4049 -143.898 113.838 -7
-657.456 409.533 -49.4046 -143.902 113.837 -6.995
-657.464 409.51 -50.4043 -143.904 113.838 -6.999
-657.473 409.486 -51.404 -143.904 113.838 -6.999
-657.482 409.463 -52.4037 -143.902 113.837 -7.004
-657.49 409.44 -53.4034 -143.903 113.838 -7.002
-657.499 409.417 -54.4031 -143.9 113.838 -7.003
-657.508 409.393 -55.4028 -143.898 113.839 -7.005
-657.516 409.37 -56.4025 -143.897 113.84 -7.004
-657.525 409.347 -57.4021 -143.897 113.84 -7.004
-657.533 409.324 -58.4018 -143.897 113.841 -6.996
-657.542 409.3 -59.4015 -143.896 113.843 -6.999
-657.551 409.277 -60.4012 -143.896 113.843 -6.999
-657.559 409.254 -61.4009 -143.894 113.843 -7.006
-657.568 409.231 -62.4006 -143.897 113.844 -7.006
-657.577 409.207 -63.4003 -143.897 113.842 -7.009
-657.585 409.184 -64.4 -143.897 113.842 -7.009
-657.594 409.161 -65.3997 -143.898 113.841 -7.011
-657.602 409.138 -66.3994 -143.9 113.84 -7.008
-657.611 409.115 -67.3991 -143.903 113.841 -7.001
-657.62 409.091 -68.3988 -143.903 113.841 -7.001
-657.628 409.068 -69.3985 -143.903 113.842 -7.01
-657.637 409.045 -70.3982 -143.904 113.847 -7.012
-657.646 409.022 -71.3978 -143.905 113.85 -7.011
-657.654 408.998 -72.3975 -143.905 113.85 -7.011
-657.663 408.975 -73.3972 -143.905 113.85 -7.011
-657.671 408.952 -74.3969 -143.905 113.85 -7.011
-657.68 408.929 -75.3966 -143.905 113.85 -7.011
-657.689 408.905 -76.3963 -143.905 113.85 -7.011
-657.697 408.882 -77.396 -143.905 113.85 -7.011
-657.706 408.859 -78.3957 -143.905 113.85 -7.011
3
-666.716 401.584 -7.28287 -143.854 113.835 -6.965
-666.723 401.566 -8.28268 -143.854 113.835 -6.965
-666.729 401.548 -9.2825 -143.854 113.835 -6.965
-666.736 401.529 -10.2823 -143.854 113.835 -6.965
-666.742 401.511 -11.2821 -143.854 113.835 -6.965
-666.748 401.493 -12.2819 -143.854 113.835 -6.965
-666.755 401.474 -13.2817 -143.854 113.835 -6.965
-666.761 401.456 -14.2816 -143.854 113.835 -6.965
-666.767 401.438 -15.2814 -143.854 113.835 -6.965
-666.774 401.42 -16.2812 -143.854 113.835 -6.965
-666.78 401.401 -17.281 -143.854 113.835 -6.965
-666.786 401.383 -18.2808 -143.854 113.835 -6.965
-666.793 401.365 -19.2806 -143.854 113.835 -6.965
-666.799 401.346 -20.2804 -143.854 113.835 -6.965
-666.805 401.328 -21.2802 -143.854 113.835 -6.965
-666.812 401.31 -22.2801 -143.854 113.835 -6.965
-666.818 401.291 -23.2799 -143.854 113.835 -6.965
-666.824 401.273 -24.2797 -143.854 113.835 -6.965
-666.831 401.255 -25.2795 -143.854 113.835 -6.965
-666.837 401.236 -26.2793 -143.854 113.835 -6.965
-666.843 401.218 -27.2791 -143.854 113.835 -6.965
-666.85 401.2 -28.2789 -143.854 113.835 -6.965
-666.856 401.181 -29.2787 -143.854 113.835 -6.965
-666.862 401.163 -30.2786 -143.881 113.83 -6.989
-666.869 401.145 -31.2784 -143.891 113.83 -6.995
-666.875 401.126 -32.2782 -143.901 113.833 -6.994
-666.881 401.108 -33.278 -143.901 113.833 -6.994
-666.888 401.09 -34.2778 -143.904 113.836 -6.997
-666.894 401.072 -35.2776 -143.903 113.838 -6.992
-666.901 401.053 -36.2774 -143.902 113.84 -6.988
-666.907 401.035 -37.2772 -143.902 113.841 -6.98
-666.913 401.017 -38.277 -143.902 113.841 -6.98
-666.92 400.998 -39.2769 -143.899 113.837 -6.973
-666.926 400.98 -40.2767 -143.893 113.829 -6.982
-666.932 400.962 -41.2765 -143.893 113.829 -6.982
-666.939 400.943 -42.2763 -143.894 113.828 -6.986
-666.945 400.925 -43.2761 -143.897 113.83 -6.996
-666.951 400.907 -44.2759 -143.897 113.83 -6.996
-666.958 400.888 -45.2757 -143.901 113.833 -7.002
-666.964 400.87 -46.2755 -143.904 113.836 -7.002
-666.97 400.852 -47.2754 -143.906 113.837 -7.003
-666.977 400.833 -48.2752 -143.906 113.837 -7.003
-666.983 400.815 -49.275 -143.904 113.837 -7.01
-666.989 400.797 -50.2748 -143.902 113.838 -7.004
-666.996 400.779 -51.2746 -143.899 113.838 -7.003
-667.002 400.76 -52.2744 -143.899 113.838 -7.003
-667.008 400.742 -53.2742 -143.898 113.838 -7
-667.015 400.724 -54.274 -143.899 113.839 -6.998
-667.021 400.705 -55.2739 -143.902 113.838 -6.993
-667.027 400.687 -56.2737 -143.905 113.836 -6.99
-667.034 400.669 -57.2735 -143.905 113.836 -6.99
-667.04 400.65 -58.2733 -143.904 113.835 -6.995
-667.047 400.632 -59.2731 -143.905 113.836 -6.993
-667.053 400.614 -60.2729 -143.902 113.836 -6.994
-667.059 400.595 -61.2727 -143.9 113.838 -6.997
-667.066 400.577 -62.2725 -143.898 113.839 -6.998
-667.072 400.559 -63.2724 -143.896 113.839 -6.998
-667.078 400.54 -64.2722 -143.896 113.839 -6.998
-667.085 400.522 -65.272 -143.896 113.842 -6.994
-667.091 400.504 -66.2718 -143.894 113.844 -7.005
-667.097 400.485 -67.2716 -143.894 113.845 -7.009
-667.104 400.467 -68.2714 -143.896 113.845 -7.012
-667.11 400.449 -69.2712 -143.896 113.845 -7.012
-667.116 400.431 -70.271 -143.896 113.844 -7.018
-667.123 400.412 -71.2708 -143.898 113.842 -7.019
-667.129 400.394 -72.2707 -143.901 113.841 -7.011
-667.135 400.376 -73.2705 -143.901 113.841 -7.011
-667.142 400.357 -74.2703 -143.903 113.842 -7.007
-667.148 400.339 -75.2701 -143.902 113.842 -7.015
-667.154 400.321 -76.2699 -143.904 113.845 -7.013
-667.161 400.302 -77.2697 -143.904 113.848 -7.008
4
-667.216 405.604 -7.65201 -143.853 113.836 -6.965
-667.215 405.584 -8.65182 -143.853 113.836 -6.965
-667.215 405.564 -9.65162 -143.853 113.836 -6.965
-667.214 405.544 -10.6514 -143.853 113.836 -6.965
-667.214 405.524 -11.6512 -143.853 113.836 -6.965
-667.213 405.504 -12.651 -143.853 113.836 -6.965
-667.213 405.484 -13.6508 -143.853 113.836 -6.965
-667.212 405.464 -14.6506 -143.853 113.836 -6.965
-667.212 405.444 -15.6504 -143.853 113.836 -6.965
-667.211 405.425 -16.6502 -143.853 113.836 -6.965
-667.211 405.405 -17.65 -143.853 113.836 -6.965
-667.21 405.385 -18.6498 -143.853 113.836 -6.965
-667.21 405.365 -19.6496 -143.853 113.836 -6.965
-667.209 405.345 -20.6494 -143.853 113.836 -6.965
-667.208 405.325 -21.6492 -143.853 113.836 -6.965
-667.208 405.305 -22.649 -143.853 113.836 -6.965
-667.207 405.285 -23.6488 -143.853 113.836 -6.965
-667.207 405.265 -24.6486 -143.853 113.836 -6.965
-667.206 405.246 -25.6485 -143.853 113.836 -6.965
-667.206 405.226 -26.6483 -143.853 113.836 -6.965
-667.205 405.206 -27.6481 -143.853 113.836 -6.965
-667.205 405.186 -28.6479 -143.883 113.83 -6.989
-667.204 405.166 -29.6477 -143.894 113.83 -6.994
-667.204 405.146 -30.6475 -143.894 113.83 -6.994
-667.203 405.126 -31.6473 -143.902 113.833 -6.995
-667.203 405.106 -32.6471 -143.904 113.836 -6.997
-667.202 405.087 -33.6469 -143.903 113.838 -6.993
-667.202 405.067 -34.6467 -143.901 113.839 -6.987
-667.201 405.047 -35.6465 -143.901 113.839 -6.987
-667.201 405.027 -36.6463 -143.902 113.841 -6.976
-667.2 405.007 -37.6461 -143.899 113.837 -6.972
-667.2 404.987 -38.6459 -143.892 113.829 -6.982
-667.199 404.967 -39.6457 -143.892 113.829 -6.982
-667.198 404.947 -40.6455 -143.893 113.827 -6.983
-667.198 404.927 -41.6453 -143.896 113.83 -6.995
-667.197 404.908 -42.6451 -143.896 113.83 -6.995
-667.197 404.888 -43.6449 -143.9 113.832 -7.001
-667.196 404.868 -44.6447 -143.903 113.835 -7.004
-667.196 404.848 -45.6445 -143.906 113.837 -7.003
-667.195 404.828 -46.6443 -143.906 113.838 -7.008
-667.195 404.808 -47.6441 -143.904 113.837 -7.012
-667.194 404.788 -48.6439 -143.903 113.837 -7.005
-667.194 404.768 -49.6437 -143.903 113.837 -7.005
-667.193 404.748 -50.6435 -143.9 113.838 -7.003
-667.193 404.729 -51.6433 -143.898 113.838 -7.002
-667.192 404.709 -52.6431 -143.899 113.839 -6.999
-667.192 404.689 -53.6429 -143.904 113.838 -6.99
-667.191 404.669 -54.6427 -143.904 113.838 -6.99
-667.191 404.649 -55.6425 -143.905 113.837 -6.99
-667.19 404.629 -56.6423 -143.905 113.835 -6.995
-667.19 404.609 -57.6421 -143.906 113.836 -6.992
-667.189 404.589 -58.6419 -143.903 113.836 -6.995
-667.188 404.57 -59.6417 -143.899 113.838 -6.997
-667.188 404.55 -60.6415 -143.899 113.838 -6.997
-667.187 404.53 -61.6413 -143.898 113.839 -6.997
-667.187 404.51 -62.6411 -143.898 113.84 -6.994
-667.186 404.49 -63.6409 -143.898 113.84 -6.994
-667.186 404.47 -64.6407 -143.896 113.844 -7.001
-667.185 404.45 -65.6405 -143.895 113.845 -7.008
-667.185 404.43 -66.6403 -143.897 113.846 -7.011
-667.184 404.41 -67.6401 -143.896 113.844 -7.016
-667.184 404.391 -68.6399 -143.895 113.843 -7.02
-667.183 404.371 -69.6397 -143.895 113.843 -7.02
-667.183 404.351 -70.6395 -143.897 113.841 -7.018
-667.182 404.331 -71.6394 -143.902 113.841 -7.009
-667.182 404.311 -72.6392 -143.903 113.842 -7.013
-667.181 404.291 -73.639 -143.903 113.842 -7.013
-667.181 404.271 -74.6388 -143.903 113.844 -7.015
-667.18 404.251 -75.6386 -143.906 113.847 -7.009
-667.18 404.231 -76.6384 -143.903 113.848 -7.007
-667.179 404.212 -77.6382 -143.903 113.848 -7.007
5
-667.783 411.692 -7.3511 -143.854 113.835 -6.965
-667.78 411.677 -8.35098 -143.854 113.835 -6.965
-667.777 411.662 -9.35087 -143.854 113.835 -6.965
-667.773 411.647 -10.3508 -143.854 113.835 -6.965
-667.77 411.633 -11.3506 -143.854 113.835 -6.965
-667.767 411.618 -12.3505 -143.854 113.835 -6.965
-667.763 411.603 -13.3504 -143.854 113.835 -6.965
-667.76 411.588 -14.3503 -143.854 113.835 -6.965
-667.757 411.574 -15.3502 -143.854 113.835 -6.965
-667.753 411.559 -16.3501 -143.854 113.835 -6.965
-667.75 411.544 -17.35 -143.854 113.835 -6.965
-667.747 411.529 -18.3498 -143.854 113.835 -6.965
-667.743 411.515 -19.3497 -143.854 113.835 -6.965
-667.74 411.5 -20.3496 -143.854 113.835 -6.965
-667.737 411.485 -21.3495 -143.854 113.835 -6.965
-667.734 411.471 -22.3494 -143.854 113.835 -6.965
-667.73 411.456 -23.3493 -143.854 113.835 -6.965
-667.727 411.441 -24.3492 -143.854 113.835 -6.965
-667.724 411.426 -25.349 -143.854 113.835 -6.965
-667.72 411.412 -26.3489 -143.883 113.828 -6.991
-667.717 411.397 -27.3488 -143.883 113.828 -6.991
-667.714 411.382 -28.3487 -143.892 113.828 -6.996
-667.71 411.367 -29.3486 -143.902 113.832 -6.999
-667.707 411.353 -30.3485 -143.904 113.834 -7
-667.704 411.338 -31.3484 -143.904 113.836 -6.998
-667.7 411.323 -32.3482 -143.904 113.836 -6.998
-667.697 411.308 -33.3481 -143.902 113.838 -6.992
-667.694 411.294 -34.348 -143.901 113.84 -6.983
-667.69 411.279 -35.3479 -143.896 113.835 -6.978
-667.687 411.264 -36.3478 -143.896 113.835 -6.978
-667.684 411.249 -37.3477 -143.893 113.831 -6.984
-667.68 411.235 -38.3476 -143.895 113.83 -6.985
-667.677 411.22 -39.3474 -143.899 113.832 -6.992
-667.674 411.205 -40.3473 -143.899 113.832 -6.992
-667.67 411.191 -41.3472 -143.903 113.834 -7
-667.667 411.176 -42.3471 -143.904 113.837 -7.001
-667.664 411.161 -43.347 -143.905 113.837 -6.999
-667.66 411.146 -44.3469 -143.905 113.837 -6.999
-667.657 411.132 -45.3468 -143.902 113.837 -7.006
-667.654 411.117 -46.3466 -143.901 113.836 -7.003
-667.651 411.102 -47.3465 -143.9 113.838 -6.999
-667.647 411.087 -48.3464 -143.898 113.838 -6.998
-667.644 411.073 -49.3463 -143.898 113.838 -6.998
-667.641 411.058 -50.3462 -143.899 113.839 -6.999
-667.637 411.043 -51.3461 -143.901 113.839 -6.998
-667.634 411.028 -52.346 -143.903 113.838 -6.993
-667.631 411.014 -53.3459 -143.903 113.838 -6.993
-667.627 410.999 -54.3457 -143.901 113.837 -7
-667.624 410.984 -55.3456 -143.902 113.837 -7
-667.621 410.969 -56.3455 -143.902 113.839 -7
-667.617 410.955 -57.3454 -143.901 113.84 -7.002
-667.614 410.94 -58.3453 -143.901 113.84 -7.002
-667.611 410.925 -59.3452 -143.9 113.84 -7.003
-667.607 410.911 -60.3451 -143.899 113.839 -6.996
-667.604 410.896 -61.3449 -143.897 113.841 -7
-667.601 410.881 -62.3448 -143.897 113.841 -7
-667.597 410.866 -63.3447 -143.895 113.841 -7.004
-667.594 410.852 -64.3446 -143.896 113.842 -7.006
-667.591 410.837 -65.3445 -143.897 113.843 -7.007
-667.587 410.822 -66.3444 -143.897 113.842 -7.01
-667.584 410.807 -67.3443 -143.899 113.841 -7.012
-667.581 410.793 -68.3441 -143.899 113.841 -7.012
-667.577 410.778 -69.344 -143.902 113.84 -7.006
-667.574 410.763 -70.3439 -143.902 113.843 -7.008
-667.571 410.748 -71.3438 -143.901 113.845 -7.012
-667.568 410.734 -72.3437 -143.901 113.845 -7.012
-667.564 410.719 -73.3436 -143.903 113.849 -7.01
-667.561 410.704 -74.3435 -143.903 113.849 -7.01
-667.558 410.689 -75.3433 -143.903 113.849 -7.01
-667.554 410.675 -76.3432 -143.903 113.849 -7.01
-667.551 410.66 -77.3431 -143.903 113.849 -7.01
6
-667.222 409.423 -6.66083 -143.852 113.835 -6.964
-667.21 409.403 -7.66054 -143.852 113.835 -6.964
-667.197 409.382 -8.66025 -143.852 113.835 -6.964
-667.185 409.361 -9.65997 -143.852 113.835 -6.964
-667.173 409.341 -10.6597 -143.852 113.835 -6.964
-667.161 409.32 -11.6594 -143.852 113.835 -6.964
-667.149 409.299 -12.6591 -143.852 113.835 -6.964
-667.137 409.279 -13.6588 -143.852 113.835 -6.964
-667.125 409.258 -14.6585 -143.852 113.835 -6.964
-667.113 409.237 -15.6582 -143.852 113.835 -6.964
-667.101 409.217 -16.658 -143.852 113.835 -6.964
-667.089 409.196 -17.6577 -143.852 113.835 -6.964
-667.077 409.175 -18.6574 -143.852 113.835 -6.964
-667.065 409.155 -19.6571 -143.852 113.835 -6.964
-667.053 409.134 -20.6568 -143.852 113.835 -6.964
-667.04 409.113 -21.6565 -143.852 113.835 -6.964
-667.028 409.093 -22.6562 -143.852 113.835 -6.964
-667.016 409.072 -23.656 -143.852 113.835 -6.964
-667.004 409.051 -24.6557 -143.852 113.835 -6.964
-666.992 409.031 -25.6554 -143.852 113.835 -6.964
-666.98 409.01 -26.6551 -143.852 113.835 -6.964
-666.968 408.989 -27.6548 -143.882 113.83 -6.988
-666.956 408.969 -28.6545 -143.891 113.829 -6.992
-666.944 408.948 -29.6542 -143.903 113.834 -6.993
-666.932 408.927 -30.654 -143.907 113.837 -6.994
-666.92 408.907 -31.6537 -143.907 113.837 -6.994
-666.908 408.886 -32.6534 -143.906 113.838 -6.991
-666.895 408.865 -33.6531 -143.902 113.838 -6.987
-666.883 408.845 -34.6528 -143.901 113.84 -6.978
-666.871 408.824 -35.6525 -143.898 113.837 -6.97
-666.859 408.803 -36.6522 -143.894 113.832 -6.977
-666.847 408.783 -37.6519 -143.894 113.832 -6.977
-666.835 408.762 -38.6517 -143.893 113.827 -6.981
-666.823 408.741 -39.6514 -143.896 113.829 -6.99
-666.811 408.721 -40.6511 -143.899 113.831 -6.999
-666.799 408.7 -41.6508 -143.899 113.831 -6.999
-666.787 408.679 -42.6505 -143.901 113.834 -7.005
-666.775 408.659 -43.6502 -143.904 113.836 -7.004
-666.763 408.638 -44.6499 -143.905 113.838 -7.008
-666.751 408.617 -45.6497 -143.904 113.838 -7.013
-666.738 408.597 -46.6494 -143.903 113.838 -7.008
-666.726 408.576 -47.6491 -143.903 113.838 -7.008
-666.714 408.555 -48.6488 -143.901 113.84 -7.005
-666.702 408.535 -49.6485 -143.899 113.839 -7.002
-666.69 408.514 -50.6482 -143.901 113.84 -7
-666.678 408.493 -51.6479 -143.901 113.84 -7
-666.666 408.473 -52.6476 -143.904 113.838 -6.993
-666.654 408.452 -53.6474 -143.905 113.836 -6.991
-666.642 408.431 -54.6471 -143.903 113.835 -6.995
-666.63 408.411 -55.6468 -143.903 113.835 -6.995
-666.618 408.39 -56.6465 -143.903 113.836 -6.992
-666.606 408.369 -57.6462 -143.9 113.838 -6.994
-666.593 408.349 -58.6459 -143.9 113.838 -6.994
-666.581 408.328 -59.6456 -143.899 113.84 -6.998
-666.569 408.307 -60.6454 -143.898 113.841 -6.999
-666.557 408.287 -61.6451 -143.898 113.843 -6.995
-666.545 408.266 -62.6448 -143.895 113.845 -7.003
-666.533 408.245 -63.6445 -143.894 113.845 -7.011
-666.521 408.225 -64.6442 -143.896 113.847 -7.012
-666.509 408.204 -65.6439 -143.896 113.847 -7.012
-666.497 408.183 -66.6436 -143.897 113.845 -7.017
-666.485 408.163 -67.6433 -143.896 113.845 -7.022
-666.473 408.142 -68.6431 -143.898 113.842 -7.019
-666.461 408.122 -69.6428 -143.9 113.84 -7.012
-666.449 408.101 -70.6425 -143.9 113.84 -7.012
-666.436 408.08 -71.6422 -143.902 113.841 -7.012
-666.424 408.06 -72.6419 -143.905 113.845 -7.012
-666.412 408.039 -73.6416 -143.905 113.845 -7.012
-666.4 408.018 -74.6413 -143.906 113.848 -7.009
-666.388 407.998 -75.6411 -143.906 113.848 -7.009
-666.376 407.977 -76.6408 -143.906 113.848 -7.009
7
-667.033 412.025 -7.95393 -143.855 113.836 -6.967
-667.034 412.014 -8.95386 -143.855 113.836 -6.967
-667.034 412.003 -9.9538 -143.855 113.836 -6.967
-667.034 411.992 -10.9537 -143.855 113.836 -6.967
-667.035 411.981 -11.9537 -143.855 113.836 -6.967
-667.035 411.97 -12.9536 -143.855 113.836 -6.967
-667.036 411.959 -13.9536 -143.855 113.836 -6.967
-667.036 411.947 -14.9535 -143.855 113.836 -6.967
-667.037 411.936 -15.9534 -143.855 113.836 -6.967
-667.037 411.925 -16.9534 -143.855 113.836 -6.967
-667.038 411.914 -17.9533 -143.855 113.836 -6.967
-667.038 411.903 -18.9532 -143.855 113.836 -6.967
-667.038 411.892 -19.9532 -143.855 113.836 -6.967
-667.039 411.881 -20.9531 -143.855 113.836 -6.967
-667.039 411.869 -21.9531 -143.855 113.836 -6.967
-667.04 411.858 -22.953 -143.855 113.836 -6.967
-667.04 411.847 -23.9529 -143.855 113.836 -6.967
-667.041 411.836 -24.9529 -143.855 113.836 -6.967
-667.041 411.825 -25.9528 -143.881 113.83 -6.99
-667.041 411.814 -26.9527 -143.881 113.83 -6.99
-667.042 411.803 -27.9527 -143.897 113.831 -6.994
-667.042 411.791 -28.9526 -143.897 113.831 -6.994
-667.043 411.78 -29.9526 -143.903 113.835 -6.997
-667.043 411.769 -30.9525 -143.903 113.836 -6.997
-667.044 411.758 -31.9524 -143.9 113.837 -6.992
-667.044 411.747 -32.9524 -143.899 113.84 -6.978
-667.044 411.736 -33.9523 -143.899 113.84 -6.978
-667.045 411.725 -34.9522 -143.897 113.837 -6.972
-667.045 411.713 -35.9522 -143.894 113.832 -6.979
-667.046 411.702 -36.9521 -143.894 113.828 -6.98
-667.046 411.691 -37.9521 -143.894 113.828 -6.98
-667.047 411.68 -38.952 -143.896 113.83 -6.988
-667.047 411.669 -39.9519 -143.899 113.832 -6.996
-667.047 411.658 -40.9519 -143.902 113.835 -7.001
-667.048 411.647 -41.9518 -143.904 113.838 -7.003
-667.048 411.635 -42.9518 -143.904 113.838 -7.003
-667.049 411.624 -43.9517 -143.906 113.839 -7.002
-667.049 411.613 -44.9516 -143.904 113.838 -7.011
-667.05 411.602 -45.9516 -143.904 113.837 -7.007
-667.05 411.591 -46.9515 -143.902 113.838 -7.005
-667.051 411.58 -47.9514 -143.902 113.838 -7.005
-667.051 411.569 -48.9514 -143.898 113.837 -7.002
-667.051 411.557 -49.9513 -143.899 113.838 -7.002
-667.052 411.546 -50.9513 -143.902 113.838 -6.993
-667.052 411.535 -51.9512 -143.902 113.838 -6.993
-667.053 411.524 -52.9511 -143.903 113.838 -6.994
-667.053 411.513 -53.9511 -143.904 113.836 -6.999
-667.054 411.502 -54.951 -143.905 113.837 -6.997
-667.054 411.491 -55.9509 -143.904 113.838 -6.998
-667.054 411.479 -56.9509 -143.904 113.838 -6.998
-667.055 411.468 -57.9508 -143.901 113.839 -6.999
-667.055 411.457 -58.9508 -143.898 113.84 -6.999
-667.056 411.446 -59.9507 -143.897 113.841 -6.995
-667.056 411.435 -60.9506 -143.897 113.841 -6.995
-667.057 411.424 -61.9506 -143.895 113.844 -6.998
-667.057 411.413 -62.9505 -143.894 113.845 -7.004
-667.057 411.402 -63.9504 -143.895 113.845 -7.007
-667.058 411.39 -64.9504 -143.896 113.843 -7.011
-667.058 411.379 -65.9503 -143.896 113.842 -7.016
-667.059 411.368 -66.9503 -143.896 113.842 -7.016
-667.059 411.357 -67.9502 -143.897 113.839 -7.015
-667.06 411.346 -68.9501 -143.9 113.839 -7.007
-667.06 411.335 -69.9501 -143.9 113.841 -7.013
-667.061 411.324 -70.95 -143.9 113.841 -7.013
-667.061 411.312 -71.9499 -143.902 113.844 -7.013
-667.061 411.301 -72.9499 -143.904 113.848 -7.01
-667.062 411.29 -73.9498 -143.904 113.848 -7.01
-667.062 411.279 -74.9498 -143.904 113.848 -7.01
-667.063 411.268 -75.9497 -143.904 113.848 -7.01
-667.063 411.257 -76.9496 -143.904 113.848 -7.01
-667.064 411.246 -77.9496 -143.904 113.848 -7.01
8
-671.219 406.109 -5.87018 -143.853 113.835 -6.964
-671.223 406.093 -6.87005 -143.853 113.835 -6.964
-671.226 406.077 -7.86991 -143.853 113.835 -6.964
-671.23 406.061 -8.86978 -143.853 113.835 -6.964
-671.234 406.045 -9.86965 -143.853 113.835 -6.964
-671.238 406.029 -10.8695 -143.853 113.835 -6.964
-671.242 406.013 -11.8694 -143.853 113.835 -6.964
-671.245 405.997 -12.8692 -143.853 113.835 -6.964
-671.249 405.981 -13.8691 -143.853 113.835 -6.964
-671.253 405.965 -14.869 -143.853 113.835 -6.964
-671.257 405.949 -15.8688 -143.853 113.835 -6.964
-671.261 405.934 -16.8687 -143.853 113.835 -6.964
-671.264 405.918 -17.8686 -143.853 113.835 -6.964
-671.268 405.902 -18.8684 -143.853 113.835 -6.964
-671.272 405.886 -19.8683 -143.853 113.835 -6.964
-671.276 405.87 -20.8682 -143.853 113.835 -6.964
-671.279 405.854 -21.868 -143.853 113.835 -6.964
-671.283 405.838 -22.8679 -143.853 113.835 -6.964
-671.287 405.822 -23.8678 -143.853 113.835 -6.964
-671.291 405.806 -24.8676 -143.853 113.835 -6.964
-671.295 405.79 -25.8675 -143.853 113.835 -6.964
-671.298 405.774 -26.8674 -143.853 113.835 -6.964
-671.302 405.758 -27.8672 -143.853 113.835 -6.964
-671.306 405.742 -28.8671 -143.853 113.835 -6.964
-671.31 405.726 -29.867 -143.885 113.828 -6.994
-671.314 405.71 -30.8668 -143.896 113.83 -6.997
-671.317 405.694 -31.8667 -143.896 113.83 -6.997
-671.321 405.679 -32.8666 -143.901 113.834 -7
-671.325 405.663 -33.8664 -143.902 113.836 -6.998
-671.329 405.647 -34.8663 -143.901 113.837 -6.995
-671.333 405.631 -35.8662 -143.901 113.837 -6.995
-671.336 405.615 -36.866 -143.9 113.841 -6.987
-671.34 405.599 -37.8659 -143.897 113.837 -6.978
-671.344 405.583 -38.8658 -143.897 113.837 -6.978
-671.348 405.567 -39.8656 -143.893 113.831 -6.984
-671.352 405.551 -40.8655 -143.892 113.828 -6.983
-671.355 405.535 -41.8653 -143.895 113.83 -6.989
-671.359 405.519 -42.8652 -143.899 113.832 -6.997
-671.363 405.503 -43.8651 -143.899 113.832 -6.997
-671.367 405.487 -44.8649 -143.903 113.835 -7
-671.37 405.471 -45.8648 -143.905 113.838 -7.001
-671.374 405.455 -46.8647 -143.907 113.838 -6.999
-671.378 405.439 -47.8645 -143.907 113.838 -6.999
-671.382 405.423 -48.8644 -143.905 113.837 -7.004
-671.386 405.408 -49.8643 -143.904 113.836 -7.002
-671.389 405.392 -50.8641 -143.902 113.839 -6.999
-671.393 405.376 -51.864 -143.899 113.837 -6.998
-671.397 405.36 -52.8639 -143.897 113.838 -6.999
-671.401 405.344 -53.8637 -143.899 113.837 -6.999
-671.405 405.328 -54.8636 -143.899 113.837 -6.999
-671.408 405.312 -55.8635 -143.902 113.838 -6.994
-671.412 405.296 -56.8633 -143.902 113.836 -7.001
-671.416 405.28 -57.8632 -143.903 113.837 -7.001
-671.42 405.264 -58.8631 -143.903 113.837 -7.001
-671.424 405.248 -59.8629 -143.903 113.839 -7
-671.427 405.232 -60.8628 -143.901 113.839 -7.002
-671.431 405.216 -61.8627 -143.899 113.84 -7.004
-671.435 405.2 -62.8625 -143.897 113.84 -7.002
-671.439 405.184 -63.8624 -143.896 113.841 -6.999
-671.443 405.168 -64.8623 -143.896 113.844 -6.998
-671.446 405.152 -65.8621 -143.896 113.845 -7.005
-671.45 405.137 -66.862 -143.896 113.846 -7.006
-671.454 405.121 -67.8619 -143.896 113.846 -7.006
-671.458 405.105 -68.8617 -143.897 113.843 -7.009
-671.461 405.089 -69.8616 -143.897 113.842 -7.011
-671.465 405.073 -70.8615 -143.899 113.841 -7.012
-671.469 405.057 -71.8613 -143.899 113.841 -7.012
-671.473 405.041 -72.8612 -143.902 113.841 -7.006
-671.477 405.025 -73.8611 -143.903 113.843 -7.009
-671.48 405.009 -74.8609 -143.903 113.844 -7.012
-671.484 404.993 -75.8608 -143.904 113.848 -7.01
9
-666.365 409.24 -7.6804 -143.854 113.836 -6.964
-666.374 409.228 -8.68029 -143.854 113.836 -6.964
-666.384 409.216 -9.68017 -143.854 113.836 -6.964
-666.393 409.203 -10.6801 -143.854 113.836 -6.964
-666.402 409.191 -11.6799 -143.854 113.836 -6.964
-666.411 409.179 -12.6798 -143.854 113.836 -6.964
-666.42 409.167 -13.6797 -143.854 113.836 -6.964
-666.429 409.155 -14.6796 -143.854 113.836 -6.964
-666.438 409.142 -15.6795 -143.854 113.836 -6.964
-666.448 409.13 -16.6794 -143.854 113.836 -6.964
-666.457 409.118 -17.6792 -143.854 113.836 -6.964
-666.466 409.106 -18.6791 -143.854 113.836 -6.964
-666.475 409.094 -19.679 -143.854 113.836 -6.964
-666.484 409.082 -20.6789 -143.854 113.836 -6.964
-666.493 409.069 -21.6788 -143.854 113.836 -6.964
-666.502 409.057 -22.6787 -143.854 113.836 -6.964
-666.512 409.045 -23.6785 -143.854 113.836 -6.964
-666.521 409.033 -24.6784 -143.854 113.836 -6.964
-666.53 409.021 -25.6783 -143.854 113.836 -6.964
-666.539 409.008 -26.6782 -143.854 113.836 -6.964
-666.548 408.996 -27.6781 -143.883 113.829 -6.991
-666.557 408.984 -28.678 -143.891 113.828 -6.995
-666.567 408.972 -29.6778 -143.9 113.833 -6.997
-666.576 408.96 -30.6777 -143.901 113.836 -6.999
-666.585 408.948 -31.6776 -143.901 113.836 -6.999
-666.594 408.935 -32.6775 -143.9 113.838 -6.994
-666.603 408.923 -33.6774 -143.898 113.84 -6.99
-666.612 408.911 -34.6773 -143.898 113.84 -6.979
-666.621 408.899 -35.6772 -143.894 113.834 -6.978
-666.631 408.887 -36.677 -143.894 113.834 -6.978
-666.64 408.874 -37.6769 -143.89 113.829 -6.983
-666.649 408.862 -38.6768 -143.893 113.829 -6.987
-666.658 408.85 -39.6767 -143.893 113.829 -6.987
-666.667 408.838 -40.6766 -143.899 113.831 -6.996
-666.676 408.826 -41.6765 -143.903 113.835 -7.002
-666.685 408.814 -42.6763 -143.903 113.835 -7.002
-666.695 408.801 -43.6762 -143.905 113.838 -7.001
-666.704 408.789 -44.6761 -143.908 113.838 -6.998
-666.713 408.777 -45.676 -143.906 113.838 -7.007
-666.722 408.765 -46.6759 -143.904 113.837 -7.004
-666.731 408.753 -47.6758 -143.902 113.838 -7
-666.74 408.74 -48.6756 -143.902 113.838 -7
-666.75 408.728 -49.6755 -143.898 113.837 -7
-666.759 408.716 -50.6754 -143.9 113.838 -6.999
-666.768 408.704 -51.6753 -143.9 113.838 -6.999
-666.777 408.692 -52.6752 -143.903 113.837 -6.995
-666.786 408.68 -53.6751 -143.905 113.837 -6.994
-666.795 408.667 -54.6749 -143.904 113.836 -7
-666.804 408.655 -55.6748 -143.904 113.837 -6.999
-666.814 408.643 -56.6747 -143.904 113.837 -6.999
-666.823 408.631 -57.6746 -143.9 113.838 -7.001
-666.832 408.619 -58.6745 -143.898 113.839 -7.002
-666.841 408.606 -59.6744 -143.897 113.84 -7.003
-666.85 408.594 -60.6743 -143.897 113.841 -6.999
-666.859 408.582 -61.6741 -143.897 113.841 -6.999
-666.869 408.57 -62.674 -143.896 113.844 -7
-666.878 408.558 -63.6739 -143.895 113.845 -7.007
-666.887 408.546 -64.6738 -143.896 113.845 -7.008
-666.896 408.533 -65.6737 -143.897 113.843 -7.013
-666.905 408.521 -66.6736 -143.897 113.843 -7.013
-666.914 408.509 -67.6734 -143.897 113.843 -7.014
-666.923 408.497 -68.6733 -143.898 113.841 -7.015
-666.933 408.485 -69.6732 -143.9 113.84 -7.01
-666.942 408.472 -70.6731 -143.903 113.841 -7.008
-666.951 408.46 -71.673 -143.903 113.841 -7.008
-666.96 408.448 -72.6729 -143.904 113.843 -7.011
-666.969 408.436 -73.6727 -143.906 113.848 -7.009
-666.978 408.424 -74.6726 -143.906 113.848 -7.009
-666.987 408.412 -75.6725 -143.906 113.848 -7.009
-666.997 408.399 -76.6724 -143.906 113.848 -7.009
-667.006 408.387 -77.6723 -143.906 113.848 -7.009
