1
-1021.78 99.5725 60.25 133.303 108.958 -87.74
-1021.43 100.509 60.2402 133.303 108.958 -87.74
-1021.07 101.446 60.2303 133.303 108.958 -87.74
-1020.72 102.382 60.2204 133.303 108.958 -87.74
-1020.36 103.319 60.2106 133.303 108.958 -87.74
-1020.01 104.256 60.2007 133.303 108.958 -87.74
-1019.66 105.192 60.1908 133.303 108.958 -87.74
-1019.3 106.129 60.181 133.303 108.958 -87.74
-1018.95 107.066 60.1711 133.303 108.958 -87.74
-1018.59 108.002 60.1612 133.303 108.958 -87.74
-1018.24 108.939 60.1514 133.303 108.958 -87.74
-1017.89 109.876 60.1415 133.303 108.958 -87.74
-1017.53 110.812 60.1316 133.303 108.958 -87.74
-1017.18 111.749 60.1218 133.303 108.958 -87.74
-1016.82 112.686 60.1119 133.303 108.958 -87.74
-1016.47 113.622 60.102 133.303 108.958 -87.74
-1016.12 114.559 60.0921 133.303 108.958 -87.74
-1015.76 115.496 60.0823 133.303 108.958 -87.74
-1015.41 116.432 60.0724 133.303 108.958 -87.74
-1015.05 117.369 60.0625 133.303 108.958 -87.74
-1014.7 118.306 60.0527 133.303 108.958 -87.74
-1014.35 119.242 60.0428 133.303 108.958 -87.74
-1013.99 120.179 60.0329 133.303 108.958 -87.74
-1013.64 121.116 60.0231 133.303 108.958 -87.74
-1013.28 122.052 60.0132 133.31 108.96 -87.705
-1012.93 122.989 60.0033 133.305 108.956 -87.708
-1012.58 123.926 59.9935 133.297 108.955 -87.712
-1012.22 124.862 59.9836 133.29 108.954 -87.708
-1011.87 125.799 59.9737 133.29 108.954 -87.708
-1011.52 126.736 59.9639 133.288 108.954 -87.711
-1011.16 127.672 59.954 133.29 108.959 -87.715
-1010.81 128.609 59.9441 133.29 108.959 -87.715
-1010.45 129.545 59.9343 133.288 108.961 -87.718
-1010.1 130.482 59.9244 133.285 108.963 -87.731
-1009.75 131.419 59.9145 133.283 108.963 -87.737
-1009.39 132.355 59.9047 133.282 108.962 -87.732
-1009.04 133.292 59.8948 133.284 108.961 -87.728
-1008.68 134.229 59.8849 133.284 108.961 -87.728
-1008.33 135.165 59.8751 133.284 108.961 -87.729
-1007.98 136.102 59.8652 133.284 108.961 -87.722
-1007.62 137.039 59.8553 133.284 108.959 -87.705
-1007.27 137.975 59.8455 133.284 108.959 -87.704
-1006.91 138.912 59.8356 133.285 108.958 -87.71
-1006.56 139.849 59.8257 133.285 108.958 -87.71
-1006.21 140.785 59.8158 133.287 108.958 -87.711
-1005.85 141.722 59.806 133.285 108.961 -87.713
-1005.5 142.659 59.7961 133.285 108.961 -87.713
-1005.14 143.595 59.7862 133.284 108.962 -87.719
-1004.79 144.532 59.7764 133.285 108.962 -87.72
-1004.44 145.469 59.7665 133.285 108.962 -87.717
-1004.08 146.405 59.7566 133.284 108.96 -87.714
-1003.73 147.342 59.7468 133.284 108.959 -87.712
-1003.38 148.279 59.7369 133.285 108.959 -87.709
-1003.02 149.215 59.727 133.286 108.96 -87.708
-1002.67 150.152 59.7172 133.286 108.96 -87.708
-1002.31 151.089 59.7073 133.287 108.961 -87.706
-1001.96 152.025 59.6974 133.287 108.96 -87.706
-1001.61 152.962 59.6876 133.284 108.962 -87.711
-1001.25 153.899 59.6777 133.282 108.963 -87.717
-1000.9 154.835 59.6678 133.282 108.963 -87.717
-1000.54 155.772 59.658 133.283 108.964 -87.716
-1000.19 156.708 59.6481 133.284 108.964 -87.718
-999.836 157.645 59.6382 133.286 108.965 -87.722
-999.482 158.582 59.6284 133.286 108.964 -87.719
-999.128 159.518 59.6185 133.287 108.963 -87.708
-998.774 160.455 59.6086 133.287 108.963 -87.708
-998.42 161.392 59.5988 133.288 108.959 -87.696
-998.066 162.328 59.5889 133.289 108.959 -87.696
-997.712 163.265 59.579 133.292 108.959 -87.699
-997.358 164.202 59.5691 133.292 108.96 -87.698
-997.004 165.138 59.5593 133.287 108.963 -87.7
-996.65 166.075 59.5494 133.287 108.963 -87.7
-996.297 167.012 59.5395 133.286 108.964 -87.703
-995.943 167.948 59.5297 133.285 108.964 -87.702
-995.589 168.885 59.5198 133.284 108.964 -87.703
-995.235 169.822 59.5099 133.284 108.964 -87.703
-994.881 170.758 59.5001 133.282 108.964 -87.704
-994.527 171.695 59.4902 133.281 108.965 -87.704
-994.173 172.632 59.4803 133.282 108.965 -87.701
-993.819 173.568 59.4705 133.283 108.965 -87.694
-993.465 174.505 59.4606 133.284 108.964 -87.692
-993.111 175.442 59.4507 133.285 108.963 -87.692
-992.757 176.378 59.4409 133.282 108.965 -87.697
-992.403 177.315 59.431 133.282 108.965 -87.697
-992.05 178.252 59.4211 133.284 108.968 -87.705
-991.696 179.188 59.4113 133.284 108.968 -87.705
-991.342 180.125 59.4014 133.284 108.967 -87.702
-990.988 181.061 59.3915 133.285 108.966 -87.704
-990.634 181.998 59.3817 133.286 108.968 -87.708
-990.28 182.935 59.3718 133.286 108.968 -87.708
-989.926 183.871 59.3619 133.285 108.968 -87.705
-989.572 184.808 59.3521 133.284 108.965 -87.688
-989.218 185.745 59.3422 133.285 108.961 -87.672
-988.864 186.681 59.3323 133.286 108.963 -87.677
-988.51 187.618 59.3225 133.284 108.965 -87.683
-988.156 188.555 59.3126 133.283 108.967 -87.686
-987.802 189.491 59.3027 133.283 108.968 -87.687
-987.449 190.428 59.2928 133.286 108.969 -87.69
-987.095 191.365 59.283 133.287 108.969 -87.694
-986.741 192.301 59.2731 133.287 108.969 -87.694
-986.387 193.238 59.2632 133.288 108.97 -87.696
-986.033 194.175 59.2534 133.288 108.97 -87.697
-985.679 195.111 59.2435 133.289 108.971 -87.698
-985.325 196.048 59.2336 133.288 108.969 -87.693
-984.971 196.985 59.2238 133.288 108.969 -87.693
-984.617 197.921 59.2139 133.288 108.967 -87.685
-984.263 198.858 59.204 133.287 108.967 -87.683
-983.909 199.795 59.1942 133.287 108.967 -87.681
-983.555 200.731 59.1843 133.285 108.969 -87.682
-983.201 201.668 59.1744 133.283 108.969 -87.682
-982.848 202.605 59.1646 133.283 108.969 -87.682
-982.494 203.541 59.1547 133.284 108.969 -87.685
-982.14 204.478 59.1448 133.283 108.97 -87.692
-981.786 205.415 59.135 133.285 108.97 -87.692
-981.432 206.351 59.1251 133.285 108.971 -87.691
-981.078 207.288 59.1152 133.284 108.971 -87.69
-980.724 208.224 59.1054 133.285 108.97 -87.684
-980.37 209.161 59.0955 133.288 108.969 -87.683
-980.016 210.098 59.0856 133.288 108.969 -87.683
-979.662 211.034 59.0758 133.289 108.967 -87.674
-979.308 211.971 59.0659 133.287 108.965 -87.665
-978.954 212.908 59.056 133.283 108.967 -87.667
-978.601 213.844 59.0461 133.283 108.967 -87.667
-978.247 214.781 59.0363 133.283 108.969 -87.675
-977.893 215.718 59.0264 133.286 108.969 -87.674
-977.539 216.654 59.0165 133.285 108.97 -87.675
-977.185 217.591 59.0067 133.283 108.97 -87.675
-976.831 218.528 58.9968 133.283 108.97 -87.676
-976.477 219.464 58.9869 133.283 108.97 -87.676
-976.123 220.401 58.9771 133.282 108.972 -87.678
-975.769 221.338 58.9672 133.283 108.971 -87.676
-975.415 222.274 58.9573 133.283 108.971 -87.677
-975.061 223.211 58.9475 133.283 108.971 -87.676
-974.707 224.148 58.9376 133.281 108.972 -87.676
-974.353 225.084 58.9277 133.281 108.972 -87.676
-974 226.021 58.9179 133.281 108.973 -87.674
-973.646 226.958 58.908 133.282 108.974 -87.675
-973.292 227.894 58.8981 133.281 108.974 -87.674
-972.938 228.831 58.8883 133.283 108.974 -87.676
-972.584 229.768 58.8784 133.285 108.973 -87.674
-972.23 230.704 58.8685 133.285 108.974 -87.673
-971.876 231.641 58.8587 133.283 108.974 -87.676
-971.522 232.577 58.8488 133.283 108.973 -87.672
-971.168 233.514 58.8389 133.283 108.973 -87.672
-970.814 234.451 58.8291 133.286 108.975 -87.678
-970.46 235.387 58.8192 133.286 108.976 -87.676
-970.106 236.324 58.8093 133.284 108.975 -87.672
-969.32 238.498 58.7298 133.284 108.974 -87.665
-968.966 239.435 58.72 133.284 108.974 -87.665
-968.612 240.372 58.7103 133.288 108.971 -87.652
-968.258 241.308 58.7005 133.289 108.972 -87.655
-967.904 242.245 58.6908 133.288 108.973 -87.654
-967.55 243.181 58.6811 133.288 108.973 -87.654
-967.196 244.118 58.6715 133.289 108.973 -87.657
-966.842 245.055 58.6618 133.289 108.973 -87.655
-966.488 245.991 58.6522 133.288 108.973 -87.657
-966.134 246.928 58.6426 133.286 108.973 -87.658
-965.779 247.865 58.6331 133.285 108.974 -87.661
-965.425 248.801 58.6235 133.285 108.974 -87.661
-965.071 249.738 58.614 133.283 108.975 -87.663
-964.717 250.674 58.6045 133.281 108.976 -87.662
-964.363 251.611 58.595 133.281 108.976 -87.663
-964.009 252.547 58.5856 133.284 108.977 -87.661
-963.655 253.484 58.5761 133.286 108.978 -87.66
-963.3 254.421 58.5667 133.286 108.978 -87.66
-962.946 255.357 58.5573 133.286 108.976 -87.657
-962.592 256.294 58.548 133.286 108.975 -87.655
-962.238 257.23 58.5386 133.285 108.974 -87.651
-961.884 258.167 58.5293 133.287 108.973 -87.65
-961.529 259.103 58.52 133.288 108.973 -87.651
-961.175 260.04 58.5108 133.287 108.975 -87.652
-960.821 260.976 58.5015 133.287 108.975 -87.652
-960.467 261.913 58.4923 133.283 108.978 -87.656
-960.112 262.849 58.4831 133.283 108.979 -87.657
-959.758 263.786 58.4739 133.281 108.979 -87.659
-959.404 264.722 58.4648 133.283 108.978 -87.659
-959.049 265.659 58.4557 133.284 108.98 -87.662
-958.695 266.595 58.4465 133.286 108.98 -87.661
-958.341 267.532 58.4375 133.286 108.98 -87.661
-957.986 268.468 58.4284 133.285 108.98 -87.662
-957.632 269.405 58.4194 133.288 108.98 -87.661
-957.278 270.341 58.4104 133.288 108.98 -87.661
-956.923 271.278 58.4014 133.289 108.979 -87.651
-956.569 272.214 58.3924 133.287 108.974 -87.638
-956.214 273.151 58.3835 133.287 108.974 -87.638
-955.86 274.087 58.3745 133.286 108.975 -87.64
-955.506 275.024 58.3656 133.284 108.977 -87.641
-955.151 275.96 58.3568 133.284 108.977 -87.641
-954.797 276.897 58.3479 133.284 108.977 -87.641
-954.442 277.833 58.3391 133.283 108.977 -87.642
-954.088 278.77 58.3303 133.285 108.978 -87.643
-953.733 279.706 58.3215 133.287 108.979 -87.644
-953.379 280.643 58.3128 133.287 108.978 -87.644
-953.024 281.579 58.304 133.286 108.979 -87.644
-952.67 282.515 58.2953 133.288 108.98 -87.645
-952.315 283.452 58.2866 133.29 108.98 -87.645
-951.96 284.388 58.278 133.29 108.98 -87.645
-951.606 285.325 58.2693 133.289 108.981 -87.645
-951.251 286.261 58.2607 133.286 108.981 -87.644
-950.897 287.197 58.2521 133.284 108.981 -87.642
-950.542 288.134 58.2435 133.282 108.98 -87.639
-950.187 289.07 58.235 133.282 108.98 -87.639
-949.833 290.007 58.2265 133.282 108.979 -87.637
-949.478 290.943 58.218 133.281 108.98 -87.635
-949.123 291.879 58.2095 133.282 108.981 -87.634
-948.769 292.816 58.201 133.282 108.98 -87.632
-948.414 293.752 58.1926 133.282 108.98 -87.634
-948.059 294.689 58.1842 133.284 108.98 -87.631
-947.705 295.625 58.1758 133.284 108.98 -87.631
-947.35 296.561 58.1674 133.287 108.98 -87.63
-946.995 297.498 58.1591 133.287 108.98 -87.633
-946.64 298.434 58.1508 133.287 108.982 -87.635
-946.286 299.37 58.1425 133.286 108.983 -87.638
-945.931 300.307 58.1342 133.286 108.983 -87.638
-945.576 301.243 58.126 133.284 108.984 -87.639
-945.221 302.179 58.1177 133.284 108.984 -87.639
-944.866 303.116 58.1095 133.285 108.984 -87.638
-944.511 304.052 58.1014 133.285 108.984 -87.636
-944.157 304.988 58.0932 133.286 108.984 -87.634
-943.802 305.925 58.0851 133.285 108.983 -87.633
-943.447 306.861 58.077 133.285 108.984 -87.633
-943.092 307.797 58.0689 133.286 108.983 -87.631
-942.737 308.734 58.0608 133.286 108.983 -87.631
-942.382 309.67 58.0528 133.289 108.98 -87.623
-942.027 310.606 58.0448 133.289 108.98 -87.617
-941.672 311.542 58.0368 133.289 108.982 -87.618
-941.317 312.479 58.0288 133.285 108.984 -87.621
-940.962 313.415 58.0209 133.282 108.984 -87.621
-940.607 314.351 58.013 133.281 108.985 -87.624
-940.252 315.288 58.0051 133.281 108.985 -87.624
-939.897 316.224 57.9972 133.281 108.985 -87.624
-939.542 317.16 57.9893 133.28 108.984 -87.625
-939.187 318.096 57.9815 133.279 108.985 -87.624
-938.832 319.033 57.9737 133.281 108.986 -87.627
-938.477 319.969 57.9659 133.281 108.986 -87.627
-938.122 320.905 57.9582 133.283 108.985 -87.626
-937.767 321.841 57.9504 133.284 108.985 -87.625
-937.412 322.778 57.9427 133.286 108.985 -87.625
-937.057 323.714 57.935 133.286 108.985 -87.626
-936.702 324.65 57.9274 133.285 108.987 -87.627
-936.347 325.586 57.9197 133.285 108.987 -87.627
-935.992 326.522 57.9121 133.282 108.988 -87.626
-935.637 327.459 57.9045 133.281 108.988 -87.626
-935.281 328.395 57.8969 133.28 108.988 -87.624
-934.926 329.331 57.8894 133.28 108.988 -87.624
-934.571 330.267 57.8818 133.285 108.985 -87.616
-934.216 331.203 57.8743 133.285 108.985 -87.616
-933.861 332.14 57.8669 133.285 108.986 -87.614
-933.505 333.076 57.8594 133.286 108.986 -87.611
-933.15 334.012 57.852 133.287 108.986 -87.61
-932.795 334.948 57.8446 133.291 108.984 -87.609
-932.44 335.884 57.8372 133.292 108.984 -87.61
-932.084 336.821 57.8298 133.29 108.984 -87.609
-931.729 337.757 57.8225 133.29 108.984 -87.609
-931.374 338.693 57.8151 133.286 108.985 -87.612
-931.018 339.629 57.8078 133.284 108.986 -87.614
-930.663 340.565 57.8006 133.284 108.988 -87.615
-930.308 341.501 57.7933 133.285 108.988 -87.615
-929.952 342.437 57.7861 133.285 108.988 -87.615
-929.597 343.374 57.7789 133.287 108.989 -87.614
-929.242 344.31 57.7717 133.288 108.99 -87.613
-928.886 345.246 57.7646 133.288 108.99 -87.615
-928.531 346.182 57.7574 133.288 108.99 -87.615
-928.175 347.118 57.7503 133.285 108.991 -87.616
-927.82 348.054 57.7432 133.286 108.99 -87.615
-927.465 348.99 57.7362 133.285 108.99 -87.612
-927.109 349.926 57.7291 133.285 108.99 -87.612
-926.754 350.862 57.7221 133.285 108.99 -87.612
-926.398 351.799 57.7151 133.282 108.992 -87.611
-926.043 352.735 57.7082 133.282 108.992 -87.611
-925.687 353.671 57.7012 133.282 108.992 -87.611
-925.332 354.607 57.6943 133.282 108.992 -87.611
-924.976 355.543 57.6874 133.282 108.992 -87.611
-924.621 356.479 57.6805 133.282 108.992 -87.611
-924.265 357.415 57.6737 133.282 108.992 -87.611
-923.91 358.351 57.6668 133.282 108.992 -87.611
-923.554 359.287 57.66 133.282 108.992 -87.611
-923.198 360.223 57.6532 133.282 108.992 -87.611
-922.843 361.159 57.6465 133.282 108.992 -87.611
-922.487 362.095 57.6397 133.282 108.992 -87.611
-922.132 363.031 57.633 133.282 108.992 -87.611
-921.776 363.967 57.6263 133.282 108.992 -87.611
-921.42 364.903 57.6197 133.282 108.992 -87.611
-921.065 365.839 57.613 133.282 108.992 -87.611
-920.709 366.775 57.6064 133.282 108.992 -87.611
2
-1021.93 98.3546 59.856 133.304 108.958 -87.742
-1021.57 99.2906 59.8483 133.304 108.958 -87.742
-1021.22 100.227 59.8406 133.304 108.958 -87.742
-1020.87 101.163 59.8329 133.304 108.958 -87.742
-1020.51 102.099 59.8252 133.304 108.958 -87.742
-1020.16 103.035 59.8175 133.304 108.958 -87.742
-1019.81 103.971 59.8098 133.304 108.958 -87.742
-1019.45 104.907 59.8021 133.304 108.958 -87.742
-1019.1 105.843 59.7945 133.304 108.958 -87.742
-1018.75 106.779 59.7868 133.304 108.958 -87.742
-1018.39 107.715 59.7791 133.304 108.958 -87.742
-1018.04 108.651 59.7714 133.304 108.958 -87.742
-1017.68 109.587 59.7637 133.304 108.958 -87.742
-1017.33 110.523 59.756 133.304 108.958 -87.742
-1016.98 111.459 59.7483 133.304 108.958 -87.742
-1016.62 112.395 59.7406 133.304 108.958 -87.742
-1016.27 113.331 59.7329 133.304 108.958 -87.742
-1015.92 114.267 59.7252 133.304 108.958 -87.742
-1015.56 115.203 59.7176 133.304 108.958 -87.742
-1015.21 116.139 59.7099 133.304 108.958 -87.742
-1014.86 117.075 59.7022 133.304 108.958 -87.742
-1014.5 118.011 59.6945 133.304 108.958 -87.742
-1014.15 118.947 59.6868 133.304 108.958 -87.742
-1013.8 119.883 59.6791 133.304 108.958 -87.742
-1013.44 120.819 59.6714 133.304 108.958 -87.742
-1013.09 121.755 59.6637 133.306 108.959 -87.711
-1012.74 122.691 59.656 133.301 108.956 -87.714
-1012.38 123.627 59.6484 133.292 108.955 -87.713
-1012.03 124.563 59.6407 133.292 108.955 -87.713
-1011.67 125.499 59.633 133.29 108.955 -87.715
-1011.32 126.435 59.6253 133.288 108.958 -87.717
-1010.97 127.371 59.6176 133.288 108.958 -87.717
-1010.61 128.307 59.6099 133.286 108.96 -87.72
-1010.26 129.243 59.6022 133.285 108.96 -87.724
-1009.91 130.179 59.5945 133.285 108.961 -87.728
-1009.55 131.115 59.5868 133.286 108.962 -87.736
-1009.2 132.051 59.5792 133.284 108.961 -87.732
-1008.85 132.987 59.5715 133.286 108.961 -87.727
-1008.49 133.923 59.5638 133.285 108.962 -87.729
-1008.14 134.859 59.5561 133.283 108.962 -87.727
-1007.79 135.795 59.5484 133.282 108.961 -87.715
-1007.43 136.731 59.5407 133.282 108.961 -87.715
-1007.08 137.667 59.533 133.283 108.958 -87.701
-1006.72 138.603 59.5253 133.285 108.957 -87.704
-1006.37 139.539 59.5176 133.287 108.957 -87.709
-1006.02 140.475 59.51 133.285 108.959 -87.71
-1005.66 141.411 59.5023 133.282 108.962 -87.713
-1005.31 142.347 59.4946 133.284 108.964 -87.717
-1004.96 143.283 59.4869 133.286 108.963 -87.718
-1004.6 144.219 59.4792 133.286 108.963 -87.718
-1004.25 145.155 59.4715 133.287 108.961 -87.714
-1003.9 146.091 59.4638 133.286 108.96 -87.713
-1003.54 147.027 59.4561 133.285 108.961 -87.711
-1003.19 147.963 59.4484 133.287 108.961 -87.707
-1002.84 148.899 59.4408 133.288 108.962 -87.706
-1002.48 149.835 59.4331 133.287 108.962 -87.706
-1002.13 150.771 59.4254 133.284 108.962 -87.705
-1001.77 151.707 59.4177 133.284 108.962 -87.705
-1001.42 152.643 59.41 133.283 108.962 -87.706
-1001.07 153.579 59.4023 133.282 108.963 -87.713
-1000.71 154.515 59.3946 133.283 108.964 -87.716
-1000.36 155.451 59.3869 133.285 108.963 -87.714
-1000.01 156.387 59.3792 133.286 108.965 -87.718
-999.653 157.323 59.3716 133.286 108.965 -87.718
-999.3 158.259 59.3639 133.286 108.963 -87.718
-998.946 159.195 59.3562 133.285 108.962 -87.712
-998.593 160.131 59.3485 133.285 108.962 -87.703
-998.239 161.067 59.3408 133.29 108.96 -87.697
-997.886 162.003 59.3331 133.291 108.96 -87.7
-997.532 162.939 59.3254 133.291 108.96 -87.7
-997.179 163.875 59.3177 133.29 108.961 -87.699
-996.825 164.811 59.31 133.286 108.963 -87.702
-996.471 165.747 59.3024 133.284 108.964 -87.704
-996.118 166.683 59.2947 133.286 108.964 -87.704
-995.764 167.619 59.287 133.287 108.964 -87.704
-995.411 168.555 59.2793 133.285 108.964 -87.707
-995.057 169.491 59.2716 133.282 108.964 -87.71
-994.704 170.427 59.2639 133.282 108.964 -87.71
-994.35 171.363 59.2562 133.281 108.966 -87.708
-993.997 172.299 59.2485 133.282 108.966 -87.704
-993.643 173.235 59.2408 133.284 108.965 -87.699
-993.289 174.171 59.2332 133.285 108.963 -87.695
-992.936 175.107 59.2255 133.285 108.963 -87.695
-992.582 176.043 59.2178 133.285 108.964 -87.696
-992.229 176.979 59.2101 133.284 108.966 -87.701
-991.875 177.915 59.2024 133.284 108.968 -87.707
-991.522 178.851 59.1947 133.285 108.968 -87.706
-991.168 179.787 59.187 133.286 108.966 -87.704
-990.815 180.723 59.1793 133.285 108.966 -87.708
-990.461 181.659 59.1716 133.285 108.968 -87.707
-990.107 182.595 59.164 133.284 108.97 -87.705
-989.754 183.531 59.1563 133.284 108.97 -87.705
-989.4 184.467 59.1486 133.284 108.966 -87.69
-989.047 185.403 59.1409 133.286 108.962 -87.675
-988.693 186.339 59.1332 133.286 108.963 -87.68
-988.34 187.275 59.1255 133.286 108.963 -87.68
-987.986 188.211 59.1178 133.282 108.967 -87.684
-987.633 189.147 59.1101 133.281 108.969 -87.689
-987.279 190.083 59.1024 133.285 108.969 -87.69
-986.925 191.019 59.0948 133.29 108.969 -87.692
-986.572 191.955 59.0871 133.29 108.97 -87.697
-986.218 192.891 59.0794 133.287 108.97 -87.697
-985.865 193.827 59.0717 133.286 108.971 -87.697
-985.511 194.763 59.064 133.287 108.97 -87.697
-985.158 195.699 59.0563 133.287 108.97 -87.697
-984.804 196.635 59.0486 133.288 108.968 -87.688
-984.451 197.571 59.0409 133.288 108.968 -87.684
-984.097 198.507 59.0332 133.287 108.968 -87.682
-983.743 199.443 59.0256 133.285 108.969 -87.679
-983.39 200.379 59.0179 133.283 108.97 -87.682
-983.036 201.315 59.0102 133.283 108.969 -87.681
-982.683 202.251 59.0025 133.283 108.969 -87.681
-982.329 203.187 58.9948 133.285 108.969 -87.684
-981.976 204.123 58.9871 133.285 108.97 -87.689
-981.622 205.059 58.9794 133.285 108.971 -87.689
-981.269 205.995 58.9717 133.283 108.971 -87.689
-980.915 206.931 58.964 133.283 108.971 -87.689
-980.561 207.867 58.9564 133.283 108.971 -87.689
-980.208 208.803 58.9487 133.286 108.97 -87.682
-979.854 209.739 58.941 133.289 108.97 -87.68
-979.501 210.675 58.9333 133.289 108.967 -87.671
-979.147 211.611 58.9256 133.286 108.966 -87.663
-978.794 212.547 58.9179 133.284 108.967 -87.665
-978.44 213.483 58.9102 133.285 108.968 -87.668
-978.087 214.419 58.9025 133.287 108.969 -87.673
-977.733 215.355 58.8948 133.288 108.97 -87.673
-977.38 216.291 58.8872 133.283 108.971 -87.675
-977.026 217.227 58.8795 133.283 108.971 -87.675
-976.672 218.163 58.8718 133.28 108.971 -87.677
-976.319 219.099 58.8641 133.281 108.971 -87.676
-975.965 220.035 58.8564 133.283 108.97 -87.673
-975.612 220.971 58.8487 133.283 108.97 -87.673
-975.258 221.907 58.841 133.283 108.97 -87.675
-974.905 222.843 58.8333 133.283 108.971 -87.674
-974.551 223.779 58.8256 133.283 108.971 -87.674
-974.198 224.715 58.8179 133.281 108.972 -87.676
-973.844 225.651 58.8103 133.282 108.972 -87.674
-973.49 226.587 58.8026 133.282 108.972 -87.674
-973.137 227.523 58.7949 133.283 108.972 -87.674
-972.783 228.459 58.7872 133.284 108.972 -87.676
-972.43 229.395 58.7795 133.285 108.972 -87.675
-972.076 230.331 58.7718 133.284 108.973 -87.675
-971.723 231.267 58.7641 133.283 108.973 -87.675
-971.369 232.203 58.7564 133.284 108.973 -87.674
-971.016 233.139 58.7487 133.284 108.973 -87.674
-970.662 234.075 58.7411 133.286 108.973 -87.676
-970.308 235.011 58.7334 133.284 108.975 -87.676
-969.662 236.824 58.6362 133.282 108.974 -87.673
-969.308 237.76 58.6287 133.287 108.974 -87.665
-968.955 238.696 58.6212 133.287 108.974 -87.665
-968.601 239.632 58.6137 133.289 108.971 -87.655
-968.247 240.568 58.6063 133.288 108.972 -87.658
-967.894 241.504 58.5989 133.287 108.974 -87.658
-967.54 242.44 58.5915 133.287 108.974 -87.658
-967.186 243.376 58.5841 133.289 108.974 -87.659
-966.833 244.311 58.5768 133.289 108.974 -87.66
-966.479 245.247 58.5696 133.288 108.974 -87.659
-966.125 246.183 58.5623 133.284 108.975 -87.662
-965.771 247.119 58.5551 133.284 108.975 -87.662
-965.418 248.055 58.5479 133.283 108.975 -87.664
-965.064 248.991 58.5408 133.283 108.976 -87.666
-964.71 249.927 58.5337 133.283 108.977 -87.664
-964.356 250.863 58.5266 133.284 108.977 -87.665
-964.002 251.799 58.5195 133.284 108.977 -87.665
-963.649 252.735 58.5125 133.286 108.978 -87.663
-963.295 253.671 58.5055 133.285 108.978 -87.662
-962.941 254.607 58.4986 133.284 108.978 -87.66
-962.587 255.542 58.4917 133.284 108.978 -87.66
-962.233 256.478 58.4848 133.284 108.977 -87.656
-961.879 257.414 58.4779 133.286 108.975 -87.654
-961.525 258.35 58.4711 133.289 108.975 -87.653
-961.171 259.286 58.4643 133.288 108.975 -87.654
-960.817 260.222 58.4576 133.286 108.977 -87.653
-960.463 261.158 58.4508 133.282 108.978 -87.656
-960.11 262.094 58.4442 133.282 108.978 -87.656
-959.756 263.029 58.4375 133.284 108.977 -87.657
-959.402 263.965 58.4309 133.284 108.977 -87.657
-959.048 264.901 58.4243 133.285 108.979 -87.661
-958.694 265.837 58.4177 133.283 108.98 -87.662
-958.339 266.773 58.4112 133.284 108.979 -87.66
-957.985 267.709 58.4047 133.284 108.979 -87.66
-957.631 268.644 58.3982 133.286 108.979 -87.661
-957.277 269.58 58.3918 133.288 108.979 -87.658
-956.923 270.516 58.3854 133.289 108.977 -87.645
-956.569 271.452 58.3791 133.287 108.974 -87.638
-956.215 272.388 58.3727 133.285 108.975 -87.641
-955.861 273.324 58.3664 133.285 108.975 -87.641
-955.507 274.259 58.3602 133.284 108.977 -87.643
-955.153 275.195 58.3539 133.283 108.976 -87.64
-954.798 276.131 58.3477 133.283 108.976 -87.64
-954.444 277.067 58.3416 133.284 108.975 -87.641
-954.09 278.002 58.3354 133.284 108.977 -87.642
-953.736 278.938 58.3293 133.285 108.977 -87.643
-953.382 279.874 58.3232 133.284 108.978 -87.645
-953.027 280.81 58.3172 133.284 108.979 -87.645
-952.673 281.746 58.3112 133.287 108.98 -87.644
-952.319 282.681 58.3052 133.291 108.979 -87.644
-951.965 283.617 58.2993 133.291 108.979 -87.644
-951.61 284.553 58.2934 133.289 108.98 -87.644
-951.256 285.489 58.2875 133.287 108.98 -87.644
-950.902 286.424 58.2817 133.283 108.981 -87.642
-950.548 287.36 58.2758 133.282 108.98 -87.64
-950.193 288.296 58.2701 133.283 108.978 -87.635
-949.839 289.231 58.2643 133.284 108.978 -87.635
-949.485 290.167 58.2586 133.281 108.981 -87.636
-949.13 291.103 58.2529 133.281 108.981 -87.636
-948.776 292.039 58.2473 133.281 108.981 -87.634
-948.421 292.974 58.2417 133.282 108.98 -87.633
-948.067 293.91 58.2361 133.285 108.98 -87.633
-947.713 294.846 58.2305 133.286 108.98 -87.629
-947.358 295.781 58.225 133.287 108.98 -87.63
-947.004 296.717 58.2195 133.285 108.981 -87.631
-946.649 297.653 58.2141 133.285 108.981 -87.631
-946.295 298.588 58.2086 133.287 108.981 -87.634
-945.94 299.524 58.2033 133.287 108.982 -87.634
-945.586 300.46 58.1979 133.287 108.983 -87.636
-945.231 301.395 58.1926 133.286 108.982 -87.633
-944.877 302.331 58.1873 133.286 108.983 -87.632
-944.522 303.267 58.182 133.285 108.983 -87.634
-944.168 304.202 58.1768 133.284 108.984 -87.633
-943.813 305.138 58.1716 133.284 108.984 -87.633
-943.458 306.074 58.1665 133.284 108.984 -87.633
-943.104 307.009 58.1613 133.287 108.984 -87.632
-942.749 307.945 58.1562 133.289 108.981 -87.627
-942.395 308.88 58.1512 133.29 108.98 -87.62
-942.04 309.816 58.1461 133.289 108.982 -87.616
-941.685 310.752 58.1411 133.286 108.983 -87.62
-941.331 311.687 58.1362 133.283 108.984 -87.62
-940.976 312.623 58.1313 133.283 108.985 -87.621
-940.621 313.558 58.1264 133.283 108.985 -87.621
-940.267 314.494 58.1215 133.285 108.985 -87.624
-939.912 315.43 58.1166 133.283 108.985 -87.625
-939.557 316.365 58.1118 133.28 108.985 -87.627
-939.202 317.301 58.1071 133.279 108.986 -87.627
-938.848 318.236 58.1023 133.281 108.986 -87.627
-938.493 319.172 58.0976 133.284 108.985 -87.627
-938.138 320.108 58.093 133.284 108.985 -87.627
-937.783 321.043 58.0883 133.287 108.985 -87.627
-937.428 321.979 58.0837 133.286 108.986 -87.629
-937.074 322.914 58.0791 133.286 108.986 -87.629
-936.719 323.85 58.0746 133.286 108.986 -87.628
-936.364 324.785 58.0701 133.284 108.987 -87.628
-936.009 325.721 58.0656 133.283 108.987 -87.628
-935.654 326.656 58.0612 133.282 108.987 -87.627
-935.299 327.592 58.0568 133.282 108.987 -87.625
-934.944 328.527 58.0524 133.282 108.987 -87.624
-934.59 329.463 58.048 133.283 108.987 -87.624
-934.235 330.398 58.0437 133.283 108.987 -87.621
-933.88 331.334 58.0394 133.284 108.988 -87.619
-933.525 332.269 58.0352 133.284 108.988 -87.619
-933.17 333.205 58.031 133.287 108.986 -87.616
-932.815 334.14 58.0268 133.289 108.983 -87.612
-932.46 335.076 58.0226 133.289 108.984 -87.614
-932.105 336.011 58.0185 133.288 108.984 -87.612
-931.75 336.947 58.0144 133.288 108.984 -87.612
-931.395 337.882 58.0104 133.283 108.985 -87.614
-931.04 338.818 58.0064 133.284 108.987 -87.615
-930.685 339.753 58.0024 133.284 108.987 -87.615
-930.33 340.689 57.9984 133.288 108.986 -87.614
-929.974 341.624 57.9945 133.288 108.986 -87.614
-929.619 342.56 57.9906 133.287 108.988 -87.615
-929.264 343.495 57.9868 133.285 108.99 -87.615
-928.909 344.43 57.9829 133.285 108.99 -87.615
-928.554 345.366 57.9791 133.286 108.989 -87.614
-928.199 346.301 57.9754 133.287 108.99 -87.616
-927.844 347.237 57.9716 133.288 108.989 -87.615
-927.489 348.172 57.968 133.288 108.989 -87.615
-927.133 349.108 57.9643 133.284 108.99 -87.611
-926.778 350.043 57.9607 133.284 108.99 -87.611
-926.423 350.978 57.9571 133.284 108.99 -87.611
-926.068 351.914 57.9535 133.283 108.991 -87.61
-925.712 352.849 57.95 133.283 108.991 -87.61
-925.357 353.785 57.9465 133.283 108.991 -87.61
-925.002 354.72 57.943 133.283 108.991 -87.61
-924.647 355.655 57.9396 133.283 108.991 -87.61
-924.291 356.591 57.9362 133.283 108.991 -87.61
-923.936 357.526 57.9328 133.283 108.991 -87.61
-923.581 358.461 57.9295 133.283 108.991 -87.61
-923.225 359.397 57.9261 133.283 108.991 -87.61
-922.87 360.332 57.9229 133.283 108.991 -87.61
-922.515 361.267 57.9196 133.283 108.991 -87.61
-922.159 362.203 57.9164 133.283 108.991 -87.61
-921.804 363.138 57.9133 133.283 108.991 -87.61
-921.449 364.073 57.9101 133.283 108.991 -87.61
-921.093 365.009 57.907 133.283 108.991 -87.61
-920.738 365.944 57.9039 133.283 108.991 -87.61
-920.382 366.879 57.9009 133.283 108.991 -87.61
