1
-960.702 1167.68 55.1381 -177.678 115.773 -11.522
-960.696 1167.69 54.1382 -177.678 115.773 -11.522
-960.69 1167.7 53.1383 -177.678 115.773 -11.522
-960.684 1167.72 52.1384 -177.678 115.773 -11.522
-960.678 1167.73 51.1385 -177.678 115.773 -11.522
-960.672 1167.74 50.1386 -177.678 115.773 -11.522
-960.666 1167.75 49.1387 -177.678 115.773 -11.522
-960.66 1167.76 48.1388 -177.678 115.773 -11.522
-960.654 1167.78 47.1389 -177.678 115.773 -11.522
-960.648 1167.79 46.139 -177.678 115.773 -11.522
-960.642 1167.8 45.139 -177.678 115.773 -11.522
-960.636 1167.81 44.1391 -177.678 115.773 -11.522
-960.63 1167.82 43.1392 -177.678 115.773 -11.522
-960.624 1167.84 42.1393 -177.678 115.773 -11.522
-960.618 1167.85 41.1394 -177.678 115.773 -11.522
-960.612 1167.86 40.1395 -177.678 115.773 -11.522
-960.606 1167.87 39.1396 -177.678 115.773 -11.522
-960.6 1167.88 38.1397 -177.678 115.773 -11.522
-960.594 1167.9 37.1398 -177.678 115.773 -11.522
-960.588 1167.91 36.1399 -177.678 115.773 -11.522
-960.582 1167.92 35.14 -177.678 115.773 -11.522
-960.576 1167.93 34.14 -177.678 115.773 -11.522
-960.57 1167.94 33.1401 -177.678 115.773 -11.522
-960.564 1167.96 32.1402 -177.678 115.773 -11.522
-960.558 1167.97 31.1403 -177.678 115.773 -11.522
-960.552 1167.98 30.1404 -177.678 115.773 -11.522
-960.546 1167.99 29.1405 -177.678 115.773 -11.522
-960.54 1168 28.1406 -177.678 115.773 -11.522
-960.534 1168.02 27.1407 -177.678 115.773 -11.522
-960.528 1168.03 26.1408 -177.678 115.773 -11.522
-960.522 1168.04 25.1409 -177.724 115.937 -11.601
-960.516 1168.05 24.1409 -177.724 115.937 -11.601
-960.51 1168.06 23.141 -177.761 116.109 -11.599
-960.504 1168.08 22.1411 -177.793 116.264 -11.604
-960.498 1168.09 21.1412 -177.828 116.445 -11.621
-960.493 1168.1 20.1413 -177.828 116.445 -11.621
-960.487 1168.11 19.1414 -177.873 116.624 -11.632
-960.481 1168.12 18.1415 -177.918 116.786 -11.636
-960.475 1168.14 17.1416 -177.954 116.953 -11.652
-960.469 1168.15 16.1417 -177.954 116.953 -11.652
-960.463 1168.16 15.1418 -177.989 117.097 -11.659
-960.457 1168.17 14.1418 -178.022 117.242 -11.676
-960.451 1168.18 13.1419 -178.022 117.242 -11.676
-960.445 1168.2 12.142 -178.058 117.411 -11.694
-960.439 1168.21 11.1421 -178.09 117.555 -11.715
-960.433 1168.22 10.1422 -178.123 117.696 -11.734
-960.427 1168.23 9.14229 -178.123 117.696 -11.734
-960.421 1168.24 8.14238 -178.17 117.883 -11.748
-960.415 1168.26 7.14247 -178.207 118.047 -11.772
-960.409 1168.27 6.14256 -178.207 118.047 -11.772
-960.403 1168.28 5.14265 -178.243 118.213 -11.792
-960.397 1168.29 4.14274 -178.276 118.358 -11.806
-960.391 1168.3 3.14283 -178.31 118.505 -11.826
-960.385 1168.32 2.14292 -178.343 118.648 -11.843
-960.379 1168.33 1.14301 -178.343 118.648 -11.843
-960.373 1168.34 0.143105 -178.376 118.792 -11.853
-960.367 1168.35 -0.856805 -178.417 118.957 -11.874
-960.361 1168.36 -1.85672 -178.454 119.098 -11.879
-960.355 1168.38 -2.85663 -178.454 119.098 -11.879
-960.349 1168.39 -3.85653 -178.489 119.241 -11.896
-960.343 1168.4 -4.85644 -178.529 119.408 -11.919
-960.337 1168.41 -5.85635 -178.566 119.551 -11.934
-960.331 1168.42 -6.85626 -178.566 119.551 -11.934
-960.325 1168.44 -7.85617 -178.604 119.719 -11.964
-960.319 1168.45 -8.85608 -178.652 119.907 -11.98
-960.313 1168.46 -9.85599 -178.652 119.907 -11.98
-960.307 1168.47 -10.8559 -178.687 120.073 -12.005
-960.301 1168.48 -11.8558 -178.729 120.238 -12.022
-960.295 1168.5 -12.8557 -178.729 120.238 -12.022
-960.289 1168.51 -13.8556 -178.765 120.383 -12.048
-960.283 1168.52 -14.8555 -178.825 120.623 -12.077
-960.277 1168.53 -15.8555 -178.825 120.623 -12.077
-960.271 1168.54 -16.8554 -178.867 120.789 -12.095
-960.265 1168.56 -17.8553 -178.867 120.789 -12.095
-960.259 1168.57 -18.8552 -178.91 120.954 -12.106
-960.253 1168.58 -19.8551 -178.948 121.119 -12.132
-960.247 1168.59 -20.855 -178.988 121.26 -12.14
-960.241 1168.6 -21.8549 -178.988 121.26 -12.14
-960.235 1168.62 -22.8548 -179.022 121.403 -12.168
-960.23 1168.63 -23.8547 -179.063 121.572 -12.195
-960.224 1168.64 -24.8546 -179.063 121.572 -12.195
-960.218 1168.65 -25.8546 -179.111 121.762 -12.225
-960.212 1168.66 -26.8545 -179.161 121.949 -12.24
-960.206 1168.68 -27.8544 -179.161 121.949 -12.24
-960.2 1168.69 -28.8543 -179.196 122.089 -12.26
-960.194 1168.7 -29.8542 -179.248 122.281 -12.286
-960.188 1168.71 -30.8541 -179.248 122.281 -12.286
-960.182 1168.73 -31.854 -179.287 122.451 -12.325
-960.176 1168.74 -32.8539 -179.326 122.594 -12.329
-960.17 1168.75 -33.8538 -179.326 122.594 -12.329
-960.164 1168.76 -34.8537 -179.371 122.785 -12.354
-960.158 1168.77 -35.8537 -179.411 122.925 -12.367
-960.152 1168.79 -36.8536 -179.411 122.925 -12.367
-960.146 1168.8 -37.8535 -179.452 123.09 -12.399
-960.14 1168.81 -38.8534 -179.499 123.256 -12.416
-960.134 1168.82 -39.8533 -179.545 123.424 -12.449
-960.128 1168.83 -40.8532 -179.545 123.424 -12.449
-960.122 1168.85 -41.8531 -179.602 123.637 -12.481
-960.116 1168.86 -42.853 -179.602 123.637 -12.481
-960.11 1168.87 -43.8529 -179.643 123.801 -12.508
-960.104 1168.88 -44.8528 -179.687 123.965 -12.526
-960.098 1168.89 -45.8527 -179.687 123.965 -12.526
-960.092 1168.91 -46.8527 -179.731 124.131 -12.553
-960.086 1168.92 -47.8526 -179.781 124.298 -12.572
-960.08 1168.93 -48.8525 -179.781 124.298 -12.572
-960.074 1168.94 -49.8524 -179.829 124.467 -12.596
-960.068 1168.95 -50.8523 -179.875 124.633 -12.624
-960.062 1168.97 -51.8522 -179.875 124.633 -12.624
-960.056 1168.98 -52.8521 -179.923 124.822 -12.66
-960.05 1168.99 -53.852 -179.959 124.962 -12.681
-960.044 1169 -54.8519 -179.959 124.962 -12.681
-960.038 1169.01 -55.8518 179.994 125.128 -12.702
-960.032 1169.03 -56.8518 179.951 125.296 -12.736
-960.026 1169.04 -57.8517 179.902 125.463 -12.765
-960.02 1169.05 -58.8516 179.902 125.463 -12.765
-960.014 1169.06 -59.8515 179.849 125.652 -12.794
-960.008 1169.07 -60.8514 179.849 125.652 -12.794
-960.002 1169.09 -61.8513 179.794 125.84 -12.812
-959.996 1169.1 -62.8512 179.748 126.005 -12.835
-959.99 1169.11 -63.8511 179.748 126.005 -12.835
-959.984 1169.12 -64.851 179.696 126.197 -12.863
-959.978 1169.13 -65.8509 179.696 126.197 -12.863
-959.972 1169.15 -66.8509 179.596 126.553 -12.936
-959.967 1169.16 -67.8508 179.596 126.553 -12.936
-959.961 1169.17 -68.8507 179.596 126.553 -12.936
-959.955 1169.18 -69.8506 179.529 126.785 -12.976
-959.949 1169.19 -70.8505 179.529 126.785 -12.976
-959.943 1169.21 -71.8504 179.485 126.934 -13.007
-959.937 1169.22 -72.8503 179.441 127.071 -13.029
-959.931 1169.23 -73.8502 179.394 127.226 -13.052
-959.925 1169.24 -74.8501 179.394 127.226 -13.052
-959.919 1169.25 -75.85 179.394 127.226 -13.052
-959.913 1169.27 -76.85 179.394 127.226 -13.052
-959.907 1169.28 -77.8499 179.394 127.226 -13.052
-959.901 1169.29 -78.8498 179.394 127.226 -13.052
-959.895 1169.3 -79.8497 179.394 127.226 -13.052
-959.889 1169.31 -80.8496 179.394 127.226 -13.052
-959.883 1169.33 -81.8495 179.394 127.226 -13.052
-959.877 1169.34 -82.8494 179.394 127.226 -13.052
-959.871 1169.35 -83.8493 179.394 127.226 -13.052
-959.865 1169.36 -84.8492 179.394 127.226 -13.052
-959.859 1169.37 -85.8491 179.394 127.226 -13.052
-959.853 1169.39 -86.8491 179.394 127.226 -13.052
-959.847 1169.4 -87.849 179.394 127.226 -13.052
-959.841 1169.41 -88.8489 179.394 127.226 -13.052
-959.835 1169.42 -89.8488 179.394 127.226 -13.052
-959.829 1169.43 -90.8487 179.394 127.226 -13.052
-959.823 1169.45 -91.8486 179.394 127.226 -13.052
-959.817 1169.46 -92.8485 179.394 127.226 -13.052
-959.811 1169.47 -93.8484 179.394 127.226 -13.052
-959.805 1169.48 -94.8483 179.394 127.226 -13.052
-959.799 1169.49 -95.8482 179.394 127.226 -13.052
-959.793 1169.51 -96.8482 179.394 127.226 -13.052
-959.787 1169.52 -97.8481 179.394 127.226 -13.052
-959.781 1169.53 -98.848 179.394 127.226 -13.052
-959.775 1169.54 -99.8479 179.394 127.226 -13.052
2
-955.566 1166.93 55.093 -177.675 115.774 -11.523
-955.564 1166.94 54.0931 -177.675 115.774 -11.523
-955.563 1166.95 53.0931 -177.675 115.774 -11.523
-955.561 1166.96 52.0932 -177.675 115.774 -11.523
-955.559 1166.98 51.0933 -177.675 115.774 -11.523
-955.557 1166.99 50.0934 -177.675 115.774 -11.523
-955.556 1167 49.0934 -177.675 115.774 -11.523
-955.554 1167.01 48.0935 -177.675 115.774 -11.523
-955.552 1167.03 47.0936 -177.675 115.774 -11.523
-955.551 1167.04 46.0937 -177.675 115.774 -11.523
-955.549 1167.05 45.0938 -177.675 115.774 -11.523
-955.547 1167.06 44.0938 -177.675 115.774 -11.523
-955.545 1167.08 43.0939 -177.675 115.774 -11.523
-955.544 1167.09 42.094 -177.675 115.774 -11.523
-955.542 1167.1 41.0941 -177.675 115.774 -11.523
-955.54 1167.11 40.0942 -177.675 115.774 -11.523
-955.538 1167.13 39.0942 -177.675 115.774 -11.523
-955.537 1167.14 38.0943 -177.675 115.774 -11.523
-955.535 1167.15 37.0944 -177.675 115.774 -11.523
-955.533 1167.16 36.0945 -177.675 115.774 -11.523
-955.531 1167.18 35.0946 -177.675 115.774 -11.523
-955.53 1167.19 34.0946 -177.675 115.774 -11.523
-955.528 1167.2 33.0947 -177.675 115.774 -11.523
-955.526 1167.21 32.0948 -177.675 115.774 -11.523
-955.524 1167.22 31.0949 -177.675 115.774 -11.523
-955.523 1167.24 30.0949 -177.675 115.774 -11.523
-955.521 1167.25 29.095 -177.675 115.774 -11.523
-955.519 1167.26 28.0951 -177.675 115.774 -11.523
-955.517 1167.27 27.0952 -177.728 115.955 -11.6
-955.516 1167.29 26.0953 -177.764 116.123 -11.594
-955.514 1167.3 25.0953 -177.792 116.261 -11.6
-955.512 1167.31 24.0954 -177.792 116.261 -11.6
-955.511 1167.32 23.0955 -177.82 116.398 -11.615
-955.509 1167.34 22.0956 -177.86 116.562 -11.628
-955.507 1167.35 21.0957 -177.914 116.766 -11.634
-955.505 1167.36 20.0957 -177.914 116.766 -11.634
-955.504 1167.37 19.0958 -177.955 116.953 -11.65
-955.502 1167.39 18.0959 -177.955 116.953 -11.65
-955.5 1167.4 17.096 -177.992 117.103 -11.661
-955.498 1167.41 16.0961 -178.024 117.252 -11.677
-955.497 1167.42 15.0961 -178.054 117.399 -11.689
-955.495 1167.44 14.0962 -178.088 117.547 -11.714
-955.493 1167.45 13.0963 -178.088 117.547 -11.714
-955.491 1167.46 12.0964 -178.13 117.714 -11.736
-955.49 1167.47 11.0964 -178.171 117.879 -11.748
-955.488 1167.49 10.0965 -178.2 118.01 -11.768
-955.486 1167.5 9.0966 -178.2 118.01 -11.768
-955.484 1167.51 8.09668 -178.235 118.177 -11.787
-955.483 1167.52 7.09676 -178.267 118.328 -11.801
-955.481 1167.54 6.09684 -178.267 118.328 -11.801
-955.479 1167.55 5.09692 -178.303 118.48 -11.823
-955.478 1167.56 4.097 -178.338 118.629 -11.841
-955.476 1167.57 3.09708 -178.38 118.811 -11.859
-955.474 1167.59 2.09716 -178.38 118.811 -11.859
-955.472 1167.6 1.09723 -178.429 118.993 -11.877
-955.471 1167.61 0.0973128 -178.468 119.14 -11.885
-955.469 1167.62 -0.902608 -178.507 119.308 -11.907
-955.467 1167.64 -1.90253 -178.507 119.308 -11.907
-955.465 1167.65 -2.90245 -178.546 119.459 -11.922
-955.464 1167.66 -3.90237 -178.582 119.63 -11.955
-955.462 1167.67 -4.90229 -178.582 119.63 -11.955
-955.46 1167.68 -5.90221 -178.616 119.778 -11.963
-955.458 1167.7 -6.90214 -178.659 119.962 -11.992
-955.457 1167.71 -7.90206 -178.659 119.962 -11.992
-955.455 1167.72 -8.90198 -178.7 120.107 -12.003
-955.453 1167.73 -9.9019 -178.74 120.271 -12.029
-955.451 1167.75 -10.9018 -178.74 120.271 -12.029
-955.45 1167.76 -11.9017 -178.791 120.479 -12.063
-955.448 1167.77 -12.9017 -178.791 120.479 -12.063
-955.446 1167.78 -13.9016 -178.867 120.795 -12.097
-955.444 1167.8 -14.9015 -178.867 120.795 -12.097
-955.443 1167.81 -15.9014 -178.906 120.94 -12.108
-955.441 1167.82 -16.9013 -178.952 121.124 -12.132
-955.439 1167.83 -17.9013 -178.952 121.124 -12.132
-955.438 1167.85 -18.9012 -178.995 121.272 -12.139
-955.436 1167.86 -19.9011 -179.034 121.443 -12.179
-955.434 1167.87 -20.901 -179.034 121.443 -12.179
-955.432 1167.88 -21.901 -179.072 121.591 -12.189
-955.431 1167.9 -22.9009 -179.114 121.775 -12.228
-955.429 1167.91 -23.9008 -179.114 121.775 -12.228
-955.427 1167.92 -24.9007 -179.162 121.939 -12.238
-955.425 1167.93 -25.9006 -179.2 122.102 -12.265
-955.424 1167.95 -26.9006 -179.246 122.271 -12.287
-955.422 1167.96 -27.9005 -179.246 122.271 -12.287
-955.42 1167.97 -28.9004 -179.275 122.405 -12.321
-955.418 1167.98 -29.9003 -179.312 122.537 -12.328
-955.417 1168 -30.9002 -179.348 122.686 -12.343
-955.415 1168.01 -31.9002 -179.348 122.686 -12.343
-955.413 1168.02 -32.9001 -179.394 122.85 -12.361
-955.411 1168.03 -33.9 -179.436 123.013 -12.388
-955.41 1168.05 -34.8999 -179.477 123.158 -12.406
-955.408 1168.06 -35.8998 -179.477 123.158 -12.406
-955.406 1168.07 -36.8998 -179.518 123.308 -12.426
-955.405 1168.08 -37.8997 -179.569 123.497 -12.461
-955.403 1168.1 -38.8996 -179.603 123.645 -12.488
-955.401 1168.11 -39.8995 -179.603 123.645 -12.488
-955.399 1168.12 -40.8995 -179.649 123.809 -12.506
-955.398 1168.13 -41.8994 -179.696 123.993 -12.541
-955.396 1168.15 -42.8993 -179.696 123.993 -12.541
-955.394 1168.16 -43.8992 -179.739 124.139 -12.548
-955.392 1168.17 -44.8991 -179.773 124.271 -12.572
-955.391 1168.18 -45.8991 -179.773 124.271 -12.572
-955.389 1168.19 -46.899 -179.827 124.458 -12.593
-955.387 1168.21 -47.8989 -179.881 124.659 -12.632
-955.385 1168.22 -48.8988 -179.881 124.659 -12.632
-955.384 1168.23 -49.8987 -179.924 124.804 -12.657
-955.382 1168.24 -50.8987 -179.974 124.988 -12.685
-955.38 1168.26 -51.8986 179.988 125.137 -12.706
-955.378 1168.27 -52.8985 179.988 125.137 -12.706
-955.377 1168.28 -53.8984 179.952 125.288 -12.735
-955.375 1168.29 -54.8984 179.917 125.42 -12.758
-955.373 1168.31 -55.8983 179.869 125.586 -12.79
-955.371 1168.32 -56.8982 179.869 125.586 -12.79
-955.37 1168.33 -57.8981 179.811 125.768 -12.809
-955.368 1168.34 -58.898 179.811 125.768 -12.809
-955.366 1168.36 -59.898 179.759 125.953 -12.831
-955.365 1168.37 -60.8979 179.723 126.102 -12.854
-955.363 1168.38 -61.8978 179.678 126.267 -12.879
-955.361 1168.39 -62.8977 179.678 126.267 -12.879
-955.359 1168.41 -63.8976 179.582 126.578 -12.946
-955.358 1168.42 -64.8976 179.582 126.578 -12.946
-955.356 1168.43 -65.8975 179.539 126.726 -12.971
-955.354 1168.44 -66.8974 179.539 126.726 -12.971
-955.352 1168.46 -67.8973 179.503 126.878 -13
-955.351 1168.47 -68.8972 179.457 127.036 -13.027
-955.349 1168.48 -69.8972 179.457 127.036 -13.027
-955.347 1168.49 -70.8971 179.41 127.187 -13.05
-955.345 1168.51 -71.897 179.356 127.341 -13.072
-955.344 1168.52 -72.8969 179.356 127.341 -13.072
-955.342 1168.53 -73.8969 179.356 127.341 -13.072
-955.34 1168.54 -74.8968 179.356 127.341 -13.072
-955.338 1168.56 -75.8967 179.356 127.341 -13.072
-955.337 1168.57 -76.8966 179.356 127.341 -13.072
-955.335 1168.58 -77.8965 179.356 127.341 -13.072
-955.333 1168.59 -78.8965 179.356 127.341 -13.072
-955.332 1168.61 -79.8964 179.356 127.341 -13.072
-955.33 1168.62 -80.8963 179.356 127.341 -13.072
-955.328 1168.63 -81.8962 179.356 127.341 -13.072
-955.326 1168.64 -82.8961 179.356 127.341 -13.072
-955.325 1168.65 -83.8961 179.356 127.341 -13.072
-955.323 1168.67 -84.896 179.356 127.341 -13.072
-955.321 1168.68 -85.8959 179.356 127.341 -13.072
-955.319 1168.69 -86.8958 179.356 127.341 -13.072
-955.318 1168.7 -87.8957 179.356 127.341 -13.072
-955.316 1168.72 -88.8957 179.356 127.341 -13.072
-955.314 1168.73 -89.8956 179.356 127.341 -13.072
-955.312 1168.74 -90.8955 179.356 127.341 -13.072
-955.311 1168.75 -91.8954 179.356 127.341 -13.072
-955.309 1168.77 -92.8954 179.356 127.341 -13.072
-955.307 1168.78 -93.8953 179.356 127.341 -13.072
-955.305 1168.79 -94.8952 179.356 127.341 -13.072
-955.304 1168.8 -95.8951 179.356 127.341 -13.072
-955.302 1168.82 -96.895 179.356 127.341 -13.072
-955.3 1168.83 -97.895 179.356 127.341 -13.072
-955.298 1168.84 -98.8949 179.356 127.341 -13.072
-955.297 1168.85 -99.8948 179.356 127.341 -13.072
3
-961.778 1168.45 53.9585 -177.673 115.775 -11.525
-961.779 1168.47 52.9586 -177.673 115.775 -11.525
-961.779 1168.48 51.9587 -177.673 115.775 -11.525
-961.78 1168.49 50.9588 -177.673 115.775 -11.525
-961.78 1168.5 49.9588 -177.673 115.775 -11.525
-961.78 1168.52 48.9589 -177.673 115.775 -11.525
-961.781 1168.53 47.959 -177.673 115.775 -11.525
-961.781 1168.54 46.9591 -177.673 115.775 -11.525
-961.782 1168.55 45.9592 -177.673 115.775 -11.525
-961.782 1168.57 44.9592 -177.673 115.775 -11.525
-961.782 1168.58 43.9593 -177.673 115.775 -11.525
-961.783 1168.59 42.9594 -177.673 115.775 -11.525
-961.783 1168.61 41.9595 -177.673 115.775 -11.525
-961.784 1168.62 40.9596 -177.673 115.775 -11.525
-961.784 1168.63 39.9596 -177.673 115.775 -11.525
-961.785 1168.64 38.9597 -177.673 115.775 -11.525
-961.785 1168.66 37.9598 -177.673 115.775 -11.525
-961.785 1168.67 36.9599 -177.673 115.775 -11.525
-961.786 1168.68 35.96 -177.673 115.775 -11.525
-961.786 1168.69 34.9601 -177.673 115.775 -11.525
-961.787 1168.71 33.9601 -177.673 115.775 -11.525
-961.787 1168.72 32.9602 -177.673 115.775 -11.525
-961.787 1168.73 31.9603 -177.673 115.775 -11.525
-961.788 1168.75 30.9604 -177.673 115.775 -11.525
-961.788 1168.76 29.9605 -177.673 115.775 -11.525
-961.789 1168.77 28.9605 -177.673 115.775 -11.525
-961.789 1168.78 27.9606 -177.673 115.775 -11.525
-961.789 1168.8 26.9607 -177.673 115.775 -11.525
-961.79 1168.81 25.9608 -177.673 115.775 -11.525
-961.79 1168.82 24.9609 -177.726 115.947 -11.6
-961.791 1168.84 23.961 -177.762 116.115 -11.592
-961.791 1168.85 22.961 -177.762 116.115 -11.592
-961.792 1168.86 21.9611 -177.793 116.263 -11.596
-961.792 1168.87 20.9612 -177.83 116.422 -11.613
-961.792 1168.89 19.9613 -177.83 116.422 -11.613
-961.793 1168.9 18.9614 -177.862 116.557 -11.625
-961.793 1168.91 17.9614 -177.895 116.689 -11.625
-961.794 1168.92 16.9615 -177.925 116.834 -11.643
-961.794 1168.94 15.9616 -177.967 117.007 -11.66
-961.794 1168.95 14.9617 -177.967 117.007 -11.66
-961.795 1168.96 13.9618 -177.999 117.151 -11.672
-961.795 1168.98 12.9618 -178.033 117.308 -11.688
-961.796 1168.99 11.9619 -178.064 117.443 -11.704
-961.796 1169 10.962 -178.064 117.443 -11.704
-961.796 1169.01 9.96209 -178.101 117.605 -11.729
-961.797 1169.03 8.96217 -178.132 117.736 -11.738
-961.797 1169.04 7.96225 -178.175 117.92 -11.754
-961.798 1169.05 6.96233 -178.175 117.92 -11.754
-961.798 1169.06 5.96241 -178.21 118.078 -11.775
-961.799 1169.08 4.9625 -178.263 118.289 -11.797
-961.799 1169.09 3.96258 -178.263 118.289 -11.797
-961.799 1169.1 2.96266 -178.298 118.436 -11.817
-961.8 1169.12 1.96274 -178.332 118.596 -11.837
-961.8 1169.13 0.96282 -178.332 118.596 -11.837
-961.801 1169.14 -0.0370984 -178.369 118.755 -11.847
-961.801 1169.15 -1.03702 -178.419 118.951 -11.873
-961.801 1169.17 -2.03694 -178.419 118.951 -11.873
-961.802 1169.18 -3.03685 -178.458 119.109 -11.886
-961.802 1169.19 -4.03677 -178.493 119.253 -11.907
-961.803 1169.2 -5.03669 -178.528 119.386 -11.92
-961.803 1169.22 -6.03661 -178.56 119.52 -11.938
-961.803 1169.23 -7.03653 -178.56 119.52 -11.938
-961.804 1169.24 -8.03645 -178.59 119.668 -11.964
-961.804 1169.26 -9.03637 -178.626 119.813 -11.967
-961.805 1169.27 -10.0363 -178.664 119.97 -11.992
-961.805 1169.28 -11.0362 -178.664 119.97 -11.992
-961.806 1169.29 -12.0361 -178.708 120.14 -12.009
-961.806 1169.31 -13.036 -178.75 120.313 -12.036
-961.806 1169.32 -14.036 -178.75 120.313 -12.036
-961.807 1169.33 -15.0359 -178.792 120.472 -12.06
-961.807 1169.34 -16.0358 -178.826 120.606 -12.078
-961.808 1169.36 -17.0357 -178.86 120.749 -12.092
-961.808 1169.37 -18.0356 -178.86 120.749 -12.092
-961.808 1169.38 -19.0356 -178.898 120.908 -12.103
-961.809 1169.4 -20.0355 -178.937 121.08 -12.13
-961.809 1169.41 -21.0354 -178.937 121.08 -12.13
-961.81 1169.42 -22.0353 -178.984 121.238 -12.14
-961.81 1169.43 -23.0352 -179.019 121.383 -12.175
-961.81 1169.45 -24.0351 -179.064 121.541 -12.192
-961.811 1169.46 -25.0351 -179.064 121.541 -12.192
-961.811 1169.47 -26.035 -179.1 121.687 -12.216
-961.812 1169.49 -27.0349 -179.131 121.818 -12.229
-961.812 1169.5 -28.0348 -179.165 121.963 -12.241
-961.812 1169.51 -29.0347 -179.165 121.963 -12.241
-961.813 1169.52 -30.0347 -179.209 122.136 -12.262
-961.813 1169.54 -31.0346 -179.247 122.283 -12.288
-961.814 1169.55 -32.0345 -179.282 122.428 -12.32
-961.814 1169.56 -33.0344 -179.282 122.428 -12.32
-961.815 1169.57 -34.0343 -179.327 122.585 -12.327
-961.815 1169.59 -35.0343 -179.371 122.756 -12.355
-961.815 1169.6 -36.0342 -179.371 122.756 -12.355
-961.816 1169.61 -37.0341 -179.416 122.927 -12.374
-961.816 1169.63 -38.034 -179.452 123.087 -12.405
-961.817 1169.64 -39.0339 -179.49 123.219 -12.414
-961.817 1169.65 -40.0338 -179.49 123.219 -12.414
-961.817 1169.66 -41.0338 -179.532 123.366 -12.444
-961.818 1169.68 -42.0337 -179.572 123.509 -12.46
-961.818 1169.69 -43.0336 -179.602 123.64 -12.486
-961.819 1169.7 -44.0335 -179.638 123.771 -12.497
-961.819 1169.71 -45.0334 -179.638 123.771 -12.497
-961.819 1169.73 -46.0334 -179.674 123.903 -12.519
-961.82 1169.74 -47.0333 -179.708 124.036 -12.54
-961.82 1169.75 -48.0332 -179.747 124.181 -12.556
-961.821 1169.77 -49.0331 -179.788 124.326 -12.586
-961.821 1169.78 -50.033 -179.788 124.326 -12.586
-961.822 1169.79 -51.033 -179.841 124.497 -12.608
-961.822 1169.8 -52.0329 -179.883 124.653 -12.637
-961.822 1169.82 -53.0328 -179.919 124.798 -12.663
-961.823 1169.83 -54.0327 -179.919 124.798 -12.663
-961.823 1169.84 -55.0326 -179.955 124.931 -12.682
-961.824 1169.85 -56.0325 -179.998 125.09 -12.697
-961.824 1169.87 -57.0325 179.967 125.236 -12.727
-961.824 1169.88 -58.0324 179.967 125.236 -12.727
-961.825 1169.89 -59.0323 179.926 125.369 -12.747
-961.825 1169.91 -60.0322 179.881 125.527 -12.78
-961.826 1169.92 -61.0321 179.838 125.669 -12.792
-961.826 1169.93 -62.0321 179.838 125.669 -12.792
-961.826 1169.94 -63.032 179.806 125.802 -12.817
-961.827 1169.96 -64.0319 179.769 125.934 -12.832
-961.827 1169.97 -65.0318 179.727 126.079 -12.855
-961.828 1169.98 -66.0317 179.69 126.21 -12.875
-961.828 1169.99 -67.0317 179.69 126.21 -12.875
-961.829 1170.01 -68.0316 179.648 126.355 -12.902
-961.829 1170.02 -69.0315 179.595 126.539 -12.94
-961.829 1170.03 -70.0314 179.549 126.697 -12.967
-961.83 1170.05 -71.0313 179.549 126.697 -12.967
-961.83 1170.06 -72.0312 179.514 126.829 -12.989
-961.831 1170.07 -73.0312 179.466 127 -13.02
-961.831 1170.08 -74.0311 179.466 127 -13.02
-961.831 1170.1 -75.031 179.412 127.166 -13.049
-961.832 1170.11 -76.0309 179.366 127.319 -13.072
-961.832 1170.12 -77.0308 179.366 127.319 -13.072
-961.833 1170.14 -78.0308 179.366 127.319 -13.072
-961.833 1170.15 -79.0307 179.366 127.319 -13.072
-961.833 1170.16 -80.0306 179.366 127.319 -13.072
-961.834 1170.17 -81.0305 179.366 127.319 -13.072
-961.834 1170.19 -82.0304 179.366 127.319 -13.072
-961.835 1170.2 -83.0304 179.366 127.319 -13.072
-961.835 1170.21 -84.0303 179.366 127.319 -13.072
-961.836 1170.22 -85.0302 179.366 127.319 -13.072
-961.836 1170.24 -86.0301 179.366 127.319 -13.072
-961.836 1170.25 -87.03 179.366 127.319 -13.072
-961.837 1170.26 -88.0299 179.366 127.319 -13.072
-961.837 1170.28 -89.0299 179.366 127.319 -13.072
-961.838 1170.29 -90.0298 179.366 127.319 -13.072
-961.838 1170.3 -91.0297 179.366 127.319 -13.072
-961.838 1170.31 -92.0296 179.366 127.319 -13.072
-961.839 1170.33 -93.0295 179.366 127.319 -13.072
-961.839 1170.34 -94.0295 179.366 127.319 -13.072
-961.84 1170.35 -95.0294 179.366 127.319 -13.072
-961.84 1170.36 -96.0293 179.366 127.319 -13.072
-961.84 1170.38 -97.0292 179.366 127.319 -13.072
-961.841 1170.39 -98.0291 179.366 127.319 -13.072
-961.841 1170.4 -99.029 179.366 127.319 -13.072
-961.842 1170.42 -100.029 179.366 127.319 -13.072
-961.842 1170.43 -101.029 179.366 127.319 -13.072
4
-961 1169.46 53.885 -177.673 115.774 -11.525
-961 1169.48 52.885 -177.673 115.774 -11.525
-960.999 1169.49 51.8851 -177.673 115.774 -11.525
-960.999 1169.5 50.8852 -177.673 115.774 -11.525
-960.999 1169.51 49.8852 -177.673 115.774 -11.525
-960.998 1169.52 48.8853 -177.673 115.774 -11.525
-960.998 1169.53 47.8853 -177.673 115.774 -11.525
-960.997 1169.54 46.8854 -177.673 115.774 -11.525
-960.997 1169.55 45.8854 -177.673 115.774 -11.525
-960.997 1169.56 44.8855 -177.673 115.774 -11.525
-960.996 1169.57 43.8855 -177.673 115.774 -11.525
-960.996 1169.58 42.8856 -177.673 115.774 -11.525
-960.995 1169.59 41.8857 -177.673 115.774 -11.525
-960.995 1169.6 40.8857 -177.673 115.774 -11.525
-960.994 1169.61 39.8858 -177.673 115.774 -11.525
-960.994 1169.62 38.8858 -177.673 115.774 -11.525
-960.994 1169.63 37.8859 -177.673 115.774 -11.525
-960.993 1169.64 36.8859 -177.673 115.774 -11.525
-960.993 1169.65 35.886 -177.673 115.774 -11.525
-960.992 1169.67 34.886 -177.673 115.774 -11.525
-960.992 1169.68 33.8861 -177.673 115.774 -11.525
-960.992 1169.69 32.8862 -177.673 115.774 -11.525
-960.991 1169.7 31.8862 -177.673 115.774 -11.525
-960.991 1169.71 30.8863 -177.673 115.774 -11.525
-960.99 1169.72 29.8863 -177.673 115.774 -11.525
-960.99 1169.73 28.8864 -177.673 115.774 -11.525
-960.99 1169.74 27.8864 -177.673 115.774 -11.525
-960.989 1169.75 26.8865 -177.673 115.774 -11.525
-960.989 1169.76 25.8865 -177.673 115.774 -11.525
-960.988 1169.77 24.8866 -177.728 115.956 -11.601
-960.988 1169.78 23.8867 -177.757 116.093 -11.593
-960.987 1169.79 22.8867 -177.785 116.238 -11.6
-960.987 1169.8 21.8868 -177.817 116.382 -11.612
-960.987 1169.81 20.8868 -177.817 116.382 -11.612
-960.986 1169.82 19.8869 -177.853 116.531 -11.629
-960.986 1169.83 18.8869 -177.892 116.677 -11.628
-960.985 1169.84 17.887 -177.93 116.847 -11.645
-960.985 1169.86 16.887 -177.93 116.847 -11.645
-960.985 1169.87 15.8871 -177.965 116.992 -11.656
-960.984 1169.88 14.8872 -178.001 117.163 -11.668
-960.984 1169.89 13.8872 -178.036 117.321 -11.683
-960.983 1169.9 12.8873 -178.036 117.321 -11.683
-960.983 1169.91 11.8873 -178.074 117.484 -11.705
-960.982 1169.92 10.8874 -178.11 117.633 -11.73
-960.982 1169.93 9.88744 -178.11 117.633 -11.73
-960.982 1169.94 8.8875 -178.151 117.802 -11.739
-960.981 1169.95 7.88755 -178.183 117.947 -11.756
-960.981 1169.96 6.88761 -178.224 118.142 -11.784
-960.98 1169.97 5.88766 -178.224 118.142 -11.784
-960.98 1169.98 4.88772 -178.259 118.288 -11.801
-960.98 1169.99 3.88777 -178.298 118.45 -11.824
-960.979 1170 2.88783 -178.298 118.45 -11.824
-960.979 1170.01 1.88789 -178.333 118.612 -11.844
-960.978 1170.02 0.887942 -178.366 118.744 -11.851
-960.978 1170.03 -0.112003 -178.401 118.887 -11.87
-960.978 1170.05 -1.11195 -178.401 118.887 -11.87
-960.977 1170.06 -2.11189 -178.442 119.042 -11.874
-960.977 1170.07 -3.11184 -178.481 119.199 -11.892
-960.976 1170.08 -4.11178 -178.519 119.345 -11.91
-960.976 1170.09 -5.11172 -178.559 119.506 -11.931
-960.975 1170.1 -6.11167 -178.559 119.506 -11.931
-960.975 1170.11 -7.11161 -178.589 119.656 -11.957
-960.975 1170.12 -8.11156 -178.621 119.788 -11.963
-960.974 1170.13 -9.1115 -178.655 119.932 -11.988
-960.974 1170.14 -10.1114 -178.655 119.932 -11.988
-960.973 1170.15 -11.1114 -178.691 120.074 -12.002
-960.973 1170.16 -12.1113 -178.729 120.231 -12.026
-960.973 1170.17 -13.1113 -178.77 120.392 -12.058
-960.972 1170.18 -14.1112 -178.77 120.392 -12.058
-960.972 1170.19 -15.1112 -178.81 120.541 -12.077
-960.971 1170.2 -16.1111 -178.847 120.7 -12.094
-960.971 1170.21 -17.1111 -178.847 120.7 -12.094
-960.97 1170.22 -18.111 -178.88 120.843 -12.098
-960.97 1170.24 -19.1109 -178.916 120.987 -12.113
-960.97 1170.25 -20.1109 -178.963 121.158 -12.127
-960.969 1170.26 -21.1108 -178.963 121.158 -12.127
-960.969 1170.27 -22.1108 -179.005 121.316 -12.152
-960.968 1170.28 -23.1107 -179.047 121.476 -12.184
-960.968 1170.29 -24.1107 -179.081 121.608 -12.197
-960.968 1170.3 -25.1106 -179.081 121.608 -12.197
-960.967 1170.31 -26.1106 -179.117 121.767 -12.23
-960.967 1170.32 -27.1105 -179.154 121.923 -12.236
-960.966 1170.33 -28.1104 -179.184 122.056 -12.26
-960.966 1170.34 -29.1104 -179.184 122.056 -12.26
-960.966 1170.35 -30.1103 -179.229 122.215 -12.278
-960.965 1170.36 -31.1103 -179.273 122.388 -12.318
-960.965 1170.37 -32.1102 -179.314 122.532 -12.324
-960.964 1170.38 -33.1102 -179.314 122.532 -12.324
-960.964 1170.39 -34.1101 -179.353 122.691 -12.348
-960.963 1170.4 -35.1101 -179.394 122.835 -12.359
-960.963 1170.41 -36.11 -179.428 122.98 -12.381
-960.963 1170.42 -37.1099 -179.428 122.98 -12.381
-960.962 1170.44 -38.1099 -179.465 123.123 -12.398
-960.962 1170.45 -39.1098 -179.506 123.271 -12.422
-960.961 1170.46 -40.1098 -179.545 123.405 -12.448
-960.961 1170.47 -41.1097 -179.545 123.405 -12.448
-960.961 1170.48 -42.1097 -179.587 123.575 -12.474
-960.96 1170.49 -43.1096 -179.617 123.707 -12.502
-960.96 1170.5 -44.1095 -179.657 123.837 -12.507
-960.959 1170.51 -45.1095 -179.69 123.982 -12.54
-960.959 1170.52 -46.1094 -179.69 123.982 -12.54
-960.959 1170.53 -47.1094 -179.738 124.153 -12.553
-960.958 1170.54 -48.1093 -179.783 124.313 -12.583
-960.958 1170.55 -49.1093 -179.783 124.313 -12.583
-960.957 1170.56 -50.1092 -179.835 124.471 -12.598
-960.957 1170.57 -51.1092 -179.879 124.627 -12.63
-960.956 1170.58 -52.1091 -179.879 124.627 -12.63
-960.956 1170.59 -53.109 -179.925 124.811 -12.66
-960.956 1170.6 -54.109 -179.964 124.956 -12.679
-960.955 1170.61 -55.1089 179.999 125.115 -12.704
-960.955 1170.63 -56.1089 179.999 125.115 -12.704
-960.954 1170.64 -57.1088 179.966 125.25 -12.731
-960.954 1170.65 -58.1088 179.926 125.383 -12.754
-960.954 1170.66 -59.1087 179.882 125.528 -12.787
-960.953 1170.67 -60.1087 179.882 125.528 -12.787
-960.953 1170.68 -61.1086 179.83 125.696 -12.801
-960.952 1170.69 -62.1085 179.793 125.841 -12.819
-960.952 1170.7 -63.1085 179.745 126.013 -12.842
-960.951 1170.71 -64.1084 179.745 126.013 -12.842
-960.951 1170.72 -65.1084 179.699 126.184 -12.865
-960.951 1170.73 -66.1083 179.662 126.315 -12.893
-960.95 1170.74 -67.1083 179.662 126.315 -12.893
-960.95 1170.75 -68.1082 179.613 126.473 -12.927
-960.949 1170.76 -69.1082 179.569 126.618 -12.958
-960.949 1170.77 -70.1081 179.527 126.777 -12.985
-960.949 1170.78 -71.108 179.527 126.777 -12.985
-960.948 1170.79 -72.108 179.489 126.935 -13.018
-960.948 1170.8 -73.1079 179.434 127.104 -13.04
-960.947 1170.82 -74.1079 179.388 127.245 -13.056
-960.947 1170.83 -75.1078 179.388 127.245 -13.056
-960.947 1170.84 -76.1078 179.343 127.392 -13.084
-960.946 1170.85 -77.1077 179.343 127.392 -13.084
-960.946 1170.86 -78.1077 179.343 127.392 -13.084
-960.945 1170.87 -79.1076 179.343 127.392 -13.084
-960.945 1170.88 -80.1075 179.343 127.392 -13.084
-960.944 1170.89 -81.1075 179.343 127.392 -13.084
-960.944 1170.9 -82.1074 179.343 127.392 -13.084
-960.944 1170.91 -83.1074 179.343 127.392 -13.084
-960.943 1170.92 -84.1073 179.343 127.392 -13.084
-960.943 1170.93 -85.1073 179.343 127.392 -13.084
-960.942 1170.94 -86.1072 179.343 127.392 -13.084
-960.942 1170.95 -87.1072 179.343 127.392 -13.084
-960.942 1170.96 -88.1071 179.343 127.392 -13.084
-960.941 1170.97 -89.107 179.343 127.392 -13.084
-960.941 1170.98 -90.107 179.343 127.392 -13.084
-960.94 1170.99 -91.1069 179.343 127.392 -13.084
-960.94 1171.01 -92.1069 179.343 127.392 -13.084
-960.939 1171.02 -93.1068 179.343 127.392 -13.084
-960.939 1171.03 -94.1068 179.343 127.392 -13.084
-960.939 1171.04 -95.1067 179.343 127.392 -13.084
-960.938 1171.05 -96.1066 179.343 127.392 -13.084
-960.938 1171.06 -97.1066 179.343 127.392 -13.084
-960.937 1171.07 -98.1065 179.343 127.392 -13.084
-960.937 1171.08 -99.1065 179.343 127.392 -13.084
-960.937 1171.09 -100.106 179.343 127.392 -13.084
-960.936 1171.1 -101.106 179.343 127.392 -13.084
