1
-595.769 156.896 -108.606 50.669 135.816 98.738
-595.789 157.896 -108.589 50.669 135.816 98.738
-595.809 158.895 -108.572 50.669 135.816 98.738
-595.83 159.895 -108.555 50.669 135.816 98.738
-595.85 160.894 -108.538 50.669 135.816 98.738
-595.87 161.894 -108.521 50.669 135.816 98.738
-595.89 162.894 -108.503 50.669 135.816 98.738
-595.91 163.893 -108.486 50.669 135.816 98.738
-595.931 164.893 -108.469 50.669 135.816 98.738
-595.951 165.893 -108.452 50.669 135.816 98.738
-595.971 166.892 -108.435 50.669 135.816 98.738
-595.991 167.892 -108.418 50.899 135.788 98.895
-596.011 168.892 -108.4 51.199 135.758 99.111
-596.031 169.891 -108.383 51.199 135.758 99.111
-596.052 170.891 -108.366 51.433 135.734 99.277
-596.072 171.891 -108.349 51.433 135.734 99.277
-596.092 172.89 -108.332 51.763 135.696 99.506
-596.112 173.89 -108.314 52.02 135.664 99.693
-596.132 174.89 -108.297 52.02 135.664 99.693
-596.153 175.889 -108.28 52.252 135.636 99.848
-596.173 176.889 -108.263 52.252 135.636 99.848
-596.193 177.889 -108.246 52.848 135.565 100.273
-596.213 178.888 -108.229 52.848 135.565 100.273
-596.233 179.888 -108.211 52.848 135.565 100.273
-596.254 180.887 -108.194 52.848 135.565 100.273
-596.274 181.887 -108.177 53.548 135.468 100.77
-596.294 182.887 -108.16 53.548 135.468 100.77
-596.314 183.886 -108.143 53.788 135.436 100.942
-596.334 184.886 -108.126 53.788 135.436 100.942
-596.354 185.886 -108.108 54.055 135.399 101.128
-596.375 186.885 -108.091 54.055 135.399 101.128
-596.395 187.885 -108.074 54.294 135.369 101.298
-596.415 188.885 -108.057 54.294 135.369 101.298
-596.435 189.884 -108.04 54.294 135.369 101.298
-596.455 190.884 -108.023 54.294 135.369 101.298
-596.476 191.884 -108.005 54.294 135.369 101.298
-596.496 192.883 -107.988 54.294 135.369 101.298
-596.516 193.883 -107.971 54.294 135.369 101.298
-596.536 194.883 -107.954 54.294 135.369 101.298
-596.556 195.882 -107.937 54.294 135.369 101.298
-596.577 196.882 -107.92 54.294 135.369 101.298
-596.597 197.881 -107.902 54.294 135.369 101.298
-596.617 198.881 -107.885 54.294 135.369 101.298
-596.637 199.881 -107.868 54.294 135.369 101.298
-596.657 200.88 -107.851 54.294 135.369 101.298
-596.677 201.88 -107.834 54.294 135.369 101.298
2
-594.529 157.072 -108.72 50.189 135.87 98.399
-594.595 158.069 -108.694 50.189 135.87 98.399
-594.66 159.067 -108.667 50.189 135.87 98.399
-594.726 160.064 -108.641 50.189 135.87 98.399
-594.791 161.062 -108.615 50.189 135.87 98.399
-594.857 162.059 -108.588 50.189 135.87 98.399
-594.923 163.057 -108.562 50.189 135.87 98.399
-594.988 164.054 -108.536 50.189 135.87 98.399
-595.054 165.052 -108.509 50.189 135.87 98.399
-595.119 166.049 -108.483 50.669 135.816 98.737
-595.185 167.047 -108.457 50.669 135.816 98.737
-595.251 168.044 -108.43 50.9 135.788 98.897
-595.316 169.042 -108.404 50.9 135.788 98.897
-595.382 170.039 -108.378 51.2 135.759 99.112
-595.447 171.037 -108.352 51.434 135.735 99.276
-595.513 172.034 -108.325 51.434 135.735 99.276
-595.579 173.032 -108.299 51.698 135.704 99.458
-595.644 174.029 -108.273 51.956 135.672 99.645
-595.71 175.027 -108.246 51.956 135.672 99.645
-595.775 176.024 -108.22 51.956 135.672 99.645
-595.841 177.022 -108.194 51.956 135.672 99.645
-595.907 178.019 -108.167 51.956 135.672 99.645
-595.972 179.017 -108.141 51.956 135.672 99.645
-596.038 180.014 -108.115 53.642 135.456 100.842
-596.104 181.012 -108.088 53.642 135.456 100.842
-596.169 182.009 -108.062 53.642 135.456 100.842
-596.235 183.007 -108.036 53.642 135.456 100.842
-596.3 184.004 -108.009 53.642 135.456 100.842
-596.366 185.002 -107.983 53.642 135.456 100.842
-596.432 185.999 -107.957 54.311 135.367 101.31
-596.497 186.997 -107.93 54.311 135.367 101.31
-596.563 187.994 -107.904 54.311 135.367 101.31
-596.628 188.992 -107.878 54.311 135.367 101.31
-596.694 189.989 -107.851 54.311 135.367 101.31
-596.76 190.986 -107.825 54.311 135.367 101.31
-596.825 191.984 -107.799 54.311 135.367 101.31
-596.891 192.981 -107.772 54.311 135.367 101.31
-596.956 193.979 -107.746 54.311 135.367 101.31
-597.022 194.976 -107.72 54.311 135.367 101.31
-597.088 195.974 -107.693 54.311 135.367 101.31
-597.153 196.971 -107.667 54.311 135.367 101.31
-597.219 197.969 -107.641 54.311 135.367 101.31
-597.284 198.966 -107.614 54.311 135.367 101.31
-597.35 199.964 -107.588 54.311 135.367 101.31
-597.416 200.961 -107.562 54.311 135.367 101.31
-597.481 201.959 -107.535 54.311 135.367 101.31
3
-597.943 155.447 -108.014 51.005 135.779 98.974
-597.978 156.447 -108.005 51.005 135.779 98.974
-598.013 157.446 -107.996 51.005 135.779 98.974
-598.048 158.445 -107.987 51.005 135.779 98.974
-598.083 159.445 -107.977 51.005 135.779 98.974
-598.118 160.444 -107.968 51.005 135.779 98.974
-598.153 161.443 -107.959 51.005 135.779 98.974
-598.188 162.443 -107.95 51.005 135.779 98.974
-598.223 163.442 -107.941 51.005 135.779 98.974
-598.258 164.441 -107.932 51.005 135.779 98.974
-598.293 165.441 -107.922 51.005 135.779 98.974
-598.328 166.44 -107.913 51.005 135.779 98.974
-598.362 167.44 -107.904 51.254 135.752 99.153
-598.397 168.439 -107.895 51.543 135.72 99.353
-598.432 169.438 -107.886 51.543 135.72 99.353
-598.467 170.438 -107.877 51.788 135.693 99.525
-598.502 171.437 -107.867 52.071 135.658 99.73
-598.537 172.436 -107.858 52.071 135.658 99.73
-598.572 173.436 -107.849 52.398 135.616 99.954
-598.607 174.435 -107.84 52.398 135.616 99.954
-598.642 175.434 -107.831 52.645 135.588 100.137
-598.677 176.434 -107.822 52.895 135.559 100.312
-598.712 177.433 -107.812 52.895 135.559 100.312
-598.747 178.432 -107.803 53.139 135.531 100.487
-598.782 179.432 -107.794 53.368 135.496 100.647
-598.817 180.431 -107.785 53.649 135.449 100.844
-598.852 181.43 -107.776 53.649 135.449 100.844
-598.887 182.43 -107.767 53.873 135.417 101.005
-598.922 183.429 -107.757 53.873 135.417 101.005
-598.957 184.428 -107.748 53.873 135.417 101.005
-598.992 185.428 -107.739 53.873 135.417 101.005
-599.027 186.427 -107.73 53.873 135.417 101.005
-599.062 187.426 -107.721 53.873 135.417 101.005
-599.097 188.426 -107.711 53.873 135.417 101.005
-599.132 189.425 -107.702 53.873 135.417 101.005
-599.167 190.424 -107.693 53.873 135.417 101.005
-599.202 191.424 -107.684 53.873 135.417 101.005
-599.237 192.423 -107.675 53.873 135.417 101.005
-599.272 193.423 -107.666 53.873 135.417 101.005
-599.307 194.422 -107.656 53.873 135.417 101.005
-599.342 195.421 -107.647 53.873 135.417 101.005
-599.377 196.421 -107.638 53.873 135.417 101.005
-599.412 197.42 -107.629 53.873 135.417 101.005
-599.447 198.419 -107.62 53.873 135.417 101.005
-599.482 199.419 -107.611 53.873 135.417 101.005
-599.517 200.418 -107.601 53.873 135.417 101.005
4
-595.473 156.684 -108.222 50.407 135.845 98.558
-595.493 157.684 -108.213 50.407 135.845 98.558
-595.512 158.683 -108.205 50.407 135.845 98.558
-595.531 159.683 -108.196 50.407 135.845 98.558
-595.551 160.683 -108.188 50.407 135.845 98.558
-595.57 161.683 -108.179 50.407 135.845 98.558
-595.59 162.683 -108.17 50.407 135.845 98.558
-595.609 163.682 -108.162 50.407 135.845 98.558
-595.628 164.682 -108.153 50.407 135.845 98.558
-595.648 165.682 -108.145 50.407 135.845 98.558
-595.667 166.682 -108.136 50.682 135.817 98.755
-595.687 167.681 -108.128 50.922 135.788 98.917
-595.706 168.681 -108.119 50.922 135.788 98.917
-595.725 169.681 -108.111 51.169 135.762 99.093
-595.745 170.681 -108.102 51.461 135.729 99.295
-595.764 171.681 -108.094 51.461 135.729 99.295
-595.784 172.68 -108.085 51.709 135.701 99.465
-595.803 173.68 -108.076 51.951 135.673 99.639
-595.823 174.68 -108.068 51.951 135.673 99.639
-595.842 175.68 -108.059 51.951 135.673 99.639
-595.861 176.679 -108.051 51.951 135.673 99.639
-595.881 177.679 -108.042 51.951 135.673 99.639
-595.9 178.679 -108.034 53.333 135.505 100.627
-595.92 179.679 -108.025 53.333 135.505 100.627
-595.939 180.679 -108.017 53.333 135.505 100.627
-595.958 181.678 -108.008 53.333 135.505 100.627
-595.978 182.678 -107.999 53.333 135.505 100.627
-595.997 183.678 -107.991 53.651 135.45 100.849
-596.017 184.678 -107.982 53.651 135.45 100.849
-596.036 185.677 -107.974 53.992 135.399 101.086
-596.055 186.677 -107.965 53.992 135.399 101.086
-596.075 187.677 -107.957 53.992 135.399 101.086
-596.094 188.677 -107.948 53.992 135.399 101.086
-596.114 189.677 -107.94 53.992 135.399 101.086
-596.133 190.676 -107.931 53.992 135.399 101.086
-596.152 191.676 -107.922 53.992 135.399 101.086
-596.172 192.676 -107.914 53.992 135.399 101.086
-596.191 193.676 -107.905 53.992 135.399 101.086
-596.211 194.675 -107.897 53.992 135.399 101.086
-596.23 195.675 -107.888 53.992 135.399 101.086
-596.249 196.675 -107.88 53.992 135.399 101.086
-596.269 197.675 -107.871 53.992 135.399 101.086
-596.288 198.674 -107.863 53.992 135.399 101.086
-596.308 199.674 -107.854 53.992 135.399 101.086
-596.327 200.674 -107.845 53.992 135.399 101.086
-596.347 201.674 -107.837 53.992 135.399 101.086
5
-595.263 156.819 -108.985 50.603 135.824 98.705
-595.29 157.817 -108.927 50.603 135.824 98.705
-595.317 158.815 -108.87 50.603 135.824 98.705
-595.344 159.813 -108.813 50.603 135.824 98.705
-595.371 160.811 -108.756 50.603 135.824 98.705
-595.398 161.809 -108.699 50.603 135.824 98.705
-595.425 162.807 -108.642 50.603 135.824 98.705
-595.451 163.805 -108.584 50.603 135.824 98.705
-595.478 164.803 -108.527 50.603 135.824 98.705
-595.505 165.801 -108.47 50.603 135.824 98.705
-595.532 166.799 -108.413 50.603 135.824 98.705
-595.559 167.797 -108.356 50.921 135.787 98.923
-595.586 168.795 -108.299 50.921 135.787 98.923
-595.613 169.793 -108.242 51.168 135.76 99.096
-595.64 170.791 -108.184 51.46 135.728 99.298
-595.666 171.789 -108.127 51.46 135.728 99.298
-595.693 172.787 -108.07 51.749 135.696 99.492
-595.72 173.785 -108.013 51.749 135.696 99.492
-595.747 174.783 -107.956 52.113 135.652 99.752
-595.774 175.781 -107.899 52.113 135.652 99.752
-595.801 176.779 -107.841 52.113 135.652 99.752
-595.828 177.777 -107.784 52.113 135.652 99.752
-595.855 178.775 -107.727 52.113 135.652 99.752
-595.881 179.773 -107.67 53.547 135.468 100.777
-595.908 180.771 -107.613 53.547 135.468 100.777
-595.935 181.769 -107.556 53.547 135.468 100.777
-595.962 182.767 -107.498 53.547 135.468 100.777
-595.989 183.765 -107.441 53.547 135.468 100.777
-596.016 184.763 -107.384 53.747 135.435 100.922
-596.043 185.761 -107.327 53.964 135.404 101.073
-596.07 186.759 -107.27 54.181 135.38 101.225
-596.096 187.757 -107.213 54.181 135.38 101.225
-596.123 188.755 -107.156 54.181 135.38 101.225
-596.15 189.753 -107.098 54.181 135.38 101.225
-596.177 190.751 -107.041 54.181 135.38 101.225
-596.204 191.749 -106.984 54.181 135.38 101.225
-596.231 192.747 -106.927 54.181 135.38 101.225
-596.258 193.745 -106.87 54.181 135.38 101.225
-596.285 194.743 -106.813 54.181 135.38 101.225
-596.311 195.741 -106.755 54.181 135.38 101.225
-596.338 196.739 -106.698 54.181 135.38 101.225
-596.365 197.737 -106.641 54.181 135.38 101.225
-596.392 198.735 -106.584 54.181 135.38 101.225
-596.419 199.733 -106.527 54.181 135.38 101.225
-596.446 200.731 -106.47 54.181 135.38 101.225
-596.473 201.729 -106.412 54.181 135.38 101.225
6
-596.494 155.311 -107.191 51.004 135.778 98.98
-596.521 156.31 -107.206 51.004 135.778 98.98
-596.548 157.31 -107.222 51.004 135.778 98.98
-596.574 158.309 -107.238 51.004 135.778 98.98
-596.601 159.309 -107.254 51.004 135.778 98.98
-596.628 160.308 -107.27 51.004 135.778 98.98
-596.655 161.308 -107.285 51.004 135.778 98.98
-596.681 162.307 -107.301 51.004 135.778 98.98
-596.708 163.307 -107.317 51.004 135.778 98.98
-596.735 164.306 -107.333 51.004 135.778 98.98
-596.762 165.306 -107.348 51.004 135.778 98.98
-596.788 166.305 -107.364 51.004 135.778 98.98
-596.815 167.305 -107.38 51.004 135.778 98.98
-596.842 168.304 -107.396 51.211 135.756 99.125
-596.868 169.304 -107.412 51.419 135.733 99.269
-596.895 170.304 -107.427 51.419 135.733 99.269
-596.922 171.303 -107.443 51.419 135.733 99.269
-596.949 172.303 -107.459 51.951 135.673 99.637
-596.975 173.302 -107.475 51.951 135.673 99.637
-597.002 174.302 -107.49 52.195 135.643 99.809
-597.029 175.301 -107.506 52.44 135.612 99.977
-597.055 176.301 -107.522 52.44 135.612 99.977
-597.082 177.3 -107.538 52.44 135.612 99.977
-597.109 178.3 -107.554 52.44 135.612 99.977
-597.136 179.299 -107.569 52.44 135.612 99.977
-597.162 180.299 -107.585 52.44 135.612 99.977
-597.189 181.298 -107.601 54.18 135.38 101.224
-597.216 182.298 -107.617 54.18 135.38 101.224
-597.243 183.297 -107.633 54.18 135.38 101.224
-597.269 184.297 -107.648 54.18 135.38 101.224
-597.296 185.296 -107.664 54.18 135.38 101.224
-597.323 186.296 -107.68 54.18 135.38 101.224
-597.349 187.295 -107.696 54.18 135.38 101.224
-597.376 188.295 -107.711 54.18 135.38 101.224
-597.403 189.294 -107.727 54.18 135.38 101.224
-597.43 190.294 -107.743 54.18 135.38 101.224
-597.456 191.293 -107.759 54.18 135.38 101.224
-597.483 192.293 -107.775 54.18 135.38 101.224
-597.51 193.292 -107.79 54.18 135.38 101.224
-597.536 194.292 -107.806 54.18 135.38 101.224
-597.563 195.291 -107.822 54.18 135.38 101.224
-597.59 196.291 -107.838 54.18 135.38 101.224
-597.617 197.291 -107.854 54.18 135.38 101.224
-597.643 198.29 -107.869 54.18 135.38 101.224
-597.67 199.29 -107.885 54.18 135.38 101.224
-597.697 200.289 -107.901 54.18 135.38 101.224
7
-594.736 156.028 -108.147 50.218 135.867 98.432
-594.763 157.028 -108.143 50.218 135.867 98.432
-594.79 158.027 -108.138 50.218 135.867 98.432
-594.816 159.027 -108.134 50.218 135.867 98.432
-594.843 160.026 -108.129 50.218 135.867 98.432
-594.87 161.026 -108.125 50.218 135.867 98.432
-594.896 162.026 -108.12 50.218 135.867 98.432
-594.923 163.025 -108.116 50.218 135.867 98.432
-594.95 164.025 -108.111 50.218 135.867 98.432
-594.976 165.025 -108.107 50.218 135.867 98.432
-595.003 166.024 -108.102 50.484 135.834 98.62
-595.03 167.024 -108.098 50.719 135.809 98.788
-595.056 168.023 -108.093 50.719 135.809 98.788
-595.083 169.023 -108.089 50.962 135.781 98.952
-595.11 170.023 -108.084 51.211 135.753 99.126
-595.137 171.022 -108.08 51.211 135.753 99.126
-595.163 172.022 -108.075 51.504 135.723 99.327
-595.19 173.022 -108.071 51.75 135.698 99.493
-595.217 174.021 -108.066 51.75 135.698 99.493
-595.243 175.021 -108.062 51.993 135.671 99.667
-595.27 176.021 -108.057 51.993 135.671 99.667
-595.297 177.02 -108.053 52.4 135.619 99.949
-595.323 178.02 -108.048 52.4 135.619 99.949
-595.35 179.019 -108.044 52.4 135.619 99.949
-595.377 180.019 -108.039 52.4 135.619 99.949
-595.403 181.019 -108.035 53.512 135.472 100.754
-595.43 182.018 -108.03 53.512 135.472 100.754
-595.457 183.018 -108.026 53.512 135.472 100.754
-595.483 184.018 -108.022 53.512 135.472 100.754
-595.51 185.017 -108.017 53.715 135.439 100.9
-595.537 186.017 -108.013 53.963 135.402 101.072
-595.563 187.017 -108.008 54.203 135.376 101.24
-595.59 188.016 -108.004 54.203 135.376 101.24
-595.617 189.016 -107.999 54.203 135.376 101.24
-595.644 190.015 -107.995 54.203 135.376 101.24
-595.67 191.015 -107.99 54.203 135.376 101.24
-595.697 192.015 -107.986 54.203 135.376 101.24
-595.724 193.014 -107.981 54.203 135.376 101.24
-595.75 194.014 -107.977 54.203 135.376 101.24
-595.777 195.014 -107.972 54.203 135.376 101.24
-595.804 196.013 -107.968 54.203 135.376 101.24
-595.83 197.013 -107.963 54.203 135.376 101.24
-595.857 198.013 -107.959 54.203 135.376 101.24
-595.884 199.012 -107.954 54.203 135.376 101.24
-595.91 200.012 -107.95 54.203 135.376 101.24
-595.937 201.011 -107.945 54.203 135.376 101.24
8
-595.445 154.449 -107.673 50.443 135.839 98.585
-595.472 155.449 -107.667 50.443 135.839 98.585
-595.499 156.448 -107.661 50.443 135.839 98.585
-595.526 157.448 -107.655 50.443 135.839 98.585
-595.553 158.448 -107.649 50.443 135.839 98.585
-595.581 159.447 -107.644 50.443 135.839 98.585
-595.608 160.447 -107.638 50.443 135.839 98.585
-595.635 161.447 -107.632 50.443 135.839 98.585
-595.662 162.446 -107.626 50.443 135.839 98.585
-595.689 163.446 -107.62 50.443 135.839 98.585
-595.716 164.445 -107.615 50.443 135.839 98.585
-595.743 165.445 -107.609 50.443 135.839 98.585
-595.77 166.445 -107.603 50.76 135.805 98.809
-595.797 167.444 -107.597 50.76 135.805 98.809
-595.824 168.444 -107.591 51.085 135.768 99.034
-595.851 169.443 -107.586 51.085 135.768 99.034
-595.879 170.443 -107.58 51.294 135.746 99.18
-595.906 171.443 -107.574 51.584 135.715 99.379
-595.933 172.442 -107.568 51.584 135.715 99.379
-595.96 173.442 -107.562 51.913 135.678 99.608
-595.987 174.442 -107.557 51.913 135.678 99.608
-596.014 175.441 -107.551 51.913 135.678 99.608
-596.041 176.441 -107.545 51.913 135.678 99.608
-596.068 177.44 -107.539 51.913 135.678 99.608
-596.095 178.44 -107.533 51.913 135.678 99.608
-596.122 179.44 -107.528 53.779 135.43 100.94
-596.149 180.439 -107.522 53.779 135.43 100.94
-596.177 181.439 -107.516 53.779 135.43 100.94
-596.204 182.438 -107.51 53.779 135.43 100.94
-596.231 183.438 -107.504 53.779 135.43 100.94
-596.258 184.438 -107.499 53.779 135.43 100.94
-596.285 185.437 -107.493 54.02 135.395 101.106
-596.312 186.437 -107.487 54.02 135.395 101.106
-596.339 187.437 -107.481 54.02 135.395 101.106
-596.366 188.436 -107.475 54.02 135.395 101.106
-596.393 189.436 -107.47 54.02 135.395 101.106
-596.42 190.435 -107.464 54.02 135.395 101.106
-596.447 191.435 -107.458 54.02 135.395 101.106
-596.475 192.435 -107.452 54.02 135.395 101.106
-596.502 193.434 -107.446 54.02 135.395 101.106
-596.529 194.434 -107.441 54.02 135.395 101.106
-596.556 195.433 -107.435 54.02 135.395 101.106
-596.583 196.433 -107.429 54.02 135.395 101.106
-596.61 197.433 -107.423 54.02 135.395 101.106
-596.637 198.432 -107.417 54.02 135.395 101.106
-596.664 199.432 -107.412 54.02 135.395 101.106
9
-595.51 154.931 -108.082 50.37 135.849 98.532
-595.535 155.931 -108.072 50.37 135.849 98.532
-595.56 156.931 -108.061 50.37 135.849 98.532
-595.585 157.93 -108.051 50.37 135.849 98.532
-595.61 158.93 -108.04 50.37 135.849 98.532
-595.635 159.929 -108.03 50.37 135.849 98.532
-595.659 160.929 -108.019 50.37 135.849 98.532
-595.684 161.929 -108.009 50.37 135.849 98.532
-595.709 162.928 -107.998 50.37 135.849 98.532
-595.734 163.928 -107.988 50.37 135.849 98.532
-595.759 164.928 -107.978 50.37 135.849 98.532
-595.783 165.927 -107.967 50.603 135.822 98.699
-595.808 166.927 -107.957 50.881 135.791 98.891
-595.833 167.927 -107.946 50.881 135.791 98.891
-595.858 168.926 -107.936 51.126 135.764 99.063
-595.883 169.926 -107.925 51.126 135.764 99.063
-595.908 170.925 -107.915 51.419 135.732 99.267
-595.932 171.925 -107.904 51.71 135.701 99.465
-595.957 172.925 -107.894 51.71 135.701 99.465
-595.982 173.924 -107.883 51.953 135.674 99.638
-596.007 174.924 -107.873 52.195 135.643 99.81
-596.032 175.924 -107.862 52.195 135.643 99.81
-596.056 176.923 -107.852 52.521 135.603 100.041
-596.081 177.923 -107.841 52.521 135.603 100.041
-596.106 178.923 -107.831 52.521 135.603 100.041
-596.131 179.922 -107.82 53.18 135.528 100.519
-596.156 180.922 -107.81 53.18 135.528 100.519
-596.18 181.922 -107.799 53.18 135.528 100.519
-596.205 182.921 -107.789 53.443 135.486 100.705
-596.23 183.921 -107.778 53.714 135.441 100.895
-596.255 184.92 -107.768 53.933 135.407 101.049
-596.28 185.92 -107.757 53.933 135.407 101.049
-596.305 186.92 -107.747 54.155 135.381 101.203
-596.329 187.919 -107.736 54.155 135.381 101.203
-596.354 188.919 -107.726 54.155 135.381 101.203
-596.379 189.919 -107.715 54.155 135.381 101.203
-596.404 190.918 -107.705 54.155 135.381 101.203
-596.429 191.918 -107.694 54.155 135.381 101.203
-596.453 192.918 -107.684 54.155 135.381 101.203
-596.478 193.917 -107.673 54.155 135.381 101.203
-596.503 194.917 -107.663 54.155 135.381 101.203
-596.528 195.916 -107.652 54.155 135.381 101.203
-596.553 196.916 -107.642 54.155 135.381 101.203
-596.577 197.916 -107.631 54.155 135.381 101.203
-596.602 198.915 -107.621 54.155 135.381 101.203
-596.627 199.915 -107.61 54.155 135.381 101.203
10
-595.305 157.309 -107.503 50.839 135.796 98.863
-595.336 158.309 -107.492 50.839 135.796 98.863
-595.367 159.308 -107.481 50.839 135.796 98.863
-595.398 160.308 -107.47 50.839 135.796 98.863
-595.429 161.307 -107.459 50.839 135.796 98.863
-595.46 162.307 -107.448 50.839 135.796 98.863
-595.491 163.306 -107.437 50.839 135.796 98.863
-595.522 164.306 -107.426 50.839 135.796 98.863
-595.553 165.305 -107.415 50.839 135.796 98.863
-595.585 166.305 -107.404 50.839 135.796 98.863
-595.616 167.304 -107.393 50.839 135.796 98.863
-595.647 168.303 -107.382 51.084 135.768 99.035
-595.678 169.303 -107.371 51.084 135.768 99.035
-595.709 170.302 -107.36 51.292 135.745 99.184
-595.74 171.302 -107.349 51.54 135.717 99.351
-595.771 172.301 -107.338 51.54 135.717 99.351
-595.802 173.301 -107.327 51.826 135.686 99.55
-595.833 174.3 -107.316 52.112 135.651 99.753
-595.864 175.3 -107.306 52.112 135.651 99.753
-595.895 176.299 -107.295 52.357 135.619 99.917
-595.926 177.299 -107.284 52.645 135.587 100.135
-595.957 178.298 -107.273 52.645 135.587 100.135
-595.988 179.297 -107.262 52.935 135.554 100.338
-596.019 180.297 -107.251 52.935 135.554 100.338
-596.05 181.296 -107.24 52.935 135.554 100.338
-596.081 182.296 -107.229 53.78 135.431 100.945
-596.112 183.295 -107.218 53.78 135.431 100.945
-596.143 184.295 -107.207 53.78 135.431 100.945
-596.174 185.294 -107.196 54.021 135.395 101.107
-596.205 186.294 -107.185 54.021 135.395 101.107
-596.236 187.293 -107.174 54.021 135.395 101.107
-596.267 188.293 -107.163 54.021 135.395 101.107
-596.298 189.292 -107.152 54.021 135.395 101.107
-596.329 190.292 -107.141 54.021 135.395 101.107
-596.36 191.291 -107.13 54.021 135.395 101.107
-596.392 192.29 -107.119 54.021 135.395 101.107
-596.423 193.29 -107.108 54.021 135.395 101.107
-596.454 194.289 -107.097 54.021 135.395 101.107
-596.485 195.289 -107.086 54.021 135.395 101.107
-596.516 196.288 -107.075 54.021 135.395 101.107
-596.547 197.288 -107.064 54.021 135.395 101.107
-596.578 198.287 -107.053 54.021 135.395 101.107
-596.609 199.287 -107.042 54.021 135.395 101.107
-596.64 200.286 -107.031 54.021 135.395 101.107
-596.671 201.286 -107.02 54.021 135.395 101.107
-596.702 202.285 -107.009 54.021 135.395 101.107
11
-595.417 158.03 -106.387 50.562 135.827 98.666
-595.434 159.028 -106.451 50.562 135.827 98.666
-595.451 160.026 -106.516 50.562 135.827 98.666
-595.468 161.024 -106.58 50.562 135.827 98.666
-595.485 162.021 -106.644 50.562 135.827 98.666
-595.502 163.019 -106.709 50.562 135.827 98.666
-595.519 164.017 -106.773 50.562 135.827 98.666
-595.536 165.015 -106.837 50.562 135.827 98.666
-595.553 166.013 -106.902 50.562 135.827 98.666
-595.57 167.01 -106.966 50.88 135.792 98.888
-595.587 168.008 -107.03 50.88 135.792 98.888
-595.604 169.006 -107.095 51.126 135.765 99.063
-595.622 170.004 -107.159 51.126 135.765 99.063
-595.639 171.002 -107.223 51.418 135.733 99.269
-595.656 171.999 -107.287 51.418 135.733 99.269
-595.673 172.997 -107.352 51.749 135.697 99.496
-595.69 173.995 -107.416 51.749 135.697 99.496
-595.707 174.993 -107.48 52.074 135.658 99.731
-595.724 175.99 -107.545 52.359 135.621 99.925
-595.741 176.988 -107.609 52.359 135.621 99.925
-595.758 177.986 -107.673 52.359 135.621 99.925
-595.775 178.984 -107.738 52.359 135.621 99.925
-595.792 179.982 -107.802 52.359 135.621 99.925
-595.809 180.979 -107.866 52.359 135.621 99.925
-595.826 181.977 -107.931 52.359 135.621 99.925
-595.843 182.975 -107.995 52.359 135.621 99.925
-595.861 183.973 -108.059 52.359 135.621 99.925
-595.878 184.97 -108.124 52.359 135.621 99.925
-595.895 185.968 -108.188 52.359 135.621 99.925
-595.912 186.966 -108.252 52.359 135.621 99.925
-595.929 187.964 -108.317 52.359 135.621 99.925
-595.946 188.962 -108.381 52.359 135.621 99.925
-595.963 189.959 -108.445 52.359 135.621 99.925
-595.98 190.957 -108.51 52.359 135.621 99.925
-595.997 191.955 -108.574 52.359 135.621 99.925
-596.014 192.953 -108.638 52.359 135.621 99.925
-596.031 193.951 -108.703 52.359 135.621 99.925
-596.048 194.948 -108.767 52.359 135.621 99.925
-596.065 195.946 -108.831 52.359 135.621 99.925
-596.082 196.944 -108.896 52.359 135.621 99.925
-596.1 197.942 -108.96 52.359 135.621 99.925
-596.117 198.939 -109.024 52.359 135.621 99.925
-596.134 199.937 -109.089 52.359 135.621 99.925
-596.151 200.935 -109.153 52.359 135.621 99.925
-596.168 201.933 -109.217 52.359 135.621 99.925
-596.185 202.931 -109.282 52.359 135.621 99.925
12
-594.555 156.943 -108.172 50.483 135.836 98.62
-594.588 157.943 -108.168 50.483 135.836 98.62
-594.621 158.942 -108.165 50.483 135.836 98.62
-594.654 159.942 -108.162 50.483 135.836 98.62
-594.686 160.941 -108.159 50.483 135.836 98.62
-594.719 161.94 -108.156 50.483 135.836 98.62
-594.752 162.94 -108.153 50.483 135.836 98.62
-594.785 163.939 -108.15 50.483 135.836 98.62
-594.818 164.939 -108.147 50.483 135.836 98.62
-594.851 165.938 -108.144 50.483 135.836 98.62
-594.883 166.938 -108.14 50.483 135.836 98.62
-594.916 167.937 -108.137 50.72 135.811 98.789
-594.949 168.937 -108.134 50.962 135.782 98.95
-594.982 169.936 -108.131 51.251 135.75 99.155
-595.015 170.936 -108.128 51.251 135.75 99.155
-595.048 171.935 -108.125 51.251 135.75 99.155
-595.081 172.934 -108.122 51.667 135.706 99.437
-595.113 173.934 -108.119 51.667 135.706 99.437
-595.146 174.933 -108.115 51.952 135.674 99.637
-595.179 175.933 -108.112 51.952 135.674 99.637
-595.212 176.932 -108.109 51.952 135.674 99.637
-595.245 177.932 -108.106 51.952 135.674 99.637
-595.278 178.931 -108.103 51.952 135.674 99.637
-595.31 179.931 -108.1 53.295 135.51 100.603
-595.343 180.93 -108.097 53.295 135.51 100.603
-595.376 181.93 -108.094 53.295 135.51 100.603
-595.409 182.929 -108.09 53.295 135.51 100.603
-595.442 183.928 -108.087 53.295 135.51 100.603
-595.475 184.928 -108.084 53.748 135.436 100.923
-595.507 185.927 -108.081 53.964 135.405 101.073
-595.54 186.927 -108.078 53.964 135.405 101.073
-595.573 187.926 -108.075 54.204 135.378 101.241
-595.606 188.926 -108.072 54.204 135.378 101.241
-595.639 189.925 -108.069 54.204 135.378 101.241
-595.672 190.925 -108.066 54.204 135.378 101.241
-595.704 191.924 -108.062 54.204 135.378 101.241
-595.737 192.924 -108.059 54.204 135.378 101.241
-595.77 193.923 -108.056 54.204 135.378 101.241
-595.803 194.922 -108.053 54.204 135.378 101.241
-595.836 195.922 -108.05 54.204 135.378 101.241
-595.869 196.921 -108.047 54.204 135.378 101.241
-595.902 197.921 -108.044 54.204 135.378 101.241
-595.934 198.92 -108.041 54.204 135.378 101.241
-595.967 199.92 -108.037 54.204 135.378 101.241
-596 200.919 -108.034 54.204 135.378 101.241
-596.033 201.919 -108.031 54.204 135.378 101.241
13
-593.875 155.899 -108.242 50.254 135.864 98.455
-593.903 156.899 -108.223 50.254 135.864 98.455
-593.932 157.898 -108.204 50.254 135.864 98.455
-593.96 158.898 -108.185 50.254 135.864 98.455
-593.989 159.897 -108.165 50.254 135.864 98.455
-594.017 160.896 -108.146 50.254 135.864 98.455
-594.046 161.896 -108.127 50.254 135.864 98.455
-594.074 162.895 -108.107 50.254 135.864 98.455
-594.102 163.895 -108.088 50.254 135.864 98.455
-594.131 164.894 -108.069 50.254 135.864 98.455
-594.159 165.893 -108.049 50.254 135.864 98.455
-594.188 166.893 -108.03 50.523 135.832 98.648
-594.216 167.892 -108.011 50.523 135.832 98.648
-594.244 168.892 -107.991 50.802 135.801 98.841
-594.273 169.891 -107.972 51.085 135.769 99.037
-594.301 170.891 -107.953 51.085 135.769 99.037
-594.33 171.89 -107.933 51.334 135.741 99.211
-594.358 172.889 -107.914 51.583 135.713 99.379
-594.386 173.889 -107.895 51.583 135.713 99.379
-594.415 174.888 -107.876 51.829 135.688 99.55
-594.443 175.888 -107.856 51.829 135.688 99.55
-594.472 176.887 -107.837 51.829 135.688 99.55
-594.5 177.886 -107.818 51.829 135.688 99.55
-594.529 178.886 -107.798 51.829 135.688 99.55
-594.557 179.885 -107.779 53.257 135.517 100.575
-594.585 180.885 -107.76 53.257 135.517 100.575
-594.614 181.884 -107.74 53.257 135.517 100.575
-594.642 182.883 -107.721 53.257 135.517 100.575
-594.671 183.883 -107.702 53.257 135.517 100.575
-594.699 184.882 -107.682 53.511 135.475 100.752
-594.727 185.882 -107.663 53.715 135.442 100.898
-594.756 186.881 -107.644 53.963 135.404 101.072
-594.784 187.881 -107.625 54.204 135.378 101.24
-594.813 188.88 -107.605 54.204 135.378 101.24
-594.841 189.879 -107.586 54.204 135.378 101.24
-594.869 190.879 -107.567 54.204 135.378 101.24
-594.898 191.878 -107.547 54.204 135.378 101.24
-594.926 192.878 -107.528 54.204 135.378 101.24
-594.955 193.877 -107.509 54.204 135.378 101.24
-594.983 194.876 -107.489 54.204 135.378 101.24
-595.012 195.876 -107.47 54.204 135.378 101.24
-595.04 196.875 -107.451 54.204 135.378 101.24
-595.068 197.875 -107.431 54.204 135.378 101.24
-595.097 198.874 -107.412 54.204 135.378 101.24
-595.125 199.873 -107.393 54.204 135.378 101.24
-595.154 200.873 -107.373 54.204 135.378 101.24
14
-597.585 153.483 -107.937 50.445 135.841 98.591
-597.592 154.483 -107.92 50.445 135.841 98.591
-597.598 155.483 -107.904 50.445 135.841 98.591
-597.605 156.483 -107.887 50.445 135.841 98.591
-597.612 157.483 -107.871 50.445 135.841 98.591
-597.618 158.483 -107.854 50.445 135.841 98.591
-597.625 159.483 -107.838 50.445 135.841 98.591
-597.632 160.482 -107.821 50.445 135.841 98.591
-597.638 161.482 -107.804 50.445 135.841 98.591
-597.645 162.482 -107.788 50.445 135.841 98.591
-597.652 163.482 -107.771 50.445 135.841 98.591
-597.658 164.482 -107.755 50.681 135.816 98.761
-597.665 165.482 -107.738 50.922 135.787 98.922
-597.672 166.481 -107.722 50.922 135.787 98.922
-597.678 167.481 -107.705 51.21 135.755 99.125
-597.685 168.481 -107.688 51.21 135.755 99.125
-597.692 169.481 -107.672 51.461 135.728 99.297
-597.698 170.481 -107.655 51.748 135.697 99.492
-597.705 171.481 -107.639 51.748 135.697 99.492
-597.712 172.48 -107.622 52.03 135.663 99.694
-597.718 173.48 -107.606 52.03 135.663 99.694
-597.725 174.48 -107.589 52.03 135.663 99.694
-597.732 175.48 -107.573 52.03 135.663 99.694
-597.738 176.48 -107.556 52.03 135.663 99.694
-597.745 177.48 -107.539 53.371 135.499 100.655
-597.752 178.479 -107.523 53.371 135.499 100.655
-597.759 179.479 -107.506 53.371 135.499 100.655
-597.765 180.479 -107.49 53.371 135.499 100.655
-597.772 181.479 -107.473 53.616 135.457 100.828
-597.779 182.479 -107.457 53.616 135.457 100.828
-597.785 183.479 -107.44 53.873 135.417 101.011
-597.792 184.479 -107.423 54.155 135.382 101.206
-597.799 185.478 -107.407 54.155 135.382 101.206
-597.805 186.478 -107.39 54.155 135.382 101.206
-597.812 187.478 -107.374 54.155 135.382 101.206
-597.819 188.478 -107.357 54.155 135.382 101.206
-597.825 189.478 -107.341 54.155 135.382 101.206
-597.832 190.478 -107.324 54.155 135.382 101.206
-597.839 191.477 -107.307 54.155 135.382 101.206
-597.845 192.477 -107.291 54.155 135.382 101.206
-597.852 193.477 -107.274 54.155 135.382 101.206
-597.859 194.477 -107.258 54.155 135.382 101.206
-597.865 195.477 -107.241 54.155 135.382 101.206
-597.872 196.477 -107.225 54.155 135.382 101.206
-597.879 197.476 -107.208 54.155 135.382 101.206
-597.885 198.476 -107.191 54.155 135.382 101.206
15
-595.107 156.865 -108.247 50.881 135.791 98.896
-595.134 157.864 -108.24 50.881 135.791 98.896
-595.161 158.864 -108.232 50.881 135.791 98.896
-595.187 159.863 -108.224 50.881 135.791 98.896
-595.214 160.863 -108.216 50.881 135.791 98.896
-595.241 161.863 -108.209 50.881 135.791 98.896
-595.268 162.862 -108.201 50.881 135.791 98.896
-595.294 163.862 -108.193 50.881 135.791 98.896
-595.321 164.861 -108.186 50.881 135.791 98.896
-595.348 165.861 -108.178 50.881 135.791 98.896
-595.374 166.861 -108.17 50.881 135.791 98.896
-595.401 167.86 -108.162 50.881 135.791 98.896
-595.428 168.86 -108.155 50.881 135.791 98.896
-595.455 169.86 -108.147 51.169 135.759 99.096
-595.481 170.859 -108.139 51.378 135.737 99.242
-595.508 171.859 -108.132 51.627 135.71 99.408
-595.535 172.858 -108.124 51.627 135.71 99.408
-595.562 173.858 -108.116 51.872 135.684 99.578
-595.588 174.858 -108.108 52.114 135.653 99.752
-595.615 175.857 -108.101 52.114 135.653 99.752
-595.642 176.857 -108.093 52.358 135.621 99.919
-595.669 177.856 -108.085 52.358 135.621 99.919
-595.695 178.856 -108.078 53.02 135.547 100.4
-595.722 179.856 -108.07 53.02 135.547 100.4
-595.749 180.855 -108.062 53.02 135.547 100.4
-595.775 181.855 -108.055 53.259 135.517 100.576
-595.802 182.854 -108.047 53.259 135.517 100.576
-595.829 183.854 -108.039 53.478 135.481 100.731
-595.856 184.854 -108.031 53.715 135.441 100.9
-595.882 185.853 -108.024 53.962 135.404 101.073
-595.909 186.853 -108.016 54.228 135.375 101.257
-595.936 187.853 -108.008 54.228 135.375 101.257
-595.963 188.852 -108.001 54.228 135.375 101.257
-595.989 189.852 -107.993 54.228 135.375 101.257
-596.016 190.851 -107.985 54.228 135.375 101.257
-596.043 191.851 -107.977 54.228 135.375 101.257
-596.069 192.851 -107.97 54.228 135.375 101.257
-596.096 193.85 -107.962 54.228 135.375 101.257
-596.123 194.85 -107.954 54.228 135.375 101.257
-596.15 195.849 -107.947 54.228 135.375 101.257
-596.176 196.849 -107.939 54.228 135.375 101.257
-596.203 197.849 -107.931 54.228 135.375 101.257
-596.23 198.848 -107.923 54.228 135.375 101.257
-596.257 199.848 -107.916 54.228 135.375 101.257
-596.283 200.848 -107.908 54.228 135.375 101.257
-596.31 201.847 -107.9 54.228 135.375 101.257
16
-595.101 155.049 -107.701 50.182 135.876 98.407
-595.134 156.048 -107.701 50.182 135.876 98.407
-595.167 157.048 -107.701 50.182 135.876 98.407
-595.2 158.047 -107.701 50.182 135.876 98.407
-595.233 159.047 -107.701 50.182 135.876 98.407
-595.266 160.046 -107.7 50.182 135.876 98.407
-595.299 161.045 -107.7 50.182 135.876 98.407
-595.332 162.045 -107.7 50.182 135.876 98.407
-595.365 163.044 -107.7 50.182 135.876 98.407
-595.398 164.044 -107.7 50.182 135.876 98.407
-595.431 165.043 -107.7 50.447 135.842 98.592
-595.464 166.043 -107.7 50.447 135.842 98.592
-595.497 167.042 -107.699 50.683 135.817 98.762
-595.53 168.042 -107.699 50.922 135.787 98.923
-595.563 169.041 -107.699 51.21 135.755 99.125
-595.596 170.041 -107.699 51.21 135.755 99.125
-595.628 171.04 -107.699 51.502 135.724 99.326
-595.661 172.039 -107.699 51.502 135.724 99.326
-595.694 173.039 -107.699 51.75 135.698 99.494
-595.727 174.038 -107.698 51.75 135.698 99.494
-595.76 175.038 -107.698 52.074 135.659 99.725
-595.793 176.037 -107.698 52.318 135.627 99.891
-595.826 177.037 -107.698 52.318 135.627 99.891
-595.859 178.036 -107.698 52.318 135.627 99.891
-595.892 179.036 -107.698 52.318 135.627 99.891
-595.925 180.035 -107.698 52.318 135.627 99.891
-595.958 181.035 -107.697 52.318 135.627 99.891
-595.991 182.034 -107.697 53.992 135.4 101.091
-596.024 183.033 -107.697 53.992 135.4 101.091
-596.057 184.033 -107.697 53.992 135.4 101.091
-596.09 185.032 -107.697 53.992 135.4 101.091
-596.123 186.032 -107.697 53.992 135.4 101.091
-596.156 187.031 -107.697 53.992 135.4 101.091
-596.189 188.031 -107.696 53.992 135.4 101.091
-596.222 189.03 -107.696 53.992 135.4 101.091
-596.255 190.03 -107.696 53.992 135.4 101.091
-596.288 191.029 -107.696 53.992 135.4 101.091
-596.321 192.029 -107.696 53.992 135.4 101.091
-596.353 193.028 -107.696 53.992 135.4 101.091
-596.386 194.028 -107.696 53.992 135.4 101.091
-596.419 195.027 -107.695 53.992 135.4 101.091
-596.452 196.026 -107.695 53.992 135.4 101.091
-596.485 197.026 -107.695 53.992 135.4 101.091
-596.518 198.025 -107.695 53.992 135.4 101.091
-596.551 199.025 -107.695 53.992 135.4 101.091
-596.584 200.024 -107.695 53.992 135.4 101.091
17
-595.767 158.892 -106.96 51.234 135.755 99.136
-595.791 159.892 -106.955 51.234 135.755 99.136
-595.815 160.892 -106.951 51.234 135.755 99.136
-595.839 161.891 -106.946 51.234 135.755 99.136
-595.864 162.891 -106.941 51.234 135.755 99.136
-595.888 163.891 -106.937 51.234 135.755 99.136
-595.912 164.89 -106.932 51.234 135.755 99.136
-595.936 165.89 -106.927 51.234 135.755 99.136
-595.961 166.89 -106.923 51.234 135.755 99.136
-595.985 167.89 -106.918 51.234 135.755 99.136
-596.009 168.889 -106.913 51.234 135.755 99.136
-596.033 169.889 -106.909 51.234 135.755 99.136
-596.058 170.889 -106.904 51.566 135.719 99.365
-596.082 171.888 -106.899 51.566 135.719 99.365
-596.106 172.888 -106.895 51.794 135.691 99.521
-596.131 173.888 -106.89 52.02 135.663 99.686
-596.155 174.887 -106.886 52.25 135.637 99.848
-596.179 175.887 -106.881 52.25 135.637 99.848
-596.203 176.887 -106.876 52.518 135.607 100.036
-596.228 177.887 -106.872 52.752 135.581 100.207
-596.252 178.886 -106.867 52.752 135.581 100.207
-596.276 179.886 -106.862 52.752 135.581 100.207
-596.3 180.886 -106.858 52.752 135.581 100.207
-596.325 181.885 -106.853 52.752 135.581 100.207
-596.349 182.885 -106.848 54.056 135.397 101.131
-596.373 183.885 -106.844 54.056 135.397 101.131
-596.397 184.884 -106.839 54.056 135.397 101.131
-596.422 185.884 -106.834 54.056 135.397 101.131
-596.446 186.884 -106.83 54.292 135.368 101.298
-596.47 187.883 -106.825 54.292 135.368 101.298
-596.495 188.883 -106.82 54.292 135.368 101.298
-596.519 189.883 -106.816 54.292 135.368 101.298
-596.543 190.883 -106.811 54.292 135.368 101.298
-596.567 191.882 -106.806 54.292 135.368 101.298
-596.592 192.882 -106.802 54.292 135.368 101.298
-596.616 193.882 -106.797 54.292 135.368 101.298
-596.64 194.881 -106.792 54.292 135.368 101.298
-596.664 195.881 -106.788 54.292 135.368 101.298
-596.689 196.881 -106.783 54.292 135.368 101.298
-596.713 197.88 -106.778 54.292 135.368 101.298
-596.737 198.88 -106.774 54.292 135.368 101.298
-596.761 199.88 -106.769 54.292 135.368 101.298
-596.786 200.879 -106.764 54.292 135.368 101.298
-596.81 201.879 -106.76 54.292 135.368 101.298
-596.834 202.879 -106.755 54.292 135.368 101.298
-596.859 203.879 -106.75 54.292 135.368 101.298
18
-596.367 156.773 -105.649 49.677 135.928 98.033
-596.394 157.771 -105.701 49.677 135.928 98.033
-596.422 158.77 -105.753 49.677 135.928 98.033
-596.449 159.768 -105.806 49.677 135.928 98.033
-596.477 160.766 -105.858 49.677 135.928 98.033
-596.505 161.764 -105.91 49.677 135.928 98.033
-596.532 162.763 -105.962 49.677 135.928 98.033
-596.56 163.761 -106.014 51.002 135.78 98.979
-596.587 164.759 -106.067 51.002 135.78 98.979
-596.615 165.757 -106.119 51.002 135.78 98.979
-596.643 166.756 -106.171 51.002 135.78 98.979
-596.67 167.754 -106.223 51.002 135.78 98.979
-596.698 168.752 -106.275 51.251 135.753 99.154
-596.725 169.75 -106.328 51.46 135.731 99.299
-596.753 170.749 -106.38 51.46 135.731 99.299
-596.781 171.747 -106.432 51.709 135.704 99.47
-596.808 172.745 -106.484 52.034 135.664 99.7
-596.836 173.743 -106.536 52.034 135.664 99.7
-596.864 174.742 -106.589 52.277 135.633 99.872
-596.891 175.74 -106.641 52.562 135.596 100.069
-596.919 176.738 -106.693 52.562 135.596 100.069
-596.946 177.736 -106.745 52.562 135.596 100.069
-596.974 178.735 -106.797 52.562 135.596 100.069
-597.002 179.733 -106.85 52.562 135.596 100.069
-597.029 180.731 -106.902 54.021 135.397 101.108
-597.057 181.729 -106.954 54.021 135.397 101.108
-597.084 182.728 -107.006 54.021 135.397 101.108
-597.112 183.726 -107.058 54.021 135.397 101.108
-597.14 184.724 -107.111 54.021 135.397 101.108
-597.167 185.722 -107.163 54.021 135.397 101.108
-597.195 186.721 -107.215 54.021 135.397 101.108
-597.222 187.719 -107.267 54.021 135.397 101.108
-597.25 188.717 -107.319 54.021 135.397 101.108
-597.278 189.715 -107.372 54.021 135.397 101.108
-597.305 190.714 -107.424 54.021 135.397 101.108
-597.333 191.712 -107.476 54.021 135.397 101.108
-597.36 192.71 -107.528 54.021 135.397 101.108
-597.388 193.708 -107.58 54.021 135.397 101.108
-597.416 194.707 -107.633 54.021 135.397 101.108
-597.443 195.705 -107.685 54.021 135.397 101.108
-597.471 196.703 -107.737 54.021 135.397 101.108
-597.498 197.702 -107.789 54.021 135.397 101.108
-597.526 198.7 -107.841 54.021 135.397 101.108
-597.554 199.698 -107.893 54.021 135.397 101.108
-597.581 200.696 -107.946 54.021 135.397 101.108
-597.609 201.695 -107.998 54.021 135.397 101.108
19
-597.022 153.342 -106.746 50.254 135.867 98.452
-597.046 154.342 -106.746 50.254 135.867 98.452
-597.069 155.342 -106.746 50.254 135.867 98.452
-597.093 156.341 -106.746 50.254 135.867 98.452
-597.116 157.341 -106.746 50.254 135.867 98.452
-597.14 158.341 -106.746 50.254 135.867 98.452
-597.164 159.34 -106.746 50.254 135.867 98.452
-597.187 160.34 -106.746 50.254 135.867 98.452
-597.211 161.34 -106.746 50.254 135.867 98.452
-597.234 162.34 -106.747 50.254 135.867 98.452
-597.258 163.339 -106.747 50.484 135.838 98.612
-597.282 164.339 -106.747 50.484 135.838 98.612
-597.305 165.339 -106.747 50.721 135.813 98.782
-597.329 166.338 -106.747 51.045 135.776 99.009
-597.352 167.338 -106.747 51.045 135.776 99.009
-597.376 168.338 -106.747 51.293 135.748 99.182
-597.399 169.338 -106.747 51.584 135.718 99.385
-597.423 170.337 -106.748 51.584 135.718 99.385
-597.447 171.337 -106.748 51.829 135.689 99.553
-597.47 172.337 -106.748 51.829 135.689 99.553
-597.494 173.337 -106.748 51.829 135.689 99.553
-597.517 174.336 -106.748 51.829 135.689 99.553
-597.541 175.336 -106.748 51.829 135.689 99.553
-597.564 176.336 -106.748 51.829 135.689 99.553
-597.588 177.335 -106.748 53.649 135.452 100.847
-597.612 178.335 -106.748 53.649 135.452 100.847
-597.635 179.335 -106.749 53.649 135.452 100.847
-597.659 180.335 -106.749 53.649 135.452 100.847
-597.682 181.334 -106.749 53.649 135.452 100.847
-597.706 182.334 -106.749 53.649 135.452 100.847
-597.729 183.334 -106.749 53.873 135.418 101.005
-597.753 184.333 -106.749 54.155 135.383 101.203
-597.777 185.333 -106.749 54.155 135.383 101.203
-597.8 186.333 -106.749 54.155 135.383 101.203
-597.824 187.333 -106.749 54.155 135.383 101.203
-597.847 188.332 -106.75 54.155 135.383 101.203
-597.871 189.332 -106.75 54.155 135.383 101.203
-597.894 190.332 -106.75 54.155 135.383 101.203
-597.918 191.332 -106.75 54.155 135.383 101.203
-597.942 192.331 -106.75 54.155 135.383 101.203
-597.965 193.331 -106.75 54.155 135.383 101.203
-597.989 194.331 -106.75 54.155 135.383 101.203
-598.012 195.33 -106.75 54.155 135.383 101.203
-598.036 196.33 -106.75 54.155 135.383 101.203
-598.059 197.33 -106.751 54.155 135.383 101.203
-598.083 198.33 -106.751 54.155 135.383 101.203
20
-596.002 154.817 -107.104 50.677 135.819 98.756
-596.031 155.817 -107.097 50.677 135.819 98.756
-596.061 156.817 -107.089 50.677 135.819 98.756
-596.09 157.816 -107.082 50.677 135.819 98.756
-596.12 158.816 -107.075 50.677 135.819 98.756
-596.15 159.815 -107.068 50.677 135.819 98.756
-596.179 160.815 -107.061 50.677 135.819 98.756
-596.209 161.814 -107.053 50.677 135.819 98.756
-596.238 162.814 -107.046 50.677 135.819 98.756
-596.268 163.813 -107.039 50.677 135.819 98.756
-596.298 164.813 -107.032 50.677 135.819 98.756
-596.327 165.812 -107.025 50.677 135.819 98.756
-596.357 166.812 -107.017 50.961 135.786 98.952
-596.386 167.811 -107.01 50.961 135.786 98.952
-596.416 168.811 -107.003 51.168 135.763 99.096
-596.445 169.811 -106.996 51.503 135.727 99.327
-596.475 170.81 -106.988 51.503 135.727 99.327
-596.505 171.81 -106.981 51.789 135.694 99.521
-596.534 172.809 -106.974 51.789 135.694 99.521
-596.564 173.809 -106.967 52.074 135.658 99.726
-596.593 174.808 -106.96 52.074 135.658 99.726
-596.623 175.808 -106.952 52.074 135.658 99.726
-596.652 176.807 -106.945 52.074 135.658 99.726
-596.682 177.807 -106.938 52.074 135.658 99.726
-596.712 178.806 -106.931 53.617 135.457 100.83
-596.741 179.806 -106.924 53.617 135.457 100.83
-596.771 180.805 -106.916 53.617 135.457 100.83
-596.8 181.805 -106.909 53.617 135.457 100.83
-596.83 182.805 -106.902 53.617 135.457 100.83
-596.859 183.804 -106.895 53.906 135.414 101.032
-596.889 184.804 -106.887 53.906 135.414 101.032
-596.919 185.803 -106.88 54.129 135.386 101.187
-596.948 186.803 -106.873 54.129 135.386 101.187
-596.978 187.802 -106.866 54.129 135.386 101.187
-597.007 188.802 -106.859 54.129 135.386 101.187
-597.037 189.801 -106.851 54.129 135.386 101.187
-597.067 190.801 -106.844 54.129 135.386 101.187
-597.096 191.8 -106.837 54.129 135.386 101.187
-597.126 192.8 -106.83 54.129 135.386 101.187
-597.155 193.799 -106.823 54.129 135.386 101.187
-597.185 194.799 -106.815 54.129 135.386 101.187
-597.214 195.798 -106.808 54.129 135.386 101.187
-597.244 196.798 -106.801 54.129 135.386 101.187
-597.274 197.798 -106.794 54.129 135.386 101.187
-597.303 198.797 -106.786 54.129 135.386 101.187
-597.333 199.797 -106.779 54.129 135.386 101.187
21
-592.972 156.861 -107.342 50.216 135.871 98.426
-593.012 157.86 -107.337 50.216 135.871 98.426
-593.053 158.86 -107.331 50.216 135.871 98.426
-593.093 159.859 -107.326 50.216 135.871 98.426
-593.134 160.858 -107.32 50.216 135.871 98.426
-593.174 161.857 -107.315 50.216 135.871 98.426
-593.215 162.856 -107.309 50.216 135.871 98.426
-593.256 163.855 -107.304 50.216 135.871 98.426
-593.296 164.855 -107.298 50.216 135.871 98.426
-593.337 165.854 -107.293 50.216 135.871 98.426
-593.377 166.853 -107.287 50.216 135.871 98.426
-593.418 167.852 -107.282 50.522 135.833 98.639
-593.458 168.851 -107.276 50.76 135.808 98.811
-593.499 169.85 -107.271 51.003 135.78 98.979
-593.539 170.85 -107.265 51.003 135.78 98.979
-593.58 171.849 -107.26 51.419 135.736 99.271
-593.62 172.848 -107.254 51.419 135.736 99.271
-593.661 173.847 -107.249 51.667 135.709 99.442
-593.702 174.846 -107.243 51.667 135.709 99.442
-593.742 175.845 -107.238 51.952 135.675 99.64
-593.783 176.844 -107.232 51.952 135.675 99.64
-593.823 177.844 -107.227 52.439 135.612 99.982
-593.864 178.843 -107.221 52.439 135.612 99.982
-593.904 179.842 -107.216 52.686 135.583 100.161
-593.945 180.841 -107.21 52.686 135.583 100.161
-593.985 181.84 -107.205 52.977 135.551 100.369
-594.026 182.839 -107.199 52.977 135.551 100.369
-594.066 183.839 -107.194 53.256 135.514 100.569
-594.107 184.838 -107.188 53.546 135.467 100.774
-594.148 185.837 -107.183 53.747 135.436 100.915
-594.188 186.836 -107.177 53.747 135.436 100.915
-594.229 187.835 -107.171 53.992 135.401 101.088
-594.269 188.834 -107.166 54.226 135.375 101.254
-594.31 189.834 -107.16 54.226 135.375 101.254
-594.35 190.833 -107.155 54.226 135.375 101.254
-594.391 191.832 -107.149 54.226 135.375 101.254
-594.431 192.831 -107.144 54.226 135.375 101.254
-594.472 193.83 -107.138 54.226 135.375 101.254
-594.512 194.829 -107.133 54.226 135.375 101.254
-594.553 195.829 -107.127 54.226 135.375 101.254
-594.594 196.828 -107.122 54.226 135.375 101.254
-594.634 197.827 -107.116 54.226 135.375 101.254
-594.675 198.826 -107.111 54.226 135.375 101.254
-594.715 199.825 -107.105 54.226 135.375 101.254
-594.756 200.824 -107.1 54.226 135.375 101.254
-594.796 201.824 -107.094 54.226 135.375 101.254
22
-595.976 156.561 -108.123 50.719 135.813 98.776
-596.008 157.56 -108.093 50.719 135.813 98.776
-596.039 158.559 -108.063 50.719 135.813 98.776
-596.07 159.558 -108.033 50.719 135.813 98.776
-596.101 160.557 -108.003 50.719 135.813 98.776
-596.132 161.556 -107.974 50.719 135.813 98.776
-596.163 162.555 -107.944 50.719 135.813 98.776
-596.195 163.554 -107.914 50.719 135.813 98.776
-596.226 164.553 -107.884 50.719 135.813 98.776
-596.257 165.552 -107.854 50.719 135.813 98.776
-596.288 166.551 -107.824 50.719 135.813 98.776
-596.319 167.55 -107.795 50.96 135.785 98.945
-596.35 168.549 -107.765 51.207 135.757 99.119
-596.381 169.549 -107.735 51.207 135.757 99.119
-596.413 170.548 -107.705 51.417 135.734 99.267
-596.444 171.547 -107.675 51.708 135.703 99.47
-596.475 172.546 -107.645 51.708 135.703 99.47
-596.506 173.545 -107.615 51.953 135.674 99.644
-596.537 174.544 -107.586 52.155 135.648 99.789
-596.568 175.543 -107.556 52.155 135.648 99.789
-596.599 176.542 -107.526 52.155 135.648 99.789
-596.631 177.541 -107.496 52.155 135.648 99.789
-596.662 178.54 -107.466 52.155 135.648 99.789
-596.693 179.539 -107.436 53.779 135.432 100.934
-596.724 180.538 -107.407 53.779 135.432 100.934
-596.755 181.537 -107.377 53.779 135.432 100.934
-596.786 182.536 -107.347 53.779 135.432 100.934
-596.817 183.536 -107.317 53.779 135.432 100.934
-596.849 184.535 -107.287 53.779 135.432 100.934
-596.88 185.534 -107.257 54.048 135.394 101.123
-596.911 186.533 -107.228 54.048 135.394 101.123
-596.942 187.532 -107.198 54.048 135.394 101.123
-596.973 188.531 -107.168 54.048 135.394 101.123
-597.004 189.53 -107.138 54.048 135.394 101.123
-597.036 190.529 -107.108 54.048 135.394 101.123
-597.067 191.528 -107.078 54.048 135.394 101.123
-597.098 192.527 -107.049 54.048 135.394 101.123
-597.129 193.526 -107.019 54.048 135.394 101.123
-597.16 194.525 -106.989 54.048 135.394 101.123
-597.191 195.524 -106.959 54.048 135.394 101.123
-597.222 196.523 -106.929 54.048 135.394 101.123
-597.254 197.522 -106.899 54.048 135.394 101.123
-597.285 198.522 -106.87 54.048 135.394 101.123
-597.316 199.521 -106.84 54.048 135.394 101.123
-597.347 200.52 -106.81 54.048 135.394 101.123
-597.378 201.519 -106.78 54.048 135.394 101.123
23
-594.68 157.057 -106.756 50.76 135.808 98.805
-594.711 158.056 -106.77 50.76 135.808 98.805
-594.742 159.056 -106.783 50.76 135.808 98.805
-594.773 160.055 -106.797 50.76 135.808 98.805
-594.805 161.054 -106.81 50.76 135.808 98.805
-594.836 162.054 -106.824 50.76 135.808 98.805
-594.867 163.053 -106.837 50.76 135.808 98.805
-594.898 164.053 -106.851 50.76 135.808 98.805
-594.93 165.052 -106.864 50.76 135.808 98.805
-594.961 166.052 -106.878 50.76 135.808 98.805
-594.992 167.051 -106.892 50.76 135.808 98.805
-595.023 168.05 -106.905 50.76 135.808 98.805
-595.055 169.05 -106.919 51.043 135.776 99.005
-595.086 170.049 -106.932 51.293 135.748 99.179
-595.117 171.049 -106.946 51.293 135.748 99.179
-595.148 172.048 -106.959 51.541 135.721 99.354
-595.179 173.047 -106.973 51.541 135.721 99.354
-595.211 174.047 -106.986 51.829 135.689 99.554
-595.242 175.046 -107 52.032 135.663 99.701
-595.273 176.046 -107.013 52.032 135.663 99.701
-595.304 177.045 -107.027 52.032 135.663 99.701
-595.336 178.045 -107.04 52.032 135.663 99.701
-595.367 179.044 -107.054 52.032 135.663 99.701
-595.398 180.043 -107.068 53.615 135.457 100.821
-595.429 181.043 -107.081 53.615 135.457 100.821
-595.461 182.042 -107.095 53.615 135.457 100.821
-595.492 183.042 -107.108 53.615 135.457 100.821
-595.523 184.041 -107.122 53.615 135.457 100.821
-595.554 185.041 -107.135 53.615 135.457 100.821
-595.586 186.04 -107.149 54.154 135.383 101.199
-595.617 187.039 -107.162 54.154 135.383 101.199
-595.648 188.039 -107.176 54.154 135.383 101.199
-595.679 189.038 -107.189 54.154 135.383 101.199
-595.711 190.038 -107.203 54.154 135.383 101.199
-595.742 191.037 -107.217 54.154 135.383 101.199
-595.773 192.036 -107.23 54.154 135.383 101.199
-595.804 193.036 -107.244 54.154 135.383 101.199
-595.835 194.035 -107.257 54.154 135.383 101.199
-595.867 195.035 -107.271 54.154 135.383 101.199
-595.898 196.034 -107.284 54.154 135.383 101.199
-595.929 197.034 -107.298 54.154 135.383 101.199
-595.96 198.033 -107.311 54.154 135.383 101.199
-595.992 199.032 -107.325 54.154 135.383 101.199
-596.023 200.032 -107.338 54.154 135.383 101.199
-596.054 201.031 -107.352 54.154 135.383 101.199
-596.085 202.031 -107.365 54.154 135.383 101.199
24
-597.012 156.099 -107.456 51.003 135.781 98.981
-597.042 157.098 -107.446 51.003 135.781 98.981
-597.073 158.098 -107.435 51.003 135.781 98.981
-597.103 159.097 -107.424 51.003 135.781 98.981
-597.133 160.097 -107.413 51.003 135.781 98.981
-597.164 161.096 -107.403 51.003 135.781 98.981
-597.194 162.096 -107.392 51.003 135.781 98.981
-597.225 163.095 -107.381 51.003 135.781 98.981
-597.255 164.095 -107.37 51.003 135.781 98.981
-597.285 165.094 -107.359 51.003 135.781 98.981
-597.316 166.094 -107.349 51.003 135.781 98.981
-597.346 167.093 -107.338 51.003 135.781 98.981
-597.376 168.092 -107.327 51.334 135.745 99.212
-597.407 169.092 -107.316 51.334 135.745 99.212
-597.437 170.091 -107.306 51.625 135.713 99.413
-597.467 171.091 -107.295 51.625 135.713 99.413
-597.498 172.09 -107.284 51.912 135.68 99.611
-597.528 173.09 -107.273 52.114 135.654 99.759
-597.558 174.089 -107.262 52.114 135.654 99.759
-597.589 175.089 -107.252 52.359 135.623 99.928
-597.619 176.088 -107.241 52.604 135.592 100.099
-597.649 177.088 -107.23 52.604 135.592 100.099
-597.68 178.087 -107.219 52.604 135.592 100.099
-597.71 179.087 -107.209 52.604 135.592 100.099
-597.74 180.086 -107.198 52.604 135.592 100.099
-597.771 181.086 -107.187 54.077 135.391 101.148
-597.801 182.085 -107.176 54.077 135.391 101.148
-597.832 183.085 -107.165 54.077 135.391 101.148
-597.862 184.084 -107.155 54.077 135.391 101.148
-597.892 185.084 -107.144 54.077 135.391 101.148
-597.923 186.083 -107.133 54.077 135.391 101.148
-597.953 187.083 -107.122 54.077 135.391 101.148
-597.983 188.082 -107.112 54.077 135.391 101.148
-598.014 189.082 -107.101 54.077 135.391 101.148
-598.044 190.081 -107.09 54.077 135.391 101.148
-598.074 191.081 -107.079 54.077 135.391 101.148
-598.105 192.08 -107.069 54.077 135.391 101.148
-598.135 193.08 -107.058 54.077 135.391 101.148
-598.165 194.079 -107.047 54.077 135.391 101.148
-598.196 195.078 -107.036 54.077 135.391 101.148
-598.226 196.078 -107.025 54.077 135.391 101.148
-598.256 197.077 -107.015 54.077 135.391 101.148
-598.287 198.077 -107.004 54.077 135.391 101.148
-598.317 199.076 -106.993 54.077 135.391 101.148
-598.348 200.076 -106.982 54.077 135.391 101.148
-598.378 201.075 -106.972 54.077 135.391 101.148
25
-596.733 156.57 -106.572 50.96 135.784 98.948
-596.762 157.57 -106.571 50.96 135.784 98.948
-596.791 158.569 -106.569 50.96 135.784 98.948
-596.82 159.569 -106.567 50.96 135.784 98.948
-596.848 160.568 -106.566 50.96 135.784 98.948
-596.877 161.568 -106.564 50.96 135.784 98.948
-596.906 162.568 -106.563 50.96 135.784 98.948
-596.935 163.567 -106.561 50.96 135.784 98.948
-596.963 164.567 -106.559 50.96 135.784 98.948
-596.992 165.566 -106.558 50.96 135.784 98.948
-597.021 166.566 -106.556 50.96 135.784 98.948
-597.05 167.566 -106.554 51.207 135.757 99.122
-597.078 168.565 -106.553 51.207 135.757 99.122
-597.107 169.565 -106.551 51.416 135.736 99.269
-597.136 170.564 -106.549 51.708 135.703 99.47
-597.165 171.564 -106.548 51.708 135.703 99.47
-597.193 172.564 -106.546 51.992 135.669 99.67
-597.222 173.563 -106.545 52.195 135.643 99.816
-597.251 174.563 -106.543 52.195 135.643 99.816
-597.28 175.562 -106.541 52.48 135.606 100.011
-597.308 176.562 -106.54 52.727 135.578 100.19
-597.337 177.561 -106.538 52.727 135.578 100.19
-597.366 178.561 -106.536 52.977 135.549 100.368
-597.395 179.561 -106.535 52.977 135.549 100.368
-597.423 180.56 -106.533 52.977 135.549 100.368
-597.452 181.56 -106.532 53.874 135.417 101.005
-597.481 182.559 -106.53 53.874 135.417 101.005
-597.51 183.559 -106.528 53.874 135.417 101.005
-597.539 184.559 -106.527 54.103 135.387 101.165
-597.567 185.558 -106.525 54.103 135.387 101.165
-597.596 186.558 -106.523 54.103 135.387 101.165
-597.625 187.557 -106.522 54.103 135.387 101.165
-597.654 188.557 -106.52 54.103 135.387 101.165
-597.682 189.556 -106.518 54.103 135.387 101.165
-597.711 190.556 -106.517 54.103 135.387 101.165
-597.74 191.556 -106.515 54.103 135.387 101.165
-597.769 192.555 -106.514 54.103 135.387 101.165
-597.797 193.555 -106.512 54.103 135.387 101.165
-597.826 194.554 -106.51 54.103 135.387 101.165
-597.855 195.554 -106.509 54.103 135.387 101.165
-597.884 196.554 -106.507 54.103 135.387 101.165
-597.912 197.553 -106.505 54.103 135.387 101.165
-597.941 198.553 -106.504 54.103 135.387 101.165
-597.97 199.552 -106.502 54.103 135.387 101.165
-597.999 200.552 -106.5 54.103 135.387 101.165
-598.027 201.551 -106.499 54.103 135.387 101.165
26
-597.006 154.647 -107.15 50.481 135.834 98.619
-597.03 155.647 -107.149 50.481 135.834 98.619
-597.054 156.647 -107.149 50.481 135.834 98.619
-597.078 157.647 -107.149 50.481 135.834 98.619
-597.102 158.646 -107.148 50.481 135.834 98.619
-597.126 159.646 -107.148 50.481 135.834 98.619
-597.15 160.646 -107.148 50.481 135.834 98.619
-597.174 161.645 -107.147 50.481 135.834 98.619
-597.198 162.645 -107.147 50.481 135.834 98.619
-597.222 163.645 -107.147 50.481 135.834 98.619
-597.246 164.645 -107.146 50.718 135.809 98.787
-597.27 165.644 -107.146 50.718 135.809 98.787
-597.294 166.644 -107.146 51.042 135.771 99.007
-597.318 167.644 -107.146 51.042 135.771 99.007
-597.341 168.643 -107.145 51.332 135.74 99.212
-597.365 169.643 -107.145 51.581 135.714 99.379
-597.389 170.643 -107.145 51.581 135.714 99.379
-597.413 171.643 -107.144 51.826 135.688 99.548
-597.437 172.642 -107.144 52.071 135.658 99.722
-597.461 173.642 -107.144 52.071 135.658 99.722
-597.485 174.642 -107.143 52.357 135.62 99.918
-597.509 175.641 -107.143 52.357 135.62 99.918
-597.533 176.641 -107.143 52.357 135.62 99.918
-597.557 177.641 -107.142 52.357 135.62 99.918
-597.581 178.641 -107.142 52.357 135.62 99.918
-597.605 179.64 -107.142 52.357 135.62 99.918
-597.629 180.64 -107.141 54.156 135.382 101.208
-597.653 181.64 -107.141 54.156 135.382 101.208
-597.677 182.639 -107.141 54.156 135.382 101.208
-597.701 183.639 -107.141 54.156 135.382 101.208
-597.725 184.639 -107.14 54.156 135.382 101.208
-597.749 185.638 -107.14 54.156 135.382 101.208
-597.773 186.638 -107.14 54.156 135.382 101.208
-597.797 187.638 -107.139 54.156 135.382 101.208
-597.821 188.638 -107.139 54.156 135.382 101.208
-597.845 189.637 -107.139 54.156 135.382 101.208
-597.869 190.637 -107.138 54.156 135.382 101.208
-597.892 191.637 -107.138 54.156 135.382 101.208
-597.916 192.636 -107.138 54.156 135.382 101.208
-597.94 193.636 -107.137 54.156 135.382 101.208
-597.964 194.636 -107.137 54.156 135.382 101.208
-597.988 195.636 -107.137 54.156 135.382 101.208
-598.012 196.635 -107.136 54.156 135.382 101.208
-598.036 197.635 -107.136 54.156 135.382 101.208
-598.06 198.635 -107.136 54.156 135.382 101.208
-598.084 199.634 -107.136 54.156 135.382 101.208
27
-595.025 154.938 -107.533 50.405 135.846 98.558
-595.057 155.938 -107.517 50.405 135.846 98.558
-595.089 156.937 -107.501 50.405 135.846 98.558
-595.121 157.937 -107.485 50.405 135.846 98.558
-595.153 158.936 -107.469 50.405 135.846 98.558
-595.185 159.935 -107.452 50.405 135.846 98.558
-595.216 160.935 -107.436 50.405 135.846 98.558
-595.248 161.934 -107.42 50.405 135.846 98.558
-595.28 162.933 -107.404 50.405 135.846 98.558
-595.312 163.933 -107.388 50.405 135.846 98.558
-595.344 164.932 -107.372 50.405 135.846 98.558
-595.376 165.931 -107.355 50.405 135.846 98.558
-595.408 166.931 -107.339 50.72 135.812 98.783
-595.44 167.93 -107.323 51.003 135.779 98.977
-595.472 168.93 -107.307 51.003 135.779 98.977
-595.503 169.929 -107.291 51.333 135.743 99.21
-595.535 170.928 -107.275 51.333 135.743 99.21
-595.567 171.928 -107.258 51.581 135.715 99.38
-595.599 172.927 -107.242 51.581 135.715 99.38
-595.631 173.926 -107.226 51.869 135.683 99.579
-595.663 174.926 -107.21 51.869 135.683 99.579
-595.695 175.925 -107.194 51.869 135.683 99.579
-595.727 176.924 -107.178 51.869 135.683 99.579
-595.759 177.924 -107.161 51.869 135.683 99.579
-595.79 178.923 -107.145 51.869 135.683 99.579
-595.822 179.923 -107.129 53.933 135.409 101.05
-595.854 180.922 -107.113 53.933 135.409 101.05
-595.886 181.921 -107.097 53.933 135.409 101.05
-595.918 182.921 -107.08 53.933 135.409 101.05
-595.95 183.92 -107.064 53.933 135.409 101.05
-595.982 184.919 -107.048 53.933 135.409 101.05
-596.014 185.919 -107.032 53.933 135.409 101.05
-596.046 186.918 -107.016 54.179 135.38 101.22
-596.077 187.917 -107 54.179 135.38 101.22
-596.109 188.917 -106.983 54.179 135.38 101.22
-596.141 189.916 -106.967 54.179 135.38 101.22
-596.173 190.915 -106.951 54.179 135.38 101.22
-596.205 191.915 -106.935 54.179 135.38 101.22
-596.237 192.914 -106.919 54.179 135.38 101.22
-596.269 193.914 -106.903 54.179 135.38 101.22
-596.301 194.913 -106.886 54.179 135.38 101.22
-596.333 195.912 -106.87 54.179 135.38 101.22
-596.364 196.912 -106.854 54.179 135.38 101.22
-596.396 197.911 -106.838 54.179 135.38 101.22
-596.428 198.91 -106.822 54.179 135.38 101.22
-596.46 199.91 -106.806 54.179 135.38 101.22
28
-594.215 158.813 -106.74 50.719 135.814 98.782
-594.253 159.812 -106.749 50.719 135.814 98.782
-594.292 160.811 -106.758 50.719 135.814 98.782
-594.33 161.81 -106.767 50.719 135.814 98.782
-594.369 162.81 -106.776 50.719 135.814 98.782
-594.407 163.809 -106.785 50.719 135.814 98.782
-594.446 164.808 -106.793 50.719 135.814 98.782
-594.484 165.807 -106.802 50.719 135.814 98.782
-594.523 166.807 -106.811 50.719 135.814 98.782
-594.561 167.806 -106.82 50.719 135.814 98.782
-594.6 168.805 -106.829 51.003 135.781 98.979
-594.639 169.804 -106.838 51.003 135.781 98.979
-594.677 170.803 -106.847 51.25 135.753 99.151
-594.716 171.803 -106.855 51.25 135.753 99.151
-594.754 172.802 -106.864 51.583 135.717 99.382
-594.793 173.801 -106.873 51.87 135.684 99.579
-594.831 174.8 -106.882 51.87 135.684 99.579
-594.87 175.8 -106.891 52.073 135.658 99.726
-594.908 176.799 -106.9 52.276 135.632 99.868
-594.947 177.798 -106.909 52.52 135.601 100.038
-594.985 178.797 -106.917 52.52 135.601 100.038
-595.024 179.796 -106.926 52.52 135.601 100.038
-595.063 180.796 -106.935 52.52 135.601 100.038
-595.101 181.795 -106.944 52.52 135.601 100.038
-595.14 182.794 -106.953 53.963 135.406 101.069
-595.178 183.793 -106.962 53.963 135.406 101.069
-595.217 184.792 -106.97 53.963 135.406 101.069
-595.255 185.792 -106.979 53.963 135.406 101.069
-595.294 186.791 -106.988 53.963 135.406 101.069
-595.332 187.79 -106.997 54.179 135.381 101.22
-595.371 188.789 -107.006 54.179 135.381 101.22
-595.409 189.789 -107.015 54.179 135.381 101.22
-595.448 190.788 -107.024 54.179 135.381 101.22
-595.487 191.787 -107.032 54.179 135.381 101.22
-595.525 192.786 -107.041 54.179 135.381 101.22
-595.564 193.785 -107.05 54.179 135.381 101.22
-595.602 194.785 -107.059 54.179 135.381 101.22
-595.641 195.784 -107.068 54.179 135.381 101.22
-595.679 196.783 -107.077 54.179 135.381 101.22
-595.718 197.782 -107.086 54.179 135.381 101.22
-595.756 198.782 -107.094 54.179 135.381 101.22
-595.795 199.781 -107.103 54.179 135.381 101.22
-595.833 200.78 -107.112 54.179 135.381 101.22
-595.872 201.779 -107.121 54.179 135.381 101.22
-595.91 202.778 -107.13 54.179 135.381 101.22
-595.949 203.778 -107.139 54.179 135.381 101.22
29
-597.067 153.081 -107.032 50.033 135.894 98.3
-597.09 154.08 -107.029 50.033 135.894 98.3
-597.114 155.08 -107.026 50.033 135.894 98.3
-597.137 156.08 -107.023 50.033 135.894 98.3
-597.161 157.079 -107.02 50.033 135.894 98.3
-597.185 158.079 -107.018 50.033 135.894 98.3
-597.208 159.079 -107.015 50.033 135.894 98.3
-597.232 160.079 -107.012 50.033 135.894 98.3
-597.255 161.078 -107.009 50.033 135.894 98.3
-597.279 162.078 -107.006 50.033 135.894 98.3
-597.302 163.078 -107.003 50.291 135.863 98.48
-597.326 164.077 -107.001 50.522 135.834 98.643
-597.35 165.077 -106.998 50.8 135.804 98.839
-597.373 166.077 -106.995 50.8 135.804 98.839
-597.397 167.077 -106.992 51.207 135.757 99.121
-597.42 168.076 -106.989 51.207 135.757 99.121
-597.444 169.076 -106.987 51.458 135.73 99.296
-597.467 170.076 -106.984 51.458 135.73 99.296
-597.491 171.076 -106.981 51.458 135.73 99.296
-597.514 172.075 -106.978 51.458 135.73 99.296
-597.538 173.075 -106.975 51.458 135.73 99.296
-597.562 174.075 -106.972 51.458 135.73 99.296
-597.585 175.074 -106.97 53.331 135.504 100.626
-597.609 176.074 -106.967 53.331 135.504 100.626
-597.632 177.074 -106.964 53.331 135.504 100.626
-597.656 178.074 -106.961 53.331 135.504 100.626
-597.679 179.073 -106.958 53.331 135.504 100.626
-597.703 180.073 -106.955 53.331 135.504 100.626
-597.727 181.073 -106.953 53.331 135.504 100.626
-597.75 182.072 -106.95 53.547 135.468 100.778
-597.774 183.072 -106.947 53.81 135.426 100.961
-597.797 184.072 -106.944 54.076 135.392 101.149
-597.821 185.072 -106.941 54.076 135.392 101.149
-597.844 186.071 -106.938 54.076 135.392 101.149
-597.868 187.071 -106.936 54.076 135.392 101.149
-597.892 188.071 -106.933 54.076 135.392 101.149
-597.915 189.07 -106.93 54.076 135.392 101.149
-597.939 190.07 -106.927 54.076 135.392 101.149
-597.962 191.07 -106.924 54.076 135.392 101.149
-597.986 192.07 -106.922 54.076 135.392 101.149
-598.009 193.069 -106.919 54.076 135.392 101.149
-598.033 194.069 -106.916 54.076 135.392 101.149
-598.057 195.069 -106.913 54.076 135.392 101.149
-598.08 196.068 -106.91 54.076 135.392 101.149
-598.104 197.068 -106.907 54.076 135.392 101.149
-598.127 198.068 -106.905 54.076 135.392 101.149
30
-595.149 156.842 -107.935 50.561 135.831 98.672
-595.192 157.841 -107.928 50.561 135.831 98.672
-595.235 158.84 -107.921 50.561 135.831 98.672
-595.279 159.839 -107.914 50.561 135.831 98.672
-595.322 160.838 -107.907 50.561 135.831 98.672
-595.365 161.837 -107.9 50.561 135.831 98.672
-595.408 162.836 -107.893 50.561 135.831 98.672
-595.451 163.835 -107.886 50.561 135.831 98.672
-595.494 164.834 -107.879 50.561 135.831 98.672
-595.537 165.833 -107.872 50.561 135.831 98.672
-595.581 166.832 -107.864 50.561 135.831 98.672
-595.624 167.831 -107.857 50.879 135.795 98.895
-595.667 168.83 -107.85 51.165 135.763 99.093
-595.71 169.829 -107.843 51.165 135.763 99.093
-595.753 170.829 -107.836 51.458 135.731 99.297
-595.796 171.828 -107.829 51.458 135.731 99.297
-595.839 172.827 -107.822 51.706 135.704 99.467
-595.882 173.826 -107.815 52.032 135.663 99.695
-595.926 174.825 -107.808 52.032 135.663 99.695
-595.969 175.824 -107.801 52.032 135.663 99.695
-596.012 176.823 -107.794 52.032 135.663 99.695
-596.055 177.822 -107.787 52.032 135.663 99.695
-596.098 178.821 -107.78 52.032 135.663 99.695
-596.141 179.82 -107.773 52.032 135.663 99.695
-596.184 180.819 -107.766 53.873 135.418 101.009
-596.228 181.818 -107.759 53.873 135.418 101.009
-596.271 182.817 -107.752 53.873 135.418 101.009
-596.314 183.816 -107.745 53.873 135.418 101.009
-596.357 184.815 -107.738 53.873 135.418 101.009
-596.4 185.814 -107.731 54.128 135.386 101.185
-596.443 186.813 -107.724 54.128 135.386 101.185
-596.486 187.812 -107.717 54.128 135.386 101.185
-596.53 188.811 -107.71 54.128 135.386 101.185
-596.573 189.81 -107.703 54.128 135.386 101.185
-596.616 190.809 -107.696 54.128 135.386 101.185
-596.659 191.808 -107.689 54.128 135.386 101.185
-596.702 192.808 -107.682 54.128 135.386 101.185
-596.745 193.807 -107.675 54.128 135.386 101.185
-596.788 194.806 -107.668 54.128 135.386 101.185
-596.832 195.805 -107.661 54.128 135.386 101.185
-596.875 196.804 -107.654 54.128 135.386 101.185
-596.918 197.803 -107.647 54.128 135.386 101.185
-596.961 198.802 -107.639 54.128 135.386 101.185
-597.004 199.801 -107.632 54.128 135.386 101.185
-597.047 200.8 -107.625 54.128 135.386 101.185
-597.09 201.799 -107.618 54.128 135.386 101.185
31
-595.231 154.126 -108.041 50.212 135.871 98.421
-595.267 155.126 -108.028 50.212 135.871 98.421
-595.302 156.125 -108.016 50.212 135.871 98.421
-595.338 157.124 -108.003 50.212 135.871 98.421
-595.373 158.124 -107.991 50.212 135.871 98.421
-595.408 159.123 -107.978 50.212 135.871 98.421
-595.444 160.122 -107.966 50.212 135.871 98.421
-595.479 161.122 -107.953 50.212 135.871 98.421
-595.515 162.121 -107.941 50.212 135.871 98.421
-595.55 163.12 -107.928 50.212 135.871 98.421
-595.586 164.119 -107.916 50.212 135.871 98.421
-595.621 165.119 -107.903 50.442 135.841 98.577
-595.656 166.118 -107.891 50.718 135.811 98.775
-595.692 167.117 -107.879 50.718 135.811 98.775
-595.727 168.117 -107.866 50.96 135.784 98.944
-595.763 169.116 -107.854 51.207 135.758 99.119
-595.798 170.115 -107.841 51.207 135.758 99.119
-595.834 171.115 -107.829 51.457 135.732 99.296
-595.869 172.114 -107.816 51.707 135.705 99.47
-595.904 173.113 -107.804 51.707 135.705 99.47
-595.94 174.112 -107.791 51.911 135.68 99.612
-595.975 175.112 -107.779 52.155 135.648 99.789
-596.011 176.111 -107.766 52.399 135.617 99.958
-596.046 177.11 -107.754 52.399 135.617 99.958
-596.082 178.11 -107.741 52.399 135.617 99.958
-596.117 179.109 -107.729 52.399 135.617 99.958
-596.152 180.108 -107.716 52.399 135.617 99.958
-596.188 181.107 -107.704 53.932 135.408 101.044
-596.223 182.107 -107.692 53.932 135.408 101.044
-596.259 183.106 -107.679 53.932 135.408 101.044
-596.294 184.105 -107.667 53.932 135.408 101.044
-596.329 185.105 -107.654 53.932 135.408 101.044
-596.365 186.104 -107.642 53.932 135.408 101.044
-596.4 187.103 -107.629 54.202 135.378 101.233
-596.436 188.103 -107.617 54.202 135.378 101.233
-596.471 189.102 -107.604 54.202 135.378 101.233
-596.507 190.101 -107.592 54.202 135.378 101.233
-596.542 191.1 -107.579 54.202 135.378 101.233
-596.577 192.1 -107.567 54.202 135.378 101.233
-596.613 193.099 -107.554 54.202 135.378 101.233
-596.648 194.098 -107.542 54.202 135.378 101.233
-596.684 195.098 -107.529 54.202 135.378 101.233
-596.719 196.097 -107.517 54.202 135.378 101.233
-596.755 197.096 -107.504 54.202 135.378 101.233
-596.79 198.095 -107.492 54.202 135.378 101.233
-596.825 199.095 -107.48 54.202 135.378 101.233
