1
-978.996 1071.56 123.007 -161.462 109.902 -6.808
-978.998 1071.55 122.007 -161.462 109.902 -6.808
-979.001 1071.54 121.007 -161.462 109.902 -6.808
-979.003 1071.53 120.007 -161.462 109.902 -6.808
-979.005 1071.52 119.007 -161.462 109.902 -6.808
-979.008 1071.52 118.007 -161.462 109.902 -6.808
-979.01 1071.51 117.007 -161.462 109.902 -6.808
-979.013 1071.5 116.008 -161.462 109.902 -6.808
-979.015 1071.49 115.008 -161.462 109.902 -6.808
-979.017 1071.48 114.008 -161.462 109.902 -6.808
-979.02 1071.47 113.008 -161.462 109.902 -6.808
-979.022 1071.46 112.008 -161.462 109.902 -6.808
-979.024 1071.45 111.008 -161.462 109.902 -6.808
-979.027 1071.44 110.008 -161.462 109.902 -6.808
-979.029 1071.43 109.008 -161.462 109.902 -6.808
-979.032 1071.42 108.008 -161.462 109.902 -6.808
-979.034 1071.41 107.008 -161.462 109.902 -6.808
-979.036 1071.41 106.008 -161.462 109.902 -6.808
-979.039 1071.4 105.008 -161.462 109.902 -6.808
-979.041 1071.39 104.008 -161.462 109.902 -6.808
-979.043 1071.38 103.008 -161.462 109.902 -6.808
-979.046 1071.37 102.008 -161.467 109.893 -6.816
-979.048 1071.36 101.008 -161.467 109.893 -6.816
-979.051 1071.35 100.008 -161.474 109.893 -6.819
-979.053 1071.34 99.0083 -161.478 109.895 -6.819
-979.055 1071.33 98.0083 -161.478 109.895 -6.819
-979.058 1071.32 97.0084 -161.478 109.897 -6.82
-979.06 1071.31 96.0084 -161.48 109.9 -6.816
-979.062 1071.3 95.0085 -161.482 109.902 -6.806
-979.065 1071.3 94.0085 -161.483 109.904 -6.802
-979.067 1071.29 93.0086 -161.483 109.904 -6.802
-979.07 1071.28 92.0086 -161.481 109.905 -6.803
-979.072 1071.27 91.0086 -161.481 109.906 -6.803
-979.074 1071.26 90.0087 -161.482 109.905 -6.805
-979.077 1071.25 89.0087 -161.482 109.905 -6.805
-979.079 1071.24 88.0088 -161.485 109.903 -6.804
-979.082 1071.23 87.0088 -161.488 109.901 -6.807
-979.084 1071.22 86.0089 -161.488 109.901 -6.807
-979.086 1071.21 85.0089 -161.492 109.898 -6.81
-979.089 1071.2 84.009 -161.494 109.899 -6.812
-979.091 1071.19 83.009 -161.494 109.899 -6.812
-979.093 1071.19 82.009 -161.495 109.899 -6.815
-979.096 1071.18 81.0091 -161.497 109.9 -6.81
-979.098 1071.17 80.0091 -161.498 109.901 -6.806
-979.101 1071.16 79.0092 -161.497 109.903 -6.808
-979.103 1071.15 78.0092 -161.496 109.905 -6.813
-979.105 1071.14 77.0093 -161.496 109.905 -6.813
-979.108 1071.13 76.0093 -161.495 109.906 -6.814
-979.11 1071.12 75.0094 -161.495 109.907 -6.815
-979.112 1071.11 74.0094 -161.495 109.906 -6.82
-979.115 1071.1 73.0094 -161.495 109.906 -6.82
-979.117 1071.09 72.0095 -161.496 109.906 -6.821
-979.12 1071.08 71.0095 -161.497 109.905 -6.826
-979.122 1071.08 70.0096 -161.497 109.905 -6.826
-979.124 1071.07 69.0096 -161.497 109.905 -6.831
-979.127 1071.06 68.0097 -161.498 109.905 -6.828
-979.129 1071.05 67.0097 -161.498 109.905 -6.828
-979.132 1071.04 66.0098 -161.5 109.906 -6.825
-979.134 1071.03 65.0098 -161.5 109.907 -6.828
-979.136 1071.02 64.0098 -161.5 109.907 -6.831
-979.139 1071.01 63.0099 -161.5 109.907 -6.833
-979.141 1071 62.0099 -161.5 109.907 -6.831
-979.143 1070.99 61.01 -161.5 109.907 -6.831
-979.146 1070.98 60.01 -161.5 109.907 -6.832
-979.148 1070.98 59.0101 -161.503 109.908 -6.83
-979.151 1070.97 58.0101 -161.503 109.908 -6.83
-979.153 1070.96 57.0102 -161.504 109.907 -6.83
-979.155 1070.95 56.0102 -161.504 109.906 -6.833
-979.158 1070.94 55.0103 -161.505 109.907 -6.834
-979.16 1070.93 54.0103 -161.507 109.906 -6.831
-979.162 1070.92 53.0103 -161.507 109.906 -6.831
-979.165 1070.91 52.0104 -161.509 109.906 -6.829
-979.167 1070.9 51.0104 -161.51 109.906 -6.825
-979.17 1070.89 50.0105 -161.51 109.907 -6.827
-979.172 1070.88 49.0105 -161.509 109.908 -6.832
-979.174 1070.87 48.0106 -161.509 109.908 -6.832
-979.177 1070.87 47.0106 -161.509 109.91 -6.831
-979.179 1070.86 46.0107 -161.51 109.911 -6.831
-979.181 1070.85 45.0107 -161.51 109.912 -6.832
-979.184 1070.84 44.0107 -161.51 109.912 -6.834
-979.186 1070.83 43.0108 -161.511 109.912 -6.835
-979.189 1070.82 42.0108 -161.511 109.911 -6.835
-979.191 1070.81 41.0109 -161.511 109.911 -6.835
-979.193 1070.8 40.0109 -161.512 109.911 -6.839
-979.196 1070.79 39.011 -161.515 109.912 -6.839
-979.198 1070.78 38.011 -161.519 109.912 -6.833
-979.201 1070.77 37.0111 -161.519 109.912 -6.833
-979.203 1070.76 36.0111 -161.519 109.913 -6.84
-979.205 1070.76 35.0111 -161.518 109.914 -6.843
-979.208 1070.75 34.0112 -161.517 109.914 -6.851
-979.21 1070.74 33.0112 -161.517 109.914 -6.851
-979.212 1070.73 32.0113 -161.517 109.915 -6.854
-979.215 1070.72 31.0113 -161.517 109.915 -6.854
-979.217 1070.71 30.0114 -161.517 109.915 -6.856
-979.22 1070.7 29.0114 -161.518 109.914 -6.859
-979.222 1070.69 28.0115 -161.52 109.915 -6.861
-979.224 1070.68 27.0115 -161.52 109.915 -6.861
-979.227 1070.67 26.0115 -161.52 109.914 -6.862
-979.229 1070.66 25.0116 -161.522 109.914 -6.864
-979.231 1070.65 24.0116 -161.523 109.914 -6.861
-979.234 1070.65 23.0117 -161.526 109.913 -6.854
-979.236 1070.64 22.0117 -161.527 109.914 -6.855
-979.239 1070.63 21.0118 -161.527 109.914 -6.855
-979.241 1070.62 20.0118 -161.527 109.913 -6.858
-979.243 1070.61 19.0119 -161.526 109.914 -6.862
-979.246 1070.6 18.0119 -161.526 109.914 -6.861
-979.248 1070.59 17.012 -161.526 109.914 -6.861
-979.251 1070.58 16.012 -161.526 109.914 -6.859
-979.253 1070.57 15.012 -161.527 109.914 -6.86
-979.255 1070.56 14.0121 -161.528 109.914 -6.859
-979.258 1070.55 13.0121 -161.528 109.914 -6.859
-979.26 1070.54 12.0122 -161.529 109.915 -6.86
-979.262 1070.54 11.0122 -161.531 109.916 -6.862
-979.265 1070.53 10.0123 -161.531 109.916 -6.862
-979.267 1070.52 9.01231 -161.531 109.916 -6.862
-979.27 1070.51 8.01235 -161.533 109.917 -6.858
-979.272 1070.5 7.0124 -161.534 109.917 -6.853
-979.274 1070.49 6.01244 -161.534 109.917 -6.855
-979.277 1070.48 5.01249 -161.534 109.917 -6.86
-979.279 1070.47 4.01253 -161.534 109.917 -6.86
-979.281 1070.46 3.01258 -161.533 109.917 -6.868
-979.284 1070.45 2.01262 -161.535 109.918 -6.868
-979.286 1070.44 1.01267 -161.536 109.919 -6.868
-979.289 1070.44 0.0127121 -161.536 109.919 -6.87
-979.291 1070.43 -0.987243 -161.536 109.921 -6.872
-979.293 1070.42 -1.9872 -161.536 109.921 -6.872
-979.296 1070.41 -2.98715 -161.534 109.922 -6.876
-979.298 1070.4 -3.98711 -161.533 109.923 -6.879
-979.3 1070.39 -4.98706 -161.534 109.923 -6.881
-979.303 1070.38 -5.98702 -161.535 109.923 -6.878
-979.305 1070.37 -6.98697 -161.535 109.923 -6.878
-979.308 1070.36 -7.98693 -161.539 109.923 -6.872
-979.31 1070.35 -8.98689 -161.539 109.923 -6.877
-979.312 1070.34 -9.98684 -161.538 109.923 -6.885
-979.315 1070.33 -10.9868 -161.538 109.923 -6.885
-979.317 1070.33 -11.9868 -161.537 109.923 -6.892
-979.32 1070.32 -12.9867 -161.539 109.924 -6.889
-979.322 1070.31 -13.9867 -161.541 109.924 -6.888
-979.324 1070.3 -14.9866 -161.541 109.924 -6.888
-979.327 1070.29 -15.9866 -161.542 109.923 -6.889
-979.329 1070.28 -16.9865 -161.542 109.923 -6.888
-979.331 1070.27 -17.9865 -161.542 109.924 -6.889
-979.334 1070.26 -18.9864 -161.543 109.924 -6.888
-979.336 1070.25 -19.9864 -161.545 109.924 -6.887
-979.339 1070.24 -20.9863 -161.546 109.925 -6.889
-979.341 1070.23 -21.9863 -161.546 109.925 -6.889
-979.343 1070.22 -22.9863 -161.548 109.925 -6.883
-979.346 1070.22 -23.9862 -161.55 109.924 -6.875
-979.348 1070.21 -24.9862 -161.549 109.925 -6.878
-979.35 1070.2 -25.9861 -161.549 109.925 -6.878
-979.353 1070.19 -26.9861 -161.549 109.924 -6.884
-979.355 1070.18 -27.986 -161.548 109.924 -6.89
-979.358 1070.17 -28.986 -161.548 109.924 -6.89
-979.36 1070.16 -29.9859 -161.548 109.924 -6.89
-979.362 1070.15 -30.9859 -161.551 109.924 -6.887
-979.365 1070.14 -31.9859 -161.554 109.924 -6.889
-979.367 1070.13 -32.9858 -161.554 109.924 -6.889
-979.369 1070.12 -33.9858 -161.554 109.925 -6.889
-979.372 1070.11 -34.9857 -161.554 109.925 -6.89
-979.374 1070.11 -35.9857 -161.554 109.925 -6.891
-979.377 1070.1 -36.9856 -161.554 109.927 -6.891
-979.379 1070.09 -37.9856 -161.554 109.927 -6.893
-979.381 1070.08 -38.9855 -161.554 109.927 -6.893
-979.384 1070.07 -39.9855 -161.556 109.927 -6.882
-979.386 1070.06 -40.9855 -161.557 109.928 -6.885
-979.389 1070.05 -41.9854 -161.556 109.929 -6.894
-979.391 1070.04 -42.9854 -161.556 109.929 -6.894
-979.393 1070.03 -43.9853 -161.557 109.93 -6.901
-979.396 1070.02 -44.9853 -161.556 109.93 -6.907
-979.398 1070.01 -45.9852 -161.558 109.931 -6.908
-979.4 1070 -46.9852 -161.559 109.93 -6.909
-979.403 1070 -47.9851 -161.559 109.93 -6.909
-979.405 1069.99 -48.9851 -161.56 109.929 -6.908
-979.408 1069.98 -49.9851 -161.56 109.929 -6.913
-979.41 1069.97 -50.985 -161.56 109.929 -6.913
-979.412 1069.96 -51.985 -161.559 109.929 -6.916
-979.415 1069.95 -52.9849 -161.56 109.93 -6.918
-979.417 1069.94 -53.9849 -161.562 109.931 -6.918
-979.419 1069.93 -54.9848 -161.563 109.932 -6.914
-979.422 1069.92 -55.9848 -161.563 109.932 -6.914
-979.424 1069.91 -56.9847 -161.565 109.931 -6.907
-979.427 1069.9 -57.9847 -161.566 109.931 -6.909
-979.429 1069.9 -58.9846 -161.566 109.931 -6.911
-979.431 1069.89 -59.9846 -161.566 109.931 -6.911
-979.434 1069.88 -60.9846 -161.565 109.931 -6.917
-979.436 1069.87 -61.9845 -161.565 109.932 -6.917
-979.439 1069.86 -62.9845 -161.565 109.932 -6.914
-979.441 1069.85 -63.9844 -161.566 109.932 -6.914
-979.443 1069.84 -64.9844 -161.566 109.932 -6.914
-979.446 1069.83 -65.9843 -161.567 109.933 -6.915
-979.448 1069.82 -66.9843 -161.568 109.933 -6.914
-979.45 1069.81 -67.9842 -161.568 109.933 -6.914
-979.453 1069.8 -68.9842 -161.571 109.934 -6.916
-979.455 1069.79 -69.9842 -161.571 109.937 -6.915
-979.458 1069.79 -70.9841 -161.57 109.94 -6.914
-979.46 1069.78 -71.9841 -161.57 109.94 -6.914
-979.462 1069.77 -72.984 -161.57 109.94 -6.914
-979.465 1069.76 -73.984 -161.57 109.94 -6.914
-979.467 1069.75 -74.9839 -161.57 109.94 -6.914
-979.469 1069.74 -75.9839 -161.57 109.94 -6.914
-979.472 1069.73 -76.9838 -161.57 109.94 -6.914
-979.474 1069.72 -77.9838 -161.57 109.94 -6.914
-979.477 1069.71 -78.9838 -161.57 109.94 -6.914
-979.479 1069.7 -79.9837 -161.57 109.94 -6.914
-979.481 1069.69 -80.9837 -161.57 109.94 -6.914
-979.484 1069.68 -81.9836 -161.57 109.94 -6.914
2
-954.211 1071.71 123.452 -161.461 109.902 -6.806
-954.213 1071.7 122.452 -161.461 109.902 -6.806
-954.216 1071.69 121.452 -161.461 109.902 -6.806
-954.219 1071.68 120.452 -161.461 109.902 -6.806
-954.221 1071.67 119.452 -161.461 109.902 -6.806
-954.224 1071.66 118.452 -161.461 109.902 -6.806
-954.227 1071.65 117.452 -161.461 109.902 -6.806
-954.229 1071.64 116.452 -161.461 109.902 -6.806
-954.232 1071.63 115.452 -161.461 109.902 -6.806
-954.235 1071.62 114.452 -161.461 109.902 -6.806
-954.237 1071.61 113.453 -161.461 109.902 -6.806
-954.24 1071.61 112.453 -161.461 109.902 -6.806
-954.243 1071.6 111.453 -161.461 109.902 -6.806
-954.245 1071.59 110.453 -161.461 109.902 -6.806
-954.248 1071.58 109.453 -161.467 109.894 -6.816
-954.251 1071.57 108.453 -161.472 109.891 -6.817
-954.253 1071.56 107.453 -161.472 109.891 -6.817
-954.256 1071.55 106.453 -161.477 109.893 -6.818
-954.259 1071.54 105.453 -161.478 109.895 -6.819
-954.261 1071.53 104.453 -161.478 109.898 -6.819
-954.264 1071.52 103.453 -161.478 109.898 -6.819
-954.266 1071.51 102.453 -161.48 109.901 -6.81
-954.269 1071.5 101.453 -161.483 109.904 -6.803
-954.272 1071.49 100.453 -161.482 109.906 -6.805
-954.274 1071.49 99.4532 -161.482 109.906 -6.805
-954.277 1071.48 98.4532 -161.481 109.907 -6.805
-954.28 1071.47 97.4533 -161.48 109.906 -6.805
-954.282 1071.46 96.4533 -161.481 109.906 -6.806
-954.285 1071.45 95.4534 -161.484 109.903 -6.807
-954.288 1071.44 94.4534 -161.486 109.901 -6.809
-954.29 1071.43 93.4535 -161.492 109.899 -6.815
-954.293 1071.42 92.4535 -161.492 109.899 -6.815
-954.296 1071.41 91.4536 -161.494 109.898 -6.817
-954.298 1071.4 90.4536 -161.495 109.899 -6.819
-954.301 1071.39 89.4536 -161.496 109.899 -6.818
-954.304 1071.38 88.4537 -161.496 109.899 -6.818
-954.306 1071.37 87.4537 -161.497 109.9 -6.813
-954.309 1071.37 86.4538 -161.496 109.904 -6.815
-954.312 1071.36 85.4538 -161.496 109.905 -6.816
-954.314 1071.35 84.4539 -161.496 109.906 -6.816
-954.317 1071.34 83.4539 -161.496 109.906 -6.816
-954.32 1071.33 82.454 -161.497 109.907 -6.816
-954.322 1071.32 81.454 -161.496 109.906 -6.819
-954.325 1071.31 80.4541 -161.496 109.906 -6.819
-954.328 1071.3 79.4541 -161.496 109.906 -6.819
-954.33 1071.29 78.4542 -161.497 109.905 -6.824
-954.333 1071.28 77.4542 -161.498 109.905 -6.826
-954.336 1071.27 76.4543 -161.498 109.905 -6.826
-954.338 1071.26 75.4543 -161.498 109.905 -6.829
-954.341 1071.25 74.4543 -161.501 109.905 -6.823
-954.344 1071.25 73.4544 -161.501 109.905 -6.823
-954.346 1071.24 72.4544 -161.501 109.906 -6.824
-954.349 1071.23 71.4545 -161.499 109.907 -6.828
-954.352 1071.22 70.4545 -161.499 109.907 -6.828
-954.354 1071.21 69.4546 -161.5 109.908 -6.828
-954.357 1071.2 68.4546 -161.501 109.908 -6.827
-954.36 1071.19 67.4547 -161.502 109.908 -6.829
-954.362 1071.18 66.4547 -161.502 109.908 -6.829
-954.365 1071.17 65.4548 -161.504 109.908 -6.829
-954.368 1071.16 64.4548 -161.505 109.907 -6.834
-954.37 1071.15 63.4549 -161.505 109.907 -6.834
-954.373 1071.14 62.4549 -161.506 109.907 -6.834
-954.376 1071.13 61.4549 -161.507 109.906 -6.833
-954.378 1071.13 60.455 -161.507 109.906 -6.833
-954.381 1071.12 59.455 -161.51 109.906 -6.832
-954.384 1071.11 58.4551 -161.51 109.906 -6.83
-954.386 1071.1 57.4551 -161.51 109.907 -6.832
-954.389 1071.09 56.4552 -161.509 109.909 -6.836
-954.392 1071.08 55.4552 -161.509 109.91 -6.835
-954.394 1071.07 54.4553 -161.509 109.911 -6.834
-954.397 1071.06 53.4553 -161.509 109.911 -6.834
-954.4 1071.05 52.4554 -161.51 109.913 -6.836
-954.402 1071.04 51.4554 -161.51 109.912 -6.839
-954.405 1071.03 50.4555 -161.51 109.912 -6.839
-954.408 1071.02 49.4555 -161.51 109.912 -6.839
-954.41 1071.01 48.4555 -161.512 109.911 -6.84
-954.413 1071.01 47.4556 -161.515 109.912 -6.839
-954.416 1071 46.4556 -161.515 109.912 -6.839
-954.418 1070.99 45.4557 -161.517 109.912 -6.837
-954.421 1070.98 44.4557 -161.518 109.913 -6.838
-954.424 1070.97 43.4558 -161.518 109.913 -6.838
-954.426 1070.96 42.4558 -161.517 109.914 -6.842
-954.429 1070.95 41.4559 -161.516 109.914 -6.845
-954.431 1070.94 40.4559 -161.516 109.914 -6.848
-954.434 1070.93 39.456 -161.516 109.915 -6.85
-954.437 1070.92 38.456 -161.516 109.915 -6.85
-954.439 1070.91 37.4561 -161.518 109.915 -6.852
-954.442 1070.9 36.4561 -161.519 109.914 -6.854
-954.445 1070.89 35.4561 -161.52 109.913 -6.856
-954.447 1070.89 34.4562 -161.52 109.913 -6.856
-954.45 1070.88 33.4562 -161.521 109.914 -6.858
-954.453 1070.87 32.4563 -161.523 109.914 -6.858
-954.455 1070.86 31.4563 -161.523 109.914 -6.858
-954.458 1070.85 30.4564 -161.526 109.914 -6.853
-954.461 1070.84 29.4564 -161.526 109.914 -6.853
-954.463 1070.83 28.4565 -161.528 109.913 -6.854
-954.466 1070.82 27.4565 -161.528 109.913 -6.854
-954.469 1070.81 26.4566 -161.527 109.914 -6.86
-954.471 1070.8 25.4566 -161.527 109.914 -6.86
-954.474 1070.79 24.4567 -161.527 109.914 -6.86
-954.477 1070.78 23.4567 -161.526 109.914 -6.862
-954.479 1070.77 22.4567 -161.528 109.915 -6.861
-954.482 1070.77 21.4568 -161.528 109.915 -6.861
-954.485 1070.76 20.4568 -161.528 109.915 -6.863
-954.487 1070.75 19.4569 -161.529 109.916 -6.865
-954.49 1070.74 18.4569 -161.529 109.916 -6.865
-954.493 1070.73 17.457 -161.531 109.917 -6.867
-954.495 1070.72 16.457 -161.532 109.917 -6.864
-954.498 1070.71 15.4571 -161.532 109.917 -6.864
-954.501 1070.7 14.4571 -161.534 109.917 -6.86
-954.503 1070.69 13.4572 -161.534 109.918 -6.861
-954.506 1070.68 12.4572 -161.533 109.917 -6.866
-954.509 1070.67 11.4573 -161.533 109.918 -6.871
-954.511 1070.66 10.4573 -161.533 109.918 -6.871
-954.514 1070.65 9.45734 -161.534 109.919 -6.871
-954.517 1070.64 8.45739 -161.536 109.919 -6.871
-954.519 1070.64 7.45744 -161.536 109.919 -6.871
-954.522 1070.63 6.45748 -161.537 109.921 -6.872
-954.525 1070.62 5.45753 -161.535 109.922 -6.875
-954.527 1070.61 4.45758 -161.535 109.922 -6.876
-954.53 1070.6 3.45762 -161.535 109.923 -6.877
-954.533 1070.59 2.45767 -161.535 109.923 -6.878
-954.535 1070.58 1.45771 -161.535 109.923 -6.878
-954.538 1070.57 0.45776 -161.536 109.922 -6.874
-954.541 1070.56 -0.542194 -161.54 109.923 -6.87
-954.543 1070.55 -1.54215 -161.54 109.923 -6.87
-954.546 1070.54 -2.5421 -161.539 109.923 -6.88
-954.549 1070.53 -3.54206 -161.539 109.923 -6.887
-954.551 1070.52 -4.54201 -161.539 109.923 -6.887
-954.554 1070.52 -5.54196 -161.54 109.923 -6.886
-954.557 1070.51 -6.54192 -161.542 109.923 -6.885
-954.559 1070.5 -7.54187 -161.542 109.923 -6.885
-954.562 1070.49 -8.54182 -161.542 109.923 -6.885
-954.565 1070.48 -9.54178 -161.543 109.923 -6.886
-954.567 1070.47 -10.5417 -161.542 109.923 -6.887
-954.57 1070.46 -11.5417 -161.542 109.923 -6.887
-954.573 1070.45 -12.5416 -161.544 109.924 -6.886
-954.575 1070.44 -13.5416 -161.545 109.924 -6.887
-954.578 1070.43 -14.5415 -161.547 109.925 -6.887
-954.581 1070.42 -15.5415 -161.547 109.925 -6.887
-954.583 1070.41 -16.5415 -161.549 109.925 -6.879
-954.586 1070.4 -17.5414 -161.548 109.925 -6.883
-954.588 1070.4 -18.5414 -161.548 109.925 -6.883
-954.591 1070.39 -19.5413 -161.548 109.925 -6.889
-954.594 1070.38 -20.5413 -161.546 109.925 -6.894
-954.596 1070.37 -21.5412 -161.547 109.925 -6.893
-954.599 1070.36 -22.5412 -161.547 109.925 -6.893
-954.602 1070.35 -23.5411 -161.549 109.925 -6.892
-954.604 1070.34 -24.5411 -161.552 109.926 -6.894
-954.607 1070.33 -25.541 -161.553 109.926 -6.893
-954.61 1070.32 -26.541 -161.553 109.926 -6.894
-954.612 1070.31 -27.5409 -161.553 109.926 -6.894
-954.615 1070.3 -28.5409 -161.552 109.926 -6.896
-954.618 1070.29 -29.5409 -161.553 109.927 -6.896
-954.62 1070.28 -30.5408 -161.553 109.928 -6.897
-954.623 1070.28 -31.5408 -161.554 109.928 -6.893
-954.626 1070.27 -32.5407 -161.557 109.928 -6.886
-954.628 1070.26 -33.5407 -161.557 109.928 -6.886
-954.631 1070.25 -34.5406 -161.557 109.929 -6.895
-954.634 1070.24 -35.5406 -161.557 109.929 -6.895
-954.636 1070.23 -36.5405 -161.557 109.93 -6.901
-954.639 1070.22 -37.5405 -161.558 109.93 -6.905
-954.642 1070.21 -38.5404 -161.559 109.93 -6.906
-954.644 1070.2 -39.5404 -161.559 109.93 -6.906
-954.647 1070.19 -40.5403 -161.56 109.93 -6.906
-954.65 1070.18 -41.5403 -161.561 109.929 -6.907
-954.652 1070.17 -42.5403 -161.561 109.929 -6.907
-954.655 1070.16 -43.5402 -161.562 109.929 -6.909
-954.658 1070.16 -44.5402 -161.56 109.928 -6.911
-954.66 1070.15 -45.5401 -161.561 109.929 -6.914
-954.663 1070.14 -46.5401 -161.562 109.93 -6.913
-954.666 1070.13 -47.54 -161.563 109.931 -6.91
-954.668 1070.12 -48.54 -161.563 109.931 -6.91
-954.671 1070.11 -49.5399 -161.567 109.93 -6.903
-954.674 1070.1 -50.5399 -161.567 109.93 -6.906
-954.676 1070.09 -51.5398 -161.567 109.93 -6.906
-954.679 1070.08 -52.5398 -161.566 109.93 -6.909
-954.682 1070.07 -53.5397 -161.565 109.93 -6.914
-954.684 1070.06 -54.5397 -161.565 109.931 -6.912
-954.687 1070.05 -55.5397 -161.564 109.931 -6.911
-954.69 1070.04 -56.5396 -161.564 109.931 -6.911
-954.692 1070.04 -57.5396 -161.565 109.931 -6.912
-954.695 1070.03 -58.5395 -161.567 109.932 -6.913
-954.698 1070.02 -59.5395 -161.568 109.933 -6.913
-954.7 1070.01 -60.5394 -161.57 109.934 -6.915
-954.703 1070 -61.5394 -161.57 109.935 -6.916
-954.706 1069.99 -62.5393 -161.569 109.938 -6.915
-954.708 1069.98 -63.5393 -161.569 109.938 -6.915
-954.711 1069.97 -64.5392 -161.569 109.938 -6.915
-954.714 1069.96 -65.5392 -161.569 109.938 -6.915
-954.716 1069.95 -66.5391 -161.569 109.938 -6.915
-954.719 1069.94 -67.5391 -161.569 109.938 -6.915
-954.722 1069.93 -68.5391 -161.569 109.938 -6.915
-954.724 1069.92 -69.539 -161.569 109.938 -6.915
-954.727 1069.92 -70.539 -161.569 109.938 -6.915
-954.73 1069.91 -71.5389 -161.569 109.938 -6.915
-954.732 1069.9 -72.5389 -161.569 109.938 -6.915
-954.735 1069.89 -73.5388 -161.569 109.938 -6.915
-954.738 1069.88 -74.5388 -161.569 109.938 -6.915
-954.74 1069.87 -75.5387 -161.569 109.938 -6.915
-954.743 1069.86 -76.5387 -161.569 109.938 -6.915
-954.746 1069.85 -77.5386 -161.569 109.938 -6.915
-954.748 1069.84 -78.5386 -161.569 109.938 -6.915
-954.751 1069.83 -79.5385 -161.569 109.938 -6.915
-954.753 1069.82 -80.5385 -161.569 109.938 -6.915
-954.756 1069.81 -81.5385 -161.569 109.938 -6.915
3
-953.069 1066.61 123.076 -161.462 109.902 -6.809
-953.068 1066.61 122.076 -161.462 109.902 -6.809
-953.067 1066.6 121.076 -161.462 109.902 -6.809
-953.066 1066.6 120.076 -161.462 109.902 -6.809
-953.064 1066.59 119.076 -161.462 109.902 -6.809
-953.063 1066.59 118.076 -161.462 109.902 -6.809
-953.062 1066.59 117.076 -161.462 109.902 -6.809
-953.061 1066.58 116.076 -161.462 109.902 -6.809
-953.06 1066.58 115.076 -161.462 109.902 -6.809
-953.058 1066.57 114.076 -161.462 109.902 -6.809
-953.057 1066.57 113.076 -161.462 109.902 -6.809
-953.056 1066.56 112.076 -161.462 109.902 -6.809
-953.055 1066.56 111.076 -161.462 109.902 -6.809
-953.054 1066.56 110.076 -161.462 109.902 -6.809
-953.053 1066.55 109.076 -161.462 109.902 -6.809
-953.051 1066.55 108.076 -161.47 109.893 -6.819
-953.05 1066.54 107.076 -161.474 109.891 -6.819
-953.049 1066.54 106.076 -161.478 109.893 -6.821
-953.048 1066.53 105.076 -161.479 109.896 -6.822
-953.047 1066.53 104.076 -161.479 109.896 -6.822
-953.046 1066.52 103.076 -161.479 109.899 -6.819
-953.044 1066.52 102.076 -161.481 109.902 -6.81
-953.043 1066.52 101.076 -161.483 109.904 -6.804
-953.042 1066.51 100.076 -161.483 109.904 -6.804
-953.041 1066.51 99.0761 -161.481 109.905 -6.804
-953.04 1066.5 98.0761 -161.481 109.905 -6.804
-953.038 1066.5 97.0761 -161.481 109.905 -6.801
-953.037 1066.49 96.0761 -161.482 109.905 -6.801
-953.036 1066.49 95.0762 -161.484 109.903 -6.802
-953.035 1066.49 94.0762 -161.487 109.9 -6.803
-953.034 1066.48 93.0762 -161.49 109.899 -6.806
-953.033 1066.48 92.0762 -161.49 109.899 -6.806
-953.031 1066.47 91.0762 -161.494 109.897 -6.808
-953.03 1066.47 90.0762 -161.496 109.897 -6.811
-953.029 1066.46 89.0762 -161.496 109.898 -6.812
-953.028 1066.46 88.0762 -161.497 109.899 -6.809
-953.027 1066.46 87.0762 -161.498 109.901 -6.805
-953.026 1066.45 86.0762 -161.498 109.901 -6.805
-953.024 1066.45 85.0763 -161.498 109.903 -6.807
-953.023 1066.44 84.0763 -161.497 109.905 -6.81
-953.022 1066.44 83.0763 -161.497 109.907 -6.812
-953.021 1066.43 82.0763 -161.498 109.907 -6.813
-953.02 1066.43 81.0763 -161.498 109.907 -6.818
-953.018 1066.43 80.0763 -161.498 109.907 -6.818
-953.017 1066.42 79.0763 -161.497 109.906 -6.822
-953.016 1066.42 78.0763 -161.497 109.905 -6.826
-953.015 1066.41 77.0763 -161.497 109.905 -6.826
-953.014 1066.41 76.0763 -161.497 109.905 -6.833
-953.013 1066.4 75.0764 -161.498 109.905 -6.834
-953.011 1066.4 74.0764 -161.498 109.905 -6.834
-953.01 1066.4 73.0764 -161.501 109.906 -6.83
-953.009 1066.39 72.0764 -161.5 109.906 -6.832
-953.008 1066.39 71.0764 -161.5 109.907 -6.833
-953.007 1066.38 70.0764 -161.499 109.907 -6.834
-953.006 1066.38 69.0764 -161.499 109.907 -6.834
-953.004 1066.37 68.0764 -161.499 109.908 -6.832
-953.003 1066.37 67.0764 -161.499 109.909 -6.832
-953.002 1066.37 66.0764 -161.5 109.909 -6.831
-953.001 1066.36 65.0765 -161.501 109.908 -6.83
-953 1066.36 64.0765 -161.503 109.907 -6.831
-952.998 1066.35 63.0765 -161.503 109.907 -6.831
-952.997 1066.35 62.0765 -161.505 109.907 -6.831
-952.996 1066.34 61.0765 -161.506 109.906 -6.83
-952.995 1066.34 60.0765 -161.507 109.905 -6.83
-952.994 1066.34 59.0765 -161.509 109.906 -6.826
-952.993 1066.33 58.0765 -161.509 109.906 -6.826
-952.991 1066.33 57.0765 -161.509 109.906 -6.825
-952.99 1066.32 56.0765 -161.509 109.908 -6.828
-952.989 1066.32 55.0766 -161.509 109.91 -6.827
-952.988 1066.31 54.0766 -161.509 109.91 -6.827
-952.987 1066.31 53.0766 -161.508 109.91 -6.826
-952.986 1066.3 52.0766 -161.509 109.912 -6.827
-952.984 1066.3 51.0766 -161.51 109.912 -6.828
-952.983 1066.3 50.0766 -161.51 109.912 -6.83
-952.982 1066.29 49.0766 -161.51 109.912 -6.83
-952.981 1066.29 48.0766 -161.51 109.911 -6.832
-952.98 1066.28 47.0766 -161.512 109.911 -6.835
-952.978 1066.28 46.0766 -161.517 109.912 -6.836
-952.977 1066.27 45.0767 -161.517 109.912 -6.836
-952.976 1066.27 44.0767 -161.519 109.913 -6.836
-952.975 1066.27 43.0767 -161.518 109.914 -6.841
-952.974 1066.26 42.0767 -161.517 109.915 -6.845
-952.973 1066.26 41.0767 -161.517 109.915 -6.845
-952.971 1066.25 40.0767 -161.517 109.915 -6.849
-952.97 1066.25 39.0767 -161.516 109.916 -6.854
-952.969 1066.24 38.0767 -161.516 109.916 -6.854
-952.968 1066.24 37.0767 -161.516 109.916 -6.859
-952.967 1066.24 36.0767 -161.518 109.916 -6.86
-952.966 1066.23 35.0768 -161.519 109.916 -6.862
-952.964 1066.23 34.0768 -161.519 109.916 -6.862
-952.963 1066.22 33.0768 -161.52 109.915 -6.863
-952.962 1066.22 32.0768 -161.521 109.914 -6.864
-952.961 1066.21 31.0768 -161.523 109.914 -6.862
-952.96 1066.21 30.0768 -161.523 109.914 -6.862
-952.958 1066.21 29.0768 -161.526 109.913 -6.856
-952.957 1066.2 28.0768 -161.527 109.913 -6.856
-952.956 1066.2 27.0768 -161.527 109.913 -6.857
-952.955 1066.19 26.0768 -161.526 109.913 -6.86
-952.954 1066.19 25.0769 -161.525 109.914 -6.86
-952.953 1066.18 24.0769 -161.526 109.914 -6.858
-952.951 1066.18 23.0769 -161.526 109.914 -6.858
-952.95 1066.18 22.0769 -161.527 109.914 -6.857
-952.949 1066.17 21.0769 -161.527 109.914 -6.857
-952.948 1066.17 20.0769 -161.529 109.914 -6.856
-952.947 1066.16 19.0769 -161.53 109.914 -6.857
-952.946 1066.16 18.0769 -161.53 109.914 -6.857
-952.944 1066.15 17.0769 -161.532 109.915 -6.86
-952.943 1066.15 16.0769 -161.533 109.916 -6.859
-952.942 1066.15 15.077 -161.535 109.916 -6.856
-952.941 1066.14 14.077 -161.535 109.916 -6.856
-952.94 1066.14 13.077 -161.535 109.916 -6.853
-952.938 1066.13 12.077 -161.535 109.917 -6.858
-952.937 1066.13 11.077 -161.534 109.917 -6.863
-952.936 1066.12 10.077 -161.535 109.918 -6.866
-952.935 1066.12 9.07701 -161.536 109.919 -6.866
-952.934 1066.12 8.07702 -161.536 109.919 -6.866
-952.933 1066.11 7.07703 -161.537 109.919 -6.867
-952.931 1066.11 6.07704 -161.537 109.921 -6.869
-952.93 1066.1 5.07705 -161.536 109.922 -6.872
-952.929 1066.1 4.07706 -161.535 109.923 -6.877
-952.928 1066.09 3.07707 -161.535 109.923 -6.877
-952.927 1066.09 2.07708 -161.535 109.923 -6.881
-952.926 1066.08 1.07709 -161.535 109.923 -6.881
-952.924 1066.08 0.0771048 -161.535 109.923 -6.881
-952.923 1066.08 -0.922885 -161.539 109.923 -6.875
-952.922 1066.07 -1.92288 -161.54 109.924 -6.878
-952.921 1066.07 -2.92287 -161.538 109.923 -6.89
-952.92 1066.06 -3.92286 -161.538 109.923 -6.89
-952.918 1066.06 -4.92285 -161.538 109.924 -6.894
-952.917 1066.05 -5.92284 -161.54 109.924 -6.891
-952.916 1066.05 -6.92283 -161.542 109.923 -6.891
-952.915 1066.05 -7.92282 -161.542 109.924 -6.89
-952.914 1066.04 -8.92281 -161.542 109.924 -6.89
-952.913 1066.04 -9.9228 -161.541 109.923 -6.889
-952.911 1066.03 -10.9228 -161.541 109.924 -6.89
-952.91 1066.03 -11.9228 -161.543 109.924 -6.888
-952.909 1066.02 -12.9228 -161.543 109.924 -6.888
-952.908 1066.02 -13.9228 -161.544 109.924 -6.889
-952.907 1066.02 -14.9227 -161.545 109.925 -6.89
-952.906 1066.01 -15.9227 -161.548 109.925 -6.883
-952.904 1066.01 -16.9227 -161.549 109.925 -6.876
-952.903 1066 -17.9227 -161.549 109.925 -6.876
-952.902 1066 -18.9227 -161.547 109.924 -6.883
-952.901 1065.99 -19.9227 -161.547 109.925 -6.887
-952.9 1065.99 -20.9227 -161.547 109.925 -6.887
-952.898 1065.99 -21.9227 -161.546 109.925 -6.888
-952.897 1065.98 -22.9227 -161.549 109.925 -6.885
-952.896 1065.98 -23.9227 -161.549 109.925 -6.885
-952.895 1065.97 -24.9226 -161.553 109.925 -6.886
-952.894 1065.97 -25.9226 -161.554 109.925 -6.886
-952.893 1065.96 -26.9226 -161.554 109.925 -6.886
-952.891 1065.96 -27.9226 -161.554 109.925 -6.886
-952.89 1065.96 -28.9226 -161.553 109.925 -6.888
-952.889 1065.95 -29.9226 -161.554 109.926 -6.89
-952.888 1065.95 -30.9226 -161.553 109.927 -6.89
-952.887 1065.94 -31.9226 -161.554 109.928 -6.887
-952.886 1065.94 -32.9226 -161.557 109.928 -6.882
-952.884 1065.93 -33.9226 -161.557 109.928 -6.882
-952.883 1065.93 -34.9225 -161.557 109.929 -6.888
-952.882 1065.93 -35.9225 -161.557 109.929 -6.897
-952.881 1065.92 -36.9225 -161.557 109.93 -6.903
-952.88 1065.92 -37.9225 -161.557 109.93 -6.903
-952.878 1065.91 -38.9225 -161.559 109.93 -6.908
-952.877 1065.91 -39.9225 -161.559 109.93 -6.908
-952.876 1065.9 -40.9225 -161.56 109.93 -6.91
-952.875 1065.9 -41.9225 -161.561 109.93 -6.91
-952.874 1065.89 -42.9225 -161.56 109.93 -6.916
-952.873 1065.89 -43.9225 -161.56 109.93 -6.916
-952.871 1065.89 -44.9224 -161.56 109.93 -6.918
-952.87 1065.88 -45.9224 -161.56 109.93 -6.919
-952.869 1065.88 -46.9224 -161.561 109.931 -6.92
-952.868 1065.87 -47.9224 -161.561 109.931 -6.92
-952.867 1065.87 -48.9224 -161.564 109.932 -6.915
-952.866 1065.86 -49.9224 -161.566 109.931 -6.91
-952.864 1065.86 -50.9224 -161.567 109.932 -6.913
-952.863 1065.86 -51.9224 -161.566 109.931 -6.914
-952.862 1065.85 -52.9224 -161.566 109.931 -6.914
-952.861 1065.85 -53.9224 -161.565 109.931 -6.917
-952.86 1065.84 -54.9223 -161.565 109.931 -6.916
-952.858 1065.84 -55.9223 -161.565 109.931 -6.916
-952.857 1065.83 -56.9223 -161.564 109.932 -6.913
-952.856 1065.83 -57.9223 -161.566 109.932 -6.915
-952.855 1065.83 -58.9223 -161.568 109.933 -6.914
-952.854 1065.82 -59.9223 -161.569 109.932 -6.911
-952.853 1065.82 -60.9223 -161.569 109.932 -6.911
-952.851 1065.81 -61.9223 -161.572 109.933 -6.913
-952.85 1065.81 -62.9223 -161.571 109.936 -6.912
-952.849 1065.8 -63.9223 -161.571 109.936 -6.912
-952.848 1065.8 -64.9222 -161.571 109.936 -6.912
-952.847 1065.8 -65.9222 -161.571 109.936 -6.912
-952.846 1065.79 -66.9222 -161.571 109.936 -6.912
-952.844 1065.79 -67.9222 -161.571 109.936 -6.912
-952.843 1065.78 -68.9222 -161.571 109.936 -6.912
-952.842 1065.78 -69.9222 -161.571 109.936 -6.912
-952.841 1065.77 -70.9222 -161.571 109.936 -6.912
-952.84 1065.77 -71.9222 -161.571 109.936 -6.912
-952.838 1065.77 -72.9222 -161.571 109.936 -6.912
-952.837 1065.76 -73.9222 -161.571 109.936 -6.912
-952.836 1065.76 -74.9221 -161.571 109.936 -6.912
-952.835 1065.75 -75.9221 -161.571 109.936 -6.912
-952.834 1065.75 -76.9221 -161.571 109.936 -6.912
-952.833 1065.74 -77.9221 -161.571 109.936 -6.912
-952.831 1065.74 -78.9221 -161.571 109.936 -6.912
-952.83 1065.74 -79.9221 -161.571 109.936 -6.912
-952.829 1065.73 -80.9221 -161.571 109.936 -6.912
-952.828 1065.73 -81.9221 -161.571 109.936 -6.912
4
-958.46 1066.59 122.881 -161.461 109.902 -6.808
-958.458 1066.59 121.881 -161.461 109.902 -6.808
-958.456 1066.58 120.881 -161.461 109.902 -6.808
-958.455 1066.57 119.881 -161.461 109.902 -6.808
-958.453 1066.56 118.881 -161.461 109.902 -6.808
-958.451 1066.56 117.881 -161.461 109.902 -6.808
-958.449 1066.55 116.881 -161.461 109.902 -6.808
-958.448 1066.54 115.881 -161.461 109.902 -6.808
-958.446 1066.53 114.881 -161.461 109.902 -6.808
-958.444 1066.53 113.881 -161.461 109.902 -6.808
-958.443 1066.52 112.881 -161.461 109.902 -6.808
-958.441 1066.51 111.881 -161.461 109.902 -6.808
-958.439 1066.5 110.881 -161.461 109.902 -6.808
-958.438 1066.5 109.881 -161.461 109.902 -6.808
-958.436 1066.49 108.881 -161.461 109.902 -6.808
-958.434 1066.48 107.881 -161.461 109.902 -6.808
-958.433 1066.47 106.881 -161.47 109.895 -6.818
-958.431 1066.47 105.881 -161.47 109.895 -6.818
-958.429 1066.46 104.881 -161.475 109.892 -6.819
-958.428 1066.45 103.881 -161.478 109.894 -6.822
-958.426 1066.44 102.882 -161.478 109.896 -6.822
-958.424 1066.44 101.882 -161.479 109.899 -6.819
-958.422 1066.43 100.882 -161.479 109.899 -6.819
-958.421 1066.42 99.8816 -161.481 109.902 -6.809
-958.419 1066.41 98.8816 -161.481 109.902 -6.809
-958.417 1066.4 97.8817 -161.482 109.905 -6.803
-958.416 1066.4 96.8817 -161.481 109.905 -6.804
-958.414 1066.39 95.8817 -161.481 109.905 -6.804
-958.412 1066.38 94.8818 -161.48 109.905 -6.801
-958.411 1066.37 93.8818 -161.483 109.904 -6.801
-958.409 1066.37 92.8818 -161.486 109.901 -6.802
-958.407 1066.36 91.8818 -161.486 109.901 -6.802
-958.406 1066.35 90.8819 -161.489 109.899 -6.804
-958.404 1066.34 89.8819 -161.493 109.897 -6.808
-958.402 1066.34 88.8819 -161.495 109.897 -6.81
-958.401 1066.33 87.882 -161.495 109.897 -6.81
-958.399 1066.32 86.882 -161.497 109.897 -6.811
-958.397 1066.31 85.882 -161.497 109.899 -6.805
-958.395 1066.31 84.8821 -161.498 109.901 -6.805
-958.394 1066.3 83.8821 -161.498 109.901 -6.805
-958.392 1066.29 82.8821 -161.495 109.904 -6.809
-958.39 1066.28 81.8821 -161.497 109.906 -6.81
-958.389 1066.28 80.8822 -161.497 109.907 -6.811
-958.387 1066.27 79.8822 -161.497 109.907 -6.811
-958.385 1066.26 78.8822 -161.497 109.907 -6.816
-958.384 1066.25 77.8823 -161.497 109.907 -6.816
-958.382 1066.25 76.8823 -161.497 109.906 -6.824
-958.38 1066.24 75.8823 -161.497 109.905 -6.829
-958.379 1066.23 74.8824 -161.497 109.905 -6.829
-958.377 1066.22 73.8824 -161.498 109.905 -6.834
-958.375 1066.22 72.8824 -161.499 109.905 -6.834
-958.374 1066.21 71.8824 -161.501 109.906 -6.831
-958.372 1066.2 70.8825 -161.501 109.906 -6.831
-958.37 1066.19 69.8825 -161.5 109.906 -6.832
-958.369 1066.18 68.8825 -161.5 109.907 -6.835
-958.367 1066.18 67.8826 -161.499 109.907 -6.836
-958.365 1066.17 66.8826 -161.499 109.908 -6.834
-958.363 1066.16 65.8826 -161.499 109.909 -6.832
-958.362 1066.15 64.8827 -161.5 109.909 -6.832
-958.36 1066.15 63.8827 -161.5 109.909 -6.832
-958.358 1066.14 62.8827 -161.502 109.908 -6.831
-958.357 1066.13 61.8828 -161.504 109.907 -6.832
-958.355 1066.12 60.8828 -161.504 109.907 -6.832
-958.353 1066.12 59.8828 -161.505 109.906 -6.832
-958.352 1066.11 58.8828 -161.506 109.905 -6.83
-958.35 1066.1 57.8829 -161.508 109.905 -6.829
-958.348 1066.09 56.8829 -161.509 109.906 -6.825
-958.347 1066.09 55.8829 -161.509 109.906 -6.826
-958.345 1066.08 54.883 -161.509 109.906 -6.826
-958.343 1066.07 53.883 -161.509 109.908 -6.828
-958.342 1066.06 52.883 -161.509 109.91 -6.827
-958.34 1066.06 51.8831 -161.51 109.911 -6.826
-958.338 1066.05 50.8831 -161.51 109.911 -6.826
-958.336 1066.04 49.8831 -161.51 109.912 -6.828
-958.335 1066.03 48.8831 -161.51 109.912 -6.829
-958.333 1066.03 47.8832 -161.51 109.912 -6.829
-958.331 1066.02 46.8832 -161.51 109.911 -6.831
-958.33 1066.01 45.8832 -161.512 109.91 -6.834
-958.328 1066 44.8833 -161.515 109.912 -6.837
-958.326 1065.99 43.8833 -161.517 109.912 -6.837
-958.325 1065.99 42.8833 -161.517 109.912 -6.837
-958.323 1065.98 41.8834 -161.518 109.913 -6.837
-958.321 1065.97 40.8834 -161.518 109.914 -6.843
-958.32 1065.96 39.8834 -161.516 109.915 -6.848
-958.318 1065.96 38.8834 -161.516 109.915 -6.848
-958.316 1065.95 37.8835 -161.516 109.916 -6.852
-958.315 1065.94 36.8835 -161.516 109.917 -6.856
-958.313 1065.93 35.8835 -161.516 109.917 -6.856
-958.311 1065.93 34.8836 -161.517 109.916 -6.86
-958.309 1065.92 33.8836 -161.519 109.916 -6.863
-958.308 1065.91 32.8836 -161.519 109.916 -6.863
-958.306 1065.9 31.8837 -161.52 109.915 -6.865
-958.304 1065.9 30.8837 -161.52 109.915 -6.865
-958.303 1065.89 29.8837 -161.522 109.914 -6.866
-958.301 1065.88 28.8837 -161.522 109.914 -6.866
-958.299 1065.87 27.8838 -161.525 109.914 -6.86
-958.298 1065.87 26.8838 -161.526 109.914 -6.857
-958.296 1065.86 25.8838 -161.527 109.914 -6.86
-958.294 1065.85 24.8839 -161.527 109.914 -6.861
-958.293 1065.84 23.8839 -161.526 109.914 -6.861
-958.291 1065.84 22.8839 -161.526 109.914 -6.861
-958.289 1065.83 21.884 -161.527 109.914 -6.859
-958.288 1065.82 20.884 -161.527 109.914 -6.859
-958.286 1065.81 19.884 -161.527 109.914 -6.858
-958.284 1065.81 18.8841 -161.529 109.914 -6.857
-958.282 1065.8 17.8841 -161.529 109.914 -6.857
-958.281 1065.79 16.8841 -161.531 109.915 -6.859
-958.279 1065.78 15.8841 -161.532 109.915 -6.86
-958.277 1065.77 14.8842 -161.532 109.915 -6.86
-958.276 1065.77 13.8842 -161.533 109.916 -6.86
-958.274 1065.76 12.8842 -161.534 109.916 -6.856
-958.272 1065.75 11.8843 -161.536 109.916 -6.853
-958.271 1065.74 10.8843 -161.536 109.916 -6.857
-958.269 1065.74 9.88432 -161.535 109.917 -6.863
-958.267 1065.73 8.88435 -161.535 109.917 -6.863
-958.266 1065.72 7.88438 -161.535 109.917 -6.866
-958.264 1065.71 6.88441 -161.536 109.917 -6.867
-958.262 1065.71 5.88444 -161.537 109.919 -6.869
-958.261 1065.7 4.88448 -161.537 109.919 -6.869
-958.259 1065.69 3.88451 -161.537 109.921 -6.871
-958.257 1065.68 2.88454 -161.537 109.922 -6.874
-958.255 1065.68 1.88457 -161.536 109.923 -6.877
-958.254 1065.67 0.884596 -161.535 109.923 -6.881
-958.252 1065.66 -0.115374 -161.535 109.923 -6.882
-958.25 1065.65 -1.11534 -161.536 109.924 -6.881
-958.249 1065.65 -2.11531 -161.536 109.924 -6.881
-958.247 1065.64 -3.11528 -161.539 109.924 -6.878
-958.245 1065.63 -4.11525 -161.539 109.924 -6.878
-958.244 1065.62 -5.11522 -161.538 109.924 -6.89
-958.242 1065.62 -6.11519 -161.539 109.923 -6.892
-958.24 1065.61 -7.11516 -161.539 109.923 -6.892
-958.239 1065.6 -8.11513 -161.541 109.924 -6.892
-958.237 1065.59 -9.1151 -161.541 109.923 -6.891
-958.235 1065.58 -10.1151 -161.541 109.924 -6.89
-958.234 1065.58 -11.115 -161.541 109.924 -6.89
-958.232 1065.57 -12.115 -161.541 109.924 -6.891
-958.23 1065.56 -13.115 -161.542 109.924 -6.89
-958.228 1065.55 -14.115 -161.542 109.925 -6.888
-958.227 1065.55 -15.1149 -161.544 109.925 -6.889
-958.225 1065.54 -16.1149 -161.544 109.925 -6.889
-958.223 1065.53 -17.1149 -161.546 109.925 -6.888
-958.222 1065.52 -18.1148 -161.548 109.925 -6.88
-958.22 1065.52 -19.1148 -161.548 109.924 -6.878
-958.218 1065.51 -20.1148 -161.548 109.924 -6.878
-958.217 1065.5 -21.1147 -161.547 109.924 -6.885
-958.215 1065.49 -22.1147 -161.548 109.925 -6.886
-958.213 1065.49 -23.1147 -161.547 109.925 -6.887
-958.212 1065.48 -24.1146 -161.547 109.925 -6.887
-958.21 1065.47 -25.1146 -161.549 109.925 -6.885
-958.208 1065.46 -26.1146 -161.552 109.925 -6.885
-958.207 1065.46 -27.1146 -161.554 109.925 -6.885
-958.205 1065.45 -28.1145 -161.553 109.925 -6.885
-958.203 1065.44 -29.1145 -161.553 109.925 -6.885
-958.201 1065.43 -30.1145 -161.554 109.925 -6.886
-958.2 1065.43 -31.1144 -161.554 109.926 -6.888
-958.198 1065.42 -32.1144 -161.553 109.927 -6.889
-958.196 1065.41 -33.1144 -161.554 109.928 -6.889
-958.195 1065.4 -34.1143 -161.554 109.928 -6.889
-958.193 1065.39 -35.1143 -161.556 109.927 -6.882
-958.191 1065.39 -36.1143 -161.557 109.928 -6.888
-958.19 1065.38 -37.1143 -161.557 109.929 -6.895
-958.188 1065.37 -38.1142 -161.557 109.929 -6.895
-958.186 1065.36 -39.1142 -161.556 109.929 -6.901
-958.185 1065.36 -40.1142 -161.557 109.929 -6.905
-958.183 1065.35 -41.1141 -161.559 109.93 -6.908
-958.181 1065.34 -42.1141 -161.559 109.931 -6.91
-958.18 1065.33 -43.1141 -161.56 109.929 -6.91
-958.178 1065.33 -44.114 -161.56 109.929 -6.91
-958.176 1065.32 -45.114 -161.56 109.929 -6.916
-958.174 1065.31 -46.114 -161.559 109.93 -6.918
-958.173 1065.3 -47.114 -161.56 109.93 -6.919
-958.171 1065.3 -48.1139 -161.56 109.93 -6.919
-958.169 1065.29 -49.1139 -161.561 109.931 -6.92
-958.168 1065.28 -50.1139 -161.562 109.931 -6.919
-958.166 1065.27 -51.1138 -161.566 109.931 -6.911
-958.164 1065.27 -52.1138 -161.566 109.932 -6.914
-958.163 1065.26 -53.1138 -161.566 109.932 -6.914
-958.161 1065.25 -54.1137 -161.566 109.931 -6.914
-958.159 1065.24 -55.1137 -161.565 109.93 -6.917
-958.158 1065.24 -56.1137 -161.564 109.931 -6.917
-958.156 1065.23 -57.1136 -161.565 109.931 -6.915
-958.154 1065.22 -58.1136 -161.565 109.931 -6.915
-958.153 1065.21 -59.1136 -161.566 109.932 -6.914
-958.151 1065.21 -60.1136 -161.567 109.932 -6.915
-958.149 1065.2 -61.1135 -161.569 109.933 -6.914
-958.147 1065.19 -62.1135 -161.57 109.933 -6.913
-958.146 1065.18 -63.1135 -161.57 109.933 -6.913
-958.144 1065.17 -64.1134 -161.571 109.934 -6.913
-958.142 1065.17 -65.1134 -161.569 109.938 -6.912
-958.141 1065.16 -66.1134 -161.569 109.938 -6.912
-958.139 1065.15 -67.1133 -161.569 109.938 -6.912
-958.137 1065.14 -68.1133 -161.569 109.938 -6.912
-958.136 1065.14 -69.1133 -161.569 109.938 -6.912
-958.134 1065.13 -70.1133 -161.569 109.938 -6.912
-958.132 1065.12 -71.1132 -161.569 109.938 -6.912
-958.131 1065.11 -72.1132 -161.569 109.938 -6.912
-958.129 1065.11 -73.1132 -161.569 109.938 -6.912
-958.127 1065.1 -74.1131 -161.569 109.938 -6.912
-958.126 1065.09 -75.1131 -161.569 109.938 -6.912
-958.124 1065.08 -76.1131 -161.569 109.938 -6.912
-958.122 1065.08 -77.113 -161.569 109.938 -6.912
-958.121 1065.07 -78.113 -161.569 109.938 -6.912
-958.119 1065.06 -79.113 -161.569 109.938 -6.912
-958.117 1065.05 -80.113 -161.569 109.938 -6.912
-958.115 1065.05 -81.1129 -161.569 109.938 -6.912
-958.114 1065.04 -82.1129 -161.569 109.938 -6.912
5
-965.115 1070.4 123.336 -161.461 109.901 -6.807
-965.111 1070.39 122.337 -161.461 109.901 -6.807
-965.106 1070.39 121.337 -161.461 109.901 -6.807
-965.102 1070.39 120.337 -161.461 109.901 -6.807
-965.097 1070.38 119.337 -161.461 109.901 -6.807
-965.093 1070.38 118.337 -161.461 109.901 -6.807
-965.088 1070.38 117.337 -161.461 109.901 -6.807
-965.083 1070.37 116.337 -161.461 109.901 -6.807
-965.079 1070.37 115.337 -161.461 109.901 -6.807
-965.074 1070.36 114.337 -161.461 109.901 -6.807
-965.07 1070.36 113.337 -161.461 109.901 -6.807
-965.065 1070.36 112.337 -161.461 109.901 -6.807
-965.061 1070.35 111.337 -161.461 109.901 -6.807
-965.056 1070.35 110.337 -161.461 109.901 -6.807
-965.052 1070.34 109.337 -161.461 109.901 -6.807
-965.047 1070.34 108.337 -161.461 109.901 -6.807
-965.043 1070.34 107.337 -161.461 109.901 -6.807
-965.038 1070.33 106.337 -161.461 109.901 -6.807
-965.034 1070.33 105.337 -161.47 109.895 -6.817
-965.029 1070.32 104.337 -161.475 109.892 -6.818
-965.024 1070.32 103.337 -161.48 109.894 -6.82
-965.02 1070.32 102.337 -161.48 109.894 -6.82
-965.015 1070.31 101.337 -161.481 109.896 -6.821
-965.011 1070.31 100.337 -161.481 109.899 -6.819
-965.006 1070.3 99.3369 -161.482 109.902 -6.813
-965.002 1070.3 98.3369 -161.484 109.904 -6.807
-964.997 1070.3 97.337 -161.483 109.906 -6.806
-964.993 1070.29 96.337 -161.483 109.906 -6.806
-964.988 1070.29 95.337 -161.482 109.907 -6.805
-964.984 1070.29 94.337 -161.481 109.907 -6.804
-964.979 1070.28 93.337 -161.482 109.906 -6.805
-964.974 1070.28 92.3371 -161.485 109.904 -6.806
-964.97 1070.27 91.3371 -161.485 109.904 -6.806
-964.965 1070.27 90.3371 -161.488 109.902 -6.81
-964.961 1070.27 89.3371 -161.492 109.899 -6.814
-964.956 1070.26 88.3371 -161.492 109.899 -6.814
-964.952 1070.26 87.3371 -161.493 109.898 -6.816
-964.947 1070.25 86.3372 -161.494 109.899 -6.818
-964.943 1070.25 85.3372 -161.495 109.9 -6.815
-964.938 1070.25 84.3372 -161.496 109.902 -6.81
-964.934 1070.24 83.3372 -161.496 109.902 -6.81
-964.929 1070.24 82.3372 -161.494 109.904 -6.812
-964.924 1070.23 81.3373 -161.494 109.906 -6.815
-964.92 1070.23 80.3373 -161.494 109.907 -6.814
-964.915 1070.23 79.3373 -161.495 109.908 -6.813
-964.911 1070.22 78.3373 -161.495 109.907 -6.817
-964.906 1070.22 77.3373 -161.494 109.907 -6.818
-964.902 1070.21 76.3373 -161.494 109.907 -6.818
-964.897 1070.21 75.3374 -161.494 109.906 -6.821
-964.893 1070.21 74.3374 -161.496 109.905 -6.827
-964.888 1070.2 73.3374 -161.496 109.905 -6.827
-964.884 1070.2 72.3374 -161.497 109.905 -6.829
-964.879 1070.2 71.3374 -161.5 109.905 -6.827
-964.874 1070.19 70.3374 -161.5 109.906 -6.826
-964.87 1070.19 69.3375 -161.5 109.906 -6.827
-964.865 1070.18 68.3375 -161.499 109.907 -6.829
-964.861 1070.18 67.3375 -161.499 109.907 -6.83
-964.856 1070.18 66.3375 -161.499 109.907 -6.83
-964.852 1070.17 65.3375 -161.499 109.908 -6.827
-964.847 1070.17 64.3376 -161.5 109.909 -6.828
-964.843 1070.16 63.3376 -161.501 109.909 -6.828
-964.838 1070.16 62.3376 -161.503 109.908 -6.828
-964.834 1070.16 61.3376 -161.505 109.908 -6.831
-964.829 1070.15 60.3376 -161.505 109.908 -6.831
-964.824 1070.15 59.3376 -161.507 109.907 -6.833
-964.82 1070.14 58.3377 -161.507 109.906 -6.832
-964.815 1070.14 57.3377 -161.507 109.906 -6.832
-964.811 1070.14 56.3377 -161.509 109.906 -6.832
-964.806 1070.13 55.3377 -161.509 109.906 -6.831
-964.802 1070.13 54.3377 -161.51 109.906 -6.831
-964.797 1070.13 53.3378 -161.51 109.908 -6.834
-964.793 1070.12 52.3378 -161.51 109.91 -6.832
-964.788 1070.12 51.3378 -161.51 109.91 -6.832
-964.784 1070.11 50.3378 -161.51 109.911 -6.833
-964.779 1070.11 49.3378 -161.51 109.911 -6.835
-964.775 1070.11 48.3378 -161.51 109.911 -6.835
-964.77 1070.1 47.3379 -161.51 109.911 -6.836
-964.765 1070.1 46.3379 -161.51 109.91 -6.837
-964.761 1070.09 45.3379 -161.51 109.91 -6.837
-964.756 1070.09 44.3379 -161.512 109.91 -6.838
-964.752 1070.09 43.3379 -161.515 109.91 -6.837
-964.747 1070.08 42.338 -161.515 109.91 -6.837
-964.743 1070.08 41.338 -161.519 109.91 -6.836
-964.738 1070.07 40.338 -161.519 109.911 -6.841
-964.734 1070.07 39.338 -161.517 109.912 -6.844
-964.729 1070.07 38.338 -161.517 109.912 -6.844
-964.725 1070.06 37.338 -161.517 109.913 -6.847
-964.72 1070.06 36.3381 -161.516 109.914 -6.847
-964.715 1070.05 35.3381 -161.515 109.914 -6.849
-964.711 1070.05 34.3381 -161.517 109.915 -6.854
-964.706 1070.05 33.3381 -161.519 109.914 -6.856
-964.702 1070.04 32.3381 -161.519 109.914 -6.856
-964.697 1070.04 31.3381 -161.521 109.914 -6.858
-964.693 1070.04 30.3382 -161.521 109.914 -6.86
-964.688 1070.03 29.3382 -161.521 109.914 -6.86
-964.684 1070.03 28.3382 -161.522 109.914 -6.86
-964.679 1070.02 27.3382 -161.525 109.914 -6.858
-964.675 1070.02 26.3382 -161.527 109.913 -6.855
-964.67 1070.02 25.3383 -161.528 109.914 -6.857
-964.665 1070.01 24.3383 -161.528 109.914 -6.857
-964.661 1070.01 23.3383 -161.528 109.914 -6.861
-964.656 1070 22.3383 -161.528 109.915 -6.86
-964.652 1070 21.3383 -161.527 109.915 -6.86
-964.647 1070 20.3383 -161.528 109.915 -6.86
-964.643 1069.99 19.3384 -161.528 109.915 -6.861
-964.638 1069.99 18.3384 -161.528 109.915 -6.861
-964.634 1069.98 17.3384 -161.529 109.916 -6.861
-964.629 1069.98 16.3384 -161.529 109.916 -6.862
-964.625 1069.98 15.3384 -161.53 109.917 -6.864
-964.62 1069.97 14.3385 -161.53 109.917 -6.864
-964.615 1069.97 13.3385 -161.531 109.918 -6.866
-964.611 1069.97 12.3385 -161.533 109.917 -6.862
-964.606 1069.96 11.3385 -161.533 109.917 -6.862
-964.602 1069.96 10.3385 -161.535 109.918 -6.859
-964.597 1069.95 9.33854 -161.534 109.918 -6.866
-964.593 1069.95 8.33856 -161.533 109.918 -6.869
-964.588 1069.95 7.33858 -161.534 109.918 -6.869
-964.584 1069.94 6.3386 -161.534 109.918 -6.869
-964.579 1069.94 5.33862 -161.535 109.919 -6.869
-964.575 1069.93 4.33863 -161.536 109.92 -6.87
-964.57 1069.93 3.33865 -161.536 109.921 -6.871
-964.565 1069.93 2.33867 -161.535 109.922 -6.873
-964.561 1069.92 1.33869 -161.533 109.923 -6.877
-964.556 1069.92 0.338706 -161.533 109.923 -6.877
-964.552 1069.91 -0.661276 -161.533 109.923 -6.876
-964.547 1069.91 -1.66126 -161.534 109.923 -6.878
-964.543 1069.91 -2.66124 -161.537 109.923 -6.873
-964.538 1069.9 -3.66122 -161.537 109.923 -6.873
-964.534 1069.9 -4.6612 -161.539 109.923 -6.875
-964.529 1069.89 -5.66119 -161.538 109.923 -6.884
-964.525 1069.89 -6.66117 -161.538 109.923 -6.884
-964.52 1069.89 -7.66115 -161.54 109.923 -6.886
-964.515 1069.88 -8.66113 -161.541 109.923 -6.886
-964.511 1069.88 -9.66111 -161.541 109.923 -6.886
-964.506 1069.88 -10.6611 -161.542 109.923 -6.885
-964.502 1069.87 -11.6611 -161.542 109.923 -6.886
-964.497 1069.87 -12.6611 -161.543 109.923 -6.887
-964.493 1069.86 -13.661 -161.543 109.923 -6.887
-964.488 1069.86 -14.661 -161.544 109.924 -6.886
-964.484 1069.86 -15.661 -161.544 109.924 -6.886
-964.479 1069.85 -16.661 -161.545 109.924 -6.886
-964.475 1069.85 -17.661 -161.546 109.924 -6.889
-964.47 1069.84 -18.661 -161.549 109.925 -6.884
-964.466 1069.84 -19.6609 -161.55 109.925 -6.879
-964.461 1069.84 -20.6609 -161.55 109.925 -6.879
-964.456 1069.83 -21.6609 -161.549 109.924 -6.885
-964.452 1069.83 -22.6609 -161.549 109.925 -6.888
-964.447 1069.82 -23.6609 -161.549 109.924 -6.892
-964.443 1069.82 -24.6608 -161.55 109.924 -6.89
-964.438 1069.82 -25.6608 -161.55 109.924 -6.89
-964.434 1069.81 -26.6608 -161.552 109.924 -6.889
-964.429 1069.81 -27.6608 -161.555 109.925 -6.89
-964.425 1069.8 -28.6608 -161.555 109.925 -6.89
-964.42 1069.8 -29.6608 -161.555 109.925 -6.89
-964.416 1069.8 -30.6607 -161.554 109.926 -6.891
-964.411 1069.79 -31.6607 -161.554 109.926 -6.893
-964.406 1069.79 -32.6607 -161.554 109.927 -6.894
-964.402 1069.79 -33.6607 -161.554 109.927 -6.894
-964.397 1069.78 -34.6607 -161.554 109.927 -6.894
-964.393 1069.78 -35.6606 -161.557 109.927 -6.886
-964.388 1069.77 -36.6606 -161.557 109.928 -6.892
-964.384 1069.77 -37.6606 -161.557 109.928 -6.892
-964.379 1069.77 -38.6606 -161.557 109.928 -6.897
-964.375 1069.76 -39.6606 -161.556 109.929 -6.902
-964.37 1069.76 -40.6606 -161.557 109.929 -6.905
-964.366 1069.75 -41.6605 -161.557 109.929 -6.905
-964.361 1069.75 -42.6605 -161.558 109.93 -6.906
-964.356 1069.75 -43.6605 -161.56 109.93 -6.906
-964.352 1069.74 -44.6605 -161.56 109.929 -6.907
-964.347 1069.74 -45.6605 -161.56 109.929 -6.911
-964.343 1069.73 -46.6605 -161.559 109.929 -6.912
-964.338 1069.73 -47.6604 -161.559 109.929 -6.912
-964.334 1069.73 -48.6604 -161.56 109.929 -6.913
-964.329 1069.72 -49.6604 -161.561 109.93 -6.914
-964.325 1069.72 -50.6604 -161.562 109.931 -6.913
-964.32 1069.72 -51.6604 -161.565 109.931 -6.907
-964.316 1069.71 -52.6603 -161.565 109.931 -6.907
-964.311 1069.71 -53.6603 -161.566 109.931 -6.907
-964.306 1069.7 -54.6603 -161.566 109.931 -6.91
-964.302 1069.7 -55.6603 -161.565 109.931 -6.913
-964.297 1069.7 -56.6603 -161.565 109.931 -6.914
-964.293 1069.69 -57.6603 -161.565 109.931 -6.914
-964.288 1069.69 -58.6602 -161.565 109.931 -6.912
-964.284 1069.68 -59.6602 -161.565 109.932 -6.912
-964.279 1069.68 -60.6602 -161.566 109.932 -6.913
-964.275 1069.68 -61.6602 -161.567 109.934 -6.914
-964.27 1069.67 -62.6602 -161.567 109.934 -6.914
-964.266 1069.67 -63.6601 -161.569 109.934 -6.913
-964.261 1069.66 -64.6601 -161.57 109.936 -6.916
-964.256 1069.66 -65.6601 -161.569 109.939 -6.915
-964.252 1069.66 -66.6601 -161.569 109.939 -6.915
-964.247 1069.65 -67.6601 -161.569 109.939 -6.915
-964.243 1069.65 -68.6601 -161.569 109.939 -6.915
-964.238 1069.64 -69.66 -161.569 109.939 -6.915
-964.234 1069.64 -70.66 -161.569 109.939 -6.915
-964.229 1069.64 -71.66 -161.569 109.939 -6.915
-964.225 1069.63 -72.66 -161.569 109.939 -6.915
-964.22 1069.63 -73.66 -161.569 109.939 -6.915
-964.216 1069.63 -74.6599 -161.569 109.939 -6.915
-964.211 1069.62 -75.6599 -161.569 109.939 -6.915
-964.206 1069.62 -76.6599 -161.569 109.939 -6.915
-964.202 1069.61 -77.6599 -161.569 109.939 -6.915
-964.197 1069.61 -78.6599 -161.569 109.939 -6.915
-964.193 1069.61 -79.6599 -161.569 109.939 -6.915
-964.188 1069.6 -80.6598 -161.569 109.939 -6.915
-964.184 1069.6 -81.6598 -161.569 109.939 -6.915
6
-960.571 1071.76 123.068 -161.461 109.903 -6.807
-960.572 1071.75 122.068 -161.461 109.903 -6.807
-960.573 1071.74 121.068 -161.461 109.903 -6.807
-960.574 1071.74 120.068 -161.461 109.903 -6.807
-960.575 1071.73 119.068 -161.461 109.903 -6.807
-960.576 1071.72 118.068 -161.461 109.903 -6.807
-960.577 1071.71 117.068 -161.461 109.903 -6.807
-960.578 1071.7 116.068 -161.461 109.903 -6.807
-960.579 1071.69 115.068 -161.461 109.903 -6.807
-960.58 1071.69 114.068 -161.461 109.903 -6.807
-960.581 1071.68 113.068 -161.461 109.903 -6.807
-960.582 1071.67 112.068 -161.461 109.903 -6.807
-960.583 1071.66 111.068 -161.461 109.903 -6.807
-960.584 1071.65 110.068 -161.461 109.903 -6.807
-960.585 1071.65 109.068 -161.461 109.903 -6.807
-960.586 1071.64 108.068 -161.461 109.903 -6.807
-960.587 1071.63 107.068 -161.469 109.894 -6.816
-960.588 1071.62 106.068 -161.475 109.89 -6.818
-960.589 1071.61 105.069 -161.477 109.892 -6.82
-960.59 1071.6 104.069 -161.477 109.892 -6.82
-960.591 1071.6 103.069 -161.479 109.895 -6.82
-960.592 1071.59 102.069 -161.479 109.898 -6.818
-960.593 1071.58 101.069 -161.479 109.898 -6.818
-960.594 1071.57 100.069 -161.482 109.901 -6.806
-960.595 1071.56 99.0687 -161.483 109.903 -6.803
-960.596 1071.55 98.0687 -161.481 109.904 -6.803
-960.597 1071.55 97.0688 -161.481 109.904 -6.803
-960.598 1071.54 96.0688 -161.48 109.905 -6.8
-960.599 1071.53 95.0688 -161.479 109.904 -6.8
-960.6 1071.52 94.0689 -161.482 109.903 -6.8
-960.601 1071.51 93.0689 -161.485 109.901 -6.802
-960.602 1071.51 92.0689 -161.489 109.898 -6.804
-960.603 1071.5 91.069 -161.489 109.898 -6.804
-960.604 1071.49 90.069 -161.494 109.896 -6.808
-960.605 1071.48 89.0691 -161.496 109.896 -6.81
-960.606 1071.47 88.0691 -161.497 109.897 -6.811
-960.607 1071.46 87.0691 -161.497 109.897 -6.811
-960.608 1071.46 86.0692 -161.497 109.898 -6.807
-960.609 1071.45 85.0692 -161.498 109.9 -6.804
-960.61 1071.44 84.0692 -161.497 109.903 -6.807
-960.611 1071.43 83.0693 -161.496 109.904 -6.809
-960.612 1071.42 82.0693 -161.497 109.906 -6.809
-960.613 1071.42 81.0693 -161.496 109.908 -6.811
-960.614 1071.41 80.0694 -161.497 109.907 -6.817
-960.615 1071.4 79.0694 -161.497 109.907 -6.817
-960.616 1071.39 78.0694 -161.497 109.906 -6.821
-960.617 1071.38 77.0695 -161.497 109.906 -6.825
-960.618 1071.37 76.0695 -161.497 109.906 -6.825
-960.619 1071.37 75.0695 -161.498 109.905 -6.831
-960.62 1071.36 74.0696 -161.498 109.906 -6.835
-960.621 1071.35 73.0696 -161.5 109.906 -6.832
-960.622 1071.34 72.0696 -161.501 109.907 -6.833
-960.623 1071.33 71.0697 -161.5 109.907 -6.834
-960.624 1071.32 70.0697 -161.5 109.908 -6.835
-960.625 1071.32 69.0697 -161.5 109.908 -6.835
-960.626 1071.31 68.0698 -161.499 109.908 -6.835
-960.627 1071.3 67.0698 -161.499 109.908 -6.834
-960.628 1071.29 66.0698 -161.5 109.908 -6.833
-960.629 1071.28 65.0699 -161.501 109.908 -6.831
-960.63 1071.28 64.0699 -161.501 109.908 -6.831
-960.631 1071.27 63.0699 -161.502 109.908 -6.831
-960.632 1071.26 62.07 -161.503 109.907 -6.833
-960.633 1071.25 61.07 -161.505 109.906 -6.832
-960.634 1071.24 60.07 -161.505 109.906 -6.832
-960.635 1071.23 59.0701 -161.506 109.906 -6.832
-960.636 1071.23 58.0701 -161.508 109.906 -6.829
-960.637 1071.22 57.0701 -161.509 109.906 -6.825
-960.638 1071.21 56.0702 -161.51 109.907 -6.827
-960.639 1071.2 55.0702 -161.51 109.907 -6.827
-960.64 1071.19 54.0703 -161.509 109.909 -6.829
-960.641 1071.18 53.0703 -161.509 109.91 -6.825
-960.642 1071.18 52.0703 -161.509 109.911 -6.825
-960.643 1071.17 51.0704 -161.509 109.912 -6.827
-960.644 1071.16 50.0704 -161.509 109.912 -6.827
-960.645 1071.15 49.0704 -161.51 109.912 -6.829
-960.646 1071.14 48.0705 -161.51 109.912 -6.831
-960.647 1071.14 47.0705 -161.512 109.911 -6.834
-960.648 1071.13 46.0705 -161.514 109.912 -6.836
-960.649 1071.12 45.0706 -161.514 109.912 -6.836
-960.65 1071.11 44.0706 -161.517 109.913 -6.836
-960.651 1071.1 43.0706 -161.518 109.913 -6.839
-960.652 1071.09 42.0707 -161.518 109.913 -6.839
-960.653 1071.09 41.0707 -161.517 109.915 -6.846
-960.654 1071.08 40.0707 -161.517 109.915 -6.846
-960.655 1071.07 39.0708 -161.517 109.916 -6.849
-960.656 1071.06 38.0708 -161.516 109.916 -6.852
-960.657 1071.05 37.0708 -161.516 109.916 -6.855
-960.658 1071.05 36.0709 -161.517 109.916 -6.86
-960.659 1071.04 35.0709 -161.518 109.916 -6.863
-960.66 1071.03 34.0709 -161.518 109.916 -6.863
-960.661 1071.02 33.071 -161.519 109.915 -6.864
-960.662 1071.01 32.071 -161.521 109.915 -6.865
-960.663 1071 31.071 -161.521 109.915 -6.865
-960.664 1071 30.0711 -161.522 109.915 -6.866
-960.665 1070.99 29.0711 -161.525 109.914 -6.86
-960.666 1070.98 28.0711 -161.525 109.914 -6.86
-960.667 1070.97 27.0712 -161.526 109.913 -6.857
-960.668 1070.96 26.0712 -161.526 109.913 -6.86
-960.669 1070.95 25.0712 -161.527 109.913 -6.861
-960.67 1070.95 24.0713 -161.527 109.914 -6.861
-960.671 1070.94 23.0713 -161.527 109.914 -6.861
-960.672 1070.93 22.0713 -161.527 109.913 -6.859
-960.673 1070.92 21.0714 -161.527 109.913 -6.858
-960.674 1070.91 20.0714 -161.528 109.913 -6.856
-960.675 1070.91 19.0715 -161.529 109.914 -6.857
-960.676 1070.9 18.0715 -161.53 109.914 -6.858
-960.677 1070.89 17.0715 -161.53 109.914 -6.858
-960.678 1070.88 16.0716 -161.531 109.915 -6.859
-960.679 1070.87 15.0716 -161.533 109.916 -6.859
-960.68 1070.86 14.0716 -161.535 109.915 -6.857
-960.681 1070.86 13.0717 -161.535 109.915 -6.854
-960.682 1070.85 12.0717 -161.535 109.915 -6.854
-960.683 1070.84 11.0717 -161.536 109.915 -6.857
-960.684 1070.83 10.0718 -161.535 109.916 -6.863
-960.685 1070.82 9.0718 -161.536 109.917 -6.866
-960.686 1070.81 8.07183 -161.537 109.918 -6.866
-960.687 1070.81 7.07186 -161.537 109.918 -6.866
-960.688 1070.8 6.0719 -161.538 109.919 -6.868
-960.689 1070.79 5.07193 -161.537 109.921 -6.87
-960.69 1070.78 4.07197 -161.537 109.922 -6.872
-960.691 1070.77 3.072 -161.535 109.922 -6.876
-960.692 1070.77 2.07204 -161.535 109.923 -6.88
-960.693 1070.76 1.07207 -161.535 109.923 -6.88
-960.694 1070.75 0.0721041 -161.535 109.923 -6.882
-960.695 1070.74 -0.927862 -161.536 109.923 -6.881
-960.696 1070.73 -1.92783 -161.54 109.923 -6.877
-960.697 1070.72 -2.92779 -161.54 109.924 -6.88
-960.698 1070.72 -3.92776 -161.54 109.924 -6.88
-960.699 1070.71 -4.92772 -161.538 109.924 -6.891
-960.7 1070.7 -5.92769 -161.539 109.924 -6.893
-960.701 1070.69 -6.92766 -161.541 109.925 -6.892
-960.702 1070.68 -7.92762 -161.541 109.925 -6.892
-960.703 1070.68 -8.92759 -161.541 109.925 -6.893
-960.704 1070.67 -9.92755 -161.542 109.924 -6.89
-960.705 1070.66 -10.9275 -161.541 109.924 -6.893
-960.706 1070.65 -11.9275 -161.541 109.924 -6.893
-960.707 1070.64 -12.9274 -161.542 109.924 -6.891
-960.708 1070.63 -13.9274 -161.544 109.925 -6.888
-960.709 1070.63 -14.9274 -161.544 109.925 -6.889
-960.71 1070.62 -15.9273 -161.544 109.925 -6.889
-960.711 1070.61 -16.9273 -161.545 109.925 -6.889
-960.712 1070.6 -17.9273 -161.548 109.925 -6.879
-960.713 1070.59 -18.9272 -161.548 109.924 -6.877
-960.714 1070.58 -19.9272 -161.547 109.924 -6.883
-960.715 1070.58 -20.9272 -161.547 109.924 -6.883
-960.716 1070.57 -21.9271 -161.548 109.924 -6.886
-960.718 1070.56 -22.9271 -161.547 109.924 -6.887
-960.719 1070.55 -23.9271 -161.549 109.924 -6.884
-960.72 1070.54 -24.927 -161.549 109.924 -6.884
-960.721 1070.54 -25.927 -161.553 109.925 -6.885
-960.722 1070.53 -26.927 -161.554 109.925 -6.885
-960.723 1070.52 -27.9269 -161.554 109.925 -6.884
-960.724 1070.51 -28.9269 -161.554 109.925 -6.886
-960.725 1070.5 -29.9269 -161.554 109.925 -6.886
-960.726 1070.49 -30.9268 -161.554 109.926 -6.887
-960.727 1070.49 -31.9268 -161.553 109.928 -6.89
-960.728 1070.48 -32.9268 -161.553 109.928 -6.89
-960.729 1070.47 -33.9267 -161.555 109.928 -6.886
-960.73 1070.46 -34.9267 -161.557 109.928 -6.883
-960.731 1070.45 -35.9267 -161.557 109.929 -6.892
-960.732 1070.44 -36.9266 -161.557 109.93 -6.898
-960.733 1070.44 -37.9266 -161.557 109.93 -6.904
-960.734 1070.43 -38.9266 -161.557 109.93 -6.904
-960.735 1070.42 -39.9265 -161.558 109.93 -6.906
-960.736 1070.41 -40.9265 -161.559 109.931 -6.91
-960.737 1070.4 -41.9265 -161.559 109.931 -6.911
-960.738 1070.4 -42.9264 -161.559 109.931 -6.911
-960.739 1070.39 -43.9264 -161.56 109.93 -6.913
-960.74 1070.38 -44.9264 -161.561 109.931 -6.918
-960.741 1070.37 -45.9263 -161.56 109.93 -6.919
-960.742 1070.36 -46.9263 -161.561 109.931 -6.92
-960.743 1070.35 -47.9262 -161.561 109.931 -6.92
-960.744 1070.35 -48.9262 -161.562 109.932 -6.92
-960.745 1070.34 -49.9262 -161.564 109.932 -6.915
-960.746 1070.33 -50.9261 -161.564 109.932 -6.915
-960.747 1070.32 -51.9261 -161.566 109.931 -6.914
-960.748 1070.31 -52.9261 -161.567 109.931 -6.916
-960.749 1070.31 -53.926 -161.566 109.93 -6.917
-960.75 1070.3 -54.926 -161.566 109.931 -6.919
-960.751 1070.29 -55.926 -161.567 109.931 -6.916
-960.752 1070.28 -56.9259 -161.565 109.931 -6.915
-960.753 1070.27 -57.9259 -161.566 109.931 -6.914
-960.754 1070.26 -58.9259 -161.566 109.931 -6.914
-960.755 1070.26 -59.9258 -161.567 109.932 -6.914
-960.756 1070.25 -60.9258 -161.569 109.932 -6.912
-960.757 1070.24 -61.9258 -161.571 109.933 -6.912
-960.758 1070.23 -62.9257 -161.571 109.933 -6.912
-960.759 1070.22 -63.9257 -161.571 109.935 -6.913
-960.76 1070.21 -64.9257 -161.57 109.938 -6.911
-960.761 1070.21 -65.9256 -161.57 109.938 -6.911
-960.762 1070.2 -66.9256 -161.57 109.938 -6.911
-960.763 1070.19 -67.9256 -161.57 109.938 -6.911
-960.764 1070.18 -68.9255 -161.57 109.938 -6.911
-960.765 1070.17 -69.9255 -161.57 109.938 -6.911
-960.766 1070.17 -70.9255 -161.57 109.938 -6.911
-960.767 1070.16 -71.9254 -161.57 109.938 -6.911
-960.768 1070.15 -72.9254 -161.57 109.938 -6.911
-960.769 1070.14 -73.9254 -161.57 109.938 -6.911
-960.77 1070.13 -74.9253 -161.57 109.938 -6.911
-960.771 1070.12 -75.9253 -161.57 109.938 -6.911
-960.772 1070.12 -76.9253 -161.57 109.938 -6.911
-960.773 1070.11 -77.9252 -161.57 109.938 -6.911
-960.774 1070.1 -78.9252 -161.57 109.938 -6.911
-960.775 1070.09 -79.9252 -161.57 109.938 -6.911
-960.776 1070.08 -80.9251 -161.57 109.938 -6.911
-960.777 1070.07 -81.9251 -161.57 109.938 -6.911
7
-965.382 1071.82 122.698 -161.461 109.902 -6.807
-965.379 1071.82 121.698 -161.461 109.902 -6.807
-965.376 1071.82 120.698 -161.461 109.902 -6.807
-965.373 1071.81 119.698 -161.461 109.902 -6.807
-965.369 1071.81 118.698 -161.461 109.902 -6.807
-965.366 1071.8 117.698 -161.461 109.902 -6.807
-965.363 1071.8 116.698 -161.461 109.902 -6.807
-965.36 1071.79 115.698 -161.461 109.902 -6.807
-965.357 1071.79 114.698 -161.461 109.902 -6.807
-965.354 1071.78 113.698 -161.461 109.902 -6.807
-965.35 1071.78 112.698 -161.461 109.902 -6.807
-965.347 1071.77 111.698 -161.461 109.902 -6.807
-965.344 1071.77 110.698 -161.461 109.902 -6.807
-965.341 1071.77 109.698 -161.461 109.902 -6.807
-965.338 1071.76 108.698 -161.461 109.902 -6.807
-965.335 1071.76 107.698 -161.461 109.902 -6.807
-965.332 1071.75 106.698 -161.461 109.902 -6.807
-965.328 1071.75 105.698 -161.469 109.895 -6.817
-965.325 1071.74 104.698 -161.473 109.891 -6.817
-965.322 1071.74 103.698 -161.477 109.893 -6.821
-965.319 1071.73 102.698 -161.478 109.895 -6.821
-965.316 1071.73 101.698 -161.478 109.895 -6.821
-965.313 1071.73 100.698 -161.478 109.898 -6.821
-965.309 1071.72 99.6982 -161.48 109.901 -6.814
-965.306 1071.72 98.6982 -161.482 109.903 -6.805
-965.303 1071.71 97.6982 -161.482 109.903 -6.805
-965.3 1071.71 96.6982 -161.481 109.904 -6.805
-965.297 1071.7 95.6982 -161.48 109.905 -6.804
-965.294 1071.7 94.6983 -161.48 109.905 -6.802
-965.291 1071.69 93.6983 -161.481 109.905 -6.803
-965.287 1071.69 92.6983 -161.481 109.905 -6.803
-965.284 1071.69 91.6983 -161.484 109.903 -6.805
-965.281 1071.68 90.6983 -161.487 109.901 -6.807
-965.278 1071.68 89.6983 -161.491 109.898 -6.81
-965.275 1071.67 88.6983 -161.495 109.898 -6.813
-965.272 1071.67 87.6984 -161.495 109.898 -6.813
-965.268 1071.66 86.6984 -161.496 109.898 -6.814
-965.265 1071.66 85.6984 -161.498 109.899 -6.81
-965.262 1071.65 84.6984 -161.498 109.899 -6.81
-965.259 1071.65 83.6984 -161.498 109.901 -6.805
-965.256 1071.65 82.6984 -161.497 109.904 -6.809
-965.253 1071.64 81.6984 -161.497 109.906 -6.81
-965.25 1071.64 80.6985 -161.497 109.906 -6.81
-965.246 1071.63 79.6985 -161.497 109.907 -6.81
-965.243 1071.63 78.6985 -161.497 109.907 -6.813
-965.24 1071.62 77.6985 -161.498 109.906 -6.817
-965.237 1071.62 76.6985 -161.498 109.906 -6.817
-965.234 1071.61 75.6985 -161.497 109.906 -6.821
-965.231 1071.61 74.6986 -161.497 109.905 -6.826
-965.227 1071.61 73.6986 -161.498 109.905 -6.83
-965.224 1071.6 72.6986 -161.498 109.905 -6.83
-965.221 1071.6 71.6986 -161.499 109.905 -6.831
-965.218 1071.59 70.6986 -161.501 109.905 -6.828
-965.215 1071.59 69.6986 -161.5 109.906 -6.831
-965.212 1071.58 68.6986 -161.5 109.906 -6.831
-965.209 1071.58 67.6987 -161.499 109.907 -6.833
-965.205 1071.57 66.6987 -161.498 109.907 -6.832
-965.202 1071.57 65.6987 -161.499 109.908 -6.831
-965.199 1071.56 64.6987 -161.499 109.908 -6.833
-965.196 1071.56 63.6987 -161.5 109.908 -6.83
-965.193 1071.56 62.6987 -161.5 109.908 -6.83
-965.19 1071.55 61.6987 -161.503 109.908 -6.833
-965.186 1071.55 60.6988 -161.503 109.908 -6.833
-965.183 1071.54 59.6988 -161.505 109.907 -6.834
-965.18 1071.54 58.6988 -161.507 109.906 -6.832
-965.177 1071.53 57.6988 -161.507 109.906 -6.832
-965.174 1071.53 56.6988 -161.509 109.906 -6.83
-965.171 1071.52 55.6988 -161.509 109.906 -6.828
-965.168 1071.52 54.6988 -161.51 109.907 -6.83
-965.164 1071.52 53.6989 -161.51 109.907 -6.83
-965.161 1071.51 52.6989 -161.509 109.909 -6.831
-965.158 1071.51 51.6989 -161.509 109.911 -6.831
-965.155 1071.5 50.6989 -161.509 109.911 -6.831
-965.152 1071.5 49.6989 -161.51 109.912 -6.83
-965.149 1071.49 48.6989 -161.511 109.913 -6.83
-965.145 1071.49 47.699 -161.511 109.913 -6.83
-965.142 1071.48 46.699 -161.511 109.912 -6.832
-965.139 1071.48 45.699 -161.511 109.912 -6.834
-965.136 1071.48 44.699 -161.513 109.912 -6.835
-965.133 1071.47 43.699 -161.516 109.912 -6.837
-965.13 1071.47 42.699 -161.516 109.912 -6.837
-965.127 1071.46 41.699 -161.518 109.913 -6.835
-965.123 1071.46 40.6991 -161.518 109.914 -6.84
-965.12 1071.45 39.6991 -161.517 109.914 -6.844
-965.117 1071.45 38.6991 -161.517 109.915 -6.846
-965.114 1071.44 37.6991 -161.516 109.915 -6.849
-965.111 1071.44 36.6991 -161.516 109.916 -6.852
-965.108 1071.44 35.6991 -161.516 109.916 -6.855
-965.105 1071.43 34.6991 -161.516 109.916 -6.855
-965.101 1071.43 33.6992 -161.517 109.916 -6.859
-965.098 1071.42 32.6992 -161.519 109.915 -6.862
-965.095 1071.42 31.6992 -161.519 109.915 -6.862
-965.092 1071.41 30.6992 -161.52 109.914 -6.863
-965.089 1071.41 29.6992 -161.521 109.913 -6.864
-965.086 1071.4 28.6992 -161.521 109.913 -6.864
-965.082 1071.4 27.6993 -161.525 109.914 -6.859
-965.079 1071.4 26.6993 -161.526 109.913 -6.856
-965.076 1071.39 25.6993 -161.526 109.913 -6.856
-965.073 1071.39 24.6993 -161.526 109.913 -6.861
-965.07 1071.38 23.6993 -161.527 109.913 -6.862
-965.067 1071.38 22.6993 -161.527 109.913 -6.862
-965.064 1071.37 21.6993 -161.526 109.914 -6.861
-965.06 1071.37 20.6994 -161.526 109.914 -6.861
-965.057 1071.36 19.6994 -161.528 109.915 -6.86
-965.054 1071.36 18.6994 -161.528 109.915 -6.86
-965.051 1071.35 17.6994 -161.529 109.914 -6.86
-965.048 1071.35 16.6994 -161.531 109.915 -6.861
-965.045 1071.35 15.6994 -161.531 109.915 -6.861
-965.041 1071.34 14.6994 -161.532 109.916 -6.863
-965.038 1071.34 13.6995 -161.533 109.916 -6.861
-965.035 1071.33 12.6995 -161.533 109.916 -6.861
-965.032 1071.33 11.6995 -161.536 109.917 -6.856
-965.029 1071.32 10.6995 -161.535 109.917 -6.857
-965.026 1071.32 9.69952 -161.536 109.917 -6.862
-965.023 1071.31 8.69954 -161.536 109.917 -6.862
-965.019 1071.31 7.69955 -161.536 109.917 -6.866
-965.016 1071.31 6.69957 -161.537 109.918 -6.867
-965.013 1071.3 5.69958 -161.538 109.919 -6.868
-965.01 1071.3 4.6996 -161.538 109.92 -6.869
-965.007 1071.29 3.69961 -161.537 109.921 -6.871
-965.004 1071.29 2.69963 -161.537 109.921 -6.871
-965 1071.28 1.69964 -161.538 109.922 -6.873
-964.997 1071.28 0.699657 -161.535 109.922 -6.879
-964.994 1071.27 -0.300328 -161.536 109.923 -6.879
-964.991 1071.27 -1.30031 -161.536 109.923 -6.879
-964.988 1071.27 -2.3003 -161.536 109.923 -6.879
-964.985 1071.26 -3.30028 -161.54 109.923 -6.874
-964.982 1071.26 -4.30027 -161.54 109.923 -6.874
-964.978 1071.25 -5.30025 -161.54 109.924 -6.883
-964.975 1071.25 -6.30024 -161.539 109.924 -6.891
-964.972 1071.24 -7.30022 -161.539 109.924 -6.891
-964.969 1071.24 -8.30021 -161.54 109.924 -6.89
-964.966 1071.23 -9.30019 -161.541 109.923 -6.89
-964.963 1071.23 -10.3002 -161.541 109.923 -6.89
-964.959 1071.23 -11.3002 -161.541 109.923 -6.89
-964.956 1071.22 -12.3001 -161.541 109.923 -6.891
-964.953 1071.22 -13.3001 -161.541 109.923 -6.892
-964.95 1071.21 -14.3001 -161.542 109.924 -6.891
-964.947 1071.21 -15.3001 -161.543 109.924 -6.89
-964.944 1071.2 -16.3001 -161.544 109.925 -6.891
-964.941 1071.2 -17.3001 -161.544 109.925 -6.891
-964.937 1071.19 -18.3001 -161.546 109.925 -6.888
-964.934 1071.19 -19.3 -161.548 109.926 -6.881
-964.931 1071.19 -20.3 -161.547 109.925 -6.882
-964.928 1071.18 -21.3 -161.547 109.925 -6.882
-964.925 1071.18 -22.3 -161.547 109.925 -6.887
-964.922 1071.17 -23.3 -161.547 109.925 -6.889
-964.918 1071.17 -24.3 -161.547 109.925 -6.89
-964.915 1071.16 -25.3 -161.547 109.925 -6.89
-964.912 1071.16 -26.2999 -161.549 109.925 -6.888
-964.909 1071.15 -27.2999 -161.553 109.925 -6.888
-964.906 1071.15 -28.2999 -161.555 109.925 -6.887
-964.903 1071.14 -29.2999 -161.555 109.925 -6.887
-964.9 1071.14 -30.2999 -161.555 109.925 -6.887
-964.896 1071.14 -31.2999 -161.554 109.926 -6.889
-964.893 1071.13 -32.2998 -161.554 109.927 -6.89
-964.89 1071.13 -33.2998 -161.554 109.928 -6.89
-964.887 1071.12 -34.2998 -161.555 109.929 -6.889
-964.884 1071.12 -35.2998 -161.558 109.928 -6.882
-964.881 1071.11 -36.2998 -161.558 109.928 -6.882
-964.877 1071.11 -37.2998 -161.557 109.929 -6.889
-964.874 1071.1 -38.2998 -161.558 109.93 -6.895
-964.871 1071.1 -39.2997 -161.557 109.93 -6.901
-964.868 1071.1 -40.2997 -161.557 109.93 -6.901
-964.865 1071.09 -41.2997 -161.558 109.93 -6.904
-964.862 1071.09 -42.2997 -161.56 109.93 -6.906
-964.859 1071.08 -43.2997 -161.56 109.93 -6.908
-964.855 1071.08 -44.2997 -161.561 109.929 -6.909
-964.852 1071.07 -45.2997 -161.561 109.929 -6.909
-964.849 1071.07 -46.2996 -161.561 109.929 -6.914
-964.846 1071.06 -47.2996 -161.56 109.929 -6.917
-964.843 1071.06 -48.2996 -161.56 109.929 -6.917
-964.84 1071.06 -49.2996 -161.562 109.931 -6.917
-964.836 1071.05 -50.2996 -161.562 109.931 -6.917
-964.833 1071.05 -51.2996 -161.563 109.932 -6.915
-964.83 1071.04 -52.2996 -161.566 109.932 -6.911
-964.827 1071.04 -53.2995 -161.566 109.931 -6.914
-964.824 1071.03 -54.2995 -161.566 109.931 -6.914
-964.821 1071.03 -55.2995 -161.565 109.93 -6.914
-964.818 1071.02 -56.2995 -161.565 109.93 -6.918
-964.814 1071.02 -57.2995 -161.566 109.93 -6.916
-964.811 1071.02 -58.2995 -161.565 109.931 -6.916
-964.808 1071.01 -59.2994 -161.566 109.932 -6.915
-964.805 1071.01 -60.2994 -161.566 109.932 -6.915
-964.802 1071 -61.2994 -161.568 109.932 -6.917
-964.799 1071 -62.2994 -161.569 109.933 -6.915
-964.795 1070.99 -63.2994 -161.569 109.933 -6.915
-964.792 1070.99 -64.2994 -161.571 109.933 -6.916
-964.789 1070.98 -65.2994 -161.571 109.936 -6.916
-964.786 1070.98 -66.2993 -161.571 109.936 -6.916
-964.783 1070.98 -67.2993 -161.571 109.936 -6.916
-964.78 1070.97 -68.2993 -161.571 109.936 -6.916
-964.777 1070.97 -69.2993 -161.571 109.936 -6.916
-964.773 1070.96 -70.2993 -161.571 109.936 -6.916
-964.77 1070.96 -71.2993 -161.571 109.936 -6.916
-964.767 1070.95 -72.2993 -161.571 109.936 -6.916
-964.764 1070.95 -73.2992 -161.571 109.936 -6.916
-964.761 1070.94 -74.2992 -161.571 109.936 -6.916
-964.758 1070.94 -75.2992 -161.571 109.936 -6.916
-964.754 1070.93 -76.2992 -161.571 109.936 -6.916
-964.751 1070.93 -77.2992 -161.571 109.936 -6.916
-964.748 1070.93 -78.2992 -161.571 109.936 -6.916
-964.745 1070.92 -79.2991 -161.571 109.936 -6.916
-964.742 1070.92 -80.2991 -161.571 109.936 -6.916
-964.739 1070.91 -81.2991 -161.571 109.936 -6.916
-964.736 1070.91 -82.2991 -161.571 109.936 -6.916
8
-963.692 1068.24 122.954 -161.462 109.902 -6.808
-963.689 1068.23 121.954 -161.462 109.902 -6.808
-963.686 1068.22 120.954 -161.462 109.902 -6.808
-963.683 1068.21 119.954 -161.462 109.902 -6.808
-963.68 1068.2 118.954 -161.462 109.902 -6.808
-963.677 1068.19 117.954 -161.462 109.902 -6.808
-963.674 1068.18 116.954 -161.462 109.902 -6.808
-963.671 1068.17 115.954 -161.462 109.902 -6.808
-963.668 1068.16 114.954 -161.462 109.902 -6.808
-963.665 1068.15 113.954 -161.462 109.902 -6.808
-963.662 1068.15 112.954 -161.462 109.902 -6.808
-963.659 1068.14 111.955 -161.462 109.902 -6.808
-963.656 1068.13 110.955 -161.462 109.902 -6.808
-963.653 1068.12 109.955 -161.462 109.902 -6.808
-963.65 1068.11 108.955 -161.462 109.902 -6.808
-963.647 1068.1 107.955 -161.462 109.902 -6.808
-963.644 1068.09 106.955 -161.462 109.902 -6.808
-963.641 1068.08 105.955 -161.462 109.902 -6.808
-963.638 1068.07 104.955 -161.47 109.894 -6.817
-963.635 1068.06 103.955 -161.473 109.892 -6.817
-963.632 1068.05 102.955 -161.477 109.894 -6.819
-963.629 1068.05 101.955 -161.479 109.895 -6.818
-963.626 1068.04 100.955 -161.479 109.898 -6.819
-963.623 1068.03 99.9551 -161.481 109.901 -6.813
-963.62 1068.02 98.9551 -161.481 109.901 -6.813
-963.617 1068.01 97.9551 -161.483 109.903 -6.806
-963.614 1068 96.9552 -161.482 109.905 -6.805
-963.611 1067.99 95.9552 -161.48 109.906 -6.804
-963.608 1067.98 94.9553 -161.48 109.906 -6.804
-963.605 1067.97 93.9553 -161.48 109.906 -6.802
-963.602 1067.96 92.9554 -161.482 109.905 -6.804
-963.599 1067.96 91.9554 -161.484 109.903 -6.807
-963.596 1067.95 90.9555 -161.486 109.901 -6.809
-963.593 1067.94 89.9555 -161.486 109.901 -6.809
-963.59 1067.93 88.9556 -161.49 109.898 -6.813
-963.587 1067.92 87.9556 -161.493 109.898 -6.815
-963.584 1067.91 86.9556 -161.494 109.898 -6.817
-963.581 1067.9 85.9557 -161.494 109.898 -6.817
-963.578 1067.89 84.9557 -161.495 109.899 -6.816
-963.574 1067.88 83.9558 -161.496 109.9 -6.812
-963.571 1067.87 82.9558 -161.497 109.902 -6.812
-963.568 1067.86 81.9559 -161.496 109.904 -6.815
-963.565 1067.86 80.9559 -161.496 109.906 -6.815
-963.562 1067.85 79.956 -161.497 109.907 -6.813
-963.559 1067.84 78.956 -161.497 109.908 -6.816
-963.556 1067.83 77.9561 -161.497 109.908 -6.816
-963.553 1067.82 76.9561 -161.496 109.906 -6.819
-963.55 1067.81 75.9561 -161.496 109.905 -6.822
-963.547 1067.8 74.9562 -161.496 109.905 -6.822
-963.544 1067.79 73.9562 -161.497 109.905 -6.825
-963.541 1067.78 72.9563 -161.498 109.905 -6.828
-963.538 1067.77 71.9563 -161.499 109.905 -6.83
-963.535 1067.77 70.9564 -161.501 109.905 -6.829
-963.532 1067.76 69.9564 -161.501 109.906 -6.828
-963.529 1067.75 68.9565 -161.501 109.906 -6.828
-963.526 1067.74 67.9565 -161.5 109.907 -6.83
-963.523 1067.73 66.9566 -161.5 109.907 -6.83
-963.52 1067.72 65.9566 -161.5 109.907 -6.828
-963.517 1067.71 64.9566 -161.5 109.908 -6.827
-963.514 1067.7 63.9567 -161.501 109.908 -6.829
-963.511 1067.69 62.9567 -161.501 109.908 -6.829
-963.508 1067.68 61.9568 -161.502 109.908 -6.829
-963.505 1067.67 60.9568 -161.504 109.907 -6.831
-963.502 1067.67 59.9569 -161.504 109.907 -6.831
-963.499 1067.66 58.9569 -161.505 109.907 -6.832
-963.496 1067.65 57.957 -161.506 109.906 -6.832
-963.493 1067.64 56.957 -161.508 109.906 -6.832
-963.49 1067.63 55.9571 -161.508 109.906 -6.831
-963.487 1067.62 54.9571 -161.508 109.906 -6.831
-963.484 1067.61 53.9571 -161.508 109.907 -6.832
-963.481 1067.6 52.9572 -161.51 109.908 -6.834
-963.478 1067.59 51.9572 -161.509 109.909 -6.834
-963.475 1067.58 50.9573 -161.509 109.911 -6.832
-963.472 1067.58 49.9573 -161.509 109.912 -6.832
-963.469 1067.57 48.9574 -161.509 109.913 -6.833
-963.466 1067.56 47.9574 -161.51 109.913 -6.834
-963.463 1067.55 46.9575 -161.51 109.912 -6.836
-963.46 1067.54 45.9575 -161.51 109.912 -6.836
-963.457 1067.53 44.9576 -161.51 109.912 -6.839
-963.454 1067.52 43.9576 -161.513 109.911 -6.84
-963.451 1067.51 42.9576 -161.517 109.912 -6.838
-963.448 1067.5 41.9577 -161.517 109.912 -6.838
-963.445 1067.49 40.9577 -161.518 109.913 -6.839
-963.442 1067.48 39.9578 -161.517 109.914 -6.844
-963.439 1067.48 38.9578 -161.517 109.914 -6.844
-963.436 1067.47 37.9579 -161.517 109.915 -6.845
-963.433 1067.46 36.9579 -161.517 109.915 -6.848
-963.43 1067.45 35.958 -161.517 109.916 -6.851
-963.427 1067.44 34.958 -161.517 109.916 -6.851
-963.424 1067.43 33.9581 -161.517 109.916 -6.853
-963.421 1067.42 32.9581 -161.518 109.915 -6.855
-963.418 1067.41 31.9581 -161.52 109.915 -6.857
-963.415 1067.4 30.9582 -161.52 109.914 -6.858
-963.412 1067.39 29.9582 -161.521 109.914 -6.858
-963.409 1067.39 28.9583 -161.521 109.914 -6.858
-963.406 1067.38 27.9583 -161.523 109.913 -6.859
-963.403 1067.37 26.9584 -161.525 109.913 -6.856
-963.4 1067.36 25.9584 -161.527 109.913 -6.853
-963.397 1067.35 24.9585 -161.527 109.913 -6.853
-963.394 1067.34 23.9585 -161.527 109.913 -6.856
-963.391 1067.33 22.9586 -161.527 109.913 -6.86
-963.388 1067.32 21.9586 -161.526 109.913 -6.858
-963.385 1067.31 20.9586 -161.526 109.914 -6.86
-963.382 1067.3 19.9587 -161.526 109.914 -6.86
-963.379 1067.29 18.9587 -161.528 109.914 -6.86
-963.376 1067.29 17.9588 -161.529 109.914 -6.862
-963.373 1067.28 16.9588 -161.53 109.915 -6.864
-963.37 1067.27 15.9589 -161.53 109.915 -6.864
-963.367 1067.26 14.9589 -161.531 109.916 -6.866
-963.364 1067.25 13.959 -161.531 109.916 -6.868
-963.361 1067.24 12.959 -161.534 109.916 -6.866
-963.358 1067.23 11.9591 -161.534 109.916 -6.866
-963.355 1067.22 10.9591 -161.535 109.917 -6.864
-963.352 1067.21 9.95915 -161.535 109.917 -6.864
-963.349 1067.2 8.95919 -161.536 109.917 -6.868
-963.346 1067.2 7.95924 -161.535 109.917 -6.871
-963.343 1067.19 6.95928 -161.536 109.917 -6.871
-963.34 1067.18 5.95933 -161.537 109.918 -6.87
-963.337 1067.17 4.95937 -161.537 109.919 -6.872
-963.334 1067.16 3.95942 -161.537 109.919 -6.872
-963.331 1067.15 2.95946 -161.537 109.922 -6.873
-963.328 1067.14 1.95951 -161.537 109.923 -6.874
-963.325 1067.13 0.959555 -161.536 109.923 -6.875
-963.322 1067.12 -0.0403997 -161.535 109.923 -6.878
-963.319 1067.11 -1.04035 -161.535 109.924 -6.88
-963.316 1067.1 -2.04031 -161.535 109.924 -6.88
-963.313 1067.1 -3.04026 -161.537 109.923 -6.878
-963.31 1067.09 -4.04022 -161.54 109.923 -6.874
-963.307 1067.08 -5.04017 -161.54 109.923 -6.874
-963.304 1067.07 -6.04013 -161.539 109.923 -6.882
-963.3 1067.06 -7.04008 -161.539 109.923 -6.887
-963.297 1067.05 -8.04004 -161.54 109.923 -6.887
-963.294 1067.04 -9.03999 -161.542 109.923 -6.885
-963.291 1067.03 -10.0399 -161.542 109.923 -6.885
-963.288 1067.02 -11.0399 -161.541 109.923 -6.886
-963.285 1067.01 -12.0399 -161.541 109.923 -6.885
-963.282 1067.01 -13.0398 -161.542 109.923 -6.886
-963.279 1067 -14.0398 -161.542 109.923 -6.887
-963.276 1066.99 -15.0397 -161.542 109.923 -6.887
-963.273 1066.98 -16.0397 -161.543 109.923 -6.885
-963.27 1066.97 -17.0396 -161.545 109.924 -6.887
-963.267 1066.96 -18.0396 -161.545 109.924 -6.887
-963.264 1066.95 -19.0395 -161.547 109.924 -6.884
-963.261 1066.94 -20.0395 -161.548 109.924 -6.878
-963.258 1066.93 -21.0394 -161.547 109.924 -6.882
-963.255 1066.92 -22.0394 -161.546 109.924 -6.885
-963.252 1066.91 -23.0394 -161.547 109.925 -6.888
-963.249 1066.91 -24.0393 -161.547 109.925 -6.888
-963.246 1066.9 -25.0393 -161.547 109.925 -6.888
-963.243 1066.89 -26.0392 -161.547 109.925 -6.888
-963.24 1066.88 -27.0392 -161.55 109.925 -6.888
-963.237 1066.87 -28.0391 -161.552 109.926 -6.89
-963.234 1066.86 -29.0391 -161.552 109.926 -6.89
-963.231 1066.85 -30.039 -161.553 109.926 -6.889
-963.228 1066.84 -31.039 -161.552 109.925 -6.89
-963.225 1066.83 -32.0389 -161.552 109.927 -6.892
-963.222 1066.82 -33.0389 -161.552 109.927 -6.892
-963.219 1066.82 -34.0389 -161.552 109.928 -6.892
-963.216 1066.81 -35.0388 -161.553 109.928 -6.889
-963.213 1066.8 -36.0388 -161.555 109.928 -6.885
-963.21 1066.79 -37.0387 -161.556 109.928 -6.889
-963.207 1066.78 -38.0387 -161.556 109.928 -6.889
-963.204 1066.77 -39.0386 -161.556 109.929 -6.897
-963.201 1066.76 -40.0386 -161.556 109.929 -6.902
-963.198 1066.75 -41.0385 -161.558 109.929 -6.903
-963.195 1066.74 -42.0385 -161.558 109.929 -6.903
-963.192 1066.73 -43.0384 -161.559 109.93 -6.905
-963.189 1066.72 -44.0384 -161.56 109.929 -6.906
-963.186 1066.72 -45.0384 -161.56 109.929 -6.906
-963.183 1066.71 -46.0383 -161.561 109.929 -6.908
-963.18 1066.7 -47.0383 -161.56 109.929 -6.911
-963.177 1066.69 -48.0382 -161.56 109.929 -6.912
-963.174 1066.68 -49.0382 -161.561 109.93 -6.913
-963.171 1066.67 -50.0381 -161.562 109.93 -6.914
-963.168 1066.66 -51.0381 -161.564 109.932 -6.912
-963.165 1066.65 -52.038 -161.564 109.932 -6.912
-963.162 1066.64 -53.038 -161.567 109.932 -6.907
-963.159 1066.63 -54.0379 -161.567 109.932 -6.907
-963.156 1066.63 -55.0379 -161.566 109.931 -6.91
-963.153 1066.62 -56.0379 -161.566 109.931 -6.91
-963.15 1066.61 -57.0378 -161.565 109.93 -6.913
-963.147 1066.6 -58.0378 -161.566 109.931 -6.912
-963.144 1066.59 -59.0377 -161.565 109.931 -6.912
-963.141 1066.58 -60.0377 -161.565 109.931 -6.913
-963.138 1066.57 -61.0376 -161.568 109.932 -6.914
-963.135 1066.56 -62.0376 -161.568 109.932 -6.914
-963.132 1066.55 -63.0375 -161.568 109.932 -6.915
-963.129 1066.54 -64.0375 -161.57 109.933 -6.914
-963.126 1066.53 -65.0374 -161.57 109.934 -6.915
-963.123 1066.53 -66.0374 -161.569 109.936 -6.914
-963.12 1066.52 -67.0374 -161.569 109.936 -6.914
-963.117 1066.51 -68.0373 -161.569 109.936 -6.914
-963.114 1066.5 -69.0373 -161.569 109.936 -6.914
-963.111 1066.49 -70.0372 -161.569 109.936 -6.914
-963.108 1066.48 -71.0372 -161.569 109.936 -6.914
-963.105 1066.47 -72.0371 -161.569 109.936 -6.914
-963.102 1066.46 -73.0371 -161.569 109.936 -6.914
-963.099 1066.45 -74.037 -161.569 109.936 -6.914
-963.096 1066.44 -75.037 -161.569 109.936 -6.914
-963.093 1066.44 -76.0369 -161.569 109.936 -6.914
-963.09 1066.43 -77.0369 -161.569 109.936 -6.914
-963.087 1066.42 -78.0369 -161.569 109.936 -6.914
-963.084 1066.41 -79.0368 -161.569 109.936 -6.914
-963.081 1066.4 -80.0368 -161.569 109.936 -6.914
-963.078 1066.39 -81.0367 -161.569 109.936 -6.914
-963.075 1066.38 -82.0367 -161.569 109.936 -6.914
9
-960.173 1069.95 123.4 -161.461 109.903 -6.808
-960.171 1069.94 122.4 -161.461 109.903 -6.808
-960.168 1069.93 121.4 -161.461 109.903 -6.808
-960.165 1069.91 120.4 -161.461 109.903 -6.808
-960.162 1069.9 119.4 -161.461 109.903 -6.808
-960.159 1069.89 118.4 -161.461 109.903 -6.808
-960.156 1069.88 117.4 -161.461 109.903 -6.808
-960.153 1069.87 116.4 -161.461 109.903 -6.808
-960.151 1069.86 115.4 -161.461 109.903 -6.808
-960.148 1069.85 114.4 -161.461 109.903 -6.808
-960.145 1069.84 113.4 -161.461 109.903 -6.808
-960.142 1069.83 112.4 -161.461 109.903 -6.808
-960.139 1069.82 111.401 -161.461 109.903 -6.808
-960.136 1069.81 110.401 -161.461 109.903 -6.808
-960.133 1069.8 109.401 -161.461 109.903 -6.808
-960.131 1069.79 108.401 -161.461 109.903 -6.808
-960.128 1069.77 107.401 -161.47 109.894 -6.816
-960.125 1069.76 106.401 -161.47 109.894 -6.816
-960.122 1069.75 105.401 -161.473 109.891 -6.818
-960.119 1069.74 104.401 -161.478 109.892 -6.819
-960.116 1069.73 103.401 -161.479 109.895 -6.82
-960.113 1069.72 102.401 -161.48 109.897 -6.82
-960.111 1069.71 101.401 -161.481 109.9 -6.815
-960.108 1069.7 100.401 -161.481 109.9 -6.815
-960.105 1069.69 99.4013 -161.482 109.903 -6.806
-960.102 1069.68 98.4013 -161.482 109.904 -6.804
-960.099 1069.67 97.4014 -161.48 109.906 -6.803
-960.096 1069.66 96.4015 -161.48 109.906 -6.803
-960.093 1069.64 95.4015 -161.479 109.906 -6.802
-960.091 1069.63 94.4016 -161.481 109.905 -6.803
-960.088 1069.62 93.4016 -161.483 109.903 -6.805
-960.085 1069.61 92.4017 -161.487 109.901 -6.808
-960.082 1069.6 91.4018 -161.487 109.901 -6.808
-960.079 1069.59 90.4018 -161.49 109.899 -6.811
-960.076 1069.58 89.4019 -161.493 109.897 -6.812
-960.073 1069.57 88.402 -161.495 109.898 -6.816
-960.07 1069.56 87.402 -161.496 109.898 -6.814
-960.068 1069.55 86.4021 -161.497 109.899 -6.811
-960.065 1069.54 85.4021 -161.498 109.901 -6.809
-960.062 1069.53 84.4022 -161.498 109.901 -6.809
-960.059 1069.51 83.4023 -161.496 109.904 -6.814
-960.056 1069.5 82.4023 -161.496 109.906 -6.814
-960.053 1069.49 81.4024 -161.497 109.907 -6.812
-960.05 1069.48 80.4025 -161.497 109.907 -6.812
-960.048 1069.47 79.4025 -161.497 109.907 -6.817
-960.045 1069.46 78.4026 -161.497 109.906 -6.819
-960.042 1069.45 77.4026 -161.497 109.906 -6.819
-960.039 1069.44 76.4027 -161.497 109.905 -6.823
-960.036 1069.43 75.4028 -161.498 109.904 -6.828
-960.033 1069.42 74.4028 -161.499 109.905 -6.83
-960.03 1069.41 73.4029 -161.499 109.905 -6.83
-960.028 1069.4 72.403 -161.501 109.905 -6.828
-960.025 1069.39 71.403 -161.501 109.906 -6.828
-960.022 1069.37 70.4031 -161.501 109.906 -6.828
-960.019 1069.36 69.4031 -161.501 109.906 -6.829
-960.016 1069.35 68.4032 -161.5 109.907 -6.83
-960.013 1069.34 67.4033 -161.499 109.907 -6.828
-960.01 1069.33 66.4033 -161.5 109.907 -6.828
-960.008 1069.32 65.4034 -161.5 109.907 -6.828
-960.005 1069.31 64.4035 -161.501 109.908 -6.83
-960.002 1069.3 63.4035 -161.503 109.908 -6.83
-959.999 1069.29 62.4036 -161.503 109.908 -6.83
-959.996 1069.28 61.4036 -161.504 109.907 -6.833
-959.993 1069.27 60.4037 -161.506 109.907 -6.832
-959.99 1069.26 59.4038 -161.507 109.906 -6.831
-959.988 1069.24 58.4038 -161.507 109.906 -6.831
-959.985 1069.23 57.4039 -161.508 109.906 -6.831
-959.982 1069.22 56.404 -161.509 109.906 -6.829
-959.979 1069.21 55.404 -161.509 109.907 -6.83
-959.976 1069.2 54.4041 -161.509 109.909 -6.832
-959.973 1069.19 53.4041 -161.509 109.911 -6.831
-959.97 1069.18 52.4042 -161.509 109.911 -6.831
-959.968 1069.17 51.4043 -161.509 109.911 -6.831
-959.965 1069.16 50.4043 -161.509 109.913 -6.832
-959.962 1069.15 49.4044 -161.51 109.913 -6.833
-959.959 1069.14 48.4045 -161.51 109.913 -6.835
-959.956 1069.13 47.4045 -161.51 109.913 -6.836
-959.953 1069.12 46.4046 -161.511 109.912 -6.837
-959.95 1069.1 45.4046 -161.514 109.912 -6.838
-959.948 1069.09 44.4047 -161.516 109.912 -6.838
-959.945 1069.08 43.4048 -161.516 109.912 -6.838
-959.942 1069.07 42.4048 -161.519 109.913 -6.836
-959.939 1069.06 41.4049 -161.518 109.914 -6.841
-959.936 1069.05 40.405 -161.517 109.915 -6.845
-959.933 1069.04 39.405 -161.517 109.915 -6.846
-959.93 1069.03 38.4051 -161.517 109.915 -6.846
-959.928 1069.02 37.4051 -161.517 109.916 -6.85
-959.925 1069.01 36.4052 -161.516 109.916 -6.852
-959.922 1069 35.4053 -161.518 109.916 -6.855
-959.919 1068.99 34.4053 -161.519 109.916 -6.858
-959.916 1068.97 33.4054 -161.519 109.916 -6.858
-959.913 1068.96 32.4055 -161.52 109.915 -6.86
-959.91 1068.95 31.4055 -161.521 109.914 -6.861
-959.908 1068.94 30.4056 -161.522 109.914 -6.862
-959.905 1068.93 29.4056 -161.522 109.914 -6.862
-959.902 1068.92 28.4057 -161.526 109.913 -6.858
-959.899 1068.91 27.4058 -161.526 109.913 -6.856
-959.896 1068.9 26.4058 -161.527 109.913 -6.857
-959.893 1068.89 25.4059 -161.527 109.913 -6.86
-959.89 1068.88 24.406 -161.527 109.913 -6.86
-959.888 1068.87 23.406 -161.527 109.913 -6.861
-959.885 1068.86 22.4061 -161.527 109.914 -6.86
-959.882 1068.85 21.4061 -161.527 109.914 -6.86
-959.879 1068.83 20.4062 -161.527 109.914 -6.86
-959.876 1068.82 19.4063 -161.528 109.914 -6.86
-959.873 1068.81 18.4063 -161.529 109.914 -6.861
-959.87 1068.8 17.4064 -161.529 109.914 -6.861
-959.868 1068.79 16.4065 -161.53 109.915 -6.863
-959.865 1068.78 15.4065 -161.532 109.916 -6.863
-959.862 1068.77 14.4066 -161.532 109.916 -6.864
-959.859 1068.76 13.4066 -161.534 109.916 -6.86
-959.856 1068.75 12.4067 -161.536 109.916 -6.858
-959.853 1068.74 11.4068 -161.536 109.916 -6.862
-959.85 1068.73 10.4068 -161.536 109.916 -6.862
-959.848 1068.72 9.40689 -161.535 109.916 -6.867
-959.845 1068.7 8.40696 -161.536 109.917 -6.869
-959.842 1068.69 7.40702 -161.537 109.918 -6.869
-959.839 1068.68 6.40708 -161.537 109.918 -6.869
-959.836 1068.67 5.40714 -161.538 109.92 -6.87
-959.833 1068.66 4.40721 -161.538 109.921 -6.872
-959.83 1068.65 3.40727 -161.538 109.921 -6.872
-959.828 1068.64 2.40733 -161.537 109.922 -6.875
-959.825 1068.63 1.40739 -161.536 109.923 -6.878
-959.822 1068.62 0.407455 -161.536 109.923 -6.879
-959.819 1068.61 -0.592482 -161.537 109.923 -6.879
-959.816 1068.6 -1.59242 -161.537 109.923 -6.879
-959.813 1068.59 -2.59236 -161.54 109.923 -6.874
-959.81 1068.58 -3.59229 -161.541 109.924 -6.874
-959.808 1068.56 -4.59223 -161.539 109.924 -6.882
-959.805 1068.55 -5.59217 -161.538 109.923 -6.888
-959.802 1068.54 -6.59211 -161.541 109.924 -6.886
-959.799 1068.53 -7.59205 -161.541 109.924 -6.886
-959.796 1068.52 -8.59198 -161.542 109.924 -6.888
-959.793 1068.51 -9.59192 -161.542 109.923 -6.886
-959.79 1068.5 -10.5919 -161.542 109.923 -6.886
-959.788 1068.49 -11.5918 -161.542 109.923 -6.889
-959.785 1068.48 -12.5917 -161.542 109.923 -6.889
-959.782 1068.47 -13.5917 -161.543 109.924 -6.887
-959.779 1068.46 -14.5916 -161.544 109.924 -6.887
-959.776 1068.45 -15.5915 -161.544 109.924 -6.887
-959.773 1068.43 -16.5915 -161.545 109.925 -6.888
-959.77 1068.42 -17.5914 -161.546 109.925 -6.886
-959.768 1068.41 -18.5914 -161.548 109.925 -6.878
-959.765 1068.4 -19.5913 -161.547 109.924 -6.882
-959.762 1068.39 -20.5912 -161.547 109.924 -6.882
-959.759 1068.38 -21.5912 -161.547 109.925 -6.887
-959.756 1068.37 -22.5911 -161.548 109.925 -6.889
-959.753 1068.36 -23.591 -161.547 109.925 -6.89
-959.75 1068.35 -24.591 -161.549 109.925 -6.889
-959.748 1068.34 -25.5909 -161.549 109.925 -6.889
-959.745 1068.33 -26.5909 -161.553 109.925 -6.889
-959.742 1068.32 -27.5908 -161.553 109.926 -6.89
-959.739 1068.31 -28.5907 -161.553 109.926 -6.89
-959.736 1068.29 -29.5907 -161.553 109.926 -6.89
-959.733 1068.28 -30.5906 -161.553 109.926 -6.891
-959.73 1068.27 -31.5905 -161.553 109.927 -6.892
-959.728 1068.26 -32.5905 -161.553 109.929 -6.893
-959.725 1068.25 -33.5904 -161.554 109.928 -6.888
-959.722 1068.24 -34.5904 -161.554 109.928 -6.888
-959.719 1068.23 -35.5903 -161.556 109.929 -6.885
-959.716 1068.22 -36.5902 -161.557 109.93 -6.892
-959.713 1068.21 -37.5902 -161.557 109.93 -6.897
-959.71 1068.2 -38.5901 -161.557 109.93 -6.904
-959.707 1068.19 -39.59 -161.559 109.93 -6.905
-959.705 1068.18 -40.59 -161.559 109.93 -6.905
-959.702 1068.16 -41.5899 -161.56 109.931 -6.906
-959.699 1068.15 -42.5899 -161.56 109.931 -6.909
-959.696 1068.14 -43.5898 -161.56 109.931 -6.909
-959.693 1068.13 -44.5897 -161.561 109.929 -6.911
-959.69 1068.12 -45.5897 -161.561 109.929 -6.914
-959.687 1068.11 -46.5896 -161.561 109.929 -6.914
-959.685 1068.1 -47.5895 -161.563 109.93 -6.917
-959.682 1068.09 -48.5895 -161.563 109.93 -6.917
-959.679 1068.08 -49.5894 -161.564 109.931 -6.916
-959.676 1068.07 -50.5894 -161.566 109.931 -6.91
-959.673 1068.06 -51.5893 -161.568 109.931 -6.909
-959.67 1068.05 -52.5892 -161.568 109.931 -6.909
-959.667 1068.04 -53.5892 -161.566 109.93 -6.913
-959.665 1068.02 -54.5891 -161.566 109.93 -6.915
-959.662 1068.01 -55.589 -161.566 109.93 -6.915
-959.659 1068 -56.589 -161.565 109.931 -6.913
-959.656 1067.99 -57.5889 -161.565 109.931 -6.913
-959.653 1067.98 -58.5889 -161.564 109.931 -6.913
-959.65 1067.97 -59.5888 -161.566 109.931 -6.913
-959.647 1067.96 -60.5887 -161.567 109.932 -6.914
-959.645 1067.95 -61.5887 -161.569 109.932 -6.913
-959.642 1067.94 -62.5886 -161.57 109.933 -6.915
-959.639 1067.93 -63.5885 -161.57 109.933 -6.915
-959.636 1067.92 -64.5885 -161.569 109.936 -6.915
-959.633 1067.91 -65.5884 -161.568 109.938 -6.914
-959.63 1067.89 -66.5884 -161.568 109.938 -6.914
-959.627 1067.88 -67.5883 -161.568 109.938 -6.914
-959.625 1067.87 -68.5882 -161.568 109.938 -6.914
-959.622 1067.86 -69.5882 -161.568 109.938 -6.914
-959.619 1067.85 -70.5881 -161.568 109.938 -6.914
-959.616 1067.84 -71.588 -161.568 109.938 -6.914
-959.613 1067.83 -72.588 -161.568 109.938 -6.914
-959.61 1067.82 -73.5879 -161.568 109.938 -6.914
-959.607 1067.81 -74.5879 -161.568 109.938 -6.914
-959.605 1067.8 -75.5878 -161.568 109.938 -6.914
-959.602 1067.79 -76.5877 -161.568 109.938 -6.914
-959.599 1067.78 -77.5877 -161.568 109.938 -6.914
-959.596 1067.76 -78.5876 -161.568 109.938 -6.914
-959.593 1067.75 -79.5876 -161.568 109.938 -6.914
-959.59 1067.74 -80.5875 -161.568 109.938 -6.914
-959.587 1067.73 -81.5874 -161.568 109.938 -6.914
