1
-950.879 1208.39 -100.551 -178.311 135.005 -83.075
-951.135 1207.43 -100.581 -178.311 135.005 -83.075
-951.391 1206.46 -100.61 -178.311 135.005 -83.075
-951.647 1205.5 -100.64 -178.311 135.005 -83.075
-951.903 1204.53 -100.669 -178.311 135.005 -83.075
-952.159 1203.56 -100.699 -178.311 135.005 -83.075
-952.415 1202.6 -100.728 -178.311 135.005 -83.075
-952.671 1201.63 -100.758 -178.311 135.005 -83.075
-952.927 1200.67 -100.787 -178.311 135.005 -83.075
-953.183 1199.7 -100.817 -178.311 135.005 -83.075
-953.439 1198.73 -100.846 -178.311 135.005 -83.075
-953.696 1197.77 -100.876 -178.311 135.005 -83.075
-953.952 1196.8 -100.905 -178.311 135.005 -83.075
-954.208 1195.83 -100.934 -178.311 135.005 -83.075
-954.464 1194.87 -100.964 -178.327 135.128 -83.139
-954.72 1193.9 -100.993 -178.303 135.226 -83.094
-954.976 1192.94 -101.023 -178.303 135.226 -83.094
-955.232 1191.97 -101.052 -178.28 135.292 -83.077
-955.488 1191 -101.082 -178.25 135.381 -83.051
-955.744 1190.04 -101.111 -178.235 135.468 -83.034
-956 1189.07 -101.141 -178.223 135.559 -83.025
-956.256 1188.1 -101.17 -178.204 135.65 -83.007
-956.512 1187.14 -101.2 -178.191 135.746 -82.999
-956.768 1186.17 -101.229 -178.191 135.746 -82.999
-957.024 1185.21 -101.259 -178.176 135.838 -82.983
-957.28 1184.24 -101.288 -178.158 135.948 -82.98
-957.537 1183.27 -101.317 -178.142 136.043 -82.972
-957.793 1182.31 -101.347 -178.128 136.136 -82.963
-958.049 1181.34 -101.376 -178.128 136.136 -82.963
-958.305 1180.37 -101.406 -178.107 136.227 -82.95
-958.561 1179.41 -101.435 -178.089 136.319 -82.936
-958.817 1178.44 -101.465 -178.066 136.413 -82.927
-959.073 1177.48 -101.494 -178.05 136.494 -82.913
-959.329 1176.51 -101.524 -178.036 136.571 -82.9
-959.585 1175.54 -101.553 -178.02 136.663 -82.876
-959.841 1174.58 -101.583 -178.02 136.663 -82.876
-960.097 1173.61 -101.612 -178.001 136.735 -82.86
-960.353 1172.65 -101.642 -177.989 136.808 -82.847
-960.609 1171.68 -101.671 -177.989 136.808 -82.847
-960.865 1170.71 -101.701 -177.989 136.808 -82.847
-961.121 1169.75 -101.73 -177.989 136.808 -82.847
2
-943.714 1207.33 -100.919 -178.309 135.006 -83.074
-944.005 1206.37 -100.938 -178.309 135.006 -83.074
-944.295 1205.41 -100.958 -178.309 135.006 -83.074
-944.585 1204.46 -100.977 -178.309 135.006 -83.074
-944.876 1203.5 -100.996 -178.309 135.006 -83.074
-945.166 1202.54 -101.016 -178.309 135.006 -83.074
-945.456 1201.59 -101.035 -178.309 135.006 -83.074
-945.747 1200.63 -101.054 -178.309 135.006 -83.074
-946.037 1199.67 -101.074 -178.309 135.006 -83.074
-946.327 1198.72 -101.093 -178.309 135.006 -83.074
-946.618 1197.76 -101.113 -178.309 135.006 -83.074
-946.908 1196.8 -101.132 -178.309 135.006 -83.074
-947.198 1195.85 -101.151 -178.309 135.006 -83.074
-947.489 1194.89 -101.171 -178.309 135.006 -83.074
-947.779 1193.93 -101.19 -178.307 135.189 -83.096
-948.069 1192.98 -101.209 -178.307 135.189 -83.096
-948.36 1192.02 -101.229 -178.259 135.343 -83.063
-948.65 1191.06 -101.248 -178.259 135.343 -83.063
-948.94 1190.11 -101.267 -178.244 135.445 -83.041
-949.231 1189.15 -101.287 -178.244 135.445 -83.041
-949.521 1188.19 -101.306 -178.214 135.607 -83.019
-949.811 1187.24 -101.325 -178.196 135.7 -83.008
-950.102 1186.28 -101.345 -178.196 135.7 -83.008
-950.392 1185.32 -101.364 -178.171 135.878 -82.984
-950.682 1184.37 -101.384 -178.171 135.878 -82.984
-950.973 1183.41 -101.403 -178.158 135.962 -82.978
-951.263 1182.45 -101.422 -178.14 136.055 -82.971
-951.553 1181.5 -101.442 -178.14 136.055 -82.971
-951.844 1180.54 -101.461 -178.103 136.237 -82.947
-952.134 1179.58 -101.48 -178.103 136.237 -82.947
-952.424 1178.63 -101.5 -178.084 136.34 -82.931
-952.715 1177.67 -101.519 -178.063 136.438 -82.933
-953.005 1176.71 -101.538 -178.044 136.539 -82.909
-953.295 1175.76 -101.558 -178.044 136.539 -82.909
-953.586 1174.8 -101.577 -178.028 136.636 -82.89
-953.876 1173.84 -101.596 -178.014 136.709 -82.872
-954.166 1172.89 -101.616 -177.998 136.792 -82.858
-954.457 1171.93 -101.635 -177.981 136.875 -82.849
-954.747 1170.97 -101.654 -177.981 136.875 -82.849
-955.038 1170.02 -101.674 -177.981 136.875 -82.849
-955.328 1169.06 -101.693 -177.981 136.875 -82.849
3
-952.169 1209.28 -101.988 -178.309 135.005 -83.073
-952.444 1208.32 -101.981 -178.309 135.005 -83.073
-952.719 1207.36 -101.975 -178.309 135.005 -83.073
-952.994 1206.4 -101.968 -178.309 135.005 -83.073
-953.269 1205.44 -101.962 -178.309 135.005 -83.073
-953.544 1204.47 -101.955 -178.309 135.005 -83.073
-953.819 1203.51 -101.949 -178.309 135.005 -83.073
-954.094 1202.55 -101.942 -178.309 135.005 -83.073
-954.368 1201.59 -101.936 -178.309 135.005 -83.073
-954.643 1200.63 -101.929 -178.309 135.005 -83.073
-954.918 1199.67 -101.923 -178.309 135.005 -83.073
-955.193 1198.71 -101.917 -178.309 135.005 -83.073
-955.468 1197.74 -101.91 -178.309 135.005 -83.073
-955.743 1196.78 -101.904 -178.309 135.005 -83.073
-956.018 1195.82 -101.897 -178.309 135.005 -83.073
-956.293 1194.86 -101.891 -178.325 135.115 -83.127
-956.568 1193.9 -101.884 -178.3 135.172 -83.088
-956.842 1192.94 -101.878 -178.281 135.24 -83.064
-957.117 1191.98 -101.871 -178.268 135.321 -83.063
-957.392 1191.01 -101.865 -178.254 135.411 -83.043
-957.667 1190.05 -101.859 -178.235 135.495 -83.041
-957.942 1189.09 -101.852 -178.221 135.572 -83.023
-958.217 1188.13 -101.846 -178.209 135.647 -83.018
-958.492 1187.17 -101.839 -178.193 135.733 -83.001
-958.767 1186.21 -101.833 -178.179 135.807 -82.993
-959.042 1185.24 -101.826 -178.163 135.893 -82.988
-959.316 1184.28 -101.82 -178.154 135.976 -82.984
-959.591 1183.32 -101.813 -178.154 135.976 -82.984
-959.866 1182.36 -101.807 -178.135 136.068 -82.969
-960.141 1181.4 -101.801 -178.116 136.155 -82.953
-960.416 1180.44 -101.794 -178.1 136.244 -82.947
-960.691 1179.48 -101.788 -178.085 136.324 -82.932
-960.966 1178.51 -101.781 -178.067 136.408 -82.934
-961.241 1177.55 -101.775 -178.054 136.487 -82.913
-961.516 1176.59 -101.768 -178.04 136.574 -82.905
-961.79 1175.63 -101.762 -178.027 136.645 -82.891
-962.065 1174.67 -101.755 -178.01 136.725 -82.88
-962.34 1173.71 -101.749 -177.998 136.807 -82.871
-962.615 1172.75 -101.743 -177.998 136.807 -82.871
-962.89 1171.78 -101.736 -177.982 136.886 -82.862
-963.165 1170.82 -101.73 -177.982 136.886 -82.862
4
-950.982 1209.79 -102.387 -178.309 135.005 -83.073
-951.26 1208.83 -102.383 -178.309 135.005 -83.073
-951.539 1207.87 -102.38 -178.309 135.005 -83.073
-951.817 1206.91 -102.376 -178.309 135.005 -83.073
-952.095 1205.95 -102.373 -178.309 135.005 -83.073
-952.373 1204.99 -102.369 -178.309 135.005 -83.073
-952.652 1204.03 -102.366 -178.309 135.005 -83.073
-952.93 1203.07 -102.362 -178.309 135.005 -83.073
-953.208 1202.1 -102.359 -178.309 135.005 -83.073
-953.486 1201.14 -102.355 -178.309 135.005 -83.073
-953.764 1200.18 -102.352 -178.309 135.005 -83.073
-954.043 1199.22 -102.348 -178.309 135.005 -83.073
-954.321 1198.26 -102.345 -178.309 135.005 -83.073
-954.599 1197.3 -102.341 -178.309 135.005 -83.073
-954.877 1196.34 -102.338 -178.309 135.005 -83.073
-955.156 1195.38 -102.334 -178.309 135.005 -83.073
-955.434 1194.42 -102.331 -178.299 135.179 -83.087
-955.712 1193.46 -102.327 -178.299 135.179 -83.087
-955.99 1192.5 -102.324 -178.279 135.256 -83.068
-956.268 1191.54 -102.32 -178.264 135.339 -83.07
-956.547 1190.58 -102.316 -178.249 135.428 -83.05
-956.825 1189.62 -102.313 -178.228 135.518 -83.047
-957.103 1188.66 -102.309 -178.217 135.596 -83.024
-957.381 1187.7 -102.306 -178.2 135.676 -83.012
-957.66 1186.74 -102.302 -178.188 135.746 -82.99
-957.938 1185.78 -102.299 -178.175 135.82 -82.986
-958.216 1184.82 -102.295 -178.162 135.922 -82.981
-958.494 1183.85 -102.292 -178.148 136.003 -82.973
-958.772 1182.89 -102.288 -178.148 136.003 -82.973
-959.051 1181.93 -102.285 -178.131 136.083 -82.968
-959.329 1180.97 -102.281 -178.118 136.156 -82.956
-959.607 1180.01 -102.278 -178.104 136.239 -82.954
-959.885 1179.05 -102.274 -178.09 136.31 -82.941
-960.164 1178.09 -102.271 -178.068 136.41 -82.94
-960.442 1177.13 -102.267 -178.054 136.481 -82.92
-960.72 1176.17 -102.264 -178.042 136.56 -82.908
-960.998 1175.21 -102.26 -178.028 136.636 -82.889
-961.276 1174.25 -102.257 -178.012 136.709 -82.874
-961.555 1173.29 -102.253 -177.998 136.803 -82.862
-961.833 1172.33 -102.249 -177.998 136.803 -82.862
-962.111 1171.37 -102.246 -177.998 136.803 -82.862
