1
-718.546 222.013 17.8627 127.818 138.079 -117.669
-718.439 223.007 17.8337 127.818 138.079 -117.669
-718.331 224 17.8046 127.818 138.079 -117.669
-718.224 224.994 17.7755 127.818 138.079 -117.669
-718.117 225.988 17.7464 127.818 138.079 -117.669
-718.01 226.982 17.7174 127.818 138.079 -117.669
-717.903 227.976 17.6883 127.818 138.079 -117.669
-717.795 228.969 17.6592 127.818 138.079 -117.669
-717.688 229.963 17.6301 127.818 138.079 -117.669
-717.581 230.957 17.6011 127.818 138.079 -117.669
-717.474 231.951 17.572 127.818 138.079 -117.669
-717.367 232.945 17.5429 127.818 138.079 -117.669
-717.259 233.938 17.5138 127.818 138.079 -117.669
-717.152 234.932 17.4848 127.818 138.079 -117.669
-717.045 235.926 17.4557 127.818 138.079 -117.669
-716.938 236.92 17.4266 127.847 138.07 -117.605
-716.831 237.914 17.3975 127.842 138.071 -117.62
-716.723 238.907 17.3685 127.842 138.069 -117.608
-716.616 239.901 17.3394 127.837 138.072 -117.628
-716.509 240.895 17.3103 127.837 138.072 -117.628
-716.402 241.889 17.2812 127.835 138.073 -117.639
-716.295 242.883 17.2522 127.839 138.072 -117.638
-716.187 243.877 17.2231 127.842 138.075 -117.642
-716.08 244.87 17.194 127.845 138.071 -117.621
-715.973 245.864 17.1649 127.845 138.071 -117.621
-715.866 246.858 17.1359 127.839 138.074 -117.641
-715.758 247.852 17.1068 127.832 138.074 -117.647
-715.651 248.846 17.0777 127.832 138.074 -117.647
-715.544 249.839 17.0486 127.83 138.077 -117.653
-715.437 250.833 17.0195 127.83 138.081 -117.656
-715.33 251.827 16.9905 127.838 138.075 -117.619
-715.222 252.821 16.9614 127.838 138.076 -117.633
-715.115 253.815 16.9323 127.838 138.076 -117.633
-715.008 254.808 16.9032 127.836 138.074 -117.64
-714.901 255.802 16.8742 127.837 138.075 -117.643
-714.794 256.796 16.8451 127.837 138.077 -117.649
-714.686 257.79 16.816 127.84 138.075 -117.632
-714.579 258.784 16.7869 127.84 138.075 -117.632
-714.472 259.778 16.7579 127.84 138.075 -117.632
-714.365 260.771 16.7288 127.84 138.075 -117.632
-714.258 261.765 16.6997 127.84 138.075 -117.632
-714.15 262.759 16.6706 127.84 138.075 -117.632
-714.043 263.753 16.6416 127.84 138.075 -117.632
-713.936 264.747 16.6125 127.84 138.075 -117.632
-713.829 265.74 16.5834 127.84 138.075 -117.632
-713.722 266.734 16.5543 127.84 138.075 -117.632
-713.614 267.728 16.5253 127.84 138.075 -117.632
-713.507 268.722 16.4962 127.84 138.075 -117.632
-713.4 269.716 16.4671 127.84 138.075 -117.632
-713.293 270.709 16.438 127.84 138.075 -117.632
-713.186 271.703 16.409 127.84 138.075 -117.632
2
-718.896 222.48 17.6519 127.818 138.078 -117.668
-718.786 223.474 17.6279 127.818 138.078 -117.668
-718.676 224.468 17.6039 127.818 138.078 -117.668
-718.566 225.461 17.5799 127.818 138.078 -117.668
-718.457 226.455 17.5558 127.818 138.078 -117.668
-718.347 227.449 17.5318 127.818 138.078 -117.668
-718.237 228.442 17.5078 127.818 138.078 -117.668
-718.127 229.436 17.4838 127.818 138.078 -117.668
-718.018 230.43 17.4598 127.818 138.078 -117.668
-717.908 231.423 17.4357 127.818 138.078 -117.668
-717.798 232.417 17.4117 127.818 138.078 -117.668
-717.688 233.411 17.3877 127.818 138.078 -117.668
-717.579 234.404 17.3637 127.818 138.078 -117.668
-717.469 235.398 17.3397 127.818 138.078 -117.668
-717.359 236.392 17.3156 127.818 138.078 -117.668
-717.249 237.385 17.2916 127.846 138.069 -117.603
-717.14 238.379 17.2676 127.84 138.071 -117.619
-717.03 239.373 17.2436 127.838 138.07 -117.614
-716.92 240.366 17.2196 127.838 138.07 -117.614
-716.81 241.36 17.1955 127.835 138.073 -117.635
-716.701 242.354 17.1715 127.838 138.073 -117.637
-716.591 243.347 17.1475 127.842 138.075 -117.641
-716.481 244.341 17.1235 127.842 138.075 -117.641
-716.371 245.335 17.0995 127.843 138.073 -117.632
-716.262 246.328 17.0754 127.844 138.071 -117.623
-716.152 247.322 17.0514 127.839 138.074 -117.638
-716.042 248.316 17.0274 127.832 138.075 -117.646
-715.932 249.309 17.0034 127.829 138.076 -117.651
-715.823 250.303 16.9794 127.83 138.08 -117.655
-715.713 251.297 16.9553 127.83 138.08 -117.655
-715.603 252.29 16.9313 127.836 138.076 -117.628
-715.493 253.284 16.9073 127.839 138.076 -117.629
-715.384 254.278 16.8833 127.838 138.075 -117.636
-715.274 255.271 16.8593 127.838 138.075 -117.636
-715.164 256.265 16.8352 127.836 138.075 -117.643
-715.054 257.259 16.8112 127.837 138.077 -117.65
-714.945 258.252 16.7872 127.837 138.077 -117.65
-714.835 259.246 16.7632 127.84 138.076 -117.634
-714.725 260.24 16.7392 127.84 138.076 -117.634
-714.615 261.233 16.7151 127.84 138.076 -117.634
-714.506 262.227 16.6911 127.84 138.076 -117.634
-714.396 263.221 16.6671 127.84 138.076 -117.634
-714.286 264.214 16.6431 127.84 138.076 -117.634
-714.176 265.208 16.6191 127.84 138.076 -117.634
-714.067 266.202 16.595 127.84 138.076 -117.634
-713.957 267.195 16.571 127.84 138.076 -117.634
-713.847 268.189 16.547 127.84 138.076 -117.634
-713.737 269.183 16.523 127.84 138.076 -117.634
-713.628 270.176 16.499 127.84 138.076 -117.634
-713.518 271.17 16.4749 127.84 138.076 -117.634
-713.408 272.164 16.4509 127.84 138.076 -117.634
3
-720.599 222.104 18.233 127.821 138.079 -117.665
-720.461 223.094 18.2157 127.821 138.079 -117.665
-720.324 224.085 18.1983 127.821 138.079 -117.665
-720.187 225.075 18.181 127.821 138.079 -117.665
-720.05 226.065 18.1636 127.821 138.079 -117.665
-719.913 227.056 18.1463 127.821 138.079 -117.665
-719.776 228.046 18.1289 127.821 138.079 -117.665
-719.638 229.037 18.1116 127.821 138.079 -117.665
-719.501 230.027 18.0942 127.821 138.079 -117.665
-719.364 231.017 18.0769 127.821 138.079 -117.665
-719.227 232.008 18.0595 127.821 138.079 -117.665
-719.09 232.998 18.0422 127.821 138.079 -117.665
-718.952 233.989 18.0248 127.821 138.079 -117.665
-718.815 234.979 18.0075 127.821 138.079 -117.665
-718.678 235.969 17.9901 127.821 138.079 -117.665
-718.541 236.96 17.9728 127.821 138.079 -117.665
-718.404 237.95 17.9554 127.846 138.071 -117.609
-718.266 238.941 17.9381 127.839 138.071 -117.624
-718.129 239.931 17.9207 127.841 138.07 -117.613
-717.992 240.921 17.9034 127.834 138.075 -117.636
-717.855 241.912 17.886 127.83 138.075 -117.641
-717.718 242.902 17.8687 127.83 138.075 -117.641
-717.58 243.892 17.8513 127.831 138.075 -117.649
-717.443 244.883 17.834 127.839 138.076 -117.642
-717.306 245.873 17.8166 127.839 138.076 -117.642
-717.169 246.864 17.7993 127.848 138.071 -117.615
-717.032 247.854 17.7819 127.846 138.072 -117.633
-716.895 248.844 17.7645 127.842 138.071 -117.636
-716.757 249.835 17.7472 127.842 138.071 -117.636
-716.62 250.825 17.7298 127.837 138.075 -117.644
-716.483 251.816 17.7125 127.832 138.078 -117.651
-716.346 252.806 17.6951 127.833 138.075 -117.623
-716.209 253.796 17.6778 127.831 138.079 -117.638
-716.071 254.787 17.6604 127.833 138.079 -117.641
-715.934 255.777 17.6431 127.837 138.078 -117.639
-715.797 256.768 17.6257 127.837 138.078 -117.639
-715.66 257.758 17.6084 127.84 138.077 -117.645
-715.523 258.748 17.591 127.842 138.073 -117.632
-715.385 259.739 17.5737 127.842 138.073 -117.632
-715.248 260.729 17.5563 127.842 138.073 -117.632
-715.111 261.72 17.539 127.842 138.073 -117.632
-714.974 262.71 17.5216 127.842 138.073 -117.632
-714.837 263.7 17.5043 127.842 138.073 -117.632
-714.699 264.691 17.4869 127.842 138.073 -117.632
-714.562 265.681 17.4696 127.842 138.073 -117.632
-714.425 266.672 17.4522 127.842 138.073 -117.632
-714.288 267.662 17.4349 127.842 138.073 -117.632
-714.151 268.652 17.4175 127.842 138.073 -117.632
-714.014 269.643 17.4002 127.842 138.073 -117.632
-713.876 270.633 17.3828 127.842 138.073 -117.632
-713.739 271.623 17.3655 127.842 138.073 -117.632
4
-717.867 222.684 17.7549 127.825 138.077 -117.657
-717.734 223.675 17.753 127.825 138.077 -117.657
-717.601 224.666 17.7511 127.825 138.077 -117.657
-717.468 225.657 17.7492 127.825 138.077 -117.657
-717.335 226.648 17.7473 127.825 138.077 -117.657
-717.202 227.64 17.7453 127.825 138.077 -117.657
-717.069 228.631 17.7434 127.825 138.077 -117.657
-716.935 229.622 17.7415 127.825 138.077 -117.657
-716.802 230.613 17.7396 127.825 138.077 -117.657
-716.669 231.604 17.7377 127.825 138.077 -117.657
-716.536 232.595 17.7358 127.825 138.077 -117.657
-716.403 233.586 17.7339 127.825 138.077 -117.657
-716.27 234.577 17.7319 127.825 138.077 -117.657
-716.137 235.568 17.73 127.825 138.077 -117.657
-716.004 236.56 17.7281 127.86 138.069 -117.594
-715.871 237.551 17.7262 127.851 138.07 -117.61
-715.738 238.542 17.7243 127.849 138.067 -117.603
-715.605 239.533 17.7224 127.841 138.072 -117.632
-715.472 240.524 17.7205 127.841 138.072 -117.632
-715.339 241.515 17.7185 127.838 138.073 -117.639
-715.206 242.506 17.7166 127.845 138.077 -117.646
-715.072 243.497 17.7147 127.845 138.077 -117.646
-714.939 244.488 17.7128 127.85 138.072 -117.621
-714.806 245.479 17.7109 127.85 138.072 -117.628
-714.673 246.471 17.709 127.847 138.072 -117.64
-714.54 247.462 17.7071 127.844 138.071 -117.639
-714.407 248.453 17.7051 127.841 138.075 -117.646
-714.274 249.444 17.7032 127.841 138.075 -117.646
-714.141 250.435 17.7013 127.836 138.078 -117.648
-714.008 251.426 17.6994 127.837 138.074 -117.622
-713.875 252.417 17.6975 127.835 138.078 -117.633
-713.742 253.408 17.6956 127.837 138.078 -117.634
-713.609 254.399 17.6937 127.837 138.078 -117.634
-713.476 255.391 17.6917 127.84 138.076 -117.633
-713.343 256.382 17.6898 127.841 138.076 -117.641
-713.209 257.373 17.6879 127.842 138.072 -117.632
-713.076 258.364 17.686 127.841 138.073 -117.638
-712.943 259.355 17.6841 127.841 138.073 -117.638
-712.81 260.346 17.6822 127.841 138.073 -117.638
-712.677 261.337 17.6803 127.841 138.073 -117.638
-712.544 262.328 17.6783 127.841 138.073 -117.638
-712.411 263.319 17.6764 127.841 138.073 -117.638
-712.278 264.31 17.6745 127.841 138.073 -117.638
-712.145 265.302 17.6726 127.841 138.073 -117.638
-712.012 266.293 17.6707 127.841 138.073 -117.638
-711.879 267.284 17.6688 127.841 138.073 -117.638
-711.746 268.275 17.6669 127.841 138.073 -117.638
-711.613 269.266 17.6649 127.841 138.073 -117.638
-711.479 270.257 17.663 127.841 138.073 -117.638
-711.346 271.248 17.6611 127.841 138.073 -117.638
-711.213 272.239 17.6592 127.841 138.073 -117.638
5
-718.39 222.577 18.1806 127.821 138.079 -117.665
-718.266 223.568 18.1414 127.821 138.079 -117.665
-718.141 224.56 18.1023 127.821 138.079 -117.665
-718.017 225.551 18.0631 127.821 138.079 -117.665
-717.893 226.543 18.0239 127.821 138.079 -117.665
-717.768 227.534 17.9848 127.821 138.079 -117.665
-717.644 228.526 17.9456 127.821 138.079 -117.665
-717.52 229.517 17.9065 127.821 138.079 -117.665
-717.395 230.509 17.8673 127.821 138.079 -117.665
-717.271 231.5 17.8282 127.821 138.079 -117.665
-717.147 232.492 17.789 127.821 138.079 -117.665
-717.022 233.483 17.7499 127.821 138.079 -117.665
-716.898 234.474 17.7107 127.821 138.079 -117.665
-716.773 235.466 17.6716 127.821 138.079 -117.665
-716.649 236.457 17.6324 127.843 138.07 -117.609
-716.525 237.449 17.5933 127.837 138.069 -117.619
-716.4 238.44 17.5541 127.837 138.069 -117.619
-716.276 239.432 17.515 127.838 138.07 -117.615
-716.152 240.423 17.4758 127.833 138.074 -117.638
-716.027 241.415 17.4366 127.828 138.076 -117.652
-715.903 242.406 17.3975 127.828 138.076 -117.652
-715.779 243.398 17.3583 127.83 138.077 -117.658
-715.654 244.389 17.3192 127.835 138.077 -117.653
-715.53 245.381 17.28 127.842 138.072 -117.63
-715.406 246.372 17.2409 127.843 138.073 -117.641
-715.281 247.363 17.2017 127.843 138.073 -117.641
-715.157 248.355 17.1626 127.841 138.073 -117.643
-715.032 249.346 17.1234 127.84 138.073 -117.64
-714.908 250.338 17.0843 127.836 138.077 -117.647
-714.784 251.329 17.0451 127.833 138.075 -117.63
-714.659 252.321 17.006 127.832 138.074 -117.62
-714.535 253.312 16.9668 127.83 138.077 -117.633
-714.411 254.304 16.9277 127.83 138.077 -117.633
-714.286 255.295 16.8885 127.836 138.076 -117.631
-714.162 256.287 16.8494 127.84 138.076 -117.639
-714.038 257.278 16.8102 127.843 138.073 -117.632
-713.913 258.27 16.771 127.843 138.073 -117.632
-713.789 259.261 16.7319 127.839 138.075 -117.645
-713.664 260.253 16.6927 127.839 138.075 -117.645
-713.54 261.244 16.6536 127.839 138.075 -117.645
-713.416 262.235 16.6144 127.839 138.075 -117.645
-713.291 263.227 16.5753 127.839 138.075 -117.645
-713.167 264.218 16.5361 127.839 138.075 -117.645
-713.043 265.21 16.497 127.839 138.075 -117.645
-712.918 266.201 16.4578 127.839 138.075 -117.645
-712.794 267.193 16.4187 127.839 138.075 -117.645
-712.67 268.184 16.3795 127.839 138.075 -117.645
-712.545 269.176 16.3404 127.839 138.075 -117.645
-712.421 270.167 16.3012 127.839 138.075 -117.645
-712.297 271.159 16.2621 127.839 138.075 -117.645
-712.172 272.15 16.2229 127.839 138.075 -117.645
6
-718.872 221.844 18.3688 127.821 138.08 -117.665
-718.751 222.836 18.321 127.821 138.08 -117.665
-718.631 223.827 18.2731 127.821 138.08 -117.665
-718.51 224.819 18.2253 127.821 138.08 -117.665
-718.39 225.81 18.1775 127.821 138.08 -117.665
-718.269 226.802 18.1297 127.821 138.08 -117.665
-718.149 227.794 18.0819 127.821 138.08 -117.665
-718.028 228.785 18.0341 127.821 138.08 -117.665
-717.908 229.777 17.9863 127.821 138.08 -117.665
-717.787 230.768 17.9385 127.821 138.08 -117.665
-717.667 231.76 17.8906 127.821 138.08 -117.665
-717.546 232.751 17.8428 127.821 138.08 -117.665
-717.426 233.743 17.795 127.821 138.08 -117.665
-717.305 234.734 17.7472 127.821 138.08 -117.665
-717.185 235.726 17.6994 127.821 138.08 -117.665
-717.064 236.718 17.6516 127.845 138.069 -117.605
-716.944 237.709 17.6038 127.837 138.069 -117.621
-716.823 238.701 17.556 127.837 138.069 -117.621
-716.703 239.692 17.5082 127.838 138.07 -117.618
-716.582 240.684 17.4603 127.833 138.075 -117.643
-716.462 241.675 17.4125 127.833 138.075 -117.643
-716.341 242.667 17.3647 127.829 138.075 -117.654
-716.221 243.659 17.3169 127.832 138.078 -117.66
-716.1 244.65 17.2691 127.832 138.078 -117.66
-715.98 245.642 17.2213 127.842 138.072 -117.63
-715.859 246.633 17.1735 127.842 138.072 -117.63
-715.739 247.625 17.1257 127.844 138.074 -117.643
-715.618 248.616 17.0779 127.841 138.073 -117.641
-715.498 249.608 17.03 127.837 138.075 -117.646
-715.377 250.599 16.9822 127.831 138.077 -117.647
-715.257 251.591 16.9344 127.831 138.077 -117.647
-715.136 252.583 16.8866 127.833 138.073 -117.619
-715.016 253.574 16.8388 127.83 138.076 -117.631
-714.895 254.566 16.791 127.834 138.077 -117.632
-714.775 255.557 16.7432 127.834 138.077 -117.632
-714.654 256.549 16.6954 127.838 138.077 -117.636
-714.534 257.54 16.6475 127.842 138.075 -117.638
-714.413 258.532 16.5997 127.842 138.075 -117.638
-714.293 259.523 16.5519 127.842 138.075 -117.638
-714.172 260.515 16.5041 127.842 138.075 -117.638
-714.052 261.507 16.4563 127.842 138.075 -117.638
-713.931 262.498 16.4085 127.842 138.075 -117.638
-713.81 263.49 16.3607 127.842 138.075 -117.638
-713.69 264.481 16.3129 127.842 138.075 -117.638
-713.569 265.473 16.2651 127.842 138.075 -117.638
-713.449 266.464 16.2172 127.842 138.075 -117.638
-713.328 267.456 16.1694 127.842 138.075 -117.638
-713.208 268.448 16.1216 127.842 138.075 -117.638
-713.087 269.439 16.0738 127.842 138.075 -117.638
-712.967 270.431 16.026 127.842 138.075 -117.638
-712.846 271.422 15.9782 127.842 138.075 -117.638
7
-718.31 221.674 17.8424 127.821 138.079 -117.666
-718.18 222.665 17.8151 127.821 138.079 -117.666
-718.05 223.656 17.7877 127.821 138.079 -117.666
-717.92 224.647 17.7604 127.821 138.079 -117.666
-717.789 225.639 17.7331 127.821 138.079 -117.666
-717.659 226.63 17.7057 127.821 138.079 -117.666
-717.529 227.621 17.6784 127.821 138.079 -117.666
-717.399 228.612 17.6511 127.821 138.079 -117.666
-717.268 229.603 17.6237 127.821 138.079 -117.666
-717.138 230.594 17.5964 127.821 138.079 -117.666
-717.008 231.585 17.5691 127.821 138.079 -117.666
-716.878 232.576 17.5417 127.821 138.079 -117.666
-716.747 233.567 17.5144 127.821 138.079 -117.666
-716.617 234.559 17.4871 127.821 138.079 -117.666
-716.487 235.55 17.4597 127.821 138.079 -117.666
-716.357 236.541 17.4324 127.842 138.07 -117.613
-716.226 237.532 17.4051 127.838 138.07 -117.62
-716.096 238.523 17.3777 127.838 138.068 -117.613
-715.966 239.514 17.3504 127.838 138.068 -117.613
-715.836 240.505 17.3231 127.833 138.074 -117.636
-715.706 241.496 17.2957 127.828 138.075 -117.653
-715.575 242.487 17.2684 127.828 138.075 -117.653
-715.445 243.478 17.2411 127.83 138.078 -117.661
-715.315 244.47 17.2137 127.838 138.076 -117.639
-715.185 245.461 17.1864 127.838 138.076 -117.639
-715.054 246.452 17.1591 127.842 138.074 -117.634
-714.924 247.443 17.1317 127.842 138.075 -117.643
-714.794 248.434 17.1044 127.839 138.073 -117.643
-714.664 249.425 17.0771 127.835 138.076 -117.647
-714.533 250.416 17.0497 127.832 138.077 -117.632
-714.403 251.407 17.0224 127.832 138.077 -117.632
-714.273 252.398 16.9951 127.831 138.076 -117.62
-714.143 253.39 16.9677 127.83 138.079 -117.634
-714.012 254.381 16.9404 127.833 138.078 -117.633
-713.882 255.372 16.9131 127.838 138.078 -117.636
-713.752 256.363 16.8857 127.838 138.078 -117.636
-713.622 257.354 16.8584 127.843 138.075 -117.636
-713.492 258.345 16.8311 127.843 138.075 -117.636
-713.361 259.336 16.8037 127.843 138.075 -117.636
-713.231 260.327 16.7764 127.843 138.075 -117.636
-713.101 261.318 16.7491 127.843 138.075 -117.636
-712.971 262.309 16.7217 127.843 138.075 -117.636
-712.84 263.301 16.6944 127.843 138.075 -117.636
-712.71 264.292 16.6671 127.843 138.075 -117.636
-712.58 265.283 16.6397 127.843 138.075 -117.636
-712.45 266.274 16.6124 127.843 138.075 -117.636
-712.319 267.265 16.5851 127.843 138.075 -117.636
-712.189 268.256 16.5578 127.843 138.075 -117.636
-712.059 269.247 16.5304 127.843 138.075 -117.636
-711.929 270.238 16.5031 127.843 138.075 -117.636
-711.798 271.229 16.4758 127.843 138.075 -117.636
8
-718.368 220.821 17.9099 127.819 138.08 -117.667
-718.246 221.814 17.8918 127.819 138.08 -117.667
-718.124 222.806 17.8737 127.819 138.08 -117.667
-718.002 223.798 17.8555 127.819 138.08 -117.667
-717.88 224.791 17.8374 127.819 138.08 -117.667
-717.758 225.783 17.8193 127.819 138.08 -117.667
-717.636 226.776 17.8011 127.819 138.08 -117.667
-717.514 227.768 17.783 127.819 138.08 -117.667
-717.392 228.76 17.7649 127.819 138.08 -117.667
-717.27 229.753 17.7468 127.819 138.08 -117.667
-717.148 230.745 17.7286 127.819 138.08 -117.667
-717.026 231.737 17.7105 127.819 138.08 -117.667
-716.904 232.73 17.6924 127.819 138.08 -117.667
-716.782 233.722 17.6742 127.819 138.08 -117.667
-716.66 234.715 17.6561 127.819 138.08 -117.667
-716.538 235.707 17.638 127.819 138.08 -117.667
-716.416 236.699 17.6198 127.844 138.07 -117.608
-716.294 237.692 17.6017 127.837 138.07 -117.621
-716.172 238.684 17.5836 127.839 138.069 -117.612
-716.05 239.676 17.5654 127.839 138.069 -117.612
-715.928 240.669 17.5473 127.833 138.074 -117.638
-715.806 241.661 17.5292 127.829 138.074 -117.647
-715.684 242.653 17.5111 127.829 138.074 -117.647
-715.562 243.646 17.4929 127.833 138.077 -117.654
-715.44 244.638 17.4748 127.84 138.074 -117.634
-715.318 245.631 17.4567 127.84 138.074 -117.634
-715.196 246.623 17.4385 127.844 138.072 -117.64
-715.074 247.615 17.4204 127.842 138.071 -117.64
-714.952 248.608 17.4023 127.84 138.074 -117.644
-714.831 249.6 17.3841 127.832 138.077 -117.653
-714.709 250.592 17.366 127.832 138.077 -117.653
-714.587 251.585 17.3479 127.832 138.075 -117.635
-714.465 252.577 17.3297 127.831 138.075 -117.624
-714.343 253.57 17.3116 127.831 138.078 -117.638
-714.221 254.562 17.2935 127.836 138.077 -117.633
-714.099 255.554 17.2754 127.836 138.077 -117.633
-713.977 256.547 17.2572 127.839 138.076 -117.641
-713.855 257.539 17.2391 127.842 138.073 -117.633
-713.733 258.531 17.221 127.841 138.073 -117.634
-713.611 259.524 17.2028 127.841 138.073 -117.634
-713.489 260.516 17.1847 127.841 138.073 -117.634
-713.367 261.509 17.1666 127.841 138.073 -117.634
-713.245 262.501 17.1484 127.841 138.073 -117.634
-713.123 263.493 17.1303 127.841 138.073 -117.634
-713.001 264.486 17.1122 127.841 138.073 -117.634
-712.879 265.478 17.094 127.841 138.073 -117.634
-712.757 266.47 17.0759 127.841 138.073 -117.634
-712.635 267.463 17.0578 127.841 138.073 -117.634
-712.513 268.455 17.0397 127.841 138.073 -117.634
-712.391 269.447 17.0215 127.841 138.073 -117.634
-712.269 270.44 17.0034 127.841 138.073 -117.634
9
-717.693 220.573 18.3073 127.822 138.079 -117.666
-717.575 221.565 18.2735 127.822 138.079 -117.666
-717.457 222.557 18.2396 127.822 138.079 -117.666
-717.339 223.55 18.2057 127.822 138.079 -117.666
-717.221 224.542 18.1719 127.822 138.079 -117.666
-717.103 225.535 18.138 127.822 138.079 -117.666
-716.985 226.527 18.1042 127.822 138.079 -117.666
-716.867 227.52 18.0703 127.822 138.079 -117.666
-716.749 228.512 18.0364 127.822 138.079 -117.666
-716.631 229.504 18.0026 127.822 138.079 -117.666
-716.513 230.497 17.9687 127.822 138.079 -117.666
-716.395 231.489 17.9349 127.822 138.079 -117.666
-716.277 232.482 17.901 127.822 138.079 -117.666
-716.159 233.474 17.8672 127.822 138.079 -117.666
-716.041 234.467 17.8333 127.822 138.079 -117.666
-715.923 235.459 17.7994 127.822 138.079 -117.666
-715.805 236.452 17.7656 127.844 138.071 -117.61
-715.687 237.444 17.7317 127.838 138.07 -117.616
-715.569 238.436 17.6979 127.84 138.068 -117.609
-715.451 239.429 17.664 127.836 138.072 -117.626
-715.332 240.421 17.6302 127.831 138.074 -117.642
-715.214 241.414 17.5963 127.828 138.074 -117.649
-715.096 242.406 17.5624 127.828 138.074 -117.649
-714.978 243.399 17.5286 127.832 138.077 -117.655
-714.86 244.391 17.4947 127.84 138.074 -117.633
-714.742 245.383 17.4609 127.844 138.073 -117.636
-714.624 246.376 17.427 127.844 138.073 -117.636
-714.506 247.368 17.3932 127.842 138.072 -117.641
-714.388 248.361 17.3593 127.839 138.073 -117.642
-714.27 249.353 17.3254 127.832 138.078 -117.654
-714.152 250.346 17.2916 127.832 138.078 -117.654
-714.034 251.338 17.2577 127.831 138.076 -117.636
-713.916 252.33 17.2239 127.83 138.077 -117.631
-713.798 253.323 17.19 127.83 138.077 -117.631
-713.68 254.315 17.1561 127.832 138.077 -117.637
-713.562 255.308 17.1223 127.838 138.076 -117.635
-713.444 256.3 17.0884 127.841 138.076 -117.64
-713.326 257.293 17.0546 127.841 138.071 -117.629
-713.208 258.285 17.0207 127.841 138.071 -117.629
-713.09 259.277 16.9869 127.841 138.071 -117.629
-712.972 260.27 16.953 127.841 138.071 -117.629
-712.854 261.262 16.9191 127.841 138.071 -117.629
-712.736 262.255 16.8853 127.841 138.071 -117.629
-712.618 263.247 16.8514 127.841 138.071 -117.629
-712.5 264.24 16.8176 127.841 138.071 -117.629
-712.382 265.232 16.7837 127.841 138.071 -117.629
-712.264 266.225 16.7499 127.841 138.071 -117.629
-712.146 267.217 16.716 127.841 138.071 -117.629
-712.028 268.209 16.6821 127.841 138.071 -117.629
-711.91 269.202 16.6483 127.841 138.071 -117.629
-711.792 270.194 16.6144 127.841 138.071 -117.629
10
-718.383 222.966 18.6933 127.823 138.079 -117.665
-718.245 223.956 18.6609 127.823 138.079 -117.665
-718.107 224.946 18.6284 127.823 138.079 -117.665
-717.969 225.935 18.596 127.823 138.079 -117.665
-717.831 226.925 18.5635 127.823 138.079 -117.665
-717.693 227.915 18.5311 127.823 138.079 -117.665
-717.556 228.905 18.4986 127.823 138.079 -117.665
-717.418 229.895 18.4662 127.823 138.079 -117.665
-717.28 230.885 18.4337 127.823 138.079 -117.665
-717.142 231.875 18.4013 127.823 138.079 -117.665
-717.004 232.865 18.3688 127.823 138.079 -117.665
-716.866 233.855 18.3364 127.823 138.079 -117.665
-716.728 234.845 18.3039 127.823 138.079 -117.665
-716.59 235.835 18.2715 127.842 138.069 -117.608
-716.452 236.825 18.239 127.842 138.069 -117.608
-716.314 237.814 18.2066 127.837 138.07 -117.619
-716.177 238.804 18.1741 127.839 138.069 -117.608
-716.039 239.794 18.1417 127.834 138.075 -117.635
-715.901 240.784 18.1092 127.83 138.076 -117.647
-715.763 241.774 18.0768 127.83 138.076 -117.647
-715.625 242.764 18.0443 127.832 138.077 -117.655
-715.487 243.754 18.0119 127.838 138.076 -117.648
-715.349 244.744 17.9794 127.845 138.072 -117.623
-715.211 245.734 17.947 127.845 138.072 -117.623
-715.073 246.724 17.9145 127.845 138.074 -117.64
-714.936 247.714 17.8821 127.843 138.073 -117.64
-714.798 248.704 17.8496 127.84 138.075 -117.641
-714.66 249.693 17.8172 127.835 138.078 -117.648
-714.522 250.683 17.7847 127.832 138.076 -117.632
-714.384 251.673 17.7523 127.831 138.074 -117.619
-714.246 252.663 17.7198 127.831 138.074 -117.619
-714.108 253.653 17.6873 127.83 138.078 -117.637
-713.97 254.643 17.6549 127.835 138.077 -117.634
-713.832 255.633 17.6224 127.839 138.077 -117.641
-713.695 256.623 17.59 127.839 138.077 -117.641
-713.557 257.613 17.5575 127.842 138.075 -117.637
-713.419 258.603 17.5251 127.841 138.073 -117.639
-713.281 259.593 17.4926 127.839 138.077 -117.655
-713.143 260.583 17.4602 127.837 138.078 -117.654
-713.005 261.572 17.4277 127.837 138.078 -117.654
-712.867 262.562 17.3953 127.837 138.078 -117.654
-712.729 263.552 17.3628 127.837 138.078 -117.654
-712.591 264.542 17.3304 127.837 138.078 -117.654
-712.454 265.532 17.2979 127.837 138.078 -117.654
-712.316 266.522 17.2655 127.837 138.078 -117.654
-712.178 267.512 17.233 127.837 138.078 -117.654
-712.04 268.502 17.2006 127.837 138.078 -117.654
-711.902 269.492 17.1681 127.837 138.078 -117.654
-711.764 270.482 17.1357 127.837 138.078 -117.654
-711.626 271.472 17.1032 127.837 138.078 -117.654
-711.488 272.461 17.0708 127.837 138.078 -117.654
11
-717.949 223.328 18.5531 127.819 138.08 -117.669
-717.83 224.32 18.5135 127.819 138.08 -117.669
-717.71 225.312 18.4739 127.819 138.08 -117.669
-717.591 226.304 18.4342 127.819 138.08 -117.669
-717.472 227.296 18.3946 127.819 138.08 -117.669
-717.352 228.288 18.355 127.819 138.08 -117.669
-717.233 229.28 18.3154 127.819 138.08 -117.669
-717.113 230.272 18.2757 127.819 138.08 -117.669
-716.994 231.265 18.2361 127.819 138.08 -117.669
-716.874 232.257 18.1965 127.819 138.08 -117.669
-716.755 233.249 18.1569 127.819 138.08 -117.669
-716.635 234.241 18.1173 127.819 138.08 -117.669
-716.516 235.233 18.0776 127.819 138.08 -117.669
-716.396 236.225 18.038 127.846 138.07 -117.604
-716.277 237.217 17.9984 127.839 138.07 -117.62
-716.157 238.209 17.9588 127.84 138.07 -117.611
-716.038 239.201 17.9191 127.84 138.07 -117.611
-715.918 240.193 17.8795 127.835 138.074 -117.632
-715.799 241.185 17.8399 127.832 138.074 -117.641
-715.679 242.177 17.8003 127.835 138.075 -117.645
-715.56 243.169 17.7606 127.835 138.075 -117.645
-715.44 244.161 17.721 127.84 138.075 -117.641
-715.321 245.153 17.6814 127.849 138.07 -117.615
-715.201 246.145 17.6418 127.848 138.071 -117.629
-715.082 247.137 17.6021 127.844 138.071 -117.635
-714.962 248.129 17.5625 127.844 138.071 -117.635
-714.843 249.121 17.5229 127.841 138.073 -117.638
-714.723 250.113 17.4833 127.834 138.078 -117.651
-714.604 251.105 17.4436 127.832 138.075 -117.625
-714.485 252.097 17.404 127.832 138.075 -117.625
-714.365 253.09 17.3644 127.83 138.078 -117.64
-714.246 254.082 17.3248 127.833 138.078 -117.641
-714.126 255.074 17.2851 127.833 138.078 -117.641
-714.007 256.066 17.2455 127.837 138.077 -117.643
-713.887 257.058 17.2059 127.841 138.075 -117.639
-713.768 258.05 17.1663 127.841 138.075 -117.639
-713.648 259.042 17.1267 127.841 138.073 -117.636
-713.529 260.034 17.087 127.838 138.077 -117.648
-713.409 261.026 17.0474 127.838 138.077 -117.648
-713.29 262.018 17.0078 127.838 138.077 -117.648
-713.17 263.01 16.9682 127.838 138.077 -117.648
-713.051 264.002 16.9285 127.838 138.077 -117.648
-712.931 264.994 16.8889 127.838 138.077 -117.648
-712.812 265.986 16.8493 127.838 138.077 -117.648
-712.692 266.978 16.8097 127.838 138.077 -117.648
-712.573 267.97 16.77 127.838 138.077 -117.648
-712.453 268.962 16.7304 127.838 138.077 -117.648
-712.334 269.954 16.6908 127.838 138.077 -117.648
-712.214 270.946 16.6512 127.838 138.077 -117.648
-712.095 271.938 16.6115 127.838 138.077 -117.648
-711.975 272.93 16.5719 127.838 138.077 -117.648
12
-718.567 221.599 17.5303 127.82 138.08 -117.665
-718.463 222.593 17.5056 127.82 138.08 -117.665
-718.358 223.587 17.4808 127.82 138.08 -117.665
-718.254 224.581 17.4561 127.82 138.08 -117.665
-718.15 225.575 17.4314 127.82 138.08 -117.665
-718.045 226.57 17.4066 127.82 138.08 -117.665
-717.941 227.564 17.3819 127.82 138.08 -117.665
-717.837 228.558 17.3571 127.82 138.08 -117.665
-717.732 229.552 17.3324 127.82 138.08 -117.665
-717.628 230.547 17.3077 127.82 138.08 -117.665
-717.524 231.541 17.2829 127.82 138.08 -117.665
-717.419 232.535 17.2582 127.82 138.08 -117.665
-717.315 233.529 17.2334 127.82 138.08 -117.665
-717.211 234.524 17.2087 127.82 138.08 -117.665
-717.106 235.518 17.184 127.82 138.08 -117.665
-717.002 236.512 17.1592 127.844 138.07 -117.609
-716.898 237.506 17.1345 127.844 138.07 -117.609
-716.793 238.501 17.1097 127.837 138.069 -117.622
-716.689 239.495 17.085 127.838 138.07 -117.619
-716.585 240.489 17.0603 127.838 138.07 -117.619
-716.48 241.483 17.0355 127.83 138.075 -117.647
-716.376 242.477 17.0108 127.828 138.076 -117.654
-716.272 243.472 16.986 127.828 138.076 -117.654
-716.167 244.466 16.9613 127.832 138.078 -117.662
-716.063 245.46 16.9366 127.841 138.074 -117.633
-715.959 246.454 16.9118 127.845 138.074 -117.639
-715.854 247.449 16.8871 127.845 138.074 -117.639
-715.75 248.443 16.8624 127.845 138.073 -117.641
-715.646 249.437 16.8376 127.842 138.072 -117.639
-715.541 250.431 16.8129 127.837 138.075 -117.646
-715.437 251.426 16.7881 127.832 138.077 -117.648
-715.333 252.42 16.7634 127.832 138.073 -117.618
-715.228 253.414 16.7387 127.832 138.073 -117.618
-715.124 254.408 16.7139 127.832 138.077 -117.632
-715.02 255.403 16.6892 127.837 138.076 -117.632
-714.915 256.397 16.6644 127.837 138.076 -117.632
-714.811 257.391 16.6397 127.839 138.076 -117.641
-714.707 258.385 16.615 127.842 138.074 -117.637
-714.602 259.379 16.5902 127.842 138.074 -117.637
-714.498 260.374 16.5655 127.842 138.074 -117.637
-714.394 261.368 16.5407 127.842 138.074 -117.637
-714.289 262.362 16.516 127.842 138.074 -117.637
-714.185 263.356 16.4913 127.842 138.074 -117.637
-714.081 264.351 16.4665 127.842 138.074 -117.637
-713.976 265.345 16.4418 127.842 138.074 -117.637
-713.872 266.339 16.417 127.842 138.074 -117.637
-713.768 267.333 16.3923 127.842 138.074 -117.637
-713.663 268.328 16.3676 127.842 138.074 -117.637
-713.559 269.322 16.3428 127.842 138.074 -117.637
-713.455 270.316 16.3181 127.842 138.074 -117.637
-713.35 271.31 16.2934 127.842 138.074 -117.637
13
-717.788 222.67 17.9721 127.82 138.08 -117.666
-717.64 223.659 17.9405 127.82 138.08 -117.666
-717.492 224.647 17.909 127.82 138.08 -117.666
-717.344 225.636 17.8775 127.82 138.08 -117.666
-717.197 226.624 17.846 127.82 138.08 -117.666
-717.049 227.613 17.8145 127.82 138.08 -117.666
-716.901 228.601 17.783 127.82 138.08 -117.666
-716.753 229.59 17.7515 127.82 138.08 -117.666
-716.606 230.579 17.7199 127.82 138.08 -117.666
-716.458 231.567 17.6884 127.82 138.08 -117.666
-716.31 232.556 17.6569 127.82 138.08 -117.666
-716.163 233.544 17.6254 127.82 138.08 -117.666
-716.015 234.533 17.5939 127.82 138.08 -117.666
-715.867 235.521 17.5624 127.82 138.08 -117.666
-715.719 236.51 17.5309 127.845 138.069 -117.606
-715.572 237.498 17.4993 127.838 138.069 -117.617
-715.424 238.487 17.4678 127.837 138.071 -117.621
-715.276 239.475 17.4363 127.837 138.071 -117.621
-715.128 240.464 17.4048 127.832 138.076 -117.643
-714.981 241.452 17.3733 127.828 138.075 -117.65
-714.833 242.441 17.3418 127.833 138.077 -117.659
-714.685 243.429 17.3102 127.833 138.077 -117.659
-714.538 244.418 17.2787 127.842 138.074 -117.635
-714.39 245.406 17.2472 127.844 138.073 -117.637
-714.242 246.395 17.2157 127.843 138.071 -117.641
-714.094 247.383 17.1842 127.843 138.071 -117.641
-713.947 248.372 17.1527 127.84 138.073 -117.641
-713.799 249.36 17.1212 127.835 138.077 -117.649
-713.651 250.349 17.0896 127.833 138.075 -117.633
-713.503 251.338 17.0581 127.832 138.073 -117.619
-713.356 252.326 17.0266 127.832 138.073 -117.619
-713.208 253.315 16.9951 127.83 138.076 -117.633
-713.06 254.303 16.9636 127.835 138.077 -117.631
-712.912 255.292 16.9321 127.838 138.076 -117.638
-712.765 256.28 16.9006 127.84 138.075 -117.641
-712.617 257.269 16.869 127.841 138.072 -117.633
-712.469 258.257 16.8375 127.838 138.075 -117.65
-712.322 259.246 16.806 127.838 138.075 -117.65
-712.174 260.234 16.7745 127.837 138.078 -117.654
-712.026 261.223 16.743 127.837 138.078 -117.654
-711.878 262.211 16.7115 127.837 138.078 -117.654
-711.731 263.2 16.68 127.837 138.078 -117.654
-711.583 264.188 16.6484 127.837 138.078 -117.654
-711.435 265.177 16.6169 127.837 138.078 -117.654
-711.287 266.165 16.5854 127.837 138.078 -117.654
-711.14 267.154 16.5539 127.837 138.078 -117.654
-710.992 268.142 16.5224 127.837 138.078 -117.654
-710.844 269.131 16.4909 127.837 138.078 -117.654
-710.697 270.12 16.4594 127.837 138.078 -117.654
-710.549 271.108 16.4278 127.837 138.078 -117.654
-710.401 272.097 16.3963 127.837 138.078 -117.654
14
-720.688 219.845 18.3242 127.821 138.079 -117.665
-720.56 220.836 18.2939 127.821 138.079 -117.665
-720.432 221.828 18.2636 127.821 138.079 -117.665
-720.304 222.819 18.2333 127.821 138.079 -117.665
-720.176 223.81 18.2029 127.821 138.079 -117.665
-720.048 224.802 18.1726 127.821 138.079 -117.665
-719.919 225.793 18.1423 127.821 138.079 -117.665
-719.791 226.784 18.112 127.821 138.079 -117.665
-719.663 227.775 18.0816 127.821 138.079 -117.665
-719.535 228.767 18.0513 127.821 138.079 -117.665
-719.407 229.758 18.021 127.821 138.079 -117.665
-719.279 230.749 17.9906 127.821 138.079 -117.665
-719.151 231.741 17.9603 127.821 138.079 -117.665
-719.023 232.732 17.93 127.821 138.079 -117.665
-718.895 233.723 17.8997 127.821 138.079 -117.665
-718.766 234.714 17.8693 127.821 138.079 -117.665
-718.638 235.706 17.839 127.821 138.079 -117.665
-718.51 236.697 17.8087 127.821 138.079 -117.665
-718.382 237.688 17.7784 127.845 138.07 -117.606
-718.254 238.68 17.748 127.837 138.07 -117.621
-718.126 239.671 17.7177 127.837 138.07 -117.621
-717.998 240.662 17.6874 127.838 138.07 -117.618
-717.87 241.654 17.6571 127.833 138.075 -117.644
-717.741 242.645 17.6267 127.83 138.076 -117.652
-717.613 243.636 17.5964 127.83 138.076 -117.652
-717.485 244.627 17.5661 127.833 138.078 -117.661
-717.357 245.619 17.5358 127.842 138.073 -117.633
-717.229 246.61 17.5054 127.842 138.073 -117.633
-717.101 247.601 17.4751 127.844 138.073 -117.641
-716.973 248.593 17.4448 127.842 138.072 -117.644
-716.845 249.584 17.4144 127.839 138.073 -117.643
-716.717 250.575 17.3841 127.839 138.073 -117.643
-716.588 251.566 17.3538 127.834 138.076 -117.65
-716.46 252.558 17.3235 127.832 138.075 -117.633
-716.332 253.549 17.2931 127.831 138.073 -117.619
-716.204 254.54 17.2628 127.831 138.078 -117.635
-716.076 255.532 17.2325 127.831 138.078 -117.635
-715.948 256.523 17.2022 127.837 138.076 -117.628
-715.82 257.514 17.1718 127.839 138.077 -117.64
-715.692 258.506 17.1415 127.839 138.077 -117.64
-715.564 259.497 17.1112 127.839 138.077 -117.64
-715.435 260.488 17.0809 127.839 138.077 -117.64
-715.307 261.479 17.0505 127.839 138.077 -117.64
-715.179 262.471 17.0202 127.839 138.077 -117.64
-715.051 263.462 16.9899 127.839 138.077 -117.64
-714.923 264.453 16.9596 127.839 138.077 -117.64
-714.795 265.445 16.9292 127.839 138.077 -117.64
-714.667 266.436 16.8989 127.839 138.077 -117.64
-714.539 267.427 16.8686 127.839 138.077 -117.64
-714.41 268.419 16.8382 127.839 138.077 -117.64
-714.282 269.41 16.8079 127.839 138.077 -117.64
15
-719.015 221.85 18.1655 127.822 138.08 -117.666
-718.891 222.842 18.1384 127.822 138.08 -117.666
-718.767 223.834 18.1113 127.822 138.08 -117.666
-718.643 224.826 18.0842 127.822 138.08 -117.666
-718.519 225.818 18.057 127.822 138.08 -117.666
-718.396 226.809 18.0299 127.822 138.08 -117.666
-718.272 227.801 18.0028 127.822 138.08 -117.666
-718.148 228.793 17.9757 127.822 138.08 -117.666
-718.024 229.785 17.9486 127.822 138.08 -117.666
-717.9 230.777 17.9214 127.822 138.08 -117.666
-717.776 231.769 17.8943 127.822 138.08 -117.666
-717.653 232.761 17.8672 127.822 138.08 -117.666
-717.529 233.753 17.8401 127.822 138.08 -117.666
-717.405 234.745 17.8129 127.822 138.08 -117.666
-717.281 235.737 17.7858 127.822 138.08 -117.666
-717.157 236.729 17.7587 127.843 138.07 -117.611
-717.033 237.721 17.7316 127.837 138.069 -117.619
-716.91 238.713 17.7045 127.84 138.068 -117.611
-716.786 239.705 17.6773 127.84 138.068 -117.611
-716.662 240.697 17.6502 127.835 138.074 -117.635
-716.538 241.688 17.6231 127.83 138.075 -117.648
-716.414 242.68 17.596 127.83 138.078 -117.661
-716.29 243.672 17.5688 127.83 138.078 -117.661
-716.167 244.664 17.5417 127.837 138.076 -117.647
-716.043 245.656 17.5146 127.843 138.073 -117.63
-715.919 246.648 17.4875 127.842 138.074 -117.643
-715.795 247.64 17.4604 127.842 138.073 -117.643
-715.671 248.632 17.4332 127.841 138.073 -117.642
-715.547 249.624 17.4061 127.837 138.076 -117.647
-715.424 250.616 17.379 127.837 138.076 -117.647
-715.3 251.608 17.3519 127.833 138.074 -117.623
-715.176 252.6 17.3247 127.831 138.074 -117.623
-715.052 253.592 17.2976 127.831 138.074 -117.623
-714.928 254.584 17.2705 127.831 138.076 -117.634
-714.804 255.576 17.2434 127.837 138.077 -117.63
-714.681 256.567 17.2163 127.84 138.077 -117.639
-714.557 257.559 17.1891 127.843 138.075 -117.635
-714.433 258.551 17.162 127.843 138.075 -117.635
-714.309 259.543 17.1349 127.84 138.074 -117.641
-714.185 260.535 17.1078 127.837 138.078 -117.657
-714.062 261.527 17.0807 127.837 138.078 -117.657
-713.938 262.519 17.0535 127.837 138.078 -117.657
-713.814 263.511 17.0264 127.837 138.078 -117.657
-713.69 264.503 16.9993 127.837 138.078 -117.657
-713.566 265.495 16.9722 127.837 138.078 -117.657
-713.442 266.487 16.945 127.837 138.078 -117.657
-713.319 267.479 16.9179 127.837 138.078 -117.657
-713.195 268.471 16.8908 127.837 138.078 -117.657
-713.071 269.463 16.8637 127.837 138.078 -117.657
-712.947 270.455 16.8366 127.837 138.078 -117.657
-712.823 271.446 16.8094 127.837 138.078 -117.657
16
-719.406 220.282 17.1641 127.82 138.08 -117.665
-719.294 221.276 17.1514 127.82 138.08 -117.665
-719.182 222.27 17.1386 127.82 138.08 -117.665
-719.07 223.263 17.1259 127.82 138.08 -117.665
-718.958 224.257 17.1132 127.82 138.08 -117.665
-718.846 225.25 17.1004 127.82 138.08 -117.665
-718.734 226.244 17.0877 127.82 138.08 -117.665
-718.622 227.238 17.0749 127.82 138.08 -117.665
-718.51 228.231 17.0622 127.82 138.08 -117.665
-718.398 229.225 17.0494 127.82 138.08 -117.665
-718.286 230.219 17.0367 127.82 138.08 -117.665
-718.174 231.212 17.0239 127.82 138.08 -117.665
-718.062 232.206 17.0112 127.82 138.08 -117.665
-717.95 233.2 16.9984 127.82 138.08 -117.665
-717.838 234.193 16.9857 127.82 138.08 -117.665
-717.726 235.187 16.9729 127.82 138.08 -117.665
-717.615 236.18 16.9602 127.82 138.08 -117.665
-717.503 237.174 16.9474 127.844 138.07 -117.61
-717.391 238.168 16.9347 127.837 138.069 -117.619
-717.279 239.161 16.9219 127.837 138.069 -117.619
-717.167 240.155 16.9092 127.839 138.068 -117.611
-717.055 241.149 16.8965 127.834 138.074 -117.635
-716.943 242.142 16.8837 127.829 138.075 -117.648
-716.831 243.136 16.871 127.829 138.075 -117.656
-716.719 244.13 16.8582 127.833 138.078 -117.661
-716.607 245.123 16.8455 127.833 138.078 -117.661
-716.495 246.117 16.8327 127.844 138.073 -117.628
-716.383 247.11 16.82 127.843 138.073 -117.642
-716.271 248.104 16.8072 127.841 138.072 -117.643
-716.159 249.098 16.7945 127.841 138.072 -117.643
-716.047 250.091 16.7817 127.837 138.074 -117.643
-715.935 251.085 16.769 127.832 138.077 -117.65
-715.824 252.079 16.7562 127.832 138.074 -117.627
-715.712 253.072 16.7435 127.831 138.075 -117.623
-715.6 254.066 16.7307 127.831 138.075 -117.623
-715.488 255.059 16.718 127.831 138.077 -117.636
-715.376 256.053 16.7052 127.836 138.076 -117.63
-715.264 257.047 16.6925 127.839 138.077 -117.642
-715.152 258.04 16.6798 127.839 138.077 -117.642
-715.04 259.034 16.667 127.839 138.077 -117.642
-714.928 260.028 16.6543 127.839 138.077 -117.642
-714.816 261.021 16.6415 127.839 138.077 -117.642
-714.704 262.015 16.6288 127.839 138.077 -117.642
-714.592 263.009 16.616 127.839 138.077 -117.642
-714.48 264.002 16.6033 127.839 138.077 -117.642
-714.368 264.996 16.5905 127.839 138.077 -117.642
-714.256 265.989 16.5778 127.839 138.077 -117.642
-714.145 266.983 16.565 127.839 138.077 -117.642
-714.033 267.977 16.5523 127.839 138.077 -117.642
-713.921 268.97 16.5395 127.839 138.077 -117.642
-713.809 269.964 16.5268 127.839 138.077 -117.642
17
-718.913 223.541 17.6448 127.816 138.077 -117.67
-718.792 224.534 17.6338 127.816 138.077 -117.67
-718.671 225.526 17.6228 127.816 138.077 -117.67
-718.55 226.519 17.6118 127.816 138.077 -117.67
-718.429 227.512 17.6008 127.816 138.077 -117.67
-718.308 228.504 17.5898 127.816 138.077 -117.67
-718.187 229.497 17.5788 127.816 138.077 -117.67
-718.066 230.489 17.5678 127.816 138.077 -117.67
-717.945 231.482 17.5567 127.816 138.077 -117.67
-717.824 232.475 17.5457 127.816 138.077 -117.67
-717.703 233.467 17.5347 127.816 138.077 -117.67
-717.582 234.46 17.5237 127.816 138.077 -117.67
-717.461 235.452 17.5127 127.816 138.077 -117.67
-717.34 236.445 17.5017 127.816 138.077 -117.67
-717.219 237.438 17.4907 127.85 138.073 -117.608
-717.098 238.43 17.4797 127.84 138.071 -117.622
-716.977 239.423 17.4687 127.84 138.071 -117.618
-716.856 240.415 17.4576 127.837 138.074 -117.635
-716.735 241.408 17.4466 127.837 138.075 -117.641
-716.614 242.401 17.4356 127.837 138.075 -117.641
-716.493 243.393 17.4246 127.841 138.076 -117.645
-716.372 244.386 17.4136 127.839 138.076 -117.646
-716.251 245.378 17.4026 127.841 138.073 -117.637
-716.13 246.371 17.3916 127.841 138.073 -117.637
-716.009 247.363 17.3806 127.837 138.076 -117.648
-715.888 248.356 17.3696 127.831 138.076 -117.65
-715.767 249.349 17.3585 127.826 138.08 -117.658
-715.646 250.341 17.3475 127.826 138.08 -117.658
-715.526 251.334 17.3365 127.829 138.08 -117.648
-715.405 252.326 17.3255 127.837 138.075 -117.621
-715.284 253.319 17.3145 127.837 138.075 -117.63
-715.163 254.312 17.3035 127.839 138.073 -117.63
-715.042 255.304 17.2925 127.838 138.074 -117.637
-714.921 256.297 17.2815 127.838 138.074 -117.637
-714.8 257.289 17.2705 127.837 138.076 -117.645
-714.679 258.282 17.2594 127.839 138.076 -117.637
-714.558 259.275 17.2484 127.838 138.078 -117.649
-714.437 260.267 17.2374 127.838 138.078 -117.649
-714.316 261.26 17.2264 127.838 138.078 -117.649
-714.195 262.252 17.2154 127.838 138.078 -117.649
-714.074 263.245 17.2044 127.838 138.078 -117.649
-713.953 264.238 17.1934 127.838 138.078 -117.649
-713.832 265.23 17.1824 127.838 138.078 -117.649
-713.711 266.223 17.1714 127.838 138.078 -117.649
-713.59 267.215 17.1603 127.838 138.078 -117.649
-713.469 268.208 17.1493 127.838 138.078 -117.649
-713.348 269.201 17.1383 127.838 138.078 -117.649
-713.227 270.193 17.1273 127.838 138.078 -117.649
-713.106 271.186 17.1163 127.838 138.078 -117.649
-712.985 272.178 17.1053 127.838 138.078 -117.649
-712.864 273.171 17.0943 127.838 138.078 -117.649
18
-718.606 221.703 18.4239 127.819 138.078 -117.664
-718.496 222.697 18.4066 127.819 138.078 -117.664
-718.386 223.691 18.3894 127.819 138.078 -117.664
-718.276 224.685 18.3721 127.819 138.078 -117.664
-718.166 225.679 18.3548 127.819 138.078 -117.664
-718.056 226.672 18.3375 127.819 138.078 -117.664
-717.946 227.666 18.3202 127.819 138.078 -117.664
-717.836 228.66 18.303 127.819 138.078 -117.664
-717.727 229.654 18.2857 127.819 138.078 -117.664
-717.617 230.648 18.2684 127.819 138.078 -117.664
-717.507 231.641 18.2511 127.819 138.078 -117.664
-717.397 232.635 18.2339 127.819 138.078 -117.664
-717.287 233.629 18.2166 127.819 138.078 -117.664
-717.177 234.623 18.1993 127.819 138.078 -117.664
-717.067 235.617 18.182 127.819 138.078 -117.664
-716.957 236.61 18.1647 127.849 138.074 -117.613
-716.847 237.604 18.1475 127.838 138.072 -117.628
-716.737 238.598 18.1302 127.837 138.072 -117.628
-716.628 239.592 18.1129 127.837 138.072 -117.628
-716.518 240.586 18.0956 127.834 138.076 -117.642
-716.408 241.579 18.0784 127.832 138.077 -117.649
-716.298 242.573 18.0611 127.835 138.078 -117.654
-716.188 243.567 18.0438 127.835 138.078 -117.654
-716.078 244.561 18.0265 127.843 138.076 -117.64
-715.968 245.554 18.0092 127.847 138.072 -117.627
-715.858 246.548 17.992 127.845 138.071 -117.636
-715.748 247.542 17.9747 127.843 138.07 -117.635
-715.638 248.536 17.9574 127.843 138.07 -117.635
-715.529 249.53 17.9401 127.839 138.075 -117.644
-715.419 250.523 17.9229 127.833 138.078 -117.647
-715.309 251.517 17.9056 127.833 138.078 -117.647
-715.199 252.511 17.8883 127.834 138.076 -117.622
-715.089 253.505 17.871 127.831 138.078 -117.634
-714.979 254.499 17.8537 127.833 138.078 -117.638
-714.869 255.492 17.8365 127.836 138.077 -117.64
-714.759 256.486 17.8192 127.836 138.077 -117.64
-714.649 257.48 17.8019 127.842 138.074 -117.639
-714.539 258.474 17.7846 127.842 138.074 -117.639
-714.43 259.468 17.7674 127.842 138.074 -117.639
-714.32 260.461 17.7501 127.842 138.074 -117.639
-714.21 261.455 17.7328 127.842 138.074 -117.639
-714.1 262.449 17.7155 127.842 138.074 -117.639
-713.99 263.443 17.6983 127.842 138.074 -117.639
-713.88 264.437 17.681 127.842 138.074 -117.639
-713.77 265.43 17.6637 127.842 138.074 -117.639
-713.66 266.424 17.6464 127.842 138.074 -117.639
-713.55 267.418 17.6291 127.842 138.074 -117.639
-713.44 268.412 17.6119 127.842 138.074 -117.639
-713.331 269.405 17.5946 127.842 138.074 -117.639
-713.221 270.399 17.5773 127.842 138.074 -117.639
-713.111 271.393 17.56 127.842 138.074 -117.639
19
-720.339 219.365 17.4448 127.82 138.078 -117.663
-720.206 220.356 17.4371 127.82 138.078 -117.663
-720.074 221.347 17.4294 127.82 138.078 -117.663
-719.941 222.338 17.4216 127.82 138.078 -117.663
-719.808 223.329 17.4139 127.82 138.078 -117.663
-719.676 224.32 17.4062 127.82 138.078 -117.663
-719.543 225.312 17.3984 127.82 138.078 -117.663
-719.41 226.303 17.3907 127.82 138.078 -117.663
-719.277 227.294 17.383 127.82 138.078 -117.663
-719.145 228.285 17.3752 127.82 138.078 -117.663
-719.012 229.276 17.3675 127.82 138.078 -117.663
-718.879 230.267 17.3598 127.82 138.078 -117.663
-718.746 231.258 17.352 127.82 138.078 -117.663
-718.614 232.249 17.3443 127.82 138.078 -117.663
-718.481 233.241 17.3365 127.82 138.078 -117.663
-718.348 234.232 17.3288 127.82 138.078 -117.663
-718.216 235.223 17.3211 127.82 138.078 -117.663
-718.083 236.214 17.3133 127.82 138.078 -117.663
-717.95 237.205 17.3056 127.848 138.072 -117.61
-717.817 238.196 17.2979 127.848 138.072 -117.61
-717.685 239.187 17.2901 127.837 138.071 -117.627
-717.552 240.178 17.2824 127.836 138.07 -117.622
-717.419 241.17 17.2747 127.833 138.075 -117.64
-717.286 242.161 17.2669 127.832 138.076 -117.646
-717.154 243.152 17.2592 127.834 138.077 -117.65
-717.021 244.143 17.2515 127.834 138.077 -117.65
-716.888 245.134 17.2437 127.839 138.077 -117.648
-716.756 246.125 17.236 127.845 138.072 -117.626
-716.623 247.116 17.2283 127.845 138.071 -117.634
-716.49 248.107 17.2205 127.843 138.07 -117.637
-716.357 249.098 17.2128 127.843 138.07 -117.637
-716.225 250.09 17.205 127.84 138.073 -117.639
-716.092 251.081 17.1973 127.834 138.077 -117.648
-715.959 252.072 17.1896 127.834 138.076 -117.629
-715.826 253.063 17.1818 127.831 138.078 -117.631
-715.694 254.054 17.1741 127.831 138.078 -117.631
-715.561 255.045 17.1664 127.835 138.078 -117.636
-715.428 256.036 17.1586 127.835 138.078 -117.636
-715.296 257.027 17.1509 127.835 138.078 -117.636
-715.163 258.019 17.1432 127.835 138.078 -117.636
-715.03 259.01 17.1354 127.835 138.078 -117.636
-714.897 260.001 17.1277 127.835 138.078 -117.636
-714.765 260.992 17.12 127.835 138.078 -117.636
-714.632 261.983 17.1122 127.835 138.078 -117.636
-714.499 262.974 17.1045 127.835 138.078 -117.636
-714.366 263.965 17.0968 127.835 138.078 -117.636
-714.234 264.956 17.089 127.835 138.078 -117.636
-714.101 265.948 17.0813 127.835 138.078 -117.636
-713.968 266.939 17.0735 127.835 138.078 -117.636
-713.835 267.93 17.0658 127.835 138.078 -117.636
-713.703 268.921 17.0581 127.835 138.078 -117.636
20
-717.993 221.02 17.757 127.819 138.078 -117.665
-717.859 222.01 17.7318 127.819 138.078 -117.665
-717.724 223.001 17.7066 127.819 138.078 -117.665
-717.59 223.992 17.6813 127.819 138.078 -117.665
-717.456 224.982 17.6561 127.819 138.078 -117.665
-717.321 225.973 17.6309 127.819 138.078 -117.665
-717.187 226.963 17.6056 127.819 138.078 -117.665
-717.053 227.954 17.5804 127.819 138.078 -117.665
-716.918 228.945 17.5552 127.819 138.078 -117.665
-716.784 229.935 17.5299 127.819 138.078 -117.665
-716.65 230.926 17.5047 127.819 138.078 -117.665
-716.516 231.916 17.4795 127.819 138.078 -117.665
-716.381 232.907 17.4542 127.819 138.078 -117.665
-716.247 233.898 17.429 127.819 138.078 -117.665
-716.113 234.888 17.4038 127.819 138.078 -117.665
-715.978 235.879 17.3785 127.849 138.073 -117.611
-715.844 236.87 17.3533 127.84 138.072 -117.622
-715.71 237.86 17.3281 127.84 138.072 -117.622
-715.575 238.851 17.3028 127.838 138.07 -117.621
-715.441 239.841 17.2776 127.835 138.074 -117.636
-715.307 240.832 17.2524 127.832 138.076 -117.647
-715.172 241.823 17.2271 127.833 138.078 -117.654
-715.038 242.813 17.2019 127.833 138.078 -117.654
-714.904 243.804 17.1767 127.838 138.079 -117.653
-714.769 244.795 17.1514 127.843 138.075 -117.633
-714.635 245.785 17.1262 127.843 138.074 -117.639
-714.501 246.776 17.101 127.841 138.073 -117.641
-714.366 247.766 17.0757 127.84 138.073 -117.641
-714.232 248.757 17.0505 127.84 138.073 -117.641
-714.098 249.748 17.0253 127.836 138.077 -117.646
-713.963 250.738 17 127.832 138.078 -117.638
-713.829 251.729 16.9748 127.832 138.076 -117.622
-713.695 252.719 16.9496 127.831 138.078 -117.635
-713.56 253.71 16.9243 127.831 138.078 -117.635
-713.426 254.701 16.8991 127.836 138.077 -117.631
-713.292 255.691 16.8739 127.837 138.076 -117.638
-713.158 256.682 16.8486 127.84 138.074 -117.64
-713.023 257.673 16.8234 127.84 138.074 -117.64
-712.889 258.663 16.7982 127.84 138.074 -117.64
-712.755 259.654 16.7729 127.84 138.074 -117.64
-712.62 260.644 16.7477 127.84 138.074 -117.64
-712.486 261.635 16.7224 127.84 138.074 -117.64
-712.352 262.626 16.6972 127.84 138.074 -117.64
-712.217 263.616 16.672 127.84 138.074 -117.64
-712.083 264.607 16.6467 127.84 138.074 -117.64
-711.949 265.597 16.6215 127.84 138.074 -117.64
-711.814 266.588 16.5963 127.84 138.074 -117.64
-711.68 267.579 16.571 127.84 138.074 -117.64
-711.546 268.569 16.5458 127.84 138.074 -117.64
-711.411 269.56 16.5206 127.84 138.074 -117.64
-711.277 270.551 16.4953 127.84 138.074 -117.64
21
-716.944 221.421 18.4751 127.819 138.078 -117.665
-716.821 222.413 18.4594 127.819 138.078 -117.665
-716.699 223.406 18.4438 127.819 138.078 -117.665
-716.576 224.398 18.4282 127.819 138.078 -117.665
-716.454 225.39 18.4125 127.819 138.078 -117.665
-716.332 226.383 18.3969 127.819 138.078 -117.665
-716.209 227.375 18.3813 127.819 138.078 -117.665
-716.087 228.367 18.3656 127.819 138.078 -117.665
-715.964 229.36 18.35 127.819 138.078 -117.665
-715.842 230.352 18.3344 127.819 138.078 -117.665
-715.72 231.344 18.3187 127.819 138.078 -117.665
-715.597 232.337 18.3031 127.819 138.078 -117.665
-715.475 233.329 18.2875 127.819 138.078 -117.665
-715.352 234.321 18.2718 127.819 138.078 -117.665
-715.23 235.314 18.2562 127.849 138.072 -117.61
-715.108 236.306 18.2406 127.837 138.071 -117.627
-714.985 237.299 18.2249 127.837 138.071 -117.627
-714.863 238.291 18.2093 127.837 138.071 -117.625
-714.74 239.283 18.1937 127.833 138.074 -117.642
-714.618 240.276 18.178 127.831 138.076 -117.649
-714.496 241.268 18.1624 127.833 138.077 -117.652
-714.373 242.26 18.1468 127.833 138.077 -117.652
-714.251 243.253 18.1312 127.839 138.078 -117.649
-714.128 244.245 18.1155 127.846 138.072 -117.626
-714.006 245.237 18.0999 127.844 138.072 -117.634
-713.884 246.23 18.0843 127.843 138.07 -117.636
-713.761 247.222 18.0686 127.839 138.073 -117.639
-713.639 248.214 18.053 127.839 138.073 -117.639
-713.517 249.207 18.0374 127.834 138.078 -117.648
-713.394 250.199 18.0217 127.833 138.077 -117.634
-713.272 251.192 18.0061 127.831 138.078 -117.629
-713.149 252.184 17.9905 127.831 138.078 -117.629
-713.027 253.176 17.9748 127.832 138.078 -117.636
-712.905 254.169 17.9592 127.835 138.077 -117.636
-712.782 255.161 17.9436 127.838 138.077 -117.641
-712.66 256.153 17.9279 127.841 138.075 -117.64
-712.537 257.146 17.9123 127.84 138.075 -117.642
-712.415 258.138 17.8967 127.84 138.075 -117.642
-712.293 259.13 17.881 127.838 138.078 -117.65
-712.17 260.123 17.8654 127.838 138.078 -117.65
-712.048 261.115 17.8498 127.838 138.078 -117.65
-711.925 262.107 17.8341 127.838 138.078 -117.65
-711.803 263.1 17.8185 127.838 138.078 -117.65
-711.681 264.092 17.8029 127.838 138.078 -117.65
-711.558 265.085 17.7872 127.838 138.078 -117.65
-711.436 266.077 17.7716 127.838 138.078 -117.65
-711.313 267.069 17.756 127.838 138.078 -117.65
-711.191 268.062 17.7403 127.838 138.078 -117.65
-711.069 269.054 17.7247 127.838 138.078 -117.65
-710.946 270.046 17.7091 127.838 138.078 -117.65
-710.824 271.039 17.6934 127.838 138.078 -117.65
22
-719.041 221.886 16.6398 127.819 138.078 -117.664
-718.922 222.879 16.6328 127.819 138.078 -117.664
-718.803 223.872 16.6257 127.819 138.078 -117.664
-718.685 224.864 16.6187 127.819 138.078 -117.664
-718.566 225.857 16.6116 127.819 138.078 -117.664
-718.447 226.85 16.6046 127.819 138.078 -117.664
-718.328 227.843 16.5976 127.819 138.078 -117.664
-718.209 228.836 16.5905 127.819 138.078 -117.664
-718.091 229.829 16.5835 127.819 138.078 -117.664
-717.972 230.822 16.5764 127.819 138.078 -117.664
-717.853 231.815 16.5694 127.819 138.078 -117.664
-717.734 232.808 16.5624 127.819 138.078 -117.664
-717.616 233.801 16.5553 127.819 138.078 -117.664
-717.497 234.793 16.5483 127.819 138.078 -117.664
-717.378 235.786 16.5412 127.819 138.078 -117.664
-717.259 236.779 16.5342 127.819 138.078 -117.664
-717.141 237.772 16.5272 127.848 138.073 -117.611
-717.022 238.765 16.5201 127.837 138.071 -117.626
-716.903 239.758 16.5131 127.839 138.071 -117.619
-716.784 240.751 16.506 127.834 138.074 -117.635
-716.666 241.744 16.499 127.833 138.075 -117.642
-716.547 242.737 16.492 127.833 138.075 -117.642
-716.428 243.73 16.4849 127.836 138.076 -117.645
-716.309 244.722 16.4779 127.841 138.075 -117.641
-716.19 245.715 16.4708 127.847 138.07 -117.621
-716.072 246.708 16.4638 127.847 138.07 -117.621
-715.953 247.701 16.4568 127.845 138.07 -117.634
-715.834 248.694 16.4497 127.843 138.07 -117.636
-715.715 249.687 16.4427 127.84 138.073 -117.64
-715.597 250.68 16.4356 127.833 138.077 -117.647
-715.478 251.673 16.4286 127.833 138.077 -117.647
-715.359 252.666 16.4216 127.831 138.075 -117.628
-715.24 253.659 16.4145 127.831 138.075 -117.628
-715.122 254.651 16.4075 127.83 138.078 -117.643
-715.003 255.644 16.4004 127.833 138.078 -117.641
-714.884 256.637 16.3934 127.836 138.076 -117.642
-714.765 257.63 16.3864 127.838 138.075 -117.645
-714.647 258.623 16.3793 127.838 138.075 -117.645
-714.528 259.616 16.3723 127.838 138.075 -117.645
-714.409 260.609 16.3652 127.838 138.075 -117.645
-714.29 261.602 16.3582 127.838 138.075 -117.645
-714.172 262.595 16.3512 127.838 138.075 -117.645
-714.053 263.587 16.3441 127.838 138.075 -117.645
-713.934 264.58 16.3371 127.838 138.075 -117.645
-713.815 265.573 16.33 127.838 138.075 -117.645
-713.696 266.566 16.323 127.838 138.075 -117.645
-713.578 267.559 16.316 127.838 138.075 -117.645
-713.459 268.552 16.3089 127.838 138.075 -117.645
-713.34 269.545 16.3019 127.838 138.075 -117.645
-713.221 270.538 16.2948 127.838 138.075 -117.645
-713.103 271.531 16.2878 127.838 138.075 -117.645
23
-717.441 221.516 16.9558 127.82 138.078 -117.665
-717.317 222.508 16.9404 127.82 138.078 -117.665
-717.193 223.501 16.9249 127.82 138.078 -117.665
-717.069 224.493 16.9095 127.82 138.078 -117.665
-716.945 225.485 16.894 127.82 138.078 -117.665
-716.821 226.477 16.8786 127.82 138.078 -117.665
-716.697 227.469 16.8631 127.82 138.078 -117.665
-716.573 228.461 16.8477 127.82 138.078 -117.665
-716.449 229.454 16.8322 127.82 138.078 -117.665
-716.325 230.446 16.8168 127.82 138.078 -117.665
-716.201 231.438 16.8013 127.82 138.078 -117.665
-716.077 232.43 16.7859 127.82 138.078 -117.665
-715.953 233.422 16.7704 127.82 138.078 -117.665
-715.829 234.414 16.755 127.82 138.078 -117.665
-715.705 235.407 16.7395 127.82 138.078 -117.665
-715.581 236.399 16.7241 127.849 138.072 -117.609
-715.457 237.391 16.7086 127.839 138.07 -117.625
-715.333 238.383 16.6932 127.838 138.07 -117.621
-715.209 239.375 16.6778 127.835 138.074 -117.634
-715.085 240.367 16.6623 127.835 138.074 -117.634
-714.961 241.359 16.6469 127.833 138.076 -117.642
-714.837 242.352 16.6314 127.836 138.076 -117.644
-714.713 243.344 16.616 127.842 138.075 -117.638
-714.589 244.336 16.6005 127.842 138.075 -117.638
-714.465 245.328 16.5851 127.847 138.07 -117.622
-714.341 246.32 16.5696 127.846 138.071 -117.633
-714.217 247.312 16.5542 127.843 138.07 -117.634
-714.093 248.305 16.5387 127.839 138.073 -117.641
-713.969 249.297 16.5233 127.834 138.077 -117.65
-713.845 250.289 16.5078 127.834 138.077 -117.65
-713.721 251.281 16.4924 127.832 138.077 -117.643
-713.597 252.273 16.4769 127.83 138.076 -117.629
-713.473 253.265 16.4615 127.83 138.078 -117.641
-713.349 254.258 16.446 127.835 138.076 -117.638
-713.225 255.25 16.4306 127.835 138.076 -117.638
-713.101 256.242 16.4151 127.837 138.076 -117.643
-712.977 257.234 16.3997 127.84 138.074 -117.641
-712.853 258.226 16.3843 127.839 138.072 -117.637
-712.729 259.218 16.3688 127.837 138.075 -117.647
-712.605 260.211 16.3534 127.837 138.075 -117.647
-712.481 261.203 16.3379 127.837 138.075 -117.647
-712.357 262.195 16.3225 127.837 138.075 -117.647
-712.233 263.187 16.307 127.837 138.075 -117.647
-712.109 264.179 16.2916 127.837 138.075 -117.647
-711.985 265.171 16.2761 127.837 138.075 -117.647
-711.861 266.164 16.2607 127.837 138.075 -117.647
-711.737 267.156 16.2452 127.837 138.075 -117.647
-711.613 268.148 16.2298 127.837 138.075 -117.647
-711.489 269.14 16.2143 127.837 138.075 -117.647
-711.365 270.132 16.1989 127.837 138.075 -117.647
-711.241 271.124 16.1834 127.837 138.075 -117.647
24
-719.423 222.086 16.4566 127.821 138.078 -117.663
-719.293 223.077 16.4562 127.821 138.078 -117.663
-719.163 224.069 16.4558 127.821 138.078 -117.663
-719.033 225.06 16.4554 127.821 138.078 -117.663
-718.904 226.052 16.455 127.821 138.078 -117.663
-718.774 227.043 16.4546 127.821 138.078 -117.663
-718.644 228.035 16.4542 127.821 138.078 -117.663
-718.514 229.026 16.4538 127.821 138.078 -117.663
-718.384 230.018 16.4534 127.821 138.078 -117.663
-718.254 231.009 16.453 127.821 138.078 -117.663
-718.124 232.001 16.4526 127.821 138.078 -117.663
-717.994 232.992 16.4522 127.821 138.078 -117.663
-717.864 233.984 16.4518 127.821 138.078 -117.663
-717.735 234.975 16.4514 127.821 138.078 -117.663
-717.605 235.967 16.451 127.821 138.078 -117.663
-717.475 236.958 16.4506 127.821 138.078 -117.663
-717.345 237.95 16.4502 127.848 138.072 -117.61
-717.215 238.942 16.4498 127.837 138.071 -117.627
-717.085 239.933 16.4494 127.835 138.071 -117.628
-716.955 240.925 16.449 127.835 138.071 -117.628
-716.825 241.916 16.4486 127.831 138.076 -117.647
-716.695 242.908 16.4482 127.831 138.077 -117.651
-716.566 243.899 16.4478 127.835 138.078 -117.653
-716.436 244.891 16.4474 127.842 138.076 -117.639
-716.306 245.882 16.447 127.842 138.076 -117.639
-716.176 246.874 16.4466 127.845 138.071 -117.626
-716.046 247.865 16.4462 127.843 138.071 -117.639
-715.916 248.857 16.4458 127.841 138.07 -117.637
-715.786 249.848 16.4454 127.838 138.074 -117.641
-715.656 250.84 16.445 127.832 138.079 -117.649
-715.526 251.831 16.4446 127.832 138.079 -117.649
-715.397 252.823 16.4442 127.832 138.077 -117.624
-715.267 253.814 16.4438 127.829 138.079 -117.634
-715.137 254.806 16.4434 127.831 138.079 -117.639
-715.007 255.798 16.443 127.831 138.079 -117.639
-714.877 256.789 16.4426 127.836 138.077 -117.638
-714.747 257.781 16.4422 127.84 138.076 -117.645
-714.617 258.772 16.4418 127.84 138.076 -117.645
-714.487 259.764 16.4414 127.84 138.076 -117.645
-714.357 260.755 16.441 127.84 138.076 -117.645
-714.228 261.747 16.4406 127.84 138.076 -117.645
-714.098 262.738 16.4402 127.84 138.076 -117.645
-713.968 263.73 16.4398 127.84 138.076 -117.645
-713.838 264.721 16.4394 127.84 138.076 -117.645
-713.708 265.713 16.439 127.84 138.076 -117.645
-713.578 266.704 16.4386 127.84 138.076 -117.645
-713.448 267.696 16.4382 127.84 138.076 -117.645
-713.318 268.687 16.4378 127.84 138.076 -117.645
-713.188 269.679 16.4374 127.84 138.076 -117.645
-713.059 270.67 16.437 127.84 138.076 -117.645
-712.929 271.662 16.4366 127.84 138.076 -117.645
25
-719.695 221.702 17.8554 127.822 138.079 -117.663
-719.563 222.693 17.8466 127.822 138.079 -117.663
-719.43 223.684 17.8379 127.822 138.079 -117.663
-719.298 224.675 17.8291 127.822 138.079 -117.663
-719.166 225.666 17.8204 127.822 138.079 -117.663
-719.033 226.657 17.8116 127.822 138.079 -117.663
-718.901 227.649 17.8029 127.822 138.079 -117.663
-718.768 228.64 17.7941 127.822 138.079 -117.663
-718.636 229.631 17.7854 127.822 138.079 -117.663
-718.504 230.622 17.7766 127.822 138.079 -117.663
-718.371 231.613 17.7679 127.822 138.079 -117.663
-718.239 232.604 17.7591 127.822 138.079 -117.663
-718.106 233.596 17.7504 127.822 138.079 -117.663
-717.974 234.587 17.7416 127.822 138.079 -117.663
-717.842 235.578 17.7328 127.822 138.079 -117.663
-717.709 236.569 17.7241 127.822 138.079 -117.663
-717.577 237.56 17.7153 127.848 138.072 -117.612
-717.445 238.551 17.7066 127.835 138.07 -117.629
-717.312 239.543 17.6978 127.837 138.07 -117.624
-717.18 240.534 17.6891 127.832 138.074 -117.64
-717.047 241.525 17.6803 127.831 138.076 -117.648
-716.915 242.516 17.6716 127.831 138.076 -117.648
-716.783 243.507 17.6628 127.832 138.076 -117.65
-716.65 244.498 17.6541 127.839 138.077 -117.65
-716.518 245.49 17.6453 127.845 138.072 -117.627
-716.386 246.481 17.6366 127.846 138.071 -117.63
-716.253 247.472 17.6278 127.844 138.07 -117.635
-716.121 248.463 17.6191 127.841 138.07 -117.635
-715.988 249.454 17.6103 127.837 138.075 -117.643
-715.856 250.445 17.6016 127.837 138.075 -117.643
-715.724 251.436 17.5928 127.833 138.079 -117.644
-715.591 252.428 17.5841 127.833 138.077 -117.624
-715.459 253.419 17.5753 127.83 138.079 -117.635
-715.327 254.41 17.5665 127.83 138.079 -117.635
-715.194 255.401 17.5578 127.833 138.078 -117.637
-715.062 256.392 17.549 127.835 138.077 -117.64
-714.929 257.383 17.5403 127.839 138.075 -117.643
-714.797 258.375 17.5315 127.842 138.073 -117.636
-714.665 259.366 17.5228 127.842 138.073 -117.636
-714.532 260.357 17.514 127.842 138.073 -117.636
-714.4 261.348 17.5053 127.842 138.073 -117.636
-714.268 262.339 17.4965 127.842 138.073 -117.636
-714.135 263.33 17.4878 127.842 138.073 -117.636
-714.003 264.322 17.479 127.842 138.073 -117.636
-713.87 265.313 17.4703 127.842 138.073 -117.636
-713.738 266.304 17.4615 127.842 138.073 -117.636
-713.606 267.295 17.4528 127.842 138.073 -117.636
-713.473 268.286 17.444 127.842 138.073 -117.636
-713.341 269.277 17.4353 127.842 138.073 -117.636
-713.209 270.269 17.4265 127.842 138.073 -117.636
-713.076 271.26 17.4178 127.842 138.073 -117.636
26
-719.738 220.576 18.2066 127.821 138.078 -117.664
-719.606 221.566 18.1707 127.821 138.078 -117.664
-719.475 222.557 18.1348 127.821 138.078 -117.664
-719.343 223.547 18.0989 127.821 138.078 -117.664
-719.211 224.538 18.0631 127.821 138.078 -117.664
-719.08 225.529 18.0272 127.821 138.078 -117.664
-718.948 226.519 17.9913 127.821 138.078 -117.664
-718.816 227.51 17.9554 127.821 138.078 -117.664
-718.684 228.501 17.9195 127.821 138.078 -117.664
-718.553 229.491 17.8836 127.821 138.078 -117.664
-718.421 230.482 17.8478 127.821 138.078 -117.664
-718.289 231.473 17.8119 127.821 138.078 -117.664
-718.157 232.463 17.776 127.821 138.078 -117.664
-718.026 233.454 17.7401 127.821 138.078 -117.664
-717.894 234.444 17.7042 127.821 138.078 -117.664
-717.762 235.435 17.6683 127.821 138.078 -117.664
-717.63 236.426 17.6324 127.821 138.078 -117.664
-717.499 237.416 17.5966 127.842 138.07 -117.611
-717.367 238.407 17.5607 127.837 138.07 -117.623
-717.235 239.398 17.5248 127.839 138.07 -117.615
-717.104 240.388 17.4889 127.833 138.076 -117.64
-716.972 241.379 17.453 127.833 138.076 -117.64
-716.84 242.37 17.4171 127.829 138.076 -117.651
-716.708 243.36 17.3813 127.828 138.077 -117.662
-716.577 244.351 17.3454 127.833 138.078 -117.661
-716.445 245.341 17.3095 127.833 138.078 -117.661
-716.313 246.332 17.2736 127.843 138.074 -117.632
-716.181 247.323 17.2377 127.843 138.075 -117.646
-716.05 248.313 17.2018 127.841 138.073 -117.645
-715.918 249.304 17.1659 127.837 138.075 -117.646
-715.786 250.295 17.1301 127.837 138.075 -117.646
-715.654 251.285 17.0942 127.833 138.078 -117.648
-715.523 252.276 17.0583 127.832 138.074 -117.62
-715.391 253.267 17.0224 127.831 138.077 -117.631
-715.259 254.257 16.9865 127.831 138.077 -117.631
-715.128 255.248 16.9506 127.834 138.077 -117.633
-714.996 256.238 16.9148 127.838 138.077 -117.636
-714.864 257.229 16.8789 127.838 138.077 -117.636
-714.732 258.22 16.843 127.838 138.077 -117.636
-714.601 259.21 16.8071 127.838 138.077 -117.636
-714.469 260.201 16.7712 127.838 138.077 -117.636
-714.337 261.192 16.7353 127.838 138.077 -117.636
-714.205 262.182 16.6995 127.838 138.077 -117.636
-714.074 263.173 16.6636 127.838 138.077 -117.636
-713.942 264.163 16.6277 127.838 138.077 -117.636
-713.81 265.154 16.5918 127.838 138.077 -117.636
-713.679 266.145 16.5559 127.838 138.077 -117.636
-713.547 267.135 16.52 127.838 138.077 -117.636
-713.415 268.126 16.4841 127.838 138.077 -117.636
-713.283 269.117 16.4483 127.838 138.077 -117.636
-713.152 270.107 16.4124 127.838 138.077 -117.636
27
-718.439 220.084 18.1931 127.817 138.079 -117.665
-718.33 221.077 18.1506 127.817 138.079 -117.665
-718.221 222.07 18.1081 127.817 138.079 -117.665
-718.112 223.063 18.0656 127.817 138.079 -117.665
-718.004 224.056 18.0231 127.817 138.079 -117.665
-717.895 225.049 17.9806 127.817 138.079 -117.665
-717.786 226.042 17.9381 127.817 138.079 -117.665
-717.677 227.036 17.8955 127.817 138.079 -117.665
-717.568 228.029 17.853 127.817 138.079 -117.665
-717.459 229.022 17.8105 127.817 138.079 -117.665
-717.35 230.015 17.768 127.817 138.079 -117.665
-717.242 231.008 17.7255 127.817 138.079 -117.665
-717.133 232.001 17.683 127.817 138.079 -117.665
-717.024 232.994 17.6404 127.817 138.079 -117.665
-716.915 233.988 17.5979 127.817 138.079 -117.665
-716.806 234.981 17.5554 127.817 138.079 -117.665
-716.697 235.974 17.5129 127.817 138.079 -117.665
-716.589 236.967 17.4704 127.848 138.071 -117.608
-716.48 237.96 17.4279 127.839 138.07 -117.62
-716.371 238.953 17.3854 127.839 138.07 -117.618
-716.262 239.947 17.3428 127.835 138.074 -117.636
-716.153 240.94 17.3003 127.835 138.074 -117.636
-716.044 241.933 17.2578 127.831 138.075 -117.648
-715.935 242.926 17.2153 127.831 138.076 -117.653
-715.827 243.919 17.1728 127.837 138.077 -117.655
-715.718 244.912 17.1303 127.844 138.075 -117.634
-715.609 245.905 17.0878 127.847 138.072 -117.626
-715.5 246.899 17.0452 127.846 138.072 -117.638
-715.391 247.892 17.0027 127.843 138.07 -117.639
-715.282 248.885 16.9602 127.839 138.073 -117.645
-715.173 249.878 16.9177 127.839 138.073 -117.645
-715.065 250.871 16.8752 127.835 138.076 -117.65
-714.956 251.864 16.8327 127.833 138.074 -117.623
-714.847 252.857 16.7902 127.833 138.074 -117.623
-714.738 253.851 16.7476 127.831 138.078 -117.635
-714.629 254.844 16.7051 127.833 138.077 -117.637
-714.52 255.837 16.6626 127.836 138.076 -117.639
-714.411 256.83 16.6201 127.836 138.076 -117.639
-714.303 257.823 16.5776 127.839 138.075 -117.642
-714.194 258.816 16.5351 127.839 138.075 -117.642
-714.085 259.809 16.4926 127.839 138.075 -117.642
-713.976 260.803 16.45 127.839 138.075 -117.642
-713.867 261.796 16.4075 127.839 138.075 -117.642
-713.758 262.789 16.365 127.839 138.075 -117.642
-713.649 263.782 16.3225 127.839 138.075 -117.642
-713.541 264.775 16.28 127.839 138.075 -117.642
-713.432 265.768 16.2375 127.839 138.075 -117.642
-713.323 266.762 16.195 127.839 138.075 -117.642
-713.214 267.755 16.1524 127.839 138.075 -117.642
-713.105 268.748 16.1099 127.839 138.075 -117.642
-712.996 269.741 16.0674 127.839 138.075 -117.642
28
-716.91 223.046 17.4225 127.818 138.078 -117.666
-716.789 224.039 17.4044 127.818 138.078 -117.666
-716.668 225.031 17.3863 127.818 138.078 -117.666
-716.547 226.024 17.3682 127.818 138.078 -117.666
-716.426 227.016 17.3501 127.818 138.078 -117.666
-716.304 228.009 17.332 127.818 138.078 -117.666
-716.183 229.001 17.3138 127.818 138.078 -117.666
-716.062 229.994 17.2957 127.818 138.078 -117.666
-715.941 230.986 17.2776 127.818 138.078 -117.666
-715.82 231.979 17.2595 127.818 138.078 -117.666
-715.698 232.971 17.2414 127.818 138.078 -117.666
-715.577 233.964 17.2232 127.818 138.078 -117.666
-715.456 234.956 17.2051 127.818 138.078 -117.666
-715.335 235.948 17.187 127.85 138.073 -117.607
-715.214 236.941 17.1689 127.838 138.071 -117.624
-715.093 237.933 17.1508 127.838 138.071 -117.622
-714.971 238.926 17.1327 127.838 138.071 -117.622
-714.85 239.918 17.1145 127.834 138.075 -117.641
-714.729 240.911 17.0964 127.832 138.077 -117.65
-714.608 241.903 17.0783 127.832 138.077 -117.65
-714.487 242.896 17.0602 127.838 138.078 -117.653
-714.366 243.888 17.0421 127.843 138.076 -117.641
-714.244 244.881 17.024 127.848 138.072 -117.626
-714.123 245.873 17.0058 127.846 138.072 -117.641
-714.002 246.866 16.9877 127.846 138.072 -117.641
-713.881 247.858 16.9696 127.844 138.07 -117.637
-713.76 248.851 16.9515 127.839 138.075 -117.646
-713.638 249.843 16.9334 127.834 138.077 -117.651
-713.517 250.835 16.9153 127.833 138.076 -117.625
-713.396 251.828 16.8971 127.833 138.076 -117.625
-713.275 252.82 16.879 127.831 138.078 -117.634
-713.154 253.813 16.8609 127.833 138.078 -117.637
-713.033 254.805 16.8428 127.837 138.076 -117.64
-712.911 255.798 16.8247 127.837 138.076 -117.64
-712.79 256.79 16.8065 127.841 138.075 -117.641
-712.669 257.783 16.7884 127.84 138.073 -117.637
-712.548 258.775 16.7703 127.836 138.078 -117.654
-712.427 259.768 16.7522 127.836 138.078 -117.654
-712.306 260.76 16.7341 127.836 138.078 -117.654
-712.184 261.753 16.716 127.836 138.078 -117.654
-712.063 262.745 16.6978 127.836 138.078 -117.654
-711.942 263.737 16.6797 127.836 138.078 -117.654
-711.821 264.73 16.6616 127.836 138.078 -117.654
-711.7 265.722 16.6435 127.836 138.078 -117.654
-711.578 266.715 16.6254 127.836 138.078 -117.654
-711.457 267.707 16.6073 127.836 138.078 -117.654
-711.336 268.7 16.5891 127.836 138.078 -117.654
-711.215 269.692 16.571 127.836 138.078 -117.654
-711.094 270.685 16.5529 127.836 138.078 -117.654
-710.973 271.677 16.5348 127.836 138.078 -117.654
-710.851 272.67 16.5167 127.836 138.078 -117.654
29
-718.951 218.89 17.9493 127.82 138.078 -117.664
-718.829 219.881 17.8974 127.82 138.078 -117.664
-718.707 220.872 17.8454 127.82 138.078 -117.664
-718.585 221.863 17.7935 127.82 138.078 -117.664
-718.463 222.855 17.7415 127.82 138.078 -117.664
-718.341 223.846 17.6896 127.82 138.078 -117.664
-718.219 224.837 17.6376 127.82 138.078 -117.664
-718.097 225.828 17.5857 127.82 138.078 -117.664
-717.975 226.819 17.5337 127.82 138.078 -117.664
-717.853 227.81 17.4818 127.82 138.078 -117.664
-717.731 228.802 17.4298 127.82 138.078 -117.664
-717.609 229.793 17.3779 127.82 138.078 -117.664
-717.487 230.784 17.3259 127.82 138.078 -117.664
-717.365 231.775 17.274 127.82 138.078 -117.664
-717.243 232.766 17.2221 127.82 138.078 -117.664
-717.121 233.757 17.1701 127.82 138.078 -117.664
-716.999 234.749 17.1182 127.82 138.078 -117.664
-716.877 235.74 17.0662 127.82 138.078 -117.664
-716.755 236.731 17.0143 127.85 138.073 -117.607
-716.633 237.722 16.9623 127.839 138.07 -117.624
-716.511 238.713 16.9104 127.839 138.07 -117.624
-716.389 239.704 16.8584 127.838 138.071 -117.622
-716.267 240.696 16.8065 127.835 138.076 -117.64
-716.144 241.687 16.7545 127.833 138.077 -117.649
-716.022 242.678 16.7026 127.833 138.077 -117.649
-715.9 243.669 16.6506 127.837 138.078 -117.653
-715.778 244.66 16.5987 127.844 138.076 -117.638
-715.656 245.651 16.5467 127.847 138.072 -117.629
-715.534 246.643 16.4948 127.847 138.072 -117.629
-715.412 247.634 16.4428 127.845 138.071 -117.641
-715.29 248.625 16.3909 127.843 138.07 -117.638
-715.168 249.616 16.3389 127.839 138.074 -117.644
-715.046 250.607 16.287 127.835 138.078 -117.651
-714.924 251.598 16.235 127.835 138.077 -117.634
-714.802 252.59 16.1831 127.833 138.076 -117.623
-714.68 253.581 16.1312 127.83 138.078 -117.634
-714.558 254.572 16.0792 127.832 138.078 -117.635
-714.436 255.563 16.0273 127.832 138.078 -117.635
-714.314 256.554 15.9753 127.832 138.078 -117.635
-714.192 257.546 15.9234 127.832 138.078 -117.635
-714.07 258.537 15.8714 127.832 138.078 -117.635
-713.948 259.528 15.8195 127.832 138.078 -117.635
-713.826 260.519 15.7675 127.832 138.078 -117.635
-713.704 261.51 15.7156 127.832 138.078 -117.635
-713.582 262.501 15.6636 127.832 138.078 -117.635
-713.46 263.493 15.6117 127.832 138.078 -117.635
-713.338 264.484 15.5597 127.832 138.078 -117.635
-713.216 265.475 15.5078 127.832 138.078 -117.635
-713.094 266.466 15.4558 127.832 138.078 -117.635
-712.972 267.457 15.4039 127.832 138.078 -117.635
-712.85 268.448 15.3519 127.832 138.078 -117.635
30
-718.444 221.114 17.1771 127.819 138.078 -117.666
-718.329 222.108 17.1617 127.819 138.078 -117.666
-718.214 223.101 17.1464 127.819 138.078 -117.666
-718.099 224.094 17.131 127.819 138.078 -117.666
-717.984 225.087 17.1156 127.819 138.078 -117.666
-717.87 226.081 17.1002 127.819 138.078 -117.666
-717.755 227.074 17.0848 127.819 138.078 -117.666
-717.64 228.067 17.0695 127.819 138.078 -117.666
-717.525 229.06 17.0541 127.819 138.078 -117.666
-717.41 230.054 17.0387 127.819 138.078 -117.666
-717.295 231.047 17.0233 127.819 138.078 -117.666
-717.18 232.04 17.0079 127.819 138.078 -117.666
-717.065 233.033 16.9926 127.819 138.078 -117.666
-716.95 234.027 16.9772 127.819 138.078 -117.666
-716.835 235.02 16.9618 127.819 138.078 -117.666
-716.72 236.013 16.9464 127.819 138.078 -117.666
-716.605 237.007 16.931 127.85 138.072 -117.606
-716.49 238 16.9157 127.84 138.071 -117.621
-716.375 238.993 16.9003 127.837 138.07 -117.621
-716.261 239.986 16.8849 127.837 138.07 -117.621
-716.146 240.98 16.8695 127.833 138.075 -117.641
-716.031 241.973 16.8541 127.831 138.076 -117.649
-715.916 242.966 16.8388 127.833 138.078 -117.654
-715.801 243.959 16.8234 127.837 138.079 -117.654
-715.686 244.953 16.808 127.845 138.073 -117.63
-715.571 245.946 16.7926 127.845 138.073 -117.63
-715.456 246.939 16.7772 127.845 138.073 -117.639
-715.341 247.932 16.7619 127.844 138.071 -117.638
-715.226 248.926 16.7465 127.84 138.073 -117.644
-715.111 249.919 16.7311 127.836 138.077 -117.648
-714.996 250.912 16.7157 127.836 138.077 -117.648
-714.881 251.905 16.7003 127.833 138.077 -117.637
-714.766 252.899 16.6849 127.833 138.076 -117.623
-714.651 253.892 16.6696 127.832 138.078 -117.635
-714.537 254.885 16.6542 127.834 138.077 -117.633
-714.422 255.878 16.6388 127.836 138.076 -117.638
-714.307 256.872 16.6234 127.836 138.076 -117.638
-714.192 257.865 16.608 127.84 138.075 -117.64
-714.077 258.858 16.5927 127.841 138.073 -117.637
-713.962 259.851 16.5773 127.841 138.073 -117.637
-713.847 260.845 16.5619 127.841 138.073 -117.637
-713.732 261.838 16.5465 127.841 138.073 -117.637
-713.617 262.831 16.5311 127.841 138.073 -117.637
-713.502 263.824 16.5158 127.841 138.073 -117.637
-713.387 264.818 16.5004 127.841 138.073 -117.637
-713.272 265.811 16.485 127.841 138.073 -117.637
-713.157 266.804 16.4696 127.841 138.073 -117.637
-713.042 267.797 16.4542 127.841 138.073 -117.637
-712.928 268.791 16.4389 127.841 138.073 -117.637
-712.813 269.784 16.4235 127.841 138.073 -117.637
-712.698 270.777 16.4081 127.841 138.073 -117.637
31
-718.622 218.892 15.69 127.821 138.079 -117.664
-718.506 219.885 15.679 127.821 138.079 -117.664
-718.389 220.879 15.6679 127.821 138.079 -117.664
-718.273 221.872 15.6568 127.821 138.079 -117.664
-718.157 222.865 15.6458 127.821 138.079 -117.664
-718.041 223.858 15.6347 127.821 138.079 -117.664
-717.925 224.851 15.6237 127.821 138.079 -117.664
-717.808 225.844 15.6126 127.821 138.079 -117.664
-717.692 226.838 15.6015 127.821 138.079 -117.664
-717.576 227.831 15.5905 127.821 138.079 -117.664
-717.46 228.824 15.5794 127.821 138.079 -117.664
-717.344 229.817 15.5683 127.821 138.079 -117.664
-717.228 230.81 15.5573 127.821 138.079 -117.664
-717.111 231.803 15.5462 127.821 138.079 -117.664
-716.995 232.797 15.5351 127.821 138.079 -117.664
-716.879 233.79 15.5241 127.821 138.079 -117.664
-716.763 234.783 15.513 127.821 138.079 -117.664
-716.647 235.776 15.502 127.821 138.079 -117.664
-716.531 236.769 15.4909 127.821 138.079 -117.664
-716.414 237.762 15.4798 127.85 138.073 -117.612
-716.298 238.756 15.4688 127.839 138.07 -117.625
-716.182 239.749 15.4577 127.836 138.071 -117.626
-716.066 240.742 15.4466 127.834 138.075 -117.639
-715.95 241.735 15.4356 127.834 138.075 -117.639
-715.834 242.728 15.4245 127.831 138.075 -117.645
-715.717 243.721 15.4134 127.835 138.077 -117.647
-715.601 244.715 15.4024 127.84 138.076 -117.64
-715.485 245.708 15.3913 127.846 138.072 -117.622
-715.369 246.701 15.3803 127.846 138.072 -117.622
-715.253 247.694 15.3692 127.846 138.071 -117.63
-715.137 248.687 15.3581 127.844 138.069 -117.633
-715.02 249.681 15.3471 127.839 138.075 -117.644
-714.904 250.674 15.336 127.839 138.075 -117.644
-714.788 251.667 15.3249 127.835 138.076 -117.641
-714.672 252.66 15.3139 127.832 138.076 -117.63
-714.556 253.653 15.3028 127.832 138.076 -117.63
-714.44 254.646 15.2917 127.829 138.078 -117.642
-714.323 255.64 15.2807 127.834 138.077 -117.64
-714.207 256.633 15.2696 127.834 138.077 -117.64
-714.091 257.626 15.2586 127.834 138.077 -117.64
-713.975 258.619 15.2475 127.834 138.077 -117.64
-713.859 259.612 15.2364 127.834 138.077 -117.64
-713.743 260.605 15.2254 127.834 138.077 -117.64
-713.626 261.599 15.2143 127.834 138.077 -117.64
-713.51 262.592 15.2032 127.834 138.077 -117.64
-713.394 263.585 15.1922 127.834 138.077 -117.64
-713.278 264.578 15.1811 127.834 138.077 -117.64
-713.162 265.571 15.1701 127.834 138.077 -117.64
-713.046 266.564 15.159 127.834 138.077 -117.64
-712.929 267.558 15.1479 127.834 138.077 -117.64
-712.813 268.551 15.1369 127.834 138.077 -117.64
