1
-647.634 514.046 56.6522 -136.618 125.595 -121.091
-648.597 514.316 56.6691 -136.618 125.595 -121.091
-649.559 514.587 56.6859 -136.618 125.595 -121.091
-650.522 514.858 56.7028 -136.618 125.595 -121.091
-651.484 515.128 56.7196 -136.618 125.595 -121.091
-652.447 515.399 56.7365 -136.618 125.595 -121.091
-653.409 515.67 56.7534 -136.618 125.595 -121.091
-654.372 515.941 56.7702 -136.618 125.595 -121.091
-655.334 516.211 56.7871 -136.614 125.595 -121.093
-656.297 516.482 56.8039 -136.614 125.595 -121.093
-657.259 516.753 56.8208 -136.613 125.595 -121.1
-658.222 517.023 56.8376 -136.615 125.591 -121.098
-659.184 517.294 56.8545 -136.618 125.586 -121.093
-660.147 517.565 56.8714 -136.618 125.586 -121.093
-661.109 517.836 56.8882 -136.621 125.585 -121.095
-662.072 518.106 56.9051 -136.622 125.586 -121.092
-663.034 518.377 56.9219 -136.621 125.586 -121.091
-663.997 518.648 56.9388 -136.621 125.584 -121.087
-664.959 518.918 56.9556 -136.621 125.584 -121.087
-665.922 519.189 56.9725 -136.618 125.58 -121.074
-666.884 519.46 56.9894 -136.617 125.579 -121.071
-667.847 519.731 57.0062 -136.616 125.579 -121.07
-668.809 520.001 57.0231 -136.616 125.579 -121.07
-669.772 520.272 57.0399 -136.614 125.579 -121.069
-670.734 520.543 57.0568 -136.612 125.581 -121.07
-671.697 520.813 57.0736 -136.612 125.582 -121.072
-672.659 521.084 57.0905 -136.609 125.582 -121.068
-673.622 521.355 57.1074 -136.606 125.579 -121.066
-674.585 521.626 57.1242 -136.606 125.579 -121.066
-675.547 521.896 57.1411 -136.606 125.578 -121.064
-676.51 522.167 57.1579 -136.61 125.578 -121.066
-677.472 522.438 57.1748 -136.61 125.578 -121.066
-678.435 522.708 57.1916 -136.611 125.576 -121.064
-679.397 522.979 57.2085 -136.611 125.574 -121.063
-680.36 523.25 57.2254 -136.613 125.573 -121.064
-681.322 523.521 57.2422 -136.613 125.573 -121.07
-682.285 523.791 57.2591 -136.613 125.573 -121.068
-683.247 524.062 57.2759 -136.615 125.574 -121.068
-684.21 524.333 57.2928 -136.615 125.574 -121.068
-685.172 524.603 57.3097 -136.619 125.574 -121.069
-686.135 524.874 57.3265 -136.622 125.574 -121.065
-687.097 525.145 57.3434 -136.622 125.574 -121.065
-688.06 525.416 57.3602 -136.622 125.574 -121.065
-689.022 525.686 57.3771 -136.622 125.574 -121.065
-689.985 525.957 57.3939 -136.622 125.574 -121.065
-690.947 526.228 57.4108 -136.622 125.574 -121.065
2
-650.358 508.744 56.5695 -136.615 125.593 -121.088
-651.313 509.04 56.5787 -136.615 125.593 -121.088
-652.269 509.335 56.5879 -136.615 125.593 -121.088
-653.224 509.631 56.5972 -136.615 125.593 -121.088
-654.179 509.927 56.6064 -136.615 125.593 -121.088
-655.134 510.222 56.6156 -136.615 125.593 -121.088
-656.09 510.518 56.6248 -136.615 125.593 -121.088
-657.045 510.813 56.634 -136.615 125.593 -121.088
-658 511.109 56.6433 -136.619 125.596 -121.096
-658.955 511.405 56.6525 -136.616 125.595 -121.1
-659.911 511.7 56.6617 -136.615 125.591 -121.101
-660.866 511.996 56.6709 -136.619 125.587 -121.097
-661.821 512.291 56.6802 -136.619 125.587 -121.097
-662.777 512.587 56.6894 -136.623 125.587 -121.097
-663.732 512.882 56.6986 -136.626 125.588 -121.099
-664.687 513.178 56.7078 -136.623 125.588 -121.093
-665.642 513.474 56.717 -136.62 125.586 -121.087
-666.598 513.769 56.7263 -136.619 125.583 -121.082
-667.553 514.065 56.7355 -136.619 125.583 -121.082
-668.508 514.36 56.7447 -136.618 125.58 -121.074
-669.463 514.656 56.7539 -136.615 125.58 -121.069
-670.419 514.952 56.7631 -136.614 125.581 -121.07
-671.374 515.247 56.7724 -136.611 125.58 -121.065
-672.329 515.543 56.7816 -136.609 125.58 -121.065
-673.285 515.838 56.7908 -136.607 125.58 -121.065
-674.24 516.134 56.8 -136.607 125.58 -121.065
-675.195 516.429 56.8092 -136.607 125.579 -121.064
-676.15 516.725 56.8185 -136.605 125.58 -121.065
-677.106 517.021 56.8277 -136.605 125.579 -121.064
-678.061 517.316 56.8369 -136.606 125.578 -121.061
-679.016 517.612 56.8461 -136.608 125.576 -121.061
-679.971 517.907 56.8554 -136.608 125.576 -121.061
-680.927 518.203 56.8646 -136.609 125.574 -121.059
-681.882 518.499 56.8738 -136.609 125.572 -121.057
-682.837 518.794 56.883 -136.612 125.572 -121.064
-683.792 519.09 56.8922 -136.615 125.571 -121.069
-684.748 519.385 56.9015 -136.615 125.571 -121.069
-685.703 519.681 56.9107 -136.613 125.571 -121.065
-686.658 519.977 56.9199 -136.613 125.573 -121.066
-687.614 520.272 56.9291 -136.619 125.574 -121.067
-688.569 520.568 56.9383 -136.619 125.571 -121.058
-689.524 520.863 56.9476 -136.619 125.571 -121.058
-690.479 521.159 56.9568 -136.619 125.571 -121.058
-691.435 521.454 56.966 -136.619 125.571 -121.058
-692.39 521.75 56.9752 -136.619 125.571 -121.058
-693.345 522.046 56.9844 -136.619 125.571 -121.058
3
-650.619 512.844 56.6029 -136.617 125.593 -121.087
-651.575 513.138 56.6138 -136.617 125.593 -121.087
-652.53 513.432 56.6248 -136.617 125.593 -121.087
-653.486 513.726 56.6357 -136.617 125.593 -121.087
-654.442 514.02 56.6467 -136.617 125.593 -121.087
-655.398 514.314 56.6577 -136.617 125.593 -121.087
-656.353 514.608 56.6686 -136.621 125.596 -121.098
-657.309 514.902 56.6796 -136.618 125.594 -121.102
-658.265 515.197 56.6905 -136.62 125.591 -121.105
-659.22 515.491 56.7015 -136.622 125.591 -121.103
-660.176 515.785 56.7124 -136.62 125.59 -121.097
-661.132 516.079 56.7234 -136.615 125.589 -121.096
-662.088 516.373 56.7343 -136.615 125.589 -121.096
-663.043 516.667 56.7453 -136.614 125.588 -121.09
-663.999 516.961 56.7562 -136.614 125.587 -121.088
-664.955 517.255 56.7672 -136.615 125.586 -121.085
-665.91 517.549 56.7781 -136.613 125.583 -121.078
-666.866 517.843 56.7891 -136.61 125.581 -121.069
-667.822 518.138 56.8001 -136.611 125.581 -121.069
-668.777 518.432 56.811 -136.609 125.58 -121.067
-669.733 518.726 56.822 -136.607 125.58 -121.067
-670.689 519.02 56.8329 -136.607 125.58 -121.067
-671.645 519.314 56.8439 -136.607 125.581 -121.068
-672.6 519.608 56.8548 -136.609 125.58 -121.072
-673.556 519.902 56.8658 -136.608 125.58 -121.07
-674.512 520.196 56.8767 -136.604 125.58 -121.067
-675.467 520.49 56.8877 -136.604 125.58 -121.065
-676.423 520.784 56.8986 -136.606 125.578 -121.064
-677.379 521.079 56.9096 -136.606 125.578 -121.064
-678.335 521.373 56.9206 -136.607 125.576 -121.062
-679.29 521.667 56.9315 -136.609 125.575 -121.063
-680.246 521.961 56.9425 -136.609 125.574 -121.062
-681.202 522.255 56.9534 -136.608 125.573 -121.063
-682.157 522.549 56.9644 -136.609 125.574 -121.066
-683.113 522.843 56.9753 -136.609 125.574 -121.063
-684.069 523.137 56.9863 -136.609 125.575 -121.063
-685.025 523.431 56.9972 -136.609 125.575 -121.063
-685.98 523.725 57.0082 -136.61 125.575 -121.06
-686.936 524.02 57.0191 -136.614 125.572 -121.057
-687.892 524.314 57.0301 -136.616 125.57 -121.053
-688.847 524.608 57.041 -136.616 125.57 -121.053
-689.803 524.902 57.052 -136.616 125.57 -121.053
-690.759 525.196 57.063 -136.616 125.57 -121.053
-691.715 525.49 57.0739 -136.616 125.57 -121.053
-692.67 525.784 57.0849 -136.616 125.57 -121.053
-693.626 526.078 57.0958 -136.616 125.57 -121.053
4
-651.055 513.463 57.1859 -136.618 125.593 -121.089
-652.011 513.756 57.1974 -136.618 125.593 -121.089
-652.967 514.05 57.2088 -136.618 125.593 -121.089
-653.923 514.343 57.2202 -136.618 125.593 -121.089
-654.879 514.636 57.2317 -136.618 125.593 -121.089
-655.835 514.93 57.2431 -136.621 125.594 -121.095
-656.791 515.223 57.2546 -136.617 125.593 -121.099
-657.747 515.517 57.266 -136.619 125.59 -121.103
-658.703 515.81 57.2774 -136.621 125.59 -121.099
-659.659 516.103 57.2889 -136.619 125.589 -121.096
-660.615 516.397 57.3003 -136.619 125.589 -121.096
-661.571 516.69 57.3117 -136.615 125.588 -121.092
-662.526 516.984 57.3232 -136.615 125.588 -121.088
-663.482 517.277 57.3346 -136.615 125.587 -121.084
-664.438 517.57 57.346 -136.615 125.586 -121.082
-665.394 517.864 57.3575 -136.612 125.582 -121.072
-666.35 518.157 57.3689 -136.608 125.581 -121.065
-667.306 518.451 57.3804 -136.609 125.581 -121.065
-668.262 518.744 57.3918 -136.608 125.58 -121.064
-669.218 519.037 57.4032 -136.608 125.58 -121.064
-670.174 519.331 57.4147 -136.606 125.58 -121.064
-671.13 519.624 57.4261 -136.605 125.581 -121.067
-672.086 519.918 57.4375 -136.609 125.58 -121.069
-673.042 520.211 57.449 -136.605 125.579 -121.067
-673.997 520.504 57.4604 -136.603 125.58 -121.064
-674.953 520.798 57.4718 -136.604 125.579 -121.064
-675.909 521.091 57.4833 -136.604 125.579 -121.064
-676.865 521.385 57.4947 -136.606 125.576 -121.062
-677.821 521.678 57.5062 -136.608 125.574 -121.062
-678.777 521.971 57.5176 -136.611 125.574 -121.063
-679.733 522.265 57.529 -136.61 125.573 -121.063
-680.689 522.558 57.5405 -136.609 125.573 -121.065
-681.645 522.852 57.5519 -136.611 125.573 -121.068
-682.601 523.145 57.5633 -136.611 125.573 -121.068
-683.557 523.438 57.5748 -136.61 125.574 -121.066
-684.513 523.732 57.5862 -136.61 125.574 -121.066
-685.469 524.025 57.5976 -136.612 125.572 -121.061
-686.424 524.319 57.6091 -136.616 125.571 -121.057
-687.38 524.612 57.6205 -136.616 125.571 -121.057
-688.336 524.905 57.632 -136.616 125.571 -121.057
-689.292 525.199 57.6434 -136.616 125.571 -121.057
-690.248 525.492 57.6548 -136.616 125.571 -121.057
-691.204 525.786 57.6663 -136.616 125.571 -121.057
-692.16 526.079 57.6777 -136.616 125.571 -121.057
-693.116 526.372 57.6891 -136.616 125.571 -121.057
-694.072 526.666 57.7006 -136.616 125.571 -121.057
