1
-641.698 513.719 49.9378 -154.259 121.435 7.355
-641.702 513.72 48.9378 -154.259 121.435 7.355
-641.706 513.72 47.9379 -154.259 121.435 7.355
-641.71 513.721 46.9379 -154.259 121.435 7.355
-641.713 513.722 45.9379 -154.259 121.435 7.355
-641.717 513.723 44.9379 -154.259 121.435 7.355
-641.721 513.724 43.9379 -154.259 121.435 7.355
-641.725 513.725 42.9379 -154.259 121.435 7.355
-641.729 513.725 41.9379 -154.259 121.435 7.355
-641.733 513.726 40.9379 -154.259 121.435 7.355
-641.736 513.727 39.9379 -154.259 121.435 7.355
-641.74 513.728 38.9379 -154.259 121.435 7.355
-641.744 513.729 37.9379 -154.259 121.435 7.355
-641.748 513.73 36.9379 -154.259 121.435 7.355
-641.752 513.73 35.9379 -154.259 121.435 7.355
-641.756 513.731 34.938 -154.259 121.435 7.355
-641.759 513.732 33.938 -154.259 121.435 7.355
-641.763 513.733 32.938 -154.259 121.435 7.355
-641.767 513.734 31.938 -154.259 121.435 7.355
-641.771 513.735 30.938 -154.259 121.435 7.355
-641.775 513.735 29.938 -154.257 121.466 7.332
-641.779 513.736 28.938 -154.25 121.493 7.341
-641.782 513.737 27.938 -154.244 121.527 7.345
-641.786 513.738 26.938 -154.234 121.564 7.352
-641.79 513.739 25.938 -154.226 121.595 7.356
-641.794 513.74 24.938 -154.226 121.595 7.356
-641.798 513.74 23.938 -154.22 121.636 7.361
-641.802 513.741 22.938 -154.214 121.67 7.365
-641.806 513.742 21.9381 -154.208 121.708 7.369
-641.809 513.743 20.9381 -154.208 121.708 7.369
-641.813 513.744 19.9381 -154.195 121.749 7.373
-641.817 513.745 18.9381 -154.188 121.787 7.376
-641.821 513.745 17.9381 -154.181 121.824 7.377
-641.825 513.746 16.9381 -154.175 121.862 7.381
-641.829 513.747 15.9381 -154.175 121.862 7.381
-641.832 513.748 14.9381 -154.169 121.895 7.384
-641.836 513.749 13.9381 -154.165 121.929 7.387
-641.84 513.75 12.9381 -154.161 121.963 7.389
-641.844 513.75 11.9381 -154.154 122.009 7.396
-641.848 513.751 10.9381 -154.154 122.009 7.396
-641.852 513.752 9.93815 -154.144 122.047 7.405
-641.855 513.753 8.93815 -154.133 122.09 7.409
-641.859 513.754 7.93816 -154.133 122.09 7.409
-641.863 513.755 6.93817 -154.127 122.123 7.411
-641.867 513.755 5.93818 -154.121 122.155 7.411
-641.871 513.756 4.93818 -154.115 122.194 7.41
-641.875 513.757 3.93819 -154.108 122.243 7.417
-641.879 513.758 2.9382 -154.108 122.243 7.417
-641.882 513.759 1.93821 -154.103 122.277 7.421
-641.886 513.76 0.938216 -154.095 122.321 7.426
-641.89 513.76 -0.0617768 -154.095 122.321 7.426
-641.894 513.761 -1.06177 -154.086 122.366 7.431
-641.898 513.762 -2.06176 -154.079 122.398 7.435
-641.902 513.763 -3.06175 -154.075 122.43 7.439
-641.905 513.764 -4.06175 -154.071 122.463 7.441
-641.909 513.765 -5.06174 -154.067 122.495 7.444
-641.913 513.765 -6.06173 -154.061 122.528 7.448
-641.917 513.766 -7.06172 -154.061 122.528 7.448
-641.921 513.767 -8.06171 -154.051 122.57 7.45
-641.925 513.768 -9.06171 -154.042 122.609 7.456
-641.928 513.769 -10.0617 -154.042 122.609 7.456
-641.932 513.77 -11.0617 -154.037 122.648 7.463
-641.936 513.77 -12.0617 -154.032 122.683 7.468
-641.94 513.771 -13.0617 -154.022 122.733 7.47
-641.944 513.772 -14.0617 -154.022 122.733 7.47
-641.948 513.773 -15.0617 -154.013 122.782 7.474
-641.952 513.774 -16.0617 -154.006 122.815 7.473
-641.955 513.775 -17.0616 -154.006 122.815 7.473
-641.959 513.775 -18.0616 -153.998 122.852 7.479
-641.963 513.776 -19.0616 -153.988 122.894 7.483
-641.967 513.777 -20.0616 -153.98 122.94 7.488
-641.971 513.778 -21.0616 -153.98 122.94 7.488
-641.975 513.779 -22.0616 -153.974 122.984 7.49
-641.978 513.78 -23.0616 -153.969 123.023 7.493
-641.982 513.78 -24.0616 -153.969 123.023 7.493
-641.986 513.781 -25.0616 -153.961 123.062 7.493
-641.99 513.782 -26.0616 -153.955 123.095 7.496
-641.994 513.783 -27.0616 -153.948 123.133 7.499
-641.998 513.784 -28.0616 -153.941 123.172 7.501
-642.001 513.785 -29.0616 -153.941 123.172 7.501
-642.005 513.785 -30.0615 -153.932 123.215 7.507
-642.009 513.786 -31.0615 -153.925 123.253 7.516
-642.013 513.787 -32.0615 -153.925 123.253 7.516
-642.017 513.788 -33.0615 -153.918 123.292 7.52
-642.021 513.789 -34.0615 -153.908 123.331 7.52
-642.024 513.79 -35.0615 -153.899 123.375 7.521
-642.028 513.79 -36.0615 -153.899 123.375 7.521
-642.032 513.791 -37.0615 -153.89 123.419 7.522
-642.036 513.792 -38.0615 -153.886 123.452 7.525
-642.04 513.793 -39.0615 -153.879 123.49 7.529
-642.044 513.794 -40.0615 -153.879 123.49 7.529
-642.048 513.795 -41.0615 -153.872 123.528 7.535
-642.051 513.795 -42.0615 -153.867 123.561 7.539
-642.055 513.796 -43.0614 -153.859 123.604 7.543
-642.059 513.797 -44.0614 -153.851 123.642 7.547
-642.063 513.798 -45.0614 -153.851 123.642 7.547
-642.067 513.799 -46.0614 -153.843 123.68 7.552
-642.071 513.8 -47.0614 -153.836 123.718 7.557
-642.074 513.8 -48.0614 -153.83 123.752 7.559
-642.078 513.801 -49.0614 -153.824 123.785 7.563
-642.082 513.802 -50.0614 -153.824 123.785 7.563
-642.086 513.803 -51.0614 -153.821 123.82 7.568
-642.09 513.804 -52.0614 -153.817 123.853 7.576
-642.094 513.805 -53.0614 -153.809 123.885 7.582
-642.097 513.805 -54.0614 -153.8 123.918 7.582
-642.101 513.806 -55.0614 -153.792 123.956 7.584
-642.105 513.807 -56.0613 -153.792 123.956 7.584
-642.109 513.808 -57.0613 -153.781 124.004 7.586
-642.113 513.809 -58.0613 -153.774 124.036 7.59
-642.117 513.81 -59.0613 -153.766 124.074 7.596
-642.121 513.81 -60.0613 -153.766 124.074 7.596
-642.124 513.811 -61.0613 -153.761 124.108 7.6
-642.128 513.812 -62.0613 -153.755 124.141 7.604
-642.132 513.813 -63.0613 -153.748 124.18 7.608
-642.136 513.814 -64.0613 -153.743 124.215 7.611
-642.14 513.815 -65.0613 -153.743 124.215 7.611
-642.144 513.815 -66.0613 -153.735 124.254 7.615
-642.147 513.816 -67.0613 -153.729 124.287 7.618
-642.151 513.817 -68.0613 -153.721 124.321 7.622
-642.155 513.818 -69.0612 -153.711 124.36 7.625
-642.159 513.819 -70.0612 -153.708 124.399 7.63
-642.163 513.82 -71.0612 -153.708 124.399 7.63
-642.167 513.82 -72.0612 -153.708 124.399 7.63
-642.17 513.821 -73.0612 -153.708 124.399 7.63
-642.174 513.822 -74.0612 -153.708 124.399 7.63
-642.178 513.823 -75.0612 -153.708 124.399 7.63
-642.182 513.824 -76.0612 -153.708 124.399 7.63
-642.186 513.824 -77.0612 -153.708 124.399 7.63
-642.19 513.825 -78.0612 -153.708 124.399 7.63
-642.193 513.826 -79.0612 -153.708 124.399 7.63
-642.197 513.827 -80.0612 -153.708 124.399 7.63
-642.201 513.828 -81.0612 -153.708 124.399 7.63
-642.205 513.829 -82.0611 -153.708 124.399 7.63
-642.209 513.829 -83.0611 -153.708 124.399 7.63
-642.213 513.83 -84.0611 -153.708 124.399 7.63
-642.217 513.831 -85.0611 -153.708 124.399 7.63
-642.22 513.832 -86.0611 -153.708 124.399 7.63
-642.224 513.833 -87.0611 -153.708 124.399 7.63
-642.228 513.834 -88.0611 -153.708 124.399 7.63
-642.232 513.834 -89.0611 -153.708 124.399 7.63
-642.236 513.835 -90.0611 -153.708 124.399 7.63
-642.24 513.836 -91.0611 -153.708 124.399 7.63
-642.243 513.837 -92.0611 -153.708 124.399 7.63
-642.247 513.838 -93.0611 -153.708 124.399 7.63
-642.251 513.839 -94.0611 -153.708 124.399 7.63
-642.255 513.839 -95.061 -153.708 124.399 7.63
-642.259 513.84 -96.061 -153.708 124.399 7.63
-642.263 513.841 -97.061 -153.708 124.399 7.63
-642.266 513.842 -98.061 -153.708 124.399 7.63
-642.27 513.843 -99.061 -153.708 124.399 7.63
-642.274 513.844 -100.061 -153.708 124.399 7.63
-642.278 513.844 -101.061 -153.708 124.399 7.63
-642.282 513.845 -102.061 -153.708 124.399 7.63
-642.286 513.846 -103.061 -153.708 124.399 7.63
-642.29 513.847 -104.061 -153.708 124.399 7.63
-642.293 513.848 -105.061 -153.708 124.399 7.63
2
-643.716 509.47 49.5407 -154.257 121.437 7.355
-643.72 509.467 48.5407 -154.257 121.437 7.355
-643.724 509.465 47.5407 -154.257 121.437 7.355
-643.729 509.462 46.5407 -154.257 121.437 7.355
-643.733 509.46 45.5407 -154.257 121.437 7.355
-643.737 509.457 44.5407 -154.257 121.437 7.355
-643.742 509.455 43.5407 -154.257 121.437 7.355
-643.746 509.452 42.5407 -154.257 121.437 7.355
-643.75 509.45 41.5408 -154.257 121.437 7.355
-643.754 509.447 40.5408 -154.257 121.437 7.355
-643.759 509.445 39.5408 -154.257 121.437 7.355
-643.763 509.442 38.5408 -154.257 121.437 7.355
-643.767 509.44 37.5408 -154.257 121.437 7.355
-643.772 509.437 36.5408 -154.257 121.437 7.355
-643.776 509.435 35.5408 -154.257 121.437 7.355
-643.78 509.433 34.5408 -154.257 121.437 7.355
-643.785 509.43 33.5409 -154.257 121.437 7.355
-643.789 509.428 32.5409 -154.257 121.437 7.355
-643.793 509.425 31.5409 -154.257 121.437 7.355
-643.798 509.423 30.5409 -154.257 121.437 7.355
-643.802 509.42 29.5409 -154.257 121.437 7.355
-643.806 509.418 28.5409 -154.254 121.47 7.334
-643.811 509.415 27.5409 -154.254 121.47 7.334
-643.815 509.413 26.5409 -154.25 121.503 7.341
-643.819 509.41 25.541 -154.24 121.533 7.346
-643.823 509.408 24.541 -154.23 121.57 7.352
-643.828 509.405 23.541 -154.23 121.57 7.352
-643.832 509.403 22.541 -154.22 121.624 7.36
-643.836 509.4 21.541 -154.213 121.663 7.363
-643.841 509.398 20.541 -154.208 121.697 7.367
-643.845 509.395 19.541 -154.208 121.697 7.367
-643.849 509.393 18.541 -154.202 121.734 7.37
-643.854 509.39 17.5411 -154.195 121.767 7.373
-643.858 509.388 16.5411 -154.188 121.806 7.376
-643.862 509.386 15.5411 -154.181 121.841 7.38
-643.867 509.383 14.5411 -154.173 121.875 7.385
-643.871 509.381 13.5411 -154.173 121.875 7.385
-643.875 509.378 12.5411 -154.165 121.917 7.389
-643.88 509.376 11.5411 -154.158 121.959 7.392
-643.884 509.373 10.5411 -154.154 121.994 7.398
-643.888 509.371 9.54115 -154.154 121.994 7.398
-643.892 509.368 8.54116 -154.148 122.029 7.406
-643.897 509.366 7.54118 -154.142 122.073 7.408
-643.901 509.363 6.54119 -154.137 122.108 7.41
-643.905 509.361 5.5412 -154.137 122.108 7.41
-643.91 509.358 4.54121 -154.128 122.146 7.412
-643.914 509.356 3.54123 -154.119 122.181 7.409
-643.918 509.353 2.54124 -154.111 122.213 7.415
-643.923 509.351 1.54125 -154.107 122.246 7.421
-643.927 509.348 0.541263 -154.101 122.28 7.423
-643.931 509.346 -0.458724 -154.101 122.28 7.423
-643.936 509.344 -1.45871 -154.096 122.315 7.427
-643.94 509.341 -2.4587 -154.088 122.358 7.432
-643.944 509.339 -3.45869 -154.083 122.397 7.435
-643.949 509.336 -4.45868 -154.083 122.397 7.435
-643.953 509.334 -5.45866 -154.079 122.431 7.437
-643.957 509.331 -6.45865 -154.071 122.473 7.441
-643.961 509.329 -7.45864 -154.064 122.506 7.445
-643.966 509.326 -8.45863 -154.064 122.506 7.445
-643.97 509.324 -9.45861 -154.056 122.544 7.449
-643.974 509.321 -10.4586 -154.048 122.586 7.453
-643.979 509.319 -11.4586 -154.045 122.62 7.46
-643.983 509.316 -12.4586 -154.045 122.62 7.46
-643.987 509.314 -13.4586 -154.036 122.663 7.467
-643.992 509.311 -14.4586 -154.029 122.698 7.468
-643.996 509.309 -15.4585 -154.023 122.738 7.47
-644 509.306 -16.4585 -154.023 122.738 7.47
-644.005 509.304 -17.4585 -154.014 122.78 7.472
-644.009 509.302 -18.4585 -154.002 122.83 7.473
-644.013 509.299 -19.4585 -154.002 122.83 7.473
-644.018 509.297 -20.4585 -153.994 122.872 7.477
-644.022 509.294 -21.4585 -153.987 122.921 7.483
-644.026 509.292 -22.4585 -153.987 122.921 7.483
-644.03 509.289 -23.4584 -153.98 122.959 7.486
-644.035 509.287 -24.4584 -153.974 122.992 7.488
-644.039 509.284 -25.4584 -153.964 123.034 7.492
-644.043 509.282 -26.4584 -153.964 123.034 7.492
-644.048 509.279 -27.4584 -153.955 123.078 7.493
-644.052 509.277 -28.4584 -153.946 123.129 7.496
-644.056 509.274 -29.4584 -153.946 123.129 7.496
-644.061 509.272 -30.4584 -153.941 123.169 7.499
-644.065 509.269 -31.4583 -153.934 123.208 7.503
-644.069 509.267 -32.4583 -153.926 123.241 7.513
-644.074 509.264 -33.4583 -153.926 123.241 7.513
-644.078 509.262 -34.4583 -153.919 123.28 7.519
-644.082 509.259 -35.4583 -153.912 123.313 7.518
-644.086 509.257 -36.4583 -153.903 123.356 7.519
-644.091 509.255 -37.4583 -153.903 123.356 7.519
-644.095 509.252 -38.4583 -153.893 123.397 7.519
-644.099 509.25 -39.4582 -153.886 123.44 7.525
-644.104 509.247 -40.4582 -153.886 123.44 7.525
-644.108 509.245 -41.4582 -153.882 123.475 7.529
-644.112 509.242 -42.4582 -153.876 123.51 7.533
-644.117 509.24 -43.4582 -153.868 123.552 7.539
-644.121 509.237 -44.4582 -153.862 123.586 7.542
-644.125 509.235 -45.4582 -153.862 123.586 7.542
-644.13 509.232 -46.4582 -153.854 123.624 7.546
-644.134 509.23 -47.4581 -153.846 123.663 7.552
-644.138 509.227 -48.4581 -153.84 123.701 7.557
-644.143 509.225 -49.4581 -153.84 123.701 7.557
-644.147 509.222 -50.4581 -153.831 123.743 7.56
-644.151 509.22 -51.4581 -153.823 123.782 7.566
-644.155 509.217 -52.4581 -153.818 123.817 7.572
-644.16 509.215 -53.4581 -153.818 123.817 7.572
-644.164 509.213 -54.4581 -153.811 123.859 7.581
-644.168 509.21 -55.458 -153.805 123.894 7.585
-644.173 509.208 -56.458 -153.797 123.934 7.583
-644.177 509.205 -57.458 -153.788 123.968 7.586
-644.181 509.203 -58.458 -153.788 123.968 7.586
-644.186 509.2 -59.458 -153.78 124.001 7.585
-644.19 509.198 -60.458 -153.771 124.037 7.591
-644.194 509.195 -61.458 -153.764 124.075 7.598
-644.199 509.193 -62.458 -153.758 124.113 7.602
-644.203 509.19 -63.4579 -153.758 124.113 7.602
-644.207 509.188 -64.4579 -153.753 124.153 7.605
-644.212 509.185 -65.4579 -153.747 124.194 7.608
-644.216 509.183 -66.4579 -153.738 124.228 7.611
-644.22 509.18 -67.4579 -153.738 124.228 7.611
-644.224 509.178 -68.4579 -153.729 124.266 7.614
-644.229 509.175 -69.4579 -153.72 124.308 7.619
-644.233 509.173 -70.4579 -153.714 124.344 7.621
-644.237 509.17 -71.4578 -153.714 124.344 7.621
-644.242 509.168 -72.4578 -153.71 124.38 7.624
-644.246 509.166 -73.4578 -153.71 124.38 7.624
-644.25 509.163 -74.4578 -153.71 124.38 7.624
-644.255 509.161 -75.4578 -153.71 124.38 7.624
-644.259 509.158 -76.4578 -153.71 124.38 7.624
-644.263 509.156 -77.4578 -153.71 124.38 7.624
-644.268 509.153 -78.4578 -153.71 124.38 7.624
-644.272 509.151 -79.4577 -153.71 124.38 7.624
-644.276 509.148 -80.4577 -153.71 124.38 7.624
-644.281 509.146 -81.4577 -153.71 124.38 7.624
-644.285 509.143 -82.4577 -153.71 124.38 7.624
-644.289 509.141 -83.4577 -153.71 124.38 7.624
-644.293 509.138 -84.4577 -153.71 124.38 7.624
-644.298 509.136 -85.4577 -153.71 124.38 7.624
-644.302 509.133 -86.4577 -153.71 124.38 7.624
-644.306 509.131 -87.4576 -153.71 124.38 7.624
-644.311 509.128 -88.4576 -153.71 124.38 7.624
-644.315 509.126 -89.4576 -153.71 124.38 7.624
-644.319 509.124 -90.4576 -153.71 124.38 7.624
-644.324 509.121 -91.4576 -153.71 124.38 7.624
-644.328 509.119 -92.4576 -153.71 124.38 7.624
-644.332 509.116 -93.4576 -153.71 124.38 7.624
-644.337 509.114 -94.4576 -153.71 124.38 7.624
-644.341 509.111 -95.4576 -153.71 124.38 7.624
-644.345 509.109 -96.4575 -153.71 124.38 7.624
-644.35 509.106 -97.4575 -153.71 124.38 7.624
-644.354 509.104 -98.4575 -153.71 124.38 7.624
-644.358 509.101 -99.4575 -153.71 124.38 7.624
-644.362 509.099 -100.457 -153.71 124.38 7.624
-644.367 509.096 -101.457 -153.71 124.38 7.624
-644.371 509.094 -102.457 -153.71 124.38 7.624
-644.375 509.091 -103.457 -153.71 124.38 7.624
-644.38 509.089 -104.457 -153.71 124.38 7.624
-644.384 509.086 -105.457 -153.71 124.38 7.624
3
-644.687 512.399 49.6236 -154.258 121.435 7.354
-644.694 512.4 48.6237 -154.258 121.435 7.354
-644.7 512.401 47.6237 -154.258 121.435 7.354
-644.707 512.402 46.6237 -154.258 121.435 7.354
-644.713 512.404 45.6237 -154.258 121.435 7.354
-644.72 512.405 44.6237 -154.258 121.435 7.354
-644.726 512.406 43.6238 -154.258 121.435 7.354
-644.733 512.407 42.6238 -154.258 121.435 7.354
-644.739 512.408 41.6238 -154.258 121.435 7.354
-644.746 512.409 40.6238 -154.258 121.435 7.354
-644.752 512.411 39.6239 -154.258 121.435 7.354
-644.759 512.412 38.6239 -154.258 121.435 7.354
-644.765 512.413 37.6239 -154.258 121.435 7.354
-644.772 512.414 36.6239 -154.258 121.435 7.354
-644.778 512.415 35.6239 -154.258 121.435 7.354
-644.785 512.416 34.624 -154.258 121.435 7.354
-644.791 512.418 33.624 -154.258 121.435 7.354
-644.798 512.419 32.624 -154.258 121.435 7.354
-644.804 512.42 31.624 -154.258 121.435 7.354
-644.811 512.421 30.6241 -154.258 121.435 7.354
-644.817 512.422 29.6241 -154.258 121.435 7.354
-644.824 512.423 28.6241 -154.258 121.435 7.354
-644.83 512.425 27.6241 -154.259 121.467 7.336
-644.837 512.426 26.6241 -154.252 121.502 7.345
-644.843 512.427 25.6242 -154.242 121.538 7.35
-644.85 512.428 24.6242 -154.233 121.572 7.357
-644.856 512.429 23.6242 -154.225 121.605 7.36
-644.863 512.43 22.6242 -154.225 121.605 7.36
-644.869 512.432 21.6242 -154.221 121.637 7.362
-644.876 512.433 20.6243 -154.212 121.676 7.367
-644.882 512.434 19.6243 -154.206 121.709 7.368
-644.889 512.435 18.6243 -154.201 121.743 7.373
-644.895 512.436 17.6243 -154.193 121.777 7.378
-644.902 512.437 16.6244 -154.193 121.777 7.378
-644.908 512.439 15.6244 -154.186 121.81 7.381
-644.915 512.44 14.6244 -154.178 121.844 7.385
-644.921 512.441 13.6244 -154.172 121.891 7.388
-644.928 512.442 12.6244 -154.165 121.928 7.392
-644.934 512.443 11.6245 -154.165 121.928 7.392
-644.941 512.444 10.6245 -154.159 121.96 7.393
-644.947 512.446 9.62451 -154.152 121.994 7.397
-644.954 512.447 8.62453 -154.148 122.024 7.405
-644.96 512.448 7.62455 -154.143 122.057 7.408
-644.967 512.449 6.62458 -154.137 122.092 7.409
-644.973 512.45 5.6246 -154.129 122.128 7.411
-644.98 512.451 4.62462 -154.129 122.128 7.411
-644.986 512.452 3.62464 -154.121 122.167 7.411
-644.993 512.454 2.62466 -154.116 122.2 7.415
-644.999 512.455 1.62468 -154.108 122.232 7.42
-645.006 512.456 0.624707 -154.102 122.276 7.425
-645.012 512.457 -0.375271 -154.102 122.276 7.425
-645.019 512.458 -1.37525 -154.095 122.312 7.427
-645.025 512.459 -2.37523 -154.091 122.343 7.43
-645.032 512.461 -3.37521 -154.087 122.382 7.43
-645.038 512.462 -4.37518 -154.087 122.382 7.43
-645.045 512.463 -5.37516 -154.079 122.424 7.435
-645.051 512.464 -6.37514 -154.07 122.459 7.438
-645.058 512.465 -7.37512 -154.062 122.494 7.444
-645.064 512.466 -8.3751 -154.058 122.525 7.445
-645.071 512.468 -9.37508 -154.058 122.525 7.445
-645.077 512.469 -10.3751 -154.052 122.563 7.449
-645.084 512.47 -11.375 -154.043 122.598 7.453
-645.09 512.471 -12.375 -154.037 122.628 7.458
-645.097 512.472 -13.375 -154.033 122.666 7.463
-645.103 512.473 -14.375 -154.028 122.698 7.464
-645.11 512.475 -15.3749 -154.022 122.729 7.465
-645.116 512.476 -16.3749 -154.022 122.729 7.465
-645.123 512.477 -17.3749 -154.012 122.77 7.468
-645.129 512.478 -18.3749 -154.005 122.8 7.469
-645.136 512.479 -19.3749 -153.998 122.839 7.475
-645.142 512.48 -20.3748 -153.994 122.871 7.477
-645.149 512.482 -21.3748 -153.988 122.902 7.48
-645.155 512.483 -22.3748 -153.982 122.937 7.485
-645.162 512.484 -23.3748 -153.982 122.937 7.485
-645.168 512.485 -24.3747 -153.976 122.97 7.487
-645.175 512.486 -25.3747 -153.969 123.004 7.489
-645.181 512.487 -26.3747 -153.965 123.035 7.494
-645.188 512.489 -27.3747 -153.959 123.073 7.495
-645.194 512.49 -28.3747 -153.953 123.107 7.496
-645.201 512.491 -29.3746 -153.948 123.137 7.499
-645.207 512.492 -30.3746 -153.94 123.171 7.503
-645.214 512.493 -31.3746 -153.94 123.171 7.503
-645.22 512.494 -32.3746 -153.932 123.206 7.507
-645.227 512.496 -33.3746 -153.926 123.242 7.515
-645.233 512.497 -34.3745 -153.92 123.28 7.518
-645.24 512.498 -35.3745 -153.911 123.322 7.52
-645.246 512.499 -36.3745 -153.911 123.322 7.52
-645.253 512.5 -37.3745 -153.904 123.355 7.523
-645.259 512.501 -38.3744 -153.895 123.39 7.523
-645.266 512.503 -39.3744 -153.891 123.422 7.527
-645.272 512.504 -40.3744 -153.887 123.458 7.529
-645.279 512.505 -41.3744 -153.881 123.491 7.532
-645.285 512.506 -42.3744 -153.881 123.491 7.532
-645.292 512.507 -43.3743 -153.874 123.522 7.538
-645.298 512.508 -44.3743 -153.869 123.557 7.54
-645.305 512.51 -45.3743 -153.861 123.59 7.544
-645.311 512.511 -46.3743 -153.854 123.626 7.55
-645.318 512.512 -47.3742 -153.849 123.659 7.553
-645.324 512.513 -48.3742 -153.849 123.659 7.553
-645.331 512.514 -49.3742 -153.84 123.698 7.558
-645.337 512.515 -50.3742 -153.835 123.736 7.56
-645.344 512.517 -51.3742 -153.828 123.767 7.563
-645.35 512.518 -52.3741 -153.821 123.803 7.567
-645.357 512.519 -53.3741 -153.821 123.803 7.567
-645.363 512.52 -54.3741 -153.816 123.848 7.575
-645.37 512.521 -55.3741 -153.807 123.89 7.58
-645.376 512.522 -56.374 -153.8 123.921 7.579
-645.383 512.524 -57.374 -153.8 123.921 7.579
-645.389 512.525 -58.374 -153.789 123.962 7.584
-645.396 512.526 -59.374 -153.779 123.998 7.583
-645.402 512.527 -60.374 -153.774 124.032 7.587
-645.409 512.528 -61.3739 -153.767 124.064 7.593
-645.415 512.529 -62.3739 -153.767 124.064 7.593
-645.422 512.53 -63.3739 -153.763 124.103 7.598
-645.428 512.532 -64.3739 -153.755 124.141 7.6
-645.435 512.533 -65.3739 -153.747 124.179 7.604
-645.441 512.534 -66.3738 -153.741 124.214 7.608
-645.448 512.535 -67.3738 -153.741 124.214 7.608
-645.454 512.536 -68.3738 -153.733 124.247 7.611
-645.461 512.537 -69.3738 -153.725 124.284 7.614
-645.467 512.539 -70.3737 -153.718 124.317 7.619
-645.474 512.54 -71.3737 -153.712 124.351 7.622
-645.481 512.541 -72.3737 -153.71 124.384 7.624
-645.487 512.542 -73.3737 -153.706 124.415 7.631
-645.494 512.543 -74.3737 -153.706 124.415 7.631
-645.5 512.544 -75.3736 -153.706 124.415 7.631
-645.507 512.546 -76.3736 -153.706 124.415 7.631
-645.513 512.547 -77.3736 -153.706 124.415 7.631
-645.52 512.548 -78.3736 -153.706 124.415 7.631
-645.526 512.549 -79.3735 -153.706 124.415 7.631
-645.533 512.55 -80.3735 -153.706 124.415 7.631
-645.539 512.551 -81.3735 -153.706 124.415 7.631
-645.546 512.553 -82.3735 -153.706 124.415 7.631
-645.552 512.554 -83.3735 -153.706 124.415 7.631
-645.559 512.555 -84.3734 -153.706 124.415 7.631
-645.565 512.556 -85.3734 -153.706 124.415 7.631
-645.572 512.557 -86.3734 -153.706 124.415 7.631
-645.578 512.558 -87.3734 -153.706 124.415 7.631
-645.585 512.56 -88.3734 -153.706 124.415 7.631
-645.591 512.561 -89.3733 -153.706 124.415 7.631
-645.598 512.562 -90.3733 -153.706 124.415 7.631
-645.604 512.563 -91.3733 -153.706 124.415 7.631
-645.611 512.564 -92.3733 -153.706 124.415 7.631
-645.617 512.565 -93.3732 -153.706 124.415 7.631
-645.624 512.567 -94.3732 -153.706 124.415 7.631
-645.63 512.568 -95.3732 -153.706 124.415 7.631
-645.637 512.569 -96.3732 -153.706 124.415 7.631
-645.643 512.57 -97.3732 -153.706 124.415 7.631
-645.65 512.571 -98.3731 -153.706 124.415 7.631
-645.656 512.572 -99.3731 -153.706 124.415 7.631
-645.663 512.574 -100.373 -153.706 124.415 7.631
-645.669 512.575 -101.373 -153.706 124.415 7.631
-645.676 512.576 -102.373 -153.706 124.415 7.631
-645.682 512.577 -103.373 -153.706 124.415 7.631
-645.689 512.578 -104.373 -153.706 124.415 7.631
-645.695 512.579 -105.373 -153.706 124.415 7.631
4
-645.036 513.451 49.8675 -154.258 121.435 7.353
-645.039 513.458 48.8675 -154.258 121.435 7.353
-645.043 513.465 47.8675 -154.258 121.435 7.353
-645.046 513.472 46.8676 -154.258 121.435 7.353
-645.049 513.479 45.8676 -154.258 121.435 7.353
-645.052 513.486 44.8676 -154.258 121.435 7.353
-645.055 513.493 43.8677 -154.258 121.435 7.353
-645.058 513.5 42.8677 -154.258 121.435 7.353
-645.061 513.507 41.8677 -154.258 121.435 7.353
-645.064 513.514 40.8677 -154.258 121.435 7.353
-645.068 513.521 39.8678 -154.258 121.435 7.353
-645.071 513.528 38.8678 -154.258 121.435 7.353
-645.074 513.535 37.8678 -154.258 121.435 7.353
-645.077 513.542 36.8679 -154.258 121.435 7.353
-645.08 513.549 35.8679 -154.258 121.435 7.353
-645.083 513.556 34.8679 -154.258 121.435 7.353
-645.086 513.562 33.868 -154.258 121.435 7.353
-645.089 513.569 32.868 -154.258 121.435 7.353
-645.092 513.576 31.868 -154.258 121.435 7.353
-645.096 513.583 30.868 -154.258 121.435 7.353
-645.099 513.59 29.8681 -154.258 121.435 7.353
-645.102 513.597 28.8681 -154.258 121.435 7.353
-645.105 513.604 27.8681 -154.258 121.466 7.336
-645.108 513.611 26.8682 -154.252 121.496 7.345
-645.111 513.618 25.8682 -154.241 121.53 7.348
-645.114 513.625 24.8682 -154.233 121.562 7.355
-645.117 513.632 23.8682 -154.233 121.562 7.355
-645.121 513.639 22.8683 -154.224 121.597 7.359
-645.124 513.646 21.8683 -154.22 121.634 7.36
-645.127 513.653 20.8683 -154.214 121.668 7.362
-645.13 513.66 19.8684 -154.207 121.704 7.366
-645.133 513.666 18.8684 -154.201 121.737 7.37
-645.136 513.673 17.8684 -154.194 121.768 7.375
-645.139 513.68 16.8684 -154.194 121.768 7.375
-645.142 513.687 15.8685 -154.187 121.801 7.378
-645.146 513.694 14.8685 -154.18 121.832 7.382
-645.149 513.701 13.8685 -154.174 121.868 7.384
-645.152 513.708 12.8686 -154.168 121.908 7.389
-645.155 513.715 11.8686 -154.161 121.943 7.392
-645.158 513.722 10.8686 -154.161 121.943 7.392
-645.161 513.729 9.86864 -154.154 121.977 7.396
-645.164 513.736 8.86867 -154.151 122.009 7.401
-645.167 513.743 7.8687 -154.146 122.043 7.406
-645.171 513.75 6.86873 -154.14 122.081 7.408
-645.174 513.757 5.86876 -154.135 122.112 7.41
-645.177 513.764 4.86879 -154.127 122.144 7.412
-645.18 513.771 3.86882 -154.121 122.174 7.412
-645.183 513.777 2.86885 -154.114 122.205 7.417
-645.186 513.784 1.86888 -154.114 122.205 7.417
-645.189 513.791 0.868905 -154.106 122.245 7.423
-645.192 513.798 -0.131066 -154.101 122.279 7.427
-645.196 513.805 -1.13104 -154.094 122.311 7.43
-645.199 513.812 -2.13101 -154.09 122.346 7.433
-645.202 513.819 -3.13098 -154.087 122.385 7.434
-645.205 513.826 -4.13095 -154.087 122.385 7.434
-645.208 513.833 -5.13092 -154.081 122.418 7.437
-645.211 513.84 -6.13089 -154.074 122.454 7.44
-645.214 513.847 -7.13086 -154.065 122.492 7.445
-645.217 513.854 -8.13083 -154.06 122.529 7.449
-645.221 513.861 -9.13081 -154.06 122.529 7.449
-645.224 513.868 -10.1308 -154.054 122.56 7.451
-645.227 513.875 -11.1307 -154.045 122.594 7.456
-645.23 513.882 -12.1307 -154.039 122.627 7.462
-645.233 513.888 -13.1307 -154.035 122.658 7.466
-645.236 513.895 -14.1307 -154.03 122.694 7.466
-645.239 513.902 -15.1306 -154.022 122.738 7.467
-645.242 513.909 -16.1306 -154.022 122.738 7.467
-645.246 513.916 -17.1306 -154.016 122.768 7.47
-645.249 513.923 -18.1305 -154.008 122.798 7.469
-645.252 513.93 -19.1305 -154.002 122.831 7.474
-645.255 513.937 -20.1305 -153.996 122.869 7.477
-645.258 513.944 -21.1305 -153.989 122.906 7.48
-645.261 513.951 -22.1304 -153.989 122.906 7.48
-645.264 513.958 -23.1304 -153.982 122.94 7.485
-645.267 513.965 -24.1304 -153.975 122.973 7.487
-645.271 513.972 -25.1303 -153.968 123.01 7.489
-645.274 513.979 -26.1303 -153.961 123.046 7.493
-645.277 513.986 -27.1303 -153.956 123.078 7.493
-645.28 513.992 -28.1303 -153.95 123.112 7.495
-645.283 513.999 -29.1302 -153.95 123.112 7.495
-645.286 514.006 -30.1302 -153.945 123.147 7.498
-645.289 514.013 -31.1302 -153.938 123.185 7.5
-645.292 514.02 -32.1301 -153.93 123.218 7.507
-645.295 514.027 -33.1301 -153.925 123.252 7.512
-645.299 514.034 -34.1301 -153.918 123.286 7.515
-645.302 514.041 -35.1301 -153.918 123.286 7.515
-645.305 514.048 -36.13 -153.907 123.33 7.518
-645.308 514.055 -37.13 -153.898 123.368 7.519
-645.311 514.062 -38.13 -153.898 123.368 7.519
-645.314 514.069 -39.1299 -153.893 123.402 7.522
-645.317 514.076 -40.1299 -153.889 123.438 7.525
-645.32 514.083 -41.1299 -153.883 123.479 7.529
-645.324 514.09 -42.1299 -153.876 123.512 7.533
-645.327 514.097 -43.1298 -153.87 123.548 7.538
-645.33 514.103 -44.1298 -153.87 123.548 7.538
-645.333 514.11 -45.1298 -153.864 123.582 7.541
-645.336 514.117 -46.1297 -153.856 123.618 7.547
-645.339 514.124 -47.1297 -153.85 123.654 7.552
-645.342 514.131 -48.1297 -153.842 123.686 7.558
-645.345 514.138 -49.1296 -153.842 123.686 7.558
-645.349 514.145 -50.1296 -153.835 123.723 7.561
-645.352 514.152 -51.1296 -153.829 123.757 7.563
-645.355 514.159 -52.1296 -153.822 123.79 7.568
-645.358 514.166 -53.1295 -153.818 123.825 7.573
-645.361 514.173 -54.1295 -153.814 123.857 7.577
-645.364 514.18 -55.1295 -153.807 123.888 7.582
-645.367 514.187 -56.1294 -153.801 123.919 7.581
-645.37 514.194 -57.1294 -153.791 123.957 7.586
-645.374 514.201 -58.1294 -153.791 123.957 7.586
-645.377 514.207 -59.1294 -153.781 123.989 7.585
-645.38 514.214 -60.1293 -153.774 124.026 7.589
-645.383 514.221 -61.1293 -153.768 124.057 7.596
-645.386 514.228 -62.1293 -153.763 124.09 7.601
-645.389 514.235 -63.1292 -153.763 124.09 7.601
-645.392 514.242 -64.1292 -153.758 124.131 7.604
-645.395 514.249 -65.1292 -153.751 124.163 7.607
-645.399 514.256 -66.1292 -153.746 124.195 7.609
-645.402 514.263 -67.1291 -153.739 124.229 7.612
-645.405 514.27 -68.1291 -153.731 124.266 7.615
-645.408 514.277 -69.1291 -153.724 124.301 7.617
-645.411 514.284 -70.129 -153.716 124.337 7.622
-645.414 514.291 -71.129 -153.716 124.337 7.622
-645.417 514.298 -72.129 -153.712 124.375 7.625
-645.42 514.305 -73.129 -153.707 124.412 7.632
-645.424 514.312 -74.1289 -153.707 124.412 7.632
-645.427 514.318 -75.1289 -153.707 124.412 7.632
-645.43 514.325 -76.1289 -153.707 124.412 7.632
-645.433 514.332 -77.1288 -153.707 124.412 7.632
-645.436 514.339 -78.1288 -153.707 124.412 7.632
-645.439 514.346 -79.1288 -153.707 124.412 7.632
-645.442 514.353 -80.1288 -153.707 124.412 7.632
-645.445 514.36 -81.1287 -153.707 124.412 7.632
-645.449 514.367 -82.1287 -153.707 124.412 7.632
-645.452 514.374 -83.1287 -153.707 124.412 7.632
-645.455 514.381 -84.1286 -153.707 124.412 7.632
-645.458 514.388 -85.1286 -153.707 124.412 7.632
-645.461 514.395 -86.1286 -153.707 124.412 7.632
-645.464 514.402 -87.1285 -153.707 124.412 7.632
-645.467 514.409 -88.1285 -153.707 124.412 7.632
-645.47 514.416 -89.1285 -153.707 124.412 7.632
-645.473 514.423 -90.1285 -153.707 124.412 7.632
-645.477 514.429 -91.1284 -153.707 124.412 7.632
-645.48 514.436 -92.1284 -153.707 124.412 7.632
-645.483 514.443 -93.1284 -153.707 124.412 7.632
-645.486 514.45 -94.1283 -153.707 124.412 7.632
-645.489 514.457 -95.1283 -153.707 124.412 7.632
-645.492 514.464 -96.1283 -153.707 124.412 7.632
-645.495 514.471 -97.1283 -153.707 124.412 7.632
-645.498 514.478 -98.1282 -153.707 124.412 7.632
-645.502 514.485 -99.1282 -153.707 124.412 7.632
-645.505 514.492 -100.128 -153.707 124.412 7.632
-645.508 514.499 -101.128 -153.707 124.412 7.632
-645.511 514.506 -102.128 -153.707 124.412 7.632
-645.514 514.513 -103.128 -153.707 124.412 7.632
-645.517 514.52 -104.128 -153.707 124.412 7.632
-645.52 514.527 -105.128 -153.707 124.412 7.632
