1
-702.482 427.577 42.945 -146.439 120.7 -128.143
-703.411 427.946 42.9452 -146.439 120.7 -128.143
-704.34 428.316 42.9455 -146.439 120.7 -128.143
-705.27 428.685 42.9458 -146.439 120.7 -128.143
-706.199 429.054 42.946 -146.439 120.7 -128.143
-707.128 429.424 42.9463 -146.439 120.7 -128.143
-708.057 429.793 42.9465 -146.439 120.7 -128.143
-708.987 430.162 42.9468 -146.439 120.7 -128.143
-709.916 430.532 42.9471 -146.439 120.7 -128.143
-710.845 430.901 42.9473 -146.439 120.7 -128.143
-711.775 431.271 42.9476 -146.439 120.7 -128.143
-712.704 431.64 42.9478 -146.439 120.7 -128.143
-713.633 432.009 42.9481 -146.439 120.7 -128.143
-714.562 432.379 42.9484 -146.439 120.7 -128.143
-715.492 432.748 42.9486 -146.439 120.7 -128.143
-716.421 433.118 42.9489 -146.438 120.698 -128.141
-717.35 433.487 42.9491 -146.437 120.698 -128.139
-718.279 433.856 42.9494 -146.437 120.697 -128.138
-719.209 434.226 42.9497 -146.437 120.697 -128.138
-720.138 434.595 42.9499 -146.436 120.697 -128.136
-721.067 434.965 42.9502 -146.435 120.699 -128.135
-721.997 435.334 42.9504 -146.435 120.699 -128.135
-722.926 435.703 42.9507 -146.432 120.7 -128.132
-723.855 436.073 42.951 -146.433 120.7 -128.131
-724.784 436.442 42.9512 -146.432 120.7 -128.133
-725.714 436.812 42.9515 -146.432 120.7 -128.133
-726.643 437.181 42.9517 -146.434 120.698 -128.135
-727.572 437.55 42.952 -146.434 120.698 -128.14
-728.501 437.92 42.9523 -146.434 120.698 -128.14
-729.431 438.289 42.9525 -146.435 120.697 -128.139
-730.36 438.659 42.9528 -146.432 120.698 -128.139
-731.289 439.028 42.9531 -146.432 120.698 -128.139
-732.219 439.397 42.9533 -146.429 120.699 -128.138
-733.148 439.767 42.9536 -146.429 120.699 -128.138
-734.077 440.136 42.9538 -146.427 120.699 -128.132
-735.006 440.506 42.9541 -146.428 120.698 -128.131
-735.936 440.875 42.9544 -146.428 120.699 -128.134
-736.865 441.244 42.9546 -146.431 120.698 -128.137
-737.794 441.614 42.9549 -146.432 120.697 -128.138
-738.723 441.983 42.9551 -146.43 120.697 -128.139
-739.653 442.353 42.9554 -146.43 120.697 -128.139
-740.582 442.722 42.9557 -146.428 120.697 -128.141
-741.511 443.091 42.9559 -146.428 120.697 -128.14
-742.441 443.461 42.9562 -146.428 120.697 -128.14
-743.37 443.83 42.9564 -146.43 120.697 -128.141
-744.299 444.2 42.9567 -146.431 120.698 -128.143
-745.228 444.569 42.957 -146.432 120.698 -128.143
-746.158 444.938 42.9572 -146.431 120.698 -128.141
-747.087 445.308 42.9575 -146.429 120.698 -128.141
-748.016 445.677 42.9577 -146.429 120.698 -128.141
-748.945 446.047 42.958 -146.428 120.697 -128.14
-749.875 446.416 42.9583 -146.427 120.696 -128.139
-750.804 446.785 42.9585 -146.427 120.695 -128.141
-751.733 447.155 42.9588 -146.427 120.695 -128.142
-752.662 447.524 42.959 -146.427 120.695 -128.142
-753.592 447.894 42.9593 -146.428 120.696 -128.147
-754.521 448.263 42.9596 -146.43 120.697 -128.154
-755.45 448.632 42.9598 -146.428 120.7 -128.154
-756.38 449.002 42.9601 -146.428 120.7 -128.151
-757.309 449.371 42.9603 -146.429 120.7 -128.152
-758.238 449.741 42.9606 -146.429 120.7 -128.152
-759.167 450.11 42.9609 -146.428 120.698 -128.149
-760.097 450.479 42.9611 -146.427 120.696 -128.144
-761.026 450.849 42.9614 -146.427 120.696 -128.145
-761.955 451.218 42.9616 -146.427 120.696 -128.145
-762.884 451.588 42.9619 -146.428 120.695 -128.146
-763.814 451.957 42.9622 -146.429 120.696 -128.149
-764.743 452.326 42.9624 -146.43 120.697 -128.15
-765.672 452.696 42.9627 -146.431 120.697 -128.151
-766.602 453.065 42.9629 -146.43 120.696 -128.15
-767.531 453.435 42.9632 -146.43 120.696 -128.15
-768.46 453.804 42.9635 -146.428 120.696 -128.152
-769.389 454.173 42.9637 -146.427 120.696 -128.151
-770.319 454.543 42.964 -146.427 120.696 -128.152
-771.248 454.912 42.9643 -146.428 120.697 -128.155
-772.177 455.282 42.9645 -146.428 120.697 -128.155
-773.106 455.651 42.9648 -146.428 120.699 -128.156
-774.036 456.02 42.965 -146.428 120.699 -128.156
-774.965 456.39 42.9653 -146.428 120.699 -128.158
-775.894 456.759 42.9656 -146.425 120.699 -128.157
-776.824 457.129 42.9658 -146.426 120.698 -128.159
-777.753 457.498 42.9661 -146.427 120.698 -128.16
-778.682 457.867 42.9663 -146.427 120.698 -128.16
-779.611 458.237 42.9666 -146.43 120.696 -128.166
-780.541 458.606 42.9669 -146.434 120.697 -128.171
-781.47 458.976 42.9671 -146.433 120.698 -128.17
-782.399 459.345 42.9674 -146.433 120.698 -128.17
-783.328 459.714 42.9676 -146.433 120.699 -128.173
-784.258 460.084 42.9679 -146.431 120.698 -128.172
-785.187 460.453 42.9682 -146.429 120.696 -128.165
-786.116 460.823 42.9684 -146.428 120.695 -128.162
-787.046 461.192 42.9687 -146.428 120.695 -128.162
-787.975 461.561 42.9689 -146.429 120.694 -128.161
-788.904 461.931 42.9692 -146.433 120.694 -128.165
-789.833 462.3 42.9695 -146.435 120.696 -128.167
-790.763 462.67 42.9697 -146.438 120.698 -128.171
-791.692 463.039 42.97 -146.438 120.698 -128.171
-792.621 463.408 42.9702 -146.438 120.698 -128.171
-793.55 463.778 42.9705 -146.438 120.698 -128.171
-794.48 464.147 42.9708 -146.438 120.698 -128.171
-795.409 464.517 42.971 -146.438 120.698 -128.171
-796.338 464.886 42.9713 -146.438 120.698 -128.171
-797.268 465.255 42.9715 -146.438 120.698 -128.171
-798.197 465.625 42.9718 -146.438 120.698 -128.171
-799.126 465.994 42.9721 -146.438 120.698 -128.171
-800.055 466.364 42.9723 -146.438 120.698 -128.171
-800.985 466.733 42.9726 -146.438 120.698 -128.171
-801.914 467.102 42.9728 -146.438 120.698 -128.171
-802.843 467.472 42.9731 -146.438 120.698 -128.171
-803.772 467.841 42.9734 -146.438 120.698 -128.171
-804.702 468.211 42.9736 -146.438 120.698 -128.171
-805.631 468.58 42.9739 -146.438 120.698 -128.171
-806.56 468.949 42.9741 -146.438 120.698 -128.171
-807.489 469.319 42.9744 -146.438 120.698 -128.171
-808.419 469.688 42.9747 -146.438 120.698 -128.171
-809.348 470.058 42.9749 -146.438 120.698 -128.171
2
-687.314 423.583 42.8064 -146.485 120.698 -128.142
-688.238 423.965 42.8099 -146.485 120.698 -128.142
-689.162 424.347 42.8134 -146.485 120.698 -128.142
-690.086 424.729 42.817 -146.485 120.698 -128.142
-691.01 425.112 42.8205 -146.485 120.698 -128.142
-691.935 425.494 42.824 -146.485 120.698 -128.142
-692.859 425.876 42.8276 -146.485 120.698 -128.142
-693.783 426.258 42.8311 -146.485 120.698 -128.142
-694.707 426.641 42.8346 -146.485 120.698 -128.142
-695.631 427.023 42.8382 -146.485 120.698 -128.142
-696.555 427.405 42.8417 -146.485 120.698 -128.142
-697.479 427.787 42.8452 -146.485 120.698 -128.142
-698.403 428.169 42.8488 -146.485 120.698 -128.142
-699.327 428.552 42.8523 -146.485 120.698 -128.142
-700.251 428.934 42.8558 -146.485 120.698 -128.142
-701.175 429.316 42.8594 -146.485 120.698 -128.142
-702.099 429.698 42.8629 -146.485 120.698 -128.142
-703.023 430.08 42.8664 -146.485 120.698 -128.142
-703.947 430.463 42.87 -146.485 120.698 -128.142
-704.871 430.845 42.8735 -146.485 120.698 -128.142
-705.795 431.227 42.877 -146.485 120.698 -128.142
-706.72 431.609 42.8806 -146.485 120.698 -128.142
-707.644 431.992 42.8841 -146.485 120.698 -128.142
-708.568 432.374 42.8876 -146.448 120.702 -128.148
-709.492 432.756 42.8912 -146.446 120.702 -128.151
-710.416 433.138 42.8947 -146.448 120.702 -128.152
-711.34 433.52 42.8982 -146.447 120.701 -128.15
-712.264 433.903 42.9018 -146.447 120.701 -128.15
-713.188 434.285 42.9053 -146.443 120.7 -128.146
-714.112 434.667 42.9088 -146.441 120.7 -128.146
-715.036 435.049 42.9124 -146.439 120.699 -128.141
-715.96 435.432 42.9159 -146.437 120.698 -128.139
-716.884 435.814 42.9194 -146.437 120.698 -128.139
-717.808 436.196 42.923 -146.437 120.697 -128.138
-718.732 436.578 42.9265 -146.436 120.697 -128.137
-719.656 436.96 42.93 -146.434 120.698 -128.135
-720.581 437.343 42.9336 -146.434 120.698 -128.135
-721.505 437.725 42.9371 -146.432 120.701 -128.135
-722.429 438.107 42.9406 -146.432 120.7 -128.133
-723.353 438.489 42.9442 -146.431 120.701 -128.133
-724.277 438.872 42.9477 -146.432 120.7 -128.135
-725.201 439.254 42.9512 -146.432 120.7 -128.135
-726.125 439.636 42.9548 -146.434 120.699 -128.139
-727.049 440.018 42.9583 -146.434 120.699 -128.14
-727.973 440.4 42.9618 -146.435 120.698 -128.142
-728.897 440.783 42.9654 -146.434 120.699 -128.143
-729.821 441.165 42.9689 -146.434 120.699 -128.143
-730.745 441.547 42.9724 -146.432 120.7 -128.143
-731.669 441.929 42.976 -146.428 120.7 -128.137
-732.593 442.312 42.9795 -146.429 120.699 -128.134
-733.517 442.694 42.983 -146.429 120.699 -128.134
-734.441 443.076 42.9866 -146.428 120.698 -128.134
-735.366 443.458 42.9901 -146.43 120.698 -128.138
-736.29 443.84 42.9936 -146.431 120.698 -128.139
-737.214 444.223 42.9972 -146.429 120.697 -128.138
-738.138 444.605 43.0007 -146.428 120.697 -128.139
-739.062 444.987 43.0042 -146.428 120.697 -128.139
-739.986 445.369 43.0078 -146.427 120.697 -128.14
-740.91 445.752 43.0113 -146.428 120.697 -128.139
-741.834 446.134 43.0148 -146.428 120.697 -128.14
-742.758 446.516 43.0184 -146.43 120.697 -128.14
-743.682 446.898 43.0219 -146.432 120.697 -128.14
-744.606 447.28 43.0254 -146.432 120.697 -128.14
-745.53 447.663 43.029 -146.429 120.697 -128.139
-746.454 448.045 43.0325 -146.427 120.697 -128.14
-747.378 448.427 43.036 -146.427 120.697 -128.139
-748.302 448.809 43.0396 -146.427 120.697 -128.139
-749.227 449.192 43.0431 -146.426 120.695 -128.141
-750.151 449.574 43.0466 -146.426 120.695 -128.141
-751.075 449.956 43.0502 -146.426 120.695 -128.142
-751.999 450.338 43.0537 -146.427 120.695 -128.145
-752.923 450.72 43.0573 -146.427 120.696 -128.15
-753.847 451.103 43.0608 -146.426 120.698 -128.15
-754.771 451.485 43.0643 -146.427 120.699 -128.148
-755.695 451.867 43.0679 -146.427 120.7 -128.15
-756.619 452.249 43.0714 -146.427 120.698 -128.148
-757.543 452.632 43.0749 -146.428 120.696 -128.144
-758.467 453.014 43.0785 -146.428 120.696 -128.144
-759.391 453.396 43.082 -146.427 120.695 -128.142
-760.315 453.778 43.0855 -146.428 120.695 -128.146
-761.239 454.16 43.0891 -146.43 120.695 -128.148
-762.163 454.543 43.0926 -146.43 120.695 -128.148
-763.087 454.925 43.0961 -146.43 120.695 -128.147
-764.012 455.307 43.0997 -146.433 120.696 -128.151
-764.936 455.689 43.1032 -146.432 120.696 -128.151
-765.86 456.071 43.1067 -146.43 120.695 -128.15
-766.784 456.454 43.1103 -146.43 120.695 -128.15
-767.708 456.836 43.1138 -146.427 120.696 -128.151
-768.632 457.218 43.1173 -146.427 120.696 -128.151
-769.556 457.6 43.1209 -146.428 120.697 -128.153
-770.48 457.983 43.1244 -146.428 120.697 -128.153
-771.404 458.365 43.1279 -146.428 120.699 -128.156
-772.328 458.747 43.1315 -146.428 120.699 -128.157
-773.252 459.129 43.135 -146.425 120.7 -128.157
-774.176 459.511 43.1385 -146.425 120.699 -128.158
-775.1 459.894 43.1421 -146.425 120.699 -128.158
-776.024 460.276 43.1456 -146.426 120.697 -128.158
-776.948 460.658 43.1491 -146.428 120.697 -128.16
-777.873 461.04 43.1527 -146.432 120.696 -128.166
-778.797 461.423 43.1562 -146.434 120.697 -128.169
-779.721 461.805 43.1597 -146.434 120.698 -128.168
-780.645 462.187 43.1633 -146.434 120.699 -128.172
-781.569 462.569 43.1668 -146.434 120.699 -128.172
-782.493 462.951 43.1703 -146.432 120.698 -128.172
-783.417 463.334 43.1739 -146.429 120.696 -128.165
-784.341 463.716 43.1774 -146.428 120.695 -128.164
-785.265 464.098 43.1809 -146.428 120.695 -128.164
-786.189 464.48 43.1845 -146.429 120.696 -128.165
-787.113 464.863 43.188 -146.432 120.696 -128.168
-788.037 465.245 43.1915 -146.433 120.697 -128.17
-788.961 465.627 43.1951 -146.437 120.699 -128.174
-789.885 466.009 43.1986 -146.437 120.699 -128.174
-790.809 466.391 43.2021 -146.437 120.699 -128.174
-791.733 466.774 43.2057 -146.437 120.699 -128.174
-792.658 467.156 43.2092 -146.437 120.699 -128.174
-793.582 467.538 43.2127 -146.437 120.699 -128.174
3
-698.302 417.957 42.9845 -146.485 120.697 -128.143
-699.202 418.393 42.9818 -146.485 120.697 -128.143
-700.103 418.828 42.9791 -146.485 120.697 -128.143
-701.003 419.263 42.9765 -146.485 120.697 -128.143
-701.904 419.698 42.9738 -146.485 120.697 -128.143
-702.804 420.133 42.9711 -146.485 120.697 -128.143
-703.704 420.568 42.9685 -146.485 120.697 -128.143
-704.605 421.003 42.9658 -146.485 120.697 -128.143
-705.505 421.438 42.9632 -146.485 120.697 -128.143
-706.406 421.873 42.9605 -146.485 120.697 -128.143
-707.306 422.308 42.9578 -146.485 120.697 -128.143
-708.206 422.743 42.9552 -146.485 120.697 -128.143
-709.107 423.178 42.9525 -146.485 120.697 -128.143
-710.007 423.613 42.9498 -146.485 120.697 -128.143
-710.908 424.048 42.9472 -146.485 120.697 -128.143
-711.808 424.483 42.9445 -146.485 120.697 -128.143
-712.708 424.918 42.9418 -146.454 120.701 -128.146
-713.609 425.353 42.9392 -146.446 120.702 -128.15
-714.509 425.788 42.9365 -146.446 120.702 -128.15
-715.41 426.224 42.9339 -146.447 120.703 -128.152
-716.31 426.659 42.9312 -146.447 120.701 -128.152
-717.21 427.094 42.9285 -146.444 120.699 -128.146
-718.111 427.529 42.9259 -146.441 120.699 -128.145
-719.011 427.964 42.9232 -146.44 120.699 -128.143
-719.912 428.399 42.9205 -146.44 120.699 -128.143
-720.812 428.834 42.9179 -146.437 120.699 -128.139
-721.712 429.269 42.9152 -146.437 120.697 -128.137
-722.613 429.704 42.9126 -146.434 120.696 -128.134
-723.513 430.139 42.9099 -146.434 120.696 -128.134
-724.414 430.574 42.9072 -146.433 120.697 -128.134
-725.314 431.009 42.9046 -146.431 120.701 -128.133
-726.214 431.444 42.9019 -146.431 120.701 -128.133
-727.115 431.879 42.8992 -146.431 120.701 -128.132
-728.015 432.314 42.8966 -146.431 120.702 -128.133
-728.916 432.749 42.8939 -146.432 120.7 -128.133
-729.816 433.184 42.8913 -146.434 120.699 -128.133
-730.716 433.619 42.8886 -146.434 120.699 -128.137
-731.617 434.055 42.8859 -146.434 120.699 -128.137
-732.517 434.49 42.8833 -146.435 120.699 -128.138
-733.418 434.925 42.8806 -146.433 120.699 -128.137
-734.318 435.36 42.8779 -146.431 120.7 -128.137
-735.218 435.795 42.8753 -146.431 120.7 -128.137
-736.119 436.23 42.8726 -146.428 120.7 -128.133
-737.019 436.665 42.8699 -146.428 120.698 -128.128
-737.92 437.1 42.8673 -146.427 120.699 -128.13
-738.82 437.535 42.8646 -146.428 120.698 -128.132
-739.72 437.97 42.862 -146.428 120.698 -128.132
-740.621 438.405 42.8593 -146.429 120.698 -128.134
-741.521 438.84 42.8566 -146.427 120.698 -128.132
-742.421 439.275 42.854 -146.427 120.698 -128.135
-743.322 439.71 42.8513 -146.426 120.697 -128.135
-744.222 440.145 42.8486 -146.426 120.697 -128.135
-745.123 440.58 42.846 -146.427 120.697 -128.135
-746.023 441.015 42.8433 -146.428 120.696 -128.134
-746.923 441.451 42.8407 -146.43 120.696 -128.137
-747.824 441.886 42.838 -146.432 120.696 -128.136
-748.724 442.321 42.8353 -146.432 120.696 -128.136
-749.625 442.756 42.8327 -146.429 120.696 -128.137
-750.525 443.191 42.83 -146.428 120.696 -128.137
-751.425 443.626 42.8273 -146.426 120.695 -128.135
-752.326 444.061 42.8247 -146.426 120.695 -128.135
-753.226 444.496 42.822 -146.426 120.694 -128.138
-754.127 444.931 42.8193 -146.425 120.694 -128.139
-755.027 445.366 42.8167 -146.425 120.694 -128.139
-755.927 445.801 42.814 -146.427 120.694 -128.145
-756.828 446.236 42.8114 -146.424 120.696 -128.147
-757.728 446.671 42.8087 -146.425 120.697 -128.147
-758.629 447.106 42.806 -146.425 120.697 -128.147
-759.529 447.541 42.8034 -146.426 120.698 -128.149
-760.429 447.976 42.8007 -146.427 120.696 -128.147
-761.33 448.411 42.798 -146.427 120.696 -128.147
-762.23 448.846 42.7954 -146.426 120.695 -128.144
-763.131 449.282 42.7927 -146.428 120.694 -128.147
-764.031 449.717 42.7901 -146.43 120.695 -128.15
-764.931 450.152 42.7874 -146.43 120.695 -128.15
-765.832 450.587 42.7847 -146.431 120.695 -128.151
-766.732 451.022 42.7821 -146.432 120.695 -128.154
-767.633 451.457 42.7794 -146.432 120.696 -128.154
-768.533 451.892 42.7767 -146.431 120.697 -128.156
-769.433 452.327 42.7741 -146.431 120.697 -128.156
-770.334 452.762 42.7714 -146.428 120.697 -128.156
-771.234 453.197 42.7688 -146.426 120.698 -128.156
-772.135 453.632 42.7661 -146.427 120.698 -128.158
-773.035 454.067 42.7634 -146.427 120.698 -128.158
-773.935 454.502 42.7608 -146.427 120.701 -128.16
-774.836 454.937 42.7581 -146.427 120.702 -128.162
-775.736 455.372 42.7554 -146.425 120.702 -128.162
-776.637 455.807 42.7528 -146.425 120.701 -128.162
-777.537 456.242 42.7501 -146.427 120.7 -128.163
-778.437 456.678 42.7474 -146.427 120.7 -128.163
-779.338 457.113 42.7448 -146.428 120.699 -128.163
-780.238 457.548 42.7421 -146.431 120.698 -128.167
-781.139 457.983 42.7395 -146.435 120.698 -128.172
-782.039 458.418 42.7368 -146.436 120.699 -128.174
-782.939 458.853 42.7341 -146.436 120.701 -128.174
-783.84 459.288 42.7315 -146.435 120.7 -128.177
-784.74 459.723 42.7288 -146.435 120.7 -128.177
-785.641 460.158 42.7261 -146.432 120.699 -128.173
-786.541 460.593 42.7235 -146.43 120.697 -128.167
-787.441 461.028 42.7208 -146.429 120.696 -128.166
-788.342 461.463 42.7182 -146.43 120.696 -128.167
-789.242 461.898 42.7155 -146.433 120.697 -128.171
-790.143 462.333 42.7128 -146.433 120.697 -128.171
-791.043 462.768 42.7102 -146.436 120.699 -128.172
-791.943 463.203 42.7075 -146.436 120.699 -128.172
-792.844 463.638 42.7048 -146.436 120.699 -128.172
-793.744 464.073 42.7022 -146.436 120.699 -128.172
-794.645 464.509 42.6995 -146.436 120.699 -128.172
-795.545 464.944 42.6969 -146.436 120.699 -128.172
-796.445 465.379 42.6942 -146.436 120.699 -128.172
-797.346 465.814 42.6915 -146.436 120.699 -128.172
-798.246 466.249 42.6889 -146.436 120.699 -128.172
-799.147 466.684 42.6862 -146.436 120.699 -128.172
-800.047 467.119 42.6835 -146.436 120.699 -128.172
-800.947 467.554 42.6809 -146.436 120.699 -128.172
-801.848 467.989 42.6782 -146.436 120.699 -128.172
4
-700.257 412.908 43.5207 -146.483 120.697 -128.142
-701.149 413.36 43.5184 -146.483 120.697 -128.142
-702.04 413.813 43.5161 -146.483 120.697 -128.142
-702.932 414.265 43.5139 -146.483 120.697 -128.142
-703.824 414.717 43.5116 -146.483 120.697 -128.142
-704.716 415.17 43.5093 -146.483 120.697 -128.142
-705.607 415.622 43.507 -146.483 120.697 -128.142
-706.499 416.075 43.5047 -146.483 120.697 -128.142
-707.391 416.527 43.5024 -146.483 120.697 -128.142
-708.283 416.98 43.5001 -146.483 120.697 -128.142
-709.175 417.432 43.4978 -146.483 120.697 -128.142
-710.066 417.885 43.4955 -146.483 120.697 -128.142
-710.958 418.337 43.4932 -146.483 120.697 -128.142
-711.85 418.79 43.491 -146.483 120.697 -128.142
-712.742 419.242 43.4887 -146.483 120.697 -128.142
-713.633 419.695 43.4864 -146.483 120.697 -128.142
-714.525 420.147 43.4841 -146.483 120.697 -128.142
-715.417 420.6 43.4818 -146.454 120.7 -128.144
-716.309 421.052 43.4795 -146.447 120.702 -128.149
-717.201 421.505 43.4772 -146.446 120.702 -128.152
-718.092 421.957 43.4749 -146.448 120.701 -128.152
-718.984 422.41 43.4726 -146.448 120.701 -128.152
-719.876 422.862 43.4703 -146.447 120.699 -128.148
-720.768 423.315 43.4681 -146.442 120.699 -128.145
-721.659 423.767 43.4658 -146.441 120.7 -128.144
-722.551 424.22 43.4635 -146.44 120.7 -128.143
-723.443 424.672 43.4612 -146.438 120.698 -128.14
-724.335 425.125 43.4589 -146.438 120.697 -128.138
-725.226 425.577 43.4566 -146.438 120.697 -128.138
-726.118 426.029 43.4543 -146.434 120.697 -128.135
-727.01 426.482 43.452 -146.432 120.699 -128.134
-727.902 426.934 43.4497 -146.432 120.699 -128.134
-728.794 427.387 43.4475 -146.431 120.702 -128.132
-729.685 427.839 43.4452 -146.432 120.702 -128.132
-730.577 428.292 43.4429 -146.431 120.701 -128.133
-731.469 428.744 43.4406 -146.431 120.701 -128.133
-732.361 429.197 43.4383 -146.434 120.699 -128.134
-733.252 429.649 43.436 -146.435 120.7 -128.138
-734.144 430.102 43.4337 -146.436 120.699 -128.14
-735.036 430.554 43.4314 -146.435 120.7 -128.14
-735.928 431.007 43.4291 -146.435 120.7 -128.14
-736.819 431.459 43.4268 -146.432 120.7 -128.138
-737.711 431.912 43.4246 -146.429 120.7 -128.133
-738.603 432.364 43.4223 -146.429 120.7 -128.133
-739.495 432.817 43.42 -146.427 120.699 -128.128
-740.387 433.269 43.4177 -146.426 120.699 -128.129
-741.278 433.722 43.4154 -146.426 120.699 -128.129
-742.17 434.174 43.4131 -146.428 120.698 -128.134
-743.062 434.627 43.4108 -146.428 120.699 -128.133
-743.954 435.079 43.4085 -146.427 120.698 -128.134
-744.845 435.532 43.4062 -146.427 120.698 -128.134
-745.737 435.984 43.404 -146.426 120.698 -128.137
-746.629 436.437 43.4017 -146.427 120.697 -128.134
-747.521 436.889 43.3994 -146.428 120.696 -128.134
-748.413 437.341 43.3971 -146.428 120.696 -128.135
-749.304 437.794 43.3948 -146.431 120.696 -128.137
-750.196 438.246 43.3925 -146.431 120.696 -128.137
-751.088 438.699 43.3902 -146.43 120.696 -128.136
-751.98 439.151 43.3879 -146.428 120.696 -128.136
-752.871 439.604 43.3856 -146.429 120.696 -128.139
-753.763 440.056 43.3833 -146.426 120.694 -128.135
-754.655 440.509 43.3811 -146.426 120.694 -128.135
-755.547 440.961 43.3788 -146.425 120.694 -128.137
-756.438 441.414 43.3765 -146.424 120.694 -128.14
-757.33 441.866 43.3742 -146.424 120.694 -128.14
-758.222 442.319 43.3719 -146.425 120.694 -128.145
-759.114 442.771 43.3696 -146.424 120.696 -128.148
-760.006 443.224 43.3673 -146.425 120.697 -128.147
-760.897 443.676 43.365 -146.427 120.698 -128.149
-761.789 444.129 43.3627 -146.427 120.698 -128.149
-762.681 444.581 43.3604 -146.427 120.698 -128.149
-763.573 445.034 43.3582 -146.428 120.696 -128.146
-764.464 445.486 43.3559 -146.427 120.695 -128.146
-765.356 445.939 43.3536 -146.429 120.695 -128.149
-766.248 446.391 43.3513 -146.431 120.695 -128.151
-767.14 446.844 43.349 -146.431 120.695 -128.152
-768.031 447.296 43.3467 -146.433 120.695 -128.153
-768.923 447.749 43.3444 -146.433 120.695 -128.153
-769.815 448.201 43.3421 -146.432 120.695 -128.153
-770.707 448.653 43.3398 -146.431 120.696 -128.155
-771.599 449.106 43.3376 -146.427 120.697 -128.155
-772.49 449.558 43.3353 -146.427 120.697 -128.155
-773.382 450.011 43.333 -146.427 120.698 -128.156
-774.274 450.463 43.3307 -146.428 120.698 -128.157
-775.166 450.916 43.3284 -146.427 120.701 -128.161
-776.057 451.368 43.3261 -146.427 120.701 -128.161
-776.949 451.821 43.3238 -146.428 120.701 -128.162
-777.841 452.273 43.3215 -146.426 120.701 -128.163
-778.733 452.726 43.3192 -146.426 120.701 -128.163
-779.625 453.178 43.3169 -146.427 120.7 -128.164
-780.516 453.631 43.3147 -146.428 120.699 -128.164
-781.408 454.083 43.3124 -146.431 120.698 -128.165
-782.3 454.536 43.3101 -146.434 120.698 -128.168
-783.192 454.988 43.3078 -146.436 120.699 -128.172
-784.083 455.441 43.3055 -146.436 120.7 -128.173
-784.975 455.893 43.3032 -146.436 120.7 -128.173
-785.867 456.346 43.3009 -146.435 120.7 -128.174
-786.759 456.798 43.2986 -146.431 120.7 -128.174
-787.65 457.251 43.2963 -146.429 120.697 -128.167
-788.542 457.703 43.294 -146.429 120.697 -128.167
-789.434 458.156 43.2918 -146.428 120.696 -128.167
-790.326 458.608 43.2895 -146.43 120.697 -128.168
-791.218 459.061 43.2872 -146.434 120.697 -128.171
-792.109 459.513 43.2849 -146.436 120.699 -128.173
-793.001 459.965 43.2826 -146.436 120.699 -128.173
-793.893 460.418 43.2803 -146.436 120.699 -128.173
-794.785 460.87 43.278 -146.436 120.699 -128.173
-795.676 461.323 43.2757 -146.436 120.699 -128.173
-796.568 461.775 43.2734 -146.436 120.699 -128.173
-797.46 462.228 43.2712 -146.436 120.699 -128.173
-798.352 462.68 43.2689 -146.436 120.699 -128.173
-799.243 463.133 43.2666 -146.436 120.699 -128.173
-800.135 463.585 43.2643 -146.436 120.699 -128.173
-801.027 464.038 43.262 -146.436 120.699 -128.173
-801.919 464.49 43.2597 -146.436 120.699 -128.173
-802.811 464.943 43.2574 -146.436 120.699 -128.173
5
-699.523 423.932 44.1766 -146.445 120.702 -128.151
-700.451 424.304 44.1724 -146.445 120.702 -128.151
-701.379 424.677 44.1682 -146.445 120.702 -128.151
-702.307 425.049 44.164 -146.445 120.702 -128.151
-703.235 425.422 44.1598 -146.445 120.702 -128.151
-704.163 425.794 44.1556 -146.445 120.702 -128.151
-705.091 426.167 44.1514 -146.445 120.702 -128.151
-706.019 426.539 44.1472 -146.445 120.702 -128.151
-706.947 426.912 44.143 -146.445 120.702 -128.151
-707.876 427.284 44.1388 -146.445 120.702 -128.151
-708.804 427.656 44.1346 -146.445 120.702 -128.151
-709.732 428.029 44.1304 -146.445 120.702 -128.151
-710.66 428.401 44.1262 -146.445 120.702 -128.151
-711.588 428.774 44.122 -146.445 120.702 -128.151
-712.516 429.146 44.1178 -146.445 120.702 -128.151
-713.444 429.519 44.1136 -146.444 120.7 -128.147
-714.372 429.891 44.1094 -146.444 120.7 -128.147
-715.3 430.264 44.1052 -146.439 120.7 -128.144
-716.228 430.636 44.101 -146.439 120.701 -128.145
-717.156 431.009 44.0968 -146.437 120.7 -128.141
-718.084 431.381 44.0926 -146.437 120.7 -128.141
-719.012 431.754 44.0884 -146.436 120.698 -128.139
-719.94 432.126 44.0842 -146.435 120.696 -128.137
-720.868 432.499 44.08 -146.434 120.696 -128.136
-721.796 432.871 44.0758 -146.434 120.697 -128.136
-722.724 433.244 44.0716 -146.434 120.697 -128.136
-723.652 433.616 44.0674 -146.433 120.7 -128.136
-724.58 433.989 44.0632 -146.434 120.7 -128.135
-725.508 434.361 44.059 -146.433 120.701 -128.136
-726.436 434.734 44.0548 -146.433 120.701 -128.136
-727.364 435.106 44.0506 -146.434 120.699 -128.136
-728.292 435.478 44.0464 -146.434 120.698 -128.137
-729.22 435.851 44.0422 -146.433 120.698 -128.14
-730.148 436.223 44.038 -146.433 120.698 -128.14
-731.076 436.596 44.0338 -146.431 120.699 -128.14
-732.004 436.968 44.0296 -146.428 120.7 -128.14
-732.932 437.341 44.0254 -146.428 120.7 -128.14
-733.86 437.713 44.0212 -146.426 120.7 -128.135
-734.788 438.086 44.017 -146.427 120.699 -128.134
-735.716 438.458 44.0128 -146.427 120.699 -128.134
-736.644 438.831 44.0086 -146.429 120.698 -128.137
-737.573 439.203 44.0044 -146.429 120.698 -128.137
-738.501 439.576 44.0002 -146.431 120.697 -128.138
-739.429 439.948 43.996 -146.429 120.698 -128.137
-740.357 440.321 43.9918 -146.428 120.698 -128.139
-741.285 440.693 43.9876 -146.428 120.698 -128.139
-742.213 441.066 43.9834 -146.428 120.697 -128.14
-743.141 441.438 43.9792 -146.429 120.697 -128.138
-744.069 441.811 43.975 -146.429 120.697 -128.138
-744.997 442.183 43.9708 -146.428 120.698 -128.139
-745.925 442.556 43.9666 -146.43 120.698 -128.141
-746.853 442.928 43.9624 -146.43 120.698 -128.139
-747.781 443.3 43.9582 -146.426 120.699 -128.14
-748.709 443.673 43.954 -146.426 120.699 -128.14
-749.637 444.045 43.9498 -146.427 120.698 -128.14
-750.565 444.418 43.9456 -146.426 120.696 -128.138
-751.493 444.79 43.9414 -146.426 120.696 -128.14
-752.421 445.163 43.9372 -146.426 120.696 -128.14
-753.349 445.535 43.933 -146.427 120.695 -128.142
-754.277 445.908 43.9288 -146.429 120.695 -128.147
-755.205 446.28 43.9246 -146.429 120.697 -128.15
-756.133 446.653 43.9204 -146.429 120.697 -128.15
-757.061 447.025 43.9162 -146.428 120.698 -128.147
-757.989 447.398 43.912 -146.428 120.698 -128.147
-758.917 447.77 43.9078 -146.428 120.699 -128.149
-759.845 448.143 43.9036 -146.427 120.697 -128.145
-760.773 448.515 43.8994 -146.426 120.696 -128.144
-761.701 448.888 43.8952 -146.426 120.696 -128.144
-762.629 449.26 43.891 -146.425 120.696 -128.147
-763.557 449.633 43.8868 -146.428 120.696 -128.15
-764.485 450.005 43.8826 -146.428 120.696 -128.148
-765.413 450.378 43.8784 -146.429 120.697 -128.151
-766.342 450.75 43.8742 -146.429 120.697 -128.151
-767.27 451.122 43.87 -146.429 120.696 -128.152
-768.198 451.495 43.8659 -146.427 120.695 -128.152
-769.126 451.867 43.8617 -146.426 120.696 -128.152
-770.054 452.24 43.8575 -146.426 120.696 -128.152
-770.982 452.612 43.8533 -146.427 120.696 -128.154
-771.91 452.985 43.8491 -146.427 120.696 -128.154
-772.838 453.357 43.8449 -146.429 120.697 -128.156
-773.766 453.73 43.8407 -146.429 120.698 -128.158
-774.694 454.102 43.8365 -146.429 120.698 -128.159
-775.622 454.475 43.8323 -146.427 120.699 -128.161
-776.55 454.847 43.8281 -146.427 120.699 -128.161
-777.478 455.22 43.8239 -146.427 120.698 -128.162
-778.406 455.592 43.8197 -146.427 120.697 -128.16
-779.334 455.965 43.8155 -146.428 120.697 -128.161
-780.262 456.337 43.8113 -146.43 120.696 -128.163
-781.19 456.71 43.8071 -146.432 120.697 -128.167
-782.118 457.082 43.8029 -146.432 120.699 -128.166
-783.046 457.455 43.7987 -146.432 120.699 -128.166
-783.974 457.827 43.7945 -146.432 120.7 -128.172
-784.902 458.2 43.7903 -146.431 120.698 -128.171
-785.83 458.572 43.7861 -146.431 120.698 -128.171
-786.758 458.944 43.7819 -146.43 120.697 -128.168
-787.686 459.317 43.7777 -146.431 120.696 -128.168
-788.614 459.689 43.7735 -146.432 120.696 -128.167
-789.542 460.062 43.7693 -146.432 120.696 -128.167
-790.47 460.434 43.7651 -146.435 120.696 -128.171
-791.398 460.807 43.7609 -146.437 120.697 -128.172
-792.326 461.179 43.7567 -146.437 120.697 -128.172
-793.254 461.552 43.7525 -146.437 120.697 -128.172
-794.182 461.924 43.7483 -146.437 120.697 -128.172
-795.111 462.297 43.7441 -146.437 120.697 -128.172
-796.039 462.669 43.7399 -146.437 120.697 -128.172
-796.967 463.042 43.7357 -146.437 120.697 -128.172
-797.895 463.414 43.7315 -146.437 120.697 -128.172
-798.823 463.787 43.7273 -146.437 120.697 -128.172
-799.751 464.159 43.7231 -146.437 120.697 -128.172
-800.679 464.532 43.7189 -146.437 120.697 -128.172
-801.607 464.904 43.7147 -146.437 120.697 -128.172
-802.535 465.277 43.7105 -146.437 120.697 -128.172
-803.463 465.649 43.7063 -146.437 120.697 -128.172
-804.391 466.022 43.7021 -146.437 120.697 -128.172
-805.319 466.394 43.6979 -146.437 120.697 -128.172
-806.247 466.766 43.6937 -146.437 120.697 -128.172
6
-698.322 423.764 43.1439 -146.453 120.701 -128.145
-699.242 424.156 43.1456 -146.453 120.701 -128.145
-700.162 424.549 43.1474 -146.453 120.701 -128.145
-701.081 424.941 43.1491 -146.453 120.701 -128.145
-702.001 425.334 43.1509 -146.453 120.701 -128.145
-702.921 425.726 43.1526 -146.453 120.701 -128.145
-703.841 426.119 43.1544 -146.453 120.701 -128.145
-704.76 426.511 43.1561 -146.453 120.701 -128.145
-705.68 426.904 43.1579 -146.453 120.701 -128.145
-706.6 427.296 43.1596 -146.453 120.701 -128.145
-707.52 427.689 43.1614 -146.453 120.701 -128.145
-708.439 428.081 43.1631 -146.453 120.701 -128.145
-709.359 428.474 43.1649 -146.453 120.701 -128.145
-710.279 428.866 43.1666 -146.453 120.701 -128.145
-711.199 429.259 43.1684 -146.446 120.702 -128.149
-712.118 429.651 43.1701 -146.446 120.703 -128.152
-713.038 430.043 43.1719 -146.446 120.701 -128.153
-713.958 430.436 43.1736 -146.445 120.699 -128.148
-714.878 430.828 43.1754 -146.445 120.699 -128.148
-715.797 431.221 43.1771 -146.442 120.699 -128.146
-716.717 431.613 43.1789 -146.441 120.7 -128.144
-717.637 432.006 43.1806 -146.441 120.7 -128.144
-718.557 432.398 43.1824 -146.438 120.699 -128.141
-719.476 432.791 43.1841 -146.436 120.697 -128.137
-720.396 433.183 43.1859 -146.434 120.697 -128.136
-721.316 433.576 43.1876 -146.434 120.697 -128.136
-722.236 433.968 43.1893 -146.433 120.697 -128.134
-723.156 434.361 43.1911 -146.431 120.7 -128.132
-724.075 434.753 43.1928 -146.431 120.702 -128.131
-724.995 435.146 43.1946 -146.431 120.702 -128.132
-725.915 435.538 43.1963 -146.431 120.702 -128.133
-726.835 435.931 43.1981 -146.433 120.7 -128.133
-727.754 436.323 43.1998 -146.433 120.7 -128.133
-728.674 436.716 43.2016 -146.434 120.699 -128.134
-729.594 437.108 43.2033 -146.435 120.7 -128.138
-730.514 437.501 43.2051 -146.435 120.699 -128.138
-731.433 437.893 43.2068 -146.433 120.7 -128.138
-732.353 438.286 43.2086 -146.431 120.7 -128.136
-733.273 438.678 43.2103 -146.431 120.7 -128.136
-734.193 439.071 43.2121 -146.428 120.699 -128.13
-735.112 439.463 43.2138 -146.428 120.699 -128.129
-736.032 439.856 43.2156 -146.427 120.7 -128.13
-736.952 440.248 43.2173 -146.429 120.7 -128.134
-737.872 440.64 43.2191 -146.429 120.7 -128.134
-738.791 441.033 43.2208 -146.428 120.698 -128.133
-739.711 441.425 43.2226 -146.426 120.698 -128.133
-740.631 441.818 43.2243 -146.426 120.698 -128.133
-741.551 442.21 43.2261 -146.425 120.697 -128.133
-742.47 442.603 43.2278 -146.426 120.696 -128.133
-743.39 442.995 43.2296 -146.427 120.695 -128.131
-744.31 443.388 43.2313 -146.429 120.696 -128.133
-745.23 443.78 43.2331 -146.431 120.696 -128.136
-746.149 444.173 43.2348 -146.43 120.696 -128.135
-747.069 444.565 43.2366 -146.43 120.696 -128.135
-747.989 444.958 43.2383 -146.428 120.696 -128.135
-748.909 445.35 43.2401 -146.428 120.695 -128.137
-749.829 445.743 43.2418 -146.428 120.695 -128.137
-750.748 446.135 43.2436 -146.427 120.694 -128.136
-751.668 446.528 43.2453 -146.427 120.693 -128.137
-752.588 446.92 43.2471 -146.427 120.693 -128.139
-753.508 447.313 43.2488 -146.427 120.694 -128.144
-754.427 447.705 43.2506 -146.427 120.694 -128.144
-755.347 448.098 43.2523 -146.425 120.696 -128.147
-756.267 448.49 43.2541 -146.424 120.697 -128.146
-757.187 448.883 43.2558 -146.426 120.698 -128.149
-758.106 449.275 43.2576 -146.426 120.697 -128.149
-759.026 449.668 43.2593 -146.428 120.696 -128.148
-759.946 450.06 43.2611 -146.428 120.696 -128.148
-760.866 450.452 43.2628 -146.428 120.695 -128.147
-761.785 450.845 43.2646 -146.429 120.695 -128.149
-762.705 451.237 43.2663 -146.43 120.694 -128.15
-763.625 451.63 43.2681 -146.43 120.694 -128.15
-764.545 452.022 43.2698 -146.431 120.694 -128.151
-765.464 452.415 43.2716 -146.432 120.695 -128.152
-766.384 452.807 43.2733 -146.433 120.696 -128.155
-767.304 453.2 43.2751 -146.432 120.696 -128.157
-768.224 453.592 43.2768 -146.429 120.697 -128.157
-769.143 453.985 43.2786 -146.429 120.697 -128.157
-770.063 454.377 43.2803 -146.427 120.698 -128.158
-770.983 454.77 43.2821 -146.427 120.698 -128.157
-771.903 455.162 43.2838 -146.427 120.701 -128.16
-772.822 455.555 43.2856 -146.427 120.701 -128.16
-773.742 455.947 43.2873 -146.427 120.702 -128.161
-774.662 456.34 43.2891 -146.425 120.702 -128.163
-775.582 456.732 43.2908 -146.425 120.702 -128.163
-776.502 457.125 43.2926 -146.426 120.7 -128.163
-777.421 457.517 43.2943 -146.428 120.699 -128.163
-778.341 457.91 43.2961 -146.429 120.698 -128.164
-779.261 458.302 43.2978 -146.432 120.698 -128.166
-780.181 458.695 43.2996 -146.435 120.698 -128.17
-781.1 459.087 43.3013 -146.434 120.7 -128.17
-782.02 459.48 43.3031 -146.434 120.7 -128.17
-782.94 459.872 43.3048 -146.434 120.7 -128.173
-783.86 460.265 43.3065 -146.432 120.7 -128.175
-784.779 460.657 43.3083 -146.43 120.698 -128.17
-785.699 461.049 43.31 -146.43 120.698 -128.17
-786.619 461.442 43.3118 -146.429 120.696 -128.169
-787.539 461.834 43.3135 -146.43 120.697 -128.169
-788.458 462.227 43.3153 -146.43 120.697 -128.169
-789.378 462.619 43.317 -146.432 120.697 -128.171
-790.298 463.012 43.3188 -146.434 120.699 -128.171
-791.218 463.404 43.3205 -146.434 120.699 -128.171
-792.137 463.797 43.3223 -146.434 120.699 -128.171
-793.057 464.189 43.324 -146.434 120.699 -128.171
-793.977 464.582 43.3258 -146.434 120.699 -128.171
-794.897 464.974 43.3275 -146.434 120.699 -128.171
-795.816 465.367 43.3293 -146.434 120.699 -128.171
-796.736 465.759 43.331 -146.434 120.699 -128.171
-797.656 466.152 43.3328 -146.434 120.699 -128.171
-798.576 466.544 43.3345 -146.434 120.699 -128.171
-799.495 466.937 43.3363 -146.434 120.699 -128.171
-800.415 467.329 43.338 -146.434 120.699 -128.171
-801.335 467.722 43.3398 -146.434 120.699 -128.171
-802.255 468.114 43.3415 -146.434 120.699 -128.171
-803.175 468.507 43.3433 -146.434 120.699 -128.171
-804.094 468.899 43.345 -146.434 120.699 -128.171
7
-698.182 426.605 43.0214 -146.446 120.702 -128.152
-699.095 427.012 43.031 -146.446 120.702 -128.152
-700.009 427.419 43.0407 -146.446 120.702 -128.152
-700.922 427.826 43.0503 -146.446 120.702 -128.152
-701.836 428.233 43.06 -146.446 120.702 -128.152
-702.749 428.64 43.0697 -146.446 120.702 -128.152
-703.662 429.046 43.0793 -146.446 120.702 -128.152
-704.576 429.453 43.089 -146.446 120.702 -128.152
-705.489 429.86 43.0987 -146.446 120.702 -128.152
-706.403 430.267 43.1083 -146.446 120.702 -128.152
-707.316 430.674 43.118 -146.446 120.702 -128.152
-708.23 431.081 43.1276 -146.446 120.702 -128.152
-709.143 431.488 43.1373 -146.446 120.702 -128.152
-710.056 431.895 43.147 -146.446 120.702 -128.152
-710.97 432.302 43.1566 -146.447 120.701 -128.151
-711.883 432.709 43.1663 -146.447 120.701 -128.151
-712.797 433.116 43.1759 -146.445 120.699 -128.147
-713.71 433.522 43.1856 -146.445 120.699 -128.147
-714.624 433.929 43.1953 -146.442 120.7 -128.146
-715.537 434.336 43.2049 -146.441 120.699 -128.143
-716.45 434.743 43.2146 -146.438 120.698 -128.138
-717.364 435.15 43.2243 -146.438 120.698 -128.138
-718.277 435.557 43.2339 -146.436 120.696 -128.135
-719.191 435.964 43.2436 -146.434 120.697 -128.134
-720.104 436.371 43.2532 -146.432 120.699 -128.133
-721.017 436.778 43.2629 -146.432 120.699 -128.133
-721.931 437.185 43.2726 -146.43 120.701 -128.13
-722.844 437.591 43.2822 -146.43 120.702 -128.131
-723.758 437.998 43.2919 -146.43 120.702 -128.131
-724.671 438.405 43.3016 -146.43 120.701 -128.132
-725.585 438.812 43.3112 -146.433 120.699 -128.133
-726.498 439.219 43.3209 -146.434 120.698 -128.136
-727.411 439.626 43.3305 -146.435 120.698 -128.138
-728.325 440.033 43.3402 -146.451 120.702 -128.148
-729.238 440.44 43.3499 -146.451 120.702 -128.148
-730.152 440.847 43.3595 -146.433 120.7 -128.14
-731.065 441.254 43.3692 -146.429 120.7 -128.134
-731.978 441.661 43.3789 -146.428 120.699 -128.132
-732.892 442.067 43.3885 -146.428 120.699 -128.132
-733.805 442.474 43.3982 -146.428 120.698 -128.131
-734.719 442.881 43.4078 -146.428 120.699 -128.134
-735.632 443.288 43.4175 -146.429 120.698 -128.134
-736.546 443.695 43.4272 -146.429 120.698 -128.134
-737.459 444.102 43.4368 -146.427 120.698 -128.134
-738.372 444.509 43.4465 -146.426 120.697 -128.135
-739.286 444.916 43.4562 -146.426 120.697 -128.135
-740.199 445.323 43.4658 -146.426 120.696 -128.136
-741.113 445.73 43.4755 -146.427 120.696 -128.136
-742.026 446.137 43.4851 -146.428 120.696 -128.137
-742.94 446.543 43.4948 -146.429 120.696 -128.137
-743.853 446.95 43.5045 -146.431 120.696 -128.138
-744.766 447.357 43.5141 -146.429 120.697 -128.138
-745.68 447.764 43.5238 -146.428 120.696 -128.138
-746.593 448.171 43.5335 -146.428 120.696 -128.138
-747.507 448.578 43.5431 -146.428 120.696 -128.139
-748.42 448.985 43.5528 -146.426 120.695 -128.139
-749.333 449.392 43.5624 -146.427 120.695 -128.14
-750.247 449.799 43.5721 -146.427 120.695 -128.141
-751.16 450.206 43.5818 -146.428 120.695 -128.146
-752.074 450.612 43.5914 -146.428 120.695 -128.146
-752.987 451.019 43.6011 -146.426 120.697 -128.15
-753.901 451.426 43.6107 -146.425 120.698 -128.147
-754.814 451.833 43.6204 -146.427 120.699 -128.15
-755.727 452.24 43.6301 -146.427 120.698 -128.149
-756.641 452.647 43.6397 -146.427 120.698 -128.149
-757.554 453.054 43.6494 -146.428 120.696 -128.146
-758.468 453.461 43.6591 -146.428 120.696 -128.147
-759.381 453.868 43.6687 -146.429 120.695 -128.15
-760.294 454.275 43.6784 -146.431 120.696 -128.152
-761.208 454.682 43.688 -146.431 120.696 -128.152
-762.121 455.088 43.6977 -146.432 120.696 -128.151
-763.035 455.495 43.7074 -146.433 120.696 -128.153
-763.948 455.902 43.717 -146.433 120.696 -128.154
-764.862 456.309 43.7267 -146.431 120.696 -128.155
-765.775 456.716 43.7364 -146.431 120.696 -128.155
-766.688 457.123 43.746 -146.427 120.698 -128.156
-767.602 457.53 43.7557 -146.427 120.698 -128.156
-768.515 457.937 43.7653 -146.427 120.698 -128.155
-769.429 458.344 43.775 -146.428 120.699 -128.158
-770.342 458.751 43.7847 -146.427 120.701 -128.16
-771.255 459.157 43.7943 -146.427 120.701 -128.161
-772.169 459.564 43.804 -146.427 120.701 -128.161
-773.082 459.971 43.8137 -146.425 120.7 -128.161
-773.996 460.378 43.8233 -146.427 120.699 -128.163
-774.909 460.785 43.833 -146.428 120.698 -128.162
-775.823 461.192 43.8426 -146.428 120.698 -128.162
-776.736 461.599 43.8523 -146.432 120.697 -128.164
-777.649 462.006 43.862 -146.435 120.697 -128.169
-778.563 462.413 43.8716 -146.435 120.698 -128.169
-779.476 462.82 43.8813 -146.434 120.699 -128.172
-780.39 463.227 43.891 -146.434 120.699 -128.172
-781.303 463.633 43.9006 -146.432 120.698 -128.173
-782.217 464.04 43.9103 -146.43 120.697 -128.167
-783.13 464.447 43.9199 -146.43 120.697 -128.167
-784.043 464.854 43.9296 -146.428 120.696 -128.165
-784.957 465.261 43.9393 -146.429 120.696 -128.166
-785.87 465.668 43.9489 -146.433 120.697 -128.17
-786.784 466.075 43.9586 -146.433 120.697 -128.17
-787.697 466.482 43.9683 -146.436 120.699 -128.172
-788.61 466.889 43.9779 -146.436 120.699 -128.172
-789.524 467.296 43.9876 -146.436 120.699 -128.172
-790.437 467.703 43.9972 -146.436 120.699 -128.172
-791.351 468.109 44.0069 -146.436 120.699 -128.172
-792.264 468.516 44.0166 -146.436 120.699 -128.172
-793.178 468.923 44.0262 -146.436 120.699 -128.172
-794.091 469.33 44.0359 -146.436 120.699 -128.172
-795.004 469.737 44.0455 -146.436 120.699 -128.172
-795.918 470.144 44.0552 -146.436 120.699 -128.172
-796.831 470.551 44.0649 -146.436 120.699 -128.172
-797.745 470.958 44.0745 -146.436 120.699 -128.172
-798.658 471.365 44.0842 -146.436 120.699 -128.172
-799.571 471.772 44.0939 -146.436 120.699 -128.172
-800.485 472.178 44.1035 -146.436 120.699 -128.172
-801.398 472.585 44.1132 -146.436 120.699 -128.172
-802.312 472.992 44.1228 -146.436 120.699 -128.172
-803.225 473.399 44.1325 -146.436 120.699 -128.172
8
-701.882 420.892 44.3229 -146.447 120.703 -128.151
-702.807 421.272 44.32 -146.447 120.703 -128.151
-703.732 421.651 44.317 -146.447 120.703 -128.151
-704.658 422.031 44.3141 -146.447 120.703 -128.151
-705.583 422.41 44.3112 -146.447 120.703 -128.151
-706.508 422.79 44.3082 -146.447 120.703 -128.151
-707.433 423.169 44.3053 -146.447 120.703 -128.151
-708.358 423.549 44.3024 -146.447 120.703 -128.151
-709.283 423.929 44.2994 -146.447 120.703 -128.151
-710.209 424.308 44.2965 -146.447 120.703 -128.151
-711.134 424.688 44.2936 -146.447 120.703 -128.151
-712.059 425.067 44.2906 -146.447 120.703 -128.151
-712.984 425.447 44.2877 -146.447 120.703 -128.151
-713.909 425.826 44.2848 -146.447 120.703 -128.151
-714.834 426.206 44.2818 -146.447 120.703 -128.151
-715.759 426.586 44.2789 -146.446 120.7 -128.148
-716.685 426.965 44.276 -146.443 120.699 -128.144
-717.61 427.345 44.2731 -146.442 120.7 -128.146
-718.535 427.724 44.2701 -146.442 120.7 -128.143
-719.46 428.104 44.2672 -146.442 120.7 -128.143
-720.385 428.483 44.2643 -146.438 120.699 -128.139
-721.31 428.863 44.2613 -146.438 120.697 -128.138
-722.236 429.243 44.2584 -146.434 120.698 -128.136
-723.161 429.622 44.2555 -146.434 120.698 -128.136
-724.086 430.002 44.2525 -146.434 120.7 -128.137
-725.011 430.381 44.2496 -146.431 120.702 -128.135
-725.936 430.761 44.2467 -146.432 120.703 -128.134
-726.861 431.14 44.2437 -146.432 120.703 -128.134
-727.787 431.52 44.2408 -146.431 120.702 -128.134
-728.712 431.899 44.2379 -146.433 120.7 -128.135
-729.637 432.279 44.2349 -146.433 120.7 -128.135
-730.562 432.659 44.232 -146.433 120.7 -128.136
-731.487 433.038 44.2291 -146.435 120.699 -128.138
-732.412 433.418 44.2261 -146.434 120.698 -128.139
-733.337 433.797 44.2232 -146.434 120.699 -128.141
-734.263 434.177 44.2203 -146.434 120.699 -128.141
-735.188 434.556 44.2173 -146.431 120.699 -128.138
-736.113 434.936 44.2144 -146.428 120.7 -128.134
-737.038 435.316 44.2115 -146.428 120.699 -128.133
-737.963 435.695 44.2085 -146.427 120.7 -128.133
-738.888 436.075 44.2056 -146.426 120.699 -128.135
-739.814 436.454 44.2027 -146.426 120.699 -128.135
-740.739 436.834 44.1997 -146.427 120.698 -128.135
-741.664 437.213 44.1968 -146.425 120.699 -128.135
-742.589 437.593 44.1939 -146.426 120.698 -128.138
-743.514 437.973 44.1909 -146.426 120.698 -128.139
-744.439 438.352 44.188 -146.426 120.698 -128.139
-745.365 438.732 44.1851 -146.427 120.696 -128.137
-746.29 439.111 44.1821 -146.427 120.696 -128.137
-747.215 439.491 44.1792 -146.429 120.696 -128.139
-748.14 439.87 44.1763 -146.431 120.696 -128.139
-749.065 440.25 44.1733 -146.431 120.696 -128.139
-749.99 440.63 44.1704 -146.43 120.696 -128.141
-750.916 441.009 44.1675 -146.429 120.696 -128.141
-751.841 441.389 44.1645 -146.428 120.695 -128.138
-752.766 441.768 44.1616 -146.428 120.695 -128.138
-753.691 442.148 44.1587 -146.427 120.695 -128.14
-754.616 442.527 44.1557 -146.426 120.695 -128.142
-755.541 442.907 44.1528 -146.425 120.695 -128.145
-756.466 443.287 44.1499 -146.425 120.695 -128.145
-757.392 443.666 44.1469 -146.424 120.697 -128.147
-758.317 444.046 44.144 -146.424 120.698 -128.147
-759.242 444.425 44.1411 -146.426 120.699 -128.149
-760.167 444.805 44.1381 -146.426 120.698 -128.149
-761.092 445.184 44.1352 -146.426 120.698 -128.149
-762.017 445.564 44.1323 -146.428 120.696 -128.146
-762.943 445.944 44.1293 -146.427 120.695 -128.145
-763.868 446.323 44.1264 -146.427 120.695 -128.145
-764.793 446.703 44.1235 -146.43 120.695 -128.148
-765.718 447.082 44.1205 -146.431 120.695 -128.151
-766.643 447.462 44.1176 -146.432 120.695 -128.15
-767.568 447.841 44.1147 -146.433 120.695 -128.151
-768.494 448.221 44.1117 -146.433 120.695 -128.151
-769.419 448.6 44.1088 -146.431 120.696 -128.151
-770.344 448.98 44.1059 -146.429 120.697 -128.153
-771.269 449.36 44.1029 -146.426 120.698 -128.153
-772.194 449.739 44.1 -146.426 120.698 -128.153
-773.119 450.119 44.0971 -146.427 120.698 -128.154
-774.044 450.498 44.0941 -146.427 120.699 -128.156
-774.97 450.878 44.0912 -146.427 120.701 -128.158
-775.895 451.257 44.0883 -146.427 120.701 -128.158
-776.82 451.637 44.0853 -146.427 120.701 -128.16
-777.745 452.017 44.0824 -146.427 120.701 -128.16
-778.67 452.396 44.0795 -146.424 120.7 -128.159
-779.595 452.776 44.0765 -146.427 120.698 -128.16
-780.521 453.155 44.0736 -146.429 120.698 -128.161
-781.446 453.535 44.0707 -146.429 120.698 -128.161
-782.371 453.914 44.0678 -146.433 120.697 -128.162
-783.296 454.294 44.0648 -146.435 120.697 -128.166
-784.221 454.674 44.0619 -146.434 120.699 -128.167
-785.146 455.053 44.059 -146.434 120.699 -128.171
-786.072 455.433 44.056 -146.434 120.699 -128.171
-786.997 455.812 44.0531 -146.432 120.698 -128.171
-787.922 456.192 44.0502 -146.429 120.696 -128.167
-788.847 456.571 44.0472 -146.429 120.696 -128.167
-789.772 456.951 44.0443 -146.428 120.697 -128.167
-790.697 457.331 44.0414 -146.428 120.697 -128.167
-791.623 457.71 44.0384 -146.432 120.697 -128.171
-792.548 458.09 44.0355 -146.434 120.698 -128.173
-793.473 458.469 44.0326 -146.437 120.699 -128.175
-794.398 458.849 44.0296 -146.437 120.699 -128.175
-795.323 459.228 44.0267 -146.437 120.699 -128.175
-796.248 459.608 44.0238 -146.437 120.699 -128.175
-797.173 459.988 44.0208 -146.437 120.699 -128.175
-798.099 460.367 44.0179 -146.437 120.699 -128.175
-799.024 460.747 44.015 -146.437 120.699 -128.175
-799.949 461.126 44.012 -146.437 120.699 -128.175
-800.874 461.506 44.0091 -146.437 120.699 -128.175
-801.799 461.885 44.0062 -146.437 120.699 -128.175
-802.724 462.265 44.0032 -146.437 120.699 -128.175
-803.65 462.644 44.0003 -146.437 120.699 -128.175
-804.575 463.024 43.9974 -146.437 120.699 -128.175
-805.5 463.404 43.9944 -146.437 120.699 -128.175
-806.425 463.783 43.9915 -146.437 120.699 -128.175
-807.35 464.163 43.9886 -146.437 120.699 -128.175
-808.275 464.542 43.9856 -146.437 120.699 -128.175
9
-698.335 422.029 42.7152 -146.486 120.698 -128.144
-699.272 422.378 42.7163 -146.486 120.698 -128.144
-700.209 422.727 42.7173 -146.486 120.698 -128.144
-701.146 423.076 42.7184 -146.486 120.698 -128.144
-702.083 423.425 42.7195 -146.486 120.698 -128.144
-703.021 423.774 42.7206 -146.486 120.698 -128.144
-703.958 424.123 42.7216 -146.486 120.698 -128.144
-704.895 424.472 42.7227 -146.486 120.698 -128.144
-705.832 424.821 42.7238 -146.486 120.698 -128.144
-706.769 425.17 42.7248 -146.486 120.698 -128.144
-707.706 425.519 42.7259 -146.486 120.698 -128.144
-708.643 425.868 42.727 -146.486 120.698 -128.144
-709.58 426.217 42.728 -146.486 120.698 -128.144
-710.518 426.566 42.7291 -146.486 120.698 -128.144
-711.455 426.915 42.7302 -146.453 120.7 -128.142
-712.392 427.264 42.7312 -146.445 120.703 -128.149
-713.329 427.613 42.7323 -146.445 120.703 -128.149
-714.266 427.962 42.7334 -146.447 120.703 -128.151
-715.203 428.311 42.7344 -146.448 120.702 -128.151
-716.14 428.66 42.7355 -146.447 120.7 -128.147
-717.078 429.009 42.7366 -146.443 120.699 -128.144
-718.015 429.358 42.7377 -146.441 120.699 -128.141
-718.952 429.707 42.7387 -146.441 120.699 -128.141
-719.889 430.056 42.7398 -146.438 120.699 -128.138
-720.826 430.405 42.7409 -146.437 120.698 -128.138
-721.763 430.754 42.7419 -146.436 120.697 -128.137
-722.7 431.103 42.743 -146.434 120.697 -128.136
-723.637 431.452 42.7441 -146.434 120.7 -128.136
-724.575 431.801 42.7451 -146.434 120.7 -128.136
-725.512 432.15 42.7462 -146.432 120.702 -128.135
-726.449 432.498 42.7473 -146.431 120.702 -128.134
-727.386 432.847 42.7483 -146.431 120.702 -128.134
-728.323 433.196 42.7494 -146.43 120.702 -128.134
-729.26 433.545 42.7505 -146.432 120.701 -128.134
-730.197 433.894 42.7515 -146.434 120.7 -128.138
-731.135 434.243 42.7526 -146.434 120.7 -128.138
-732.072 434.592 42.7537 -146.436 120.699 -128.14
-733.009 434.941 42.7548 -146.434 120.699 -128.14
-733.946 435.29 42.7558 -146.434 120.699 -128.14
-734.883 435.639 42.7569 -146.432 120.699 -128.14
-735.82 435.988 42.758 -146.428 120.7 -128.135
-736.757 436.337 42.759 -146.429 120.699 -128.134
-737.694 436.686 42.7601 -146.428 120.7 -128.134
-738.632 437.035 42.7612 -146.428 120.7 -128.134
-739.569 437.384 42.7622 -146.427 120.7 -128.135
-740.506 437.733 42.7633 -146.429 120.699 -128.136
-741.443 438.082 42.7644 -146.427 120.699 -128.137
-742.38 438.431 42.7654 -146.427 120.699 -128.137
-743.317 438.78 42.7665 -146.425 120.698 -128.137
-744.254 439.129 42.7676 -146.426 120.698 -128.138
-745.192 439.478 42.7686 -146.426 120.698 -128.138
-746.129 439.827 42.7697 -146.428 120.696 -128.137
-747.066 440.176 42.7708 -146.43 120.696 -128.139
-748.003 440.525 42.7719 -146.432 120.696 -128.141
-748.94 440.874 42.7729 -146.432 120.696 -128.141
-749.877 441.223 42.774 -146.431 120.696 -128.139
-750.814 441.572 42.7751 -146.429 120.697 -128.14
-751.751 441.921 42.7761 -146.428 120.696 -128.139
-752.689 442.27 42.7772 -146.428 120.696 -128.139
-753.626 442.619 42.7783 -146.427 120.695 -128.14
-754.563 442.968 42.7793 -146.426 120.694 -128.14
-755.5 443.317 42.7804 -146.426 120.694 -128.143
-756.437 443.666 42.7815 -146.426 120.694 -128.143
-757.374 444.015 42.7825 -146.426 120.696 -128.149
-758.311 444.364 42.7836 -146.426 120.696 -128.149
-759.248 444.713 42.7847 -146.425 120.699 -128.147
-760.186 445.062 42.7857 -146.426 120.699 -128.149
-761.123 445.41 42.7868 -146.426 120.699 -128.148
-762.06 445.759 42.7879 -146.426 120.699 -128.148
-762.997 446.108 42.789 -146.427 120.696 -128.144
-763.934 446.457 42.79 -146.427 120.695 -128.145
-764.871 446.806 42.7911 -146.429 120.695 -128.148
-765.808 447.155 42.7922 -146.431 120.695 -128.149
-766.746 447.504 42.7932 -146.431 120.695 -128.149
-767.683 447.853 42.7943 -146.431 120.695 -128.149
-768.62 448.202 42.7954 -146.432 120.696 -128.15
-769.557 448.551 42.7964 -146.432 120.696 -128.152
-770.494 448.9 42.7975 -146.43 120.697 -128.152
-771.431 449.249 42.7986 -146.43 120.697 -128.152
-772.368 449.598 42.7996 -146.428 120.696 -128.153
-773.305 449.947 42.8007 -146.426 120.697 -128.152
-774.243 450.296 42.8018 -146.427 120.698 -128.153
-775.18 450.645 42.8029 -146.427 120.698 -128.153
-776.117 450.994 42.8039 -146.426 120.7 -128.157
-777.054 451.343 42.805 -146.426 120.701 -128.158
-777.991 451.692 42.8061 -146.426 120.701 -128.159
-778.928 452.041 42.8071 -146.424 120.7 -128.159
-779.865 452.39 42.8082 -146.424 120.7 -128.159
-780.803 452.739 42.8093 -146.426 120.699 -128.159
-781.74 453.088 42.8103 -146.428 120.698 -128.159
-782.677 453.437 42.8114 -146.431 120.696 -128.161
-783.614 453.786 42.8125 -146.435 120.696 -128.166
-784.551 454.135 42.8135 -146.435 120.696 -128.166
-785.488 454.484 42.8146 -146.435 120.698 -128.167
-786.425 454.833 42.8157 -146.434 120.699 -128.171
-787.362 455.182 42.8167 -146.433 120.699 -128.172
-788.3 455.531 42.8178 -146.433 120.699 -128.172
-789.237 455.88 42.8189 -146.43 120.697 -128.168
-790.174 456.229 42.82 -146.429 120.696 -128.166
-791.111 456.578 42.821 -146.428 120.696 -128.166
-792.048 456.927 42.8221 -146.43 120.697 -128.169
-792.985 457.276 42.8232 -146.433 120.698 -128.172
-793.922 457.625 42.8242 -146.435 120.7 -128.173
-794.86 457.974 42.8253 -146.435 120.7 -128.173
-795.797 458.323 42.8264 -146.435 120.7 -128.173
-796.734 458.671 42.8274 -146.435 120.7 -128.173
-797.671 459.02 42.8285 -146.435 120.7 -128.173
-798.608 459.369 42.8296 -146.435 120.7 -128.173
-799.545 459.718 42.8306 -146.435 120.7 -128.173
-800.482 460.067 42.8317 -146.435 120.7 -128.173
-801.419 460.416 42.8328 -146.435 120.7 -128.173
-802.357 460.765 42.8338 -146.435 120.7 -128.173
-803.294 461.114 42.8349 -146.435 120.7 -128.173
-804.231 461.463 42.836 -146.435 120.7 -128.173
-805.168 461.812 42.8371 -146.435 120.7 -128.173
-806.105 462.161 42.8381 -146.435 120.7 -128.173
