1
-609.106 483.55 -104.799 -172.648 123.447 49.643
-604.307 500.898 -104.799 -126.593 140.013 81.513
-605.271 501.165 -104.791 -126.593 140.013 81.513
-606.234 501.432 -104.783 -126.593 140.013 81.513
-607.198 501.698 -104.775 -126.755 139.993 81.371
-608.162 501.965 -104.768 -126.755 139.993 81.371
-609.126 502.231 -104.76 -126.925 139.977 81.245
-610.089 502.498 -104.752 -127.065 139.964 81.14
-611.053 502.765 -104.744 -127.203 139.949 81.036
-612.017 503.031 -104.737 -127.33 139.934 80.941
-612.981 503.298 -104.729 -127.48 139.918 80.828
-613.944 503.565 -104.721 -127.48 139.918 80.828
-614.908 503.831 -104.714 -127.639 139.903 80.708
-615.872 504.098 -104.706 -127.822 139.886 80.572
-616.836 504.364 -104.698 -127.822 139.886 80.572
-617.8 504.631 -104.69 -127.98 139.87 80.45
-618.763 504.898 -104.683 -128.116 139.857 80.35
-619.727 505.164 -104.675 -128.318 139.836 80.197
-620.691 505.431 -104.667 -128.318 139.836 80.197
-621.655 505.698 -104.659 -128.474 139.822 80.081
-622.618 505.964 -104.652 -128.474 139.822 80.081
-623.582 506.231 -104.644 -128.674 139.799 79.932
-624.546 506.497 -104.636 -128.809 139.781 79.828
-625.51 506.764 -104.629 -128.982 139.759 79.698
-626.473 507.031 -104.621 -128.982 139.759 79.698
-627.437 507.297 -104.613 -129.122 139.743 79.596
-628.401 507.564 -104.605 -129.247 139.725 79.495
-629.365 507.831 -104.598 -129.384 139.708 79.383
-630.329 508.097 -104.59 -129.384 139.708 79.383
-631.292 508.364 -104.582 -129.384 139.708 79.383
-632.256 508.63 -104.574 -129.384 139.708 79.383
-633.22 508.897 -104.567 -129.384 139.708 79.383
-634.184 509.164 -104.559 -129.384 139.708 79.383
-635.147 509.43 -104.551 -129.384 139.708 79.383
-636.111 509.697 -104.544 -129.384 139.708 79.383
-637.075 509.963 -104.536 -129.384 139.708 79.383
-638.039 510.23 -104.528 -129.384 139.708 79.383
-639.002 510.497 -104.52 -129.384 139.708 79.383
-639.966 510.763 -104.513 -129.384 139.708 79.383
-640.93 511.03 -104.505 -129.384 139.708 79.383
-641.894 511.297 -104.497 -129.384 139.708 79.383
-642.858 511.563 -104.489 -129.384 139.708 79.383
2
-612.213 476.632 -105.12 -172.648 123.447 49.643
-606.989 493.857 -105.12 -126.594 140.014 81.512
-607.946 494.147 -105.119 -126.594 140.014 81.512
-608.903 494.437 -105.118 -126.594 140.014 81.512
-609.86 494.728 -105.117 -126.594 140.014 81.512
-610.817 495.018 -105.117 -126.726 139.997 81.387
-611.774 495.308 -105.116 -126.726 139.997 81.387
-612.731 495.598 -105.115 -126.91 139.98 81.253
-613.688 495.889 -105.115 -127.042 139.966 81.154
-614.645 496.179 -105.114 -127.19 139.951 81.046
-615.602 496.469 -105.113 -127.19 139.951 81.046
-616.558 496.759 -105.113 -127.328 139.936 80.943
-617.515 497.049 -105.112 -127.466 139.922 80.838
-618.472 497.34 -105.111 -127.628 139.904 80.716
-619.429 497.63 -105.11 -127.768 139.89 80.61
-620.386 497.92 -105.11 -127.907 139.876 80.504
-621.343 498.21 -105.109 -127.907 139.876 80.504
-622.3 498.501 -105.108 -128.067 139.862 80.385
-623.257 498.791 -105.108 -128.238 139.847 80.255
-624.214 499.081 -105.107 -128.377 139.834 80.152
-625.171 499.371 -105.106 -128.377 139.834 80.152
-626.128 499.662 -105.106 -128.514 139.819 80.05
-627.085 499.952 -105.105 -128.651 139.802 79.947
-628.042 500.242 -105.104 -128.846 139.777 79.799
-628.999 500.532 -105.104 -128.846 139.777 79.799
-629.956 500.822 -105.103 -128.989 139.758 79.692
-630.913 501.113 -105.102 -129.14 139.741 79.582
-631.87 501.403 -105.101 -129.289 139.72 79.46
-632.827 501.693 -105.101 -129.289 139.72 79.46
-633.784 501.983 -105.1 -129.439 139.702 79.337
-634.741 502.274 -105.099 -129.439 139.702 79.337
-635.698 502.564 -105.099 -129.439 139.702 79.337
-636.655 502.854 -105.098 -129.439 139.702 79.337
-637.612 503.144 -105.097 -129.439 139.702 79.337
-638.568 503.435 -105.097 -129.439 139.702 79.337
-639.525 503.725 -105.096 -129.439 139.702 79.337
-640.482 504.015 -105.095 -129.439 139.702 79.337
-641.439 504.305 -105.094 -129.439 139.702 79.337
-642.396 504.595 -105.094 -129.439 139.702 79.337
-643.353 504.886 -105.093 -129.439 139.702 79.337
-644.31 505.176 -105.092 -129.439 139.702 79.337
-645.267 505.466 -105.092 -129.439 139.702 79.337
3
-613.109 481.556 -104.992 -172.648 123.447 49.643
-607.92 498.792 -104.992 -126.738 139.995 81.384
-608.877 499.08 -104.993 -126.738 139.995 81.384
-609.835 499.369 -104.993 -126.883 139.981 81.278
-610.792 499.657 -104.993 -126.883 139.981 81.278
-611.75 499.945 -104.994 -127.059 139.966 81.148
-612.707 500.234 -104.994 -127.208 139.952 81.038
-613.665 500.522 -104.994 -127.345 139.936 80.933
-614.622 500.81 -104.995 -127.483 139.921 80.828
-615.58 501.099 -104.995 -127.483 139.921 80.828
-616.537 501.387 -104.995 -127.649 139.907 80.702
-617.495 501.675 -104.996 -127.786 139.891 80.598
-618.452 501.964 -104.996 -127.914 139.879 80.502
-619.41 502.252 -104.996 -128.065 139.864 80.388
-620.368 502.54 -104.997 -128.065 139.864 80.388
-621.325 502.829 -104.997 -128.215 139.849 80.275
-622.283 503.117 -104.997 -128.341 139.836 80.179
-623.24 503.405 -104.998 -128.488 139.82 80.07
-624.198 503.694 -104.998 -128.625 139.805 79.968
-625.155 503.982 -104.998 -128.752 139.789 79.872
-626.113 504.27 -104.999 -128.752 139.789 79.872
-627.07 504.559 -104.999 -128.889 139.771 79.767
-628.028 504.847 -104.999 -129.028 139.754 79.665
-628.985 505.135 -104.999 -129.175 139.737 79.552
-629.943 505.424 -105 -129.308 139.719 79.446
-630.9 505.712 -105 -129.454 139.702 79.329
-631.858 506 -105 -129.454 139.702 79.329
-632.815 506.289 -105.001 -129.454 139.702 79.329
-633.773 506.577 -105.001 -129.454 139.702 79.329
-634.731 506.865 -105.001 -129.454 139.702 79.329
-635.688 507.153 -105.002 -129.454 139.702 79.329
-636.646 507.442 -105.002 -129.454 139.702 79.329
-637.603 507.73 -105.002 -129.454 139.702 79.329
-638.561 508.018 -105.003 -129.454 139.702 79.329
-639.518 508.307 -105.003 -129.454 139.702 79.329
-640.476 508.595 -105.003 -129.454 139.702 79.329
-641.433 508.883 -105.004 -129.454 139.702 79.329
-642.391 509.172 -105.004 -129.454 139.702 79.329
-643.348 509.46 -105.004 -129.454 139.702 79.329
-644.306 509.748 -105.005 -129.454 139.702 79.329
-645.263 510.037 -105.005 -129.454 139.702 79.329
-646.221 510.325 -105.005 -129.454 139.702 79.329
4
-613.306 483.18 -104.73 -172.648 123.447 49.643
-608.137 500.422 -104.73 -127.046 139.966 81.158
-609.095 500.709 -104.724 -127.046 139.966 81.158
-610.053 500.996 -104.718 -127.046 139.966 81.158
-611.011 501.283 -104.712 -127.046 139.966 81.158
-611.969 501.571 -104.706 -127.209 139.95 81.037
-612.926 501.858 -104.7 -127.334 139.935 80.942
-613.884 502.145 -104.695 -127.485 139.92 80.827
-614.842 502.432 -104.689 -127.485 139.92 80.827
-615.8 502.719 -104.683 -127.625 139.907 80.721
-616.758 503.006 -104.677 -127.761 139.893 80.617
-617.716 503.293 -104.671 -127.901 139.879 80.512
-618.674 503.581 -104.665 -128.04 139.866 80.406
-619.632 503.868 -104.659 -128.175 139.852 80.304
-620.589 504.155 -104.653 -128.315 139.838 80.197
-621.547 504.442 -104.647 -128.315 139.838 80.197
-622.505 504.729 -104.642 -128.463 139.823 80.086
-623.463 505.016 -104.636 -128.588 139.81 79.993
-624.421 505.303 -104.63 -128.741 139.791 79.879
-625.379 505.591 -104.624 -128.879 139.773 79.773
-626.337 505.878 -104.618 -129.006 139.757 79.678
-627.294 506.165 -104.612 -129.006 139.757 79.678
-628.252 506.452 -104.606 -129.154 139.74 79.567
-629.21 506.739 -104.6 -129.285 139.722 79.462
-630.168 507.026 -104.594 -129.414 139.707 79.358
-631.126 507.313 -104.589 -129.414 139.707 79.358
-632.084 507.601 -104.583 -129.414 139.707 79.358
-633.042 507.888 -104.577 -129.414 139.707 79.358
-634 508.175 -104.571 -129.414 139.707 79.358
-634.957 508.462 -104.565 -129.414 139.707 79.358
-635.915 508.749 -104.559 -129.414 139.707 79.358
-636.873 509.036 -104.553 -129.414 139.707 79.358
-637.831 509.323 -104.547 -129.414 139.707 79.358
-638.789 509.611 -104.541 -129.414 139.707 79.358
-639.747 509.898 -104.536 -129.414 139.707 79.358
-640.705 510.185 -104.53 -129.414 139.707 79.358
-641.663 510.472 -104.524 -129.414 139.707 79.358
-642.62 510.759 -104.518 -129.414 139.707 79.358
-643.578 511.046 -104.512 -129.414 139.707 79.358
-644.536 511.333 -104.506 -129.414 139.707 79.358
-645.494 511.621 -104.5 -129.414 139.707 79.358
-646.452 511.908 -104.494 -129.414 139.707 79.358
