1
-963.328 1008.41 146.415 -162.953 119.674 -71.683
-963.571 1007.44 146.44 -162.953 119.674 -71.683
-963.814 1006.47 146.466 -162.953 119.674 -71.683
-964.057 1005.5 146.491 -162.953 119.674 -71.683
-964.299 1004.53 146.516 -162.953 119.674 -71.683
-964.542 1003.56 146.542 -162.953 119.674 -71.683
-964.785 1002.59 146.567 -162.953 119.674 -71.683
-965.028 1001.62 146.592 -162.953 119.674 -71.683
-965.271 1000.65 146.618 -162.953 119.674 -71.683
-965.514 999.68 146.643 -162.953 119.674 -71.683
-965.757 998.711 146.668 -162.953 119.674 -71.683
-966 997.741 146.694 -162.953 119.674 -71.683
-966.243 996.771 146.719 -162.953 119.674 -71.683
-966.486 995.802 146.744 -162.946 119.675 -72.599
-966.729 994.832 146.77 -162.941 119.671 -73.487
-966.972 993.862 146.795 -162.938 119.672 -74.342
-967.215 992.892 146.821 -162.939 119.669 -75.213
-967.458 991.923 146.846 -162.934 119.668 -76.105
-967.701 990.953 146.871 -162.934 119.668 -76.105
-967.944 989.983 146.897 -162.931 119.67 -77.033
-968.187 989.014 146.922 -162.929 119.668 -78.076
-968.43 988.044 146.947 -162.931 119.666 -78.843
-968.673 987.074 146.973 -162.928 119.666 -79.935
-968.916 986.105 146.998 -162.927 119.673 -81.177
-969.159 985.135 147.023 -162.927 119.673 -81.177
-969.402 984.165 147.049 -162.936 119.667 -82.878
-969.645 983.195 147.074 -162.939 119.668 -83.707
-969.887 982.226 147.099 -162.945 119.665 -84.475
-970.13 981.256 147.125 -162.945 119.665 -84.475
-970.373 980.286 147.15 -162.945 119.665 -84.475
-970.616 979.317 147.176 -162.945 119.665 -84.475
-970.859 978.347 147.201 -162.945 119.665 -84.475
-971.102 977.377 147.226 -162.945 119.665 -84.475
-971.345 976.407 147.252 -162.945 119.665 -84.475
-971.588 975.438 147.277 -162.945 119.665 -84.475
-971.831 974.468 147.302 -162.945 119.665 -84.475
2
-960.291 1007.59 148.113 -162.96 119.677 -70.393
-960.528 1006.62 148.065 -162.96 119.677 -70.393
-960.765 1005.65 148.017 -162.96 119.677 -70.393
-961.001 1004.68 147.968 -162.96 119.677 -70.393
-961.238 1003.71 147.92 -162.96 119.677 -70.393
-961.475 1002.74 147.872 -162.96 119.677 -70.393
-961.711 1001.77 147.824 -162.96 119.677 -70.393
-961.948 1000.8 147.776 -162.96 119.677 -70.393
-962.185 999.832 147.727 -162.96 119.677 -70.393
-962.422 998.861 147.679 -162.96 119.677 -70.393
-962.658 997.891 147.631 -162.944 119.669 -72.829
-962.895 996.921 147.583 -162.944 119.669 -72.829
-963.132 995.95 147.534 -162.944 119.669 -72.829
-963.368 994.98 147.486 -162.938 119.669 -73.615
-963.605 994.01 147.438 -162.936 119.671 -74.348
-963.842 993.039 147.39 -162.937 119.667 -75.346
-964.079 992.069 147.341 -162.934 119.669 -76.388
-964.315 991.098 147.293 -162.935 119.664 -77.151
-964.552 990.128 147.245 -162.928 119.671 -77.948
-964.789 989.158 147.197 -162.928 119.667 -78.835
-965.025 988.187 147.148 -162.928 119.667 -79.577
-965.262 987.217 147.1 -162.934 119.664 -80.381
-965.499 986.247 147.052 -162.938 119.666 -81.366
-965.736 985.276 147.004 -162.939 119.664 -82.041
-965.972 984.306 146.955 -162.937 119.667 -82.807
-966.209 983.335 146.907 -162.947 119.66 -84.228
-966.446 982.365 146.859 -162.947 119.66 -84.228
-966.682 981.395 146.811 -162.947 119.66 -84.228
-966.919 980.424 146.762 -162.947 119.66 -84.228
-967.156 979.454 146.714 -162.947 119.66 -84.228
-967.393 978.483 146.666 -162.947 119.66 -84.228
-967.629 977.513 146.618 -162.947 119.66 -84.228
-967.866 976.543 146.57 -162.947 119.66 -84.228
-968.103 975.572 146.521 -162.947 119.66 -84.228
-968.339 974.602 146.473 -162.947 119.66 -84.228
-968.576 973.632 146.425 -162.947 119.66 -84.228
3
-962.701 1007.57 146.721 -162.939 119.668 -73.498
-962.965 1006.61 146.743 -162.939 119.668 -73.498
-963.229 1005.64 146.766 -162.939 119.668 -73.498
-963.493 1004.68 146.788 -162.939 119.668 -73.498
-963.757 1003.71 146.811 -162.939 119.668 -73.498
-964.021 1002.75 146.834 -162.939 119.668 -73.498
-964.285 1001.79 146.856 -162.939 119.668 -73.498
-964.549 1000.82 146.879 -162.939 119.668 -73.498
-964.813 999.857 146.901 -162.939 119.668 -73.498
-965.078 998.892 146.924 -162.939 119.668 -73.498
-965.342 997.928 146.947 -162.939 119.668 -73.498
-965.606 996.964 146.969 -162.939 119.668 -73.498
-965.87 996 146.992 -162.939 119.668 -73.498
-966.134 995.036 147.014 -162.939 119.668 -73.498
-966.398 994.071 147.037 -162.939 119.668 -73.498
-966.662 993.107 147.06 -162.937 119.671 -74.472
-966.926 992.143 147.082 -162.936 119.667 -75.477
-967.191 991.179 147.105 -162.935 119.667 -76.511
-967.455 990.214 147.127 -162.933 119.667 -77.423
-967.719 989.25 147.15 -162.928 119.668 -78.331
-967.983 988.286 147.172 -162.926 119.668 -79.091
-968.247 987.322 147.195 -162.929 119.666 -79.938
-968.511 986.357 147.218 -162.936 119.663 -80.714
-968.775 985.393 147.24 -162.938 119.668 -81.674
-969.039 984.429 147.263 -162.94 119.665 -82.392
-969.303 983.465 147.285 -162.94 119.665 -83.094
-969.568 982.501 147.308 -162.948 119.66 -84.518
-969.832 981.536 147.331 -162.948 119.66 -84.518
-970.096 980.572 147.353 -162.948 119.66 -84.518
-970.36 979.608 147.376 -162.948 119.66 -84.518
-970.624 978.644 147.398 -162.948 119.66 -84.518
-970.888 977.679 147.421 -162.948 119.66 -84.518
-971.152 976.715 147.444 -162.948 119.66 -84.518
-971.416 975.751 147.466 -162.948 119.66 -84.518
-971.681 974.787 147.489 -162.948 119.66 -84.518
-971.945 973.823 147.511 -162.948 119.66 -84.518
4
-961.39 1008.75 148.702 -162.931 119.666 -67.99
-961.633 1007.78 148.619 -162.931 119.666 -67.99
-961.877 1006.82 148.535 -162.931 119.666 -67.99
-962.12 1005.85 148.452 -162.931 119.666 -67.99
-962.364 1004.88 148.368 -162.931 119.666 -67.99
-962.607 1003.92 148.285 -162.931 119.666 -67.99
-962.851 1002.95 148.202 -162.931 119.666 -67.99
-963.094 1001.98 148.118 -162.931 119.666 -67.99
-963.338 1001.02 148.035 -162.96 119.682 -68.95
-963.581 1000.05 147.951 -162.96 119.682 -68.95
-963.825 999.085 147.868 -162.948 119.673 -71.991
-964.068 998.119 147.784 -162.948 119.673 -71.991
-964.312 997.153 147.701 -162.948 119.673 -71.991
-964.556 996.186 147.617 -162.943 119.669 -72.827
-964.799 995.22 147.534 -162.943 119.669 -72.827
-965.043 994.254 147.45 -162.938 119.669 -73.615
-965.286 993.287 147.367 -162.936 119.671 -74.469
-965.53 992.321 147.283 -162.937 119.666 -75.209
-965.773 991.355 147.2 -162.937 119.665 -76.761
-966.017 990.389 147.116 -162.931 119.671 -77.555
-966.26 989.422 147.033 -162.926 119.669 -78.455
-966.504 988.456 146.95 -162.926 119.669 -78.455
-966.747 987.49 146.866 -162.929 119.664 -79.449
-966.991 986.523 146.783 -162.934 119.664 -80.276
-967.235 985.557 146.699 -162.942 119.662 -81.852
-967.478 984.591 146.616 -162.94 119.665 -82.569
-967.722 983.625 146.532 -162.938 119.664 -83.411
-967.965 982.658 146.449 -162.945 119.664 -84.128
-968.209 981.692 146.365 -162.945 119.664 -84.128
-968.452 980.726 146.282 -162.945 119.664 -84.128
-968.696 979.759 146.198 -162.945 119.664 -84.128
-968.939 978.793 146.115 -162.945 119.664 -84.128
-969.183 977.827 146.031 -162.945 119.664 -84.128
-969.426 976.86 145.948 -162.945 119.664 -84.128
-969.67 975.894 145.865 -162.945 119.664 -84.128
-969.913 974.928 145.781 -162.945 119.664 -84.128
5
-966.058 1006.91 148.334 -162.938 119.667 -73.499
-966.276 1005.94 148.323 -162.938 119.667 -73.499
-966.494 1004.96 148.312 -162.938 119.667 -73.499
-966.713 1003.99 148.3 -162.938 119.667 -73.499
-966.931 1003.01 148.289 -162.938 119.667 -73.499
-967.15 1002.03 148.278 -162.938 119.667 -73.499
-967.368 1001.06 148.267 -162.938 119.667 -73.499
-967.587 1000.08 148.255 -162.938 119.667 -73.499
-967.805 999.107 148.244 -162.938 119.667 -73.499
-968.023 998.132 148.233 -162.938 119.667 -73.499
-968.242 997.156 148.222 -162.938 119.667 -73.499
-968.46 996.18 148.21 -162.938 119.667 -73.499
-968.679 995.204 148.199 -162.938 119.667 -73.499
-968.897 994.228 148.188 -162.938 119.667 -73.499
-969.115 993.253 148.177 -162.935 119.669 -74.47
-969.334 992.277 148.165 -162.934 119.665 -75.598
-969.552 991.301 148.154 -162.934 119.665 -75.598
-969.771 990.325 148.143 -162.935 119.667 -76.508
-969.989 989.35 148.132 -162.932 119.669 -77.551
-970.208 988.374 148.12 -162.928 119.668 -78.328
-970.426 987.398 148.109 -162.928 119.666 -79.206
-970.644 986.422 148.098 -162.93 119.668 -80.057
-970.863 985.446 148.087 -162.937 119.663 -80.927
-971.081 984.471 148.075 -162.941 119.666 -81.764
-971.3 983.495 148.064 -162.94 119.669 -82.656
-971.518 982.519 148.053 -162.944 119.664 -84.125
-971.737 981.543 148.042 -162.944 119.664 -84.125
-971.955 980.567 148.03 -162.944 119.664 -84.125
-972.173 979.592 148.019 -162.944 119.664 -84.125
-972.392 978.616 148.008 -162.944 119.664 -84.125
-972.61 977.64 147.997 -162.944 119.664 -84.125
-972.829 976.664 147.985 -162.944 119.664 -84.125
-973.047 975.688 147.974 -162.944 119.664 -84.125
-973.266 974.713 147.963 -162.944 119.664 -84.125
-973.484 973.737 147.952 -162.944 119.664 -84.125
-973.702 972.761 147.94 -162.944 119.664 -84.125
6
-960.062 1009.01 149.033 -162.961 119.677 -70.395
-960.32 1008.04 148.985 -162.961 119.677 -70.395
-960.578 1007.08 148.937 -162.961 119.677 -70.395
-960.835 1006.11 148.888 -162.961 119.677 -70.395
-961.093 1005.15 148.84 -162.961 119.677 -70.395
-961.351 1004.18 148.792 -162.961 119.677 -70.395
-961.609 1003.22 148.744 -162.961 119.677 -70.395
-961.866 1002.25 148.695 -162.961 119.677 -70.395
-962.124 1001.29 148.647 -162.961 119.677 -70.395
-962.382 1000.32 148.599 -162.961 119.677 -70.395
-962.639 999.358 148.55 -162.961 119.677 -70.395
-962.897 998.393 148.502 -162.958 119.67 -71.127
-963.155 997.428 148.454 -162.949 119.672 -71.992
-963.413 996.462 148.405 -162.943 119.669 -72.829
-963.67 995.497 148.357 -162.938 119.668 -73.616
-963.928 994.532 148.309 -162.938 119.668 -73.616
-964.186 993.567 148.26 -162.935 119.67 -74.851
-964.444 992.602 148.212 -162.935 119.664 -75.598
-964.701 991.637 148.164 -162.935 119.663 -76.631
-964.959 990.672 148.115 -162.932 119.667 -77.422
-965.217 989.707 148.067 -162.927 119.67 -78.204
-965.474 988.742 148.019 -162.926 119.668 -79.091
-965.732 987.777 147.97 -162.93 119.664 -79.812
-965.99 986.812 147.922 -162.935 119.663 -80.714
-966.248 985.847 147.874 -162.937 119.669 -81.579
-966.505 984.882 147.825 -162.94 119.665 -82.478
-966.763 983.917 147.777 -162.941 119.663 -83.348
-967.021 982.952 147.729 -162.945 119.664 -84.123
-967.279 981.987 147.68 -162.945 119.664 -84.123
-967.536 981.022 147.632 -162.945 119.664 -84.123
-967.794 980.057 147.584 -162.945 119.664 -84.123
-968.052 979.092 147.535 -162.945 119.664 -84.123
-968.309 978.127 147.487 -162.945 119.664 -84.123
-968.567 977.162 147.439 -162.945 119.664 -84.123
-968.825 976.197 147.391 -162.945 119.664 -84.123
-969.083 975.232 147.342 -162.945 119.664 -84.123
7
-958.512 1007.88 149.33 -162.929 119.665 -67.991
-958.768 1006.91 149.241 -162.929 119.665 -67.991
-959.023 1005.95 149.152 -162.929 119.665 -67.991
-959.278 1004.99 149.063 -162.929 119.665 -67.991
-959.534 1004.03 148.974 -162.929 119.665 -67.991
-959.789 1003.06 148.885 -162.929 119.665 -67.991
-960.045 1002.1 148.796 -162.959 119.679 -69.034
-960.3 1001.14 148.707 -162.968 119.678 -69.811
-960.555 1000.18 148.618 -162.968 119.678 -69.811
-960.811 999.213 148.529 -162.96 119.676 -70.629
-961.066 998.25 148.44 -162.953 119.672 -71.6
-961.322 997.287 148.351 -162.946 119.669 -72.502
-961.577 996.325 148.262 -162.946 119.669 -72.502
-961.832 995.362 148.173 -162.94 119.67 -73.28
-962.088 994.399 148.084 -162.938 119.666 -74.09
-962.343 993.436 147.995 -162.935 119.669 -74.974
-962.599 992.474 147.906 -162.934 119.665 -75.859
-962.854 991.511 147.817 -162.934 119.663 -76.631
-963.11 990.548 147.728 -162.928 119.668 -77.682
-963.365 989.585 147.639 -162.926 119.668 -78.585
-963.62 988.623 147.55 -162.928 119.665 -79.453
-963.876 987.66 147.461 -162.934 119.665 -80.607
-964.131 986.697 147.372 -162.939 119.667 -81.368
-964.387 985.735 147.283 -162.94 119.663 -82.127
-964.642 984.772 147.194 -162.938 119.666 -83.026
-964.897 983.809 147.105 -162.948 119.66 -84.442
-965.153 982.846 147.016 -162.948 119.66 -84.442
-965.408 981.884 146.927 -162.948 119.66 -84.442
-965.664 980.921 146.838 -162.948 119.66 -84.442
-965.919 979.958 146.749 -162.948 119.66 -84.442
-966.174 978.995 146.66 -162.948 119.66 -84.442
-966.43 978.033 146.571 -162.948 119.66 -84.442
-966.685 977.07 146.482 -162.948 119.66 -84.442
-966.941 976.107 146.393 -162.948 119.66 -84.442
-967.196 975.145 146.304 -162.948 119.66 -84.442
-967.452 974.182 146.215 -162.948 119.66 -84.442
8
-962.52 1006.81 149.156 -162.93 119.664 -67.991
-962.772 1005.84 149.136 -162.93 119.664 -67.991
-963.023 1004.87 149.115 -162.93 119.664 -67.991
-963.275 1003.9 149.095 -162.93 119.664 -67.991
-963.527 1002.94 149.075 -162.93 119.664 -67.991
-963.779 1001.97 149.055 -162.93 119.664 -67.991
-964.031 1001 149.034 -162.93 119.664 -67.991
-964.282 1000.03 149.014 -162.93 119.664 -67.991
-964.534 999.066 148.994 -162.944 119.668 -72.936
-964.786 998.099 148.974 -162.944 119.668 -72.936
-965.038 997.131 148.953 -162.944 119.668 -72.936
-965.29 996.164 148.933 -162.944 119.668 -72.936
-965.541 995.196 148.913 -162.936 119.671 -73.858
-965.793 994.229 148.893 -162.936 119.671 -73.858
-966.045 993.261 148.872 -162.936 119.668 -74.591
-966.297 992.293 148.852 -162.934 119.667 -75.476
-966.549 991.326 148.832 -162.932 119.669 -76.263
-966.8 990.358 148.812 -162.933 119.663 -77.151
-967.052 989.391 148.791 -162.925 119.672 -78.077
-967.304 988.423 148.771 -162.925 119.668 -79.091
-967.556 987.456 148.751 -162.928 119.669 -80.059
-967.808 986.488 148.731 -162.937 119.663 -80.931
-968.059 985.52 148.711 -162.938 119.669 -81.675
-968.311 984.553 148.69 -162.94 119.665 -82.479
-968.563 983.585 148.67 -162.941 119.663 -83.344
-968.815 982.618 148.65 -162.945 119.664 -84.123
-969.066 981.65 148.63 -162.945 119.664 -84.123
-969.318 980.683 148.609 -162.945 119.664 -84.123
-969.57 979.715 148.589 -162.945 119.664 -84.123
-969.822 978.747 148.569 -162.945 119.664 -84.123
-970.074 977.78 148.549 -162.945 119.664 -84.123
-970.325 976.812 148.528 -162.945 119.664 -84.123
-970.577 975.845 148.508 -162.945 119.664 -84.123
-970.829 974.877 148.488 -162.945 119.664 -84.123
-971.081 973.91 148.468 -162.945 119.664 -84.123
-971.333 972.942 148.447 -162.945 119.664 -84.123
9
-961.597 1009.55 145.949 -162.931 119.664 -67.989
-961.825 1008.58 145.984 -162.931 119.664 -67.989
-962.054 1007.61 146.02 -162.931 119.664 -67.989
-962.282 1006.63 146.055 -162.931 119.664 -67.989
-962.51 1005.66 146.09 -162.931 119.664 -67.989
-962.738 1004.69 146.125 -162.931 119.664 -67.989
-962.967 1003.71 146.16 -162.931 119.664 -67.989
-963.195 1002.74 146.196 -162.931 119.664 -67.989
-963.423 1001.77 146.231 -162.931 119.664 -67.989
-963.651 1000.8 146.266 -162.961 119.682 -68.998
-963.88 999.822 146.301 -162.964 119.676 -69.81
-964.108 998.849 146.336 -162.958 119.677 -70.554
-964.336 997.876 146.372 -162.958 119.677 -70.554
-964.564 996.903 146.407 -162.957 119.669 -71.301
-964.793 995.93 146.442 -162.946 119.673 -72.198
-965.021 994.957 146.477 -162.941 119.668 -73.045
-965.249 993.984 146.513 -162.938 119.665 -74.081
-965.477 993.011 146.548 -162.934 119.671 -74.974
-965.706 992.038 146.583 -162.935 119.663 -75.719
-965.934 991.065 146.618 -162.936 119.665 -76.632
-966.162 990.092 146.653 -162.929 119.67 -77.682
-966.39 989.119 146.689 -162.926 119.668 -78.709
-966.619 988.146 146.724 -162.926 119.668 -78.709
-966.847 987.174 146.759 -162.929 119.665 -79.45
-967.075 986.201 146.794 -162.939 119.668 -81.267
-967.303 985.228 146.829 -162.942 119.663 -82.036
-967.532 984.255 146.865 -162.938 119.668 -82.891
-967.76 983.282 146.9 -162.941 119.666 -83.709
-967.988 982.309 146.935 -162.948 119.658 -84.416
-968.216 981.336 146.97 -162.948 119.658 -84.416
-968.445 980.363 147.005 -162.948 119.658 -84.416
-968.673 979.39 147.041 -162.948 119.658 -84.416
-968.901 978.417 147.076 -162.948 119.658 -84.416
-969.129 977.444 147.111 -162.948 119.658 -84.416
-969.358 976.471 147.146 -162.948 119.658 -84.416
-969.586 975.498 147.181 -162.948 119.658 -84.416
10
-966.392 1009.5 149.039 -162.93 119.665 -67.987
-966.634 1008.53 148.987 -162.93 119.665 -67.987
-966.875 1007.56 148.935 -162.93 119.665 -67.987
-967.117 1006.59 148.883 -162.93 119.665 -67.987
-967.359 1005.62 148.832 -162.93 119.665 -67.987
-967.6 1004.65 148.78 -162.93 119.665 -67.987
-967.842 1003.68 148.728 -162.93 119.665 -67.987
-968.084 1002.71 148.676 -162.93 119.665 -67.987
-968.325 1001.75 148.624 -162.93 119.665 -67.987
-968.567 1000.78 148.573 -162.955 119.687 -69.017
-968.809 999.808 148.521 -162.96 119.677 -69.724
-969.051 998.839 148.469 -162.957 119.673 -70.477
-969.292 997.87 148.417 -162.956 119.662 -71.175
-969.534 996.901 148.366 -162.956 119.662 -71.175
-969.776 995.932 148.314 -162.943 119.672 -72.021
-970.017 994.963 148.262 -162.942 119.673 -73.126
-970.259 993.994 148.21 -162.946 119.663 -74.014
-970.501 993.025 148.159 -162.94 119.674 -74.769
-970.742 992.056 148.107 -162.939 119.665 -75.677
-970.984 991.087 148.055 -162.939 119.665 -75.677
-971.226 990.118 148.003 -162.944 119.653 -76.576
-971.468 989.149 147.952 -162.934 119.672 -77.409
-971.709 988.18 147.9 -162.94 119.659 -78.31
-971.951 987.211 147.848 -162.949 119.662 -79.139
-972.193 986.242 147.796 -162.945 119.675 -80.067
-972.434 985.273 147.745 -162.947 119.662 -80.751
-972.676 984.304 147.693 -162.946 119.672 -81.565
-972.918 983.335 147.641 -162.953 119.659 -83.008
-973.159 982.366 147.589 -162.947 119.667 -83.778
-973.401 981.397 147.537 -162.947 119.66 -84.449
-973.643 980.428 147.486 -162.947 119.66 -84.449
-973.885 979.459 147.434 -162.947 119.66 -84.449
-974.126 978.49 147.382 -162.947 119.66 -84.449
-974.368 977.521 147.33 -162.947 119.66 -84.449
-974.61 976.552 147.279 -162.947 119.66 -84.449
-974.851 975.583 147.227 -162.947 119.66 -84.449
11
-961.191 1006.97 148.724 -162.958 119.663 -71.108
-961.415 1006 148.671 -162.958 119.663 -71.108
-961.64 1005.02 148.619 -162.958 119.663 -71.108
-961.864 1004.05 148.566 -162.958 119.663 -71.108
-962.088 1003.08 148.514 -162.958 119.663 -71.108
-962.313 1002.11 148.462 -162.958 119.663 -71.108
-962.537 1001.13 148.409 -162.958 119.663 -71.108
-962.762 1000.16 148.357 -162.958 119.663 -71.108
-962.986 999.186 148.304 -162.958 119.663 -71.108
-963.211 998.213 148.252 -162.958 119.663 -71.108
-963.435 997.24 148.2 -162.944 119.674 -71.89
-963.66 996.267 148.147 -162.944 119.67 -72.702
-963.884 995.294 148.095 -162.944 119.668 -73.434
-964.109 994.321 148.043 -162.944 119.669 -74.212
-964.333 993.348 147.99 -162.942 119.668 -74.926
-964.558 992.375 147.938 -162.939 119.667 -75.677
-964.782 991.402 147.885 -162.945 119.655 -76.485
-965.007 990.429 147.833 -162.936 119.672 -77.315
-965.231 989.455 147.781 -162.939 119.655 -78.008
-965.456 988.482 147.728 -162.945 119.669 -78.99
-965.68 987.509 147.676 -162.946 119.667 -79.785
-965.905 986.536 147.623 -162.945 119.672 -81.565
-966.129 985.563 147.571 -162.951 119.665 -82.244
-966.354 984.59 147.519 -162.954 119.658 -83.06
-966.578 983.617 147.466 -162.945 119.668 -83.819
-966.803 982.644 147.414 -162.947 119.658 -84.483
-967.027 981.671 147.361 -162.947 119.658 -84.483
-967.251 980.698 147.309 -162.947 119.658 -84.483
-967.476 979.725 147.257 -162.947 119.658 -84.483
-967.7 978.752 147.204 -162.947 119.658 -84.483
-967.925 977.779 147.152 -162.947 119.658 -84.483
-968.149 976.806 147.1 -162.947 119.658 -84.483
-968.374 975.833 147.047 -162.947 119.658 -84.483
-968.598 974.859 146.995 -162.947 119.658 -84.483
-968.823 973.886 146.942 -162.947 119.658 -84.483
-969.047 972.913 146.89 -162.947 119.658 -84.483
12
-965.948 1009.18 147.137 -162.929 119.666 -67.991
-966.23 1008.22 147.138 -162.929 119.666 -67.991
-966.512 1007.26 147.139 -162.929 119.666 -67.991
-966.793 1006.3 147.14 -162.929 119.666 -67.991
-967.075 1005.35 147.141 -162.929 119.666 -67.991
-967.356 1004.39 147.142 -162.929 119.666 -67.991
-967.638 1003.43 147.143 -162.929 119.666 -67.991
-967.92 1002.47 147.144 -162.929 119.666 -67.991
-968.201 1001.51 147.145 -162.929 119.666 -67.991
-968.483 1000.55 147.146 -162.929 119.666 -67.991
-968.764 999.588 147.147 -162.96 119.67 -71.212
-969.046 998.628 147.148 -162.96 119.67 -71.212
-969.328 997.669 147.149 -162.96 119.67 -71.212
-969.609 996.709 147.15 -162.96 119.67 -71.212
-969.891 995.75 147.151 -162.949 119.673 -71.992
-970.172 994.79 147.152 -162.945 119.669 -72.826
-970.454 993.831 147.153 -162.935 119.671 -73.854
-970.736 992.871 147.154 -162.936 119.669 -74.714
-971.017 991.912 147.155 -162.936 119.668 -75.474
-971.299 990.952 147.156 -162.934 119.67 -76.263
-971.58 989.993 147.157 -162.937 119.665 -77.15
-971.862 989.033 147.158 -162.937 119.665 -77.15
-972.143 988.074 147.159 -162.927 119.673 -78.076
-972.425 987.114 147.16 -162.927 119.666 -79.209
-972.707 986.154 147.161 -162.929 119.67 -80.059
-972.988 985.195 147.162 -162.938 119.662 -80.925
-973.27 984.235 147.163 -162.941 119.665 -81.764
-973.551 983.276 147.164 -162.941 119.665 -82.568
-973.833 982.316 147.165 -162.939 119.662 -83.28
-974.115 981.357 147.166 -162.943 119.665 -84.047
-974.396 980.397 147.167 -162.943 119.665 -84.047
-974.678 979.438 147.168 -162.943 119.665 -84.047
-974.959 978.478 147.169 -162.943 119.665 -84.047
-975.241 977.519 147.17 -162.943 119.665 -84.047
-975.523 976.559 147.171 -162.943 119.665 -84.047
-975.804 975.6 147.172 -162.943 119.665 -84.047
13
-967.8 1008.05 148.506 -162.957 119.681 -69.014
-968.048 1007.08 148.492 -162.957 119.681 -69.014
-968.296 1006.11 148.478 -162.957 119.681 -69.014
-968.544 1005.15 148.465 -162.957 119.681 -69.014
-968.792 1004.18 148.451 -162.957 119.681 -69.014
-969.04 1003.21 148.437 -162.957 119.681 -69.014
-969.288 1002.24 148.423 -162.957 119.681 -69.014
-969.536 1001.27 148.409 -162.957 119.681 -69.014
-969.784 1000.3 148.396 -162.957 119.681 -69.014
-970.032 999.333 148.382 -162.967 119.679 -69.796
-970.28 998.365 148.368 -162.96 119.677 -70.522
-970.528 997.396 148.354 -162.958 119.668 -71.195
-970.776 996.427 148.34 -162.947 119.67 -72.155
-971.024 995.459 148.327 -162.947 119.67 -72.155
-971.272 994.49 148.313 -162.944 119.67 -73.043
-971.52 993.521 148.299 -162.944 119.667 -73.973
-971.768 992.553 148.285 -162.942 119.671 -74.905
-972.016 991.584 148.272 -162.941 119.665 -75.622
-972.264 990.615 148.258 -162.941 119.663 -76.574
-972.512 989.647 148.244 -162.941 119.663 -76.574
-972.76 988.678 148.23 -162.936 119.671 -77.571
-973.008 987.709 148.216 -162.938 119.662 -78.407
-973.256 986.741 148.203 -162.942 119.662 -79.335
-973.504 985.772 148.189 -162.944 119.666 -80.228
-973.752 984.803 148.175 -162.944 119.668 -81.145
-974 983.835 148.161 -162.945 119.663 -81.871
-974.248 982.866 148.147 -162.946 119.67 -82.758
-974.496 981.897 148.134 -162.948 119.662 -83.492
-974.744 980.929 148.12 -162.948 119.66 -84.187
-974.992 979.96 148.106 -162.948 119.66 -84.187
-975.24 978.991 148.092 -162.948 119.66 -84.187
-975.488 978.023 148.079 -162.948 119.66 -84.187
-975.736 977.054 148.065 -162.948 119.66 -84.187
-975.984 976.085 148.051 -162.948 119.66 -84.187
-976.232 975.117 148.037 -162.948 119.66 -84.187
-976.48 974.148 148.023 -162.948 119.66 -84.187
