1
-693.561 649.22 159.275 -161.359 112.418 -99.569
-693.384 648.243 159.117 -161.354 112.39 -99.467
-693.21 647.265 158.96 -161.354 112.39 -99.467
-693.038 646.286 158.802 -161.346 112.319 -99.227
-692.869 645.306 158.645 -161.346 112.319 -99.227
-692.703 644.326 158.487 -161.346 112.319 -99.227
-692.539 643.344 158.33 -161.342 112.28 -99.093
-692.378 642.362 158.173 -161.332 112.218 -98.875
-692.28 641.538 158.044 -161.332 112.218 -98.875
-692.133 640.551 157.888 -161.332 112.218 -98.875
-691.988 639.564 157.731 -161.332 112.218 -98.875
-691.847 638.578 157.575 -161.332 112.218 -98.875
-691.708 637.591 157.419 -161.31 112.069 -98.37
-691.573 636.604 157.263 -161.31 112.069 -98.37
-691.44 635.617 157.108 -161.31 112.069 -98.37
-691.311 634.63 156.953 -161.307 112.04 -98.272
-691.184 633.643 156.798 -161.302 112.007 -98.158
-691.061 632.656 156.643 -161.302 112.007 -98.158
-690.94 631.669 156.489 -161.297 111.975 -98.045
-690.822 630.682 156.335 -161.292 111.95 -97.955
-690.708 629.695 156.181 -161.286 111.929 -97.881
-690.596 628.708 156.027 -161.281 111.91 -97.807
-690.487 627.721 155.874 -161.27 111.877 -97.67
-690.381 626.734 155.721 -161.27 111.877 -97.67
-690.279 625.747 155.568 -161.27 111.867 -97.562
-690.179 624.76 155.415 -161.27 111.867 -97.562
-690.082 623.773 155.263 -161.274 111.865 -97.469
-689.988 622.786 155.111 -161.277 111.865 -97.4
-689.897 621.799 154.959 -161.279 111.868 -97.323
-689.809 620.812 154.807 -161.279 111.868 -97.323
-689.724 619.825 154.656 -161.279 111.869 -97.254
-689.643 618.838 154.505 -161.28 111.868 -97.184
-689.564 617.851 154.354 -161.281 111.866 -97.114
-689.488 616.863 154.203 -161.279 111.866 -97.03
-689.414 615.876 154.053 -161.279 111.866 -97.03
-689.344 614.889 153.903 -161.278 111.869 -96.965
-689.277 613.902 153.753 -161.28 111.87 -96.885
-689.213 612.915 153.603 -161.281 111.874 -96.799
-689.152 611.928 153.454 -161.281 111.874 -96.799
-689.094 610.941 153.305 -161.281 111.872 -96.712
-689.039 609.954 153.156 -161.282 111.872 -96.644
-688.986 608.966 153.008 -161.283 111.873 -96.575
-688.937 607.979 152.859 -161.283 111.873 -96.575
-688.891 606.992 152.711 -161.283 111.873 -96.575
-688.848 606.005 152.563 -161.283 111.873 -96.575
-688.807 605.018 152.416 -161.283 111.873 -96.575
-688.77 604.03 152.269 -161.283 111.873 -96.575
-688.736 603.043 152.121 -161.283 111.873 -96.575
-688.704 602.056 151.975 -161.28 111.876 -95.781
-688.676 601.069 151.828 -161.28 111.876 -95.781
-688.65 600.081 151.682 -161.28 111.876 -95.781
-688.628 599.094 151.536 -161.28 111.876 -95.781
-688.608 598.107 151.39 -161.28 111.876 -95.781
-688.592 597.12 151.245 -161.28 111.876 -95.781
-688.578 596.132 151.099 -161.28 111.876 -95.781
-688.567 595.145 150.954 -161.28 111.876 -95.781
-688.56 594.158 150.809 -161.281 111.876 -95.714
-688.555 593.171 150.665 -161.284 111.877 -95.637
-688.554 592.183 150.521 -161.284 111.877 -95.637
-688.555 591.196 150.377 -161.284 111.879 -95.57
-688.559 590.209 150.233 -161.284 111.879 -95.512
-688.566 589.221 150.089 -161.285 111.879 -95.433
-688.577 588.234 149.946 -161.284 111.877 -95.375
-688.59 587.246 149.803 -161.283 111.878 -95.31
-688.606 586.259 149.66 -161.281 111.877 -95.255
-688.625 585.272 149.518 -161.282 111.876 -95.176
-688.647 584.284 149.376 -161.282 111.876 -95.176
-688.672 583.297 149.234 -161.284 111.877 -95.099
-688.7 582.31 149.092 -161.284 111.877 -95.099
-688.731 581.322 148.951 -161.287 111.879 -94.94
-688.765 580.335 148.809 -161.287 111.879 -94.94
-688.802 579.347 148.668 -161.285 111.877 -94.781
-688.842 578.36 148.528 -161.285 111.877 -94.781
-688.885 577.372 148.387 -161.283 111.874 -94.712
-688.931 576.385 148.247 -161.283 111.874 -94.712
-688.98 575.398 148.107 -161.282 111.874 -94.634
-689.032 574.41 147.967 -161.28 111.873 -94.578
-689.087 573.423 147.828 -161.277 111.875 -94.511
-689.145 572.435 147.689 -161.275 111.878 -94.388
-689.205 571.448 147.55 -161.275 111.878 -94.388
-689.269 570.46 147.411 -161.273 111.877 -94.329
-689.336 569.473 147.273 -161.27 111.877 -94.272
-689.406 568.485 147.134 -161.268 111.877 -94.206
-689.478 567.497 146.997 -161.267 111.878 -94.14
-689.554 566.51 146.859 -161.267 111.878 -94.14
-689.632 565.522 146.721 -161.264 111.879 -94.074
-689.714 564.535 146.584 -161.263 111.88 -94.011
-689.799 563.547 146.447 -161.262 111.881 -93.942
-689.886 562.56 146.311 -161.263 111.88 -93.872
-689.977 561.572 146.174 -161.263 111.879 -93.804
-690.07 560.585 146.038 -161.263 111.879 -93.804
-690.167 559.597 145.902 -161.262 111.88 -93.716
-690.266 558.609 145.767 -161.261 111.88 -93.66
-690.368 557.622 145.631 -161.26 111.88 -93.589
-690.474 556.634 145.496 -161.26 111.881 -93.521
-690.582 555.646 145.361 -161.26 111.881 -93.521
-690.694 554.659 145.227 -161.259 111.88 -93.384
-690.808 553.671 145.092 -161.259 111.88 -93.384
-690.925 552.683 144.958 -161.26 111.879 -93.318
-691.045 551.696 144.824 -161.261 111.878 -93.252
-691.169 550.708 144.691 -161.262 111.879 -93.182
-691.295 549.72 144.557 -161.261 111.878 -93.1
-691.424 548.733 144.424 -161.26 111.879 -93.046
-691.556 547.745 144.291 -161.259 111.88 -92.957
-691.691 546.757 144.159 -161.259 111.88 -92.957
-691.829 545.77 144.026 -161.259 111.881 -92.895
-691.97 544.782 143.894 -161.257 111.88 -92.806
-692.114 543.794 143.762 -161.257 111.88 -92.806
-692.261 542.806 143.631 -161.257 111.879 -92.733
-692.411 541.819 143.499 -161.258 111.878 -92.598
-692.564 540.831 143.368 -161.258 111.878 -92.598
-692.72 539.843 143.238 -161.257 111.879 -92.536
-692.879 538.855 143.107 -161.257 111.879 -92.536
-693.041 537.867 142.977 -161.257 111.879 -92.536
-693.206 536.88 142.847 -161.257 111.879 -92.536
-693.374 535.892 142.717 -161.257 111.879 -92.536
-693.545 534.904 142.587 -161.257 111.879 -92.536
-693.718 533.916 142.458 -161.257 111.879 -92.536
-693.895 532.928 142.329 -161.257 111.879 -92.536
-694.075 531.941 142.2 -161.257 111.879 -92.536
-694.258 530.953 142.071 -161.257 111.879 -92.536
-694.443 529.965 141.943 -161.257 111.879 -92.536
-694.632 528.977 141.815 -161.257 111.879 -92.536
-694.823 527.989 141.687 -161.257 111.879 -92.536
-695.018 527.001 141.56 -161.257 111.879 -92.536
-695.216 526.013 141.433 -161.257 111.879 -92.536
-695.416 525.025 141.306 -161.257 111.879 -92.536
2
-693.801 648.547 159.841 -161.364 112.485 -99.801
-693.636 647.581 159.686 -161.359 112.439 -99.644
-693.475 646.614 159.531 -161.356 112.4 -99.51
-693.316 645.646 159.376 -161.356 112.4 -99.51
-693.16 644.678 159.221 -161.35 112.362 -99.378
-693.007 643.71 159.066 -161.344 112.335 -99.283
-692.857 642.741 158.912 -161.339 112.307 -99.188
-692.709 641.772 158.758 -161.336 112.279 -99.092
-692.565 640.802 158.604 -161.328 112.229 -98.922
-692.423 639.832 158.45 -161.328 112.229 -98.922
-692.284 638.862 158.297 -161.328 112.229 -98.922
-692.148 637.891 158.144 -161.316 112.127 -98.575
-692.015 636.92 157.991 -161.316 112.127 -98.575
-691.884 635.948 157.838 -161.314 112.095 -98.468
-691.757 634.976 157.686 -161.309 112.068 -98.374
-691.632 634.003 157.533 -161.303 112.042 -98.279
-691.51 633.03 157.381 -161.298 112.015 -98.187
-691.391 632.056 157.229 -161.298 112.015 -98.187
-691.275 631.083 157.078 -161.29 111.976 -98.046
-691.162 630.108 156.927 -161.285 111.954 -97.965
-691.051 629.133 156.775 -161.279 111.927 -97.869
-690.943 628.158 156.625 -161.273 111.9 -97.764
-690.839 627.183 156.474 -161.273 111.9 -97.764
-690.737 626.207 156.323 -161.271 111.875 -97.634
-690.637 625.23 156.173 -161.273 111.867 -97.55
-690.541 624.253 156.023 -161.273 111.867 -97.55
-690.447 623.276 155.873 -161.276 111.865 -97.46
-690.357 622.298 155.724 -161.275 111.866 -97.372
-690.269 621.32 155.575 -161.274 111.866 -97.287
-690.184 620.341 155.425 -161.275 111.866 -97.218
-690.102 619.362 155.277 -161.275 111.866 -97.218
-690.022 618.383 155.128 -161.274 111.867 -97.059
-689.946 617.403 154.98 -161.274 111.867 -97.059
-689.872 616.423 154.831 -161.274 111.865 -96.984
-689.801 615.442 154.683 -161.277 111.866 -96.899
-689.733 614.461 154.536 -161.278 111.869 -96.828
-689.668 613.479 154.388 -161.278 111.869 -96.828
-689.606 612.497 154.241 -161.276 111.87 -96.759
-689.546 611.515 154.094 -161.275 111.869 -96.661
-689.489 610.532 153.947 -161.275 111.869 -96.661
-689.436 609.549 153.801 -161.274 111.869 -96.586
-689.385 608.565 153.654 -161.274 111.872 -96.5
-689.336 607.581 153.508 -161.274 111.873 -96.44
-689.291 606.596 153.362 -161.274 111.873 -96.44
-689.248 605.611 153.217 -161.277 111.872 -96.273
-689.209 604.626 153.071 -161.277 111.872 -96.273
-689.172 603.64 152.926 -161.277 111.872 -96.273
-689.138 602.654 152.781 -161.277 111.872 -96.273
-689.107 601.667 152.636 -161.277 111.872 -96.273
-689.078 600.68 152.492 -161.277 111.872 -96.273
-689.053 599.692 152.347 -161.28 111.874 -95.669
-689.03 598.704 152.203 -161.28 111.874 -95.669
-689.01 597.716 152.06 -161.28 111.874 -95.669
-688.993 596.727 151.916 -161.28 111.874 -95.669
-688.979 595.738 151.773 -161.28 111.874 -95.669
-688.968 594.748 151.629 -161.28 111.874 -95.669
-688.959 593.758 151.486 -161.283 111.876 -95.574
-688.954 592.768 151.344 -161.282 111.876 -95.512
-688.951 591.777 151.201 -161.282 111.875 -95.427
-688.951 590.785 151.059 -161.282 111.875 -95.427
-688.954 589.793 150.917 -161.281 111.875 -95.356
-688.959 588.801 150.775 -161.279 111.874 -95.295
-688.968 587.808 150.634 -161.278 111.874 -95.21
-688.979 586.815 150.492 -161.278 111.875 -95.14
-688.993 585.822 150.351 -161.279 111.875 -95.071
-689.01 584.828 150.21 -161.279 111.875 -95.071
-689.03 583.833 150.07 -161.284 111.877 -94.915
-689.053 582.839 149.929 -161.284 111.877 -94.915
-689.078 581.843 149.789 -161.284 111.877 -94.915
-689.107 580.848 149.649 -161.282 111.872 -94.734
-689.138 579.852 149.509 -161.282 111.872 -94.734
-689.172 578.855 149.37 -161.282 111.872 -94.734
-689.209 577.858 149.231 -161.282 111.873 -94.595
-689.248 576.861 149.092 -161.281 111.874 -94.539
-689.291 575.863 148.953 -161.278 111.874 -94.478
-689.336 574.865 148.814 -161.278 111.876 -94.418
-689.384 573.866 148.676 -161.276 111.877 -94.333
-689.435 572.867 148.538 -161.276 111.877 -94.333
-689.489 571.868 148.4 -161.274 111.876 -94.271
-689.546 570.868 148.262 -161.271 111.875 -94.212
-689.605 569.867 148.125 -161.27 111.874 -94.152
-689.668 568.867 147.987 -161.269 111.874 -94.092
-689.733 567.865 147.85 -161.266 111.875 -93.968
-689.801 566.864 147.714 -161.265 111.876 -93.896
-689.872 565.862 147.577 -161.265 111.876 -93.896
-689.945 564.859 147.441 -161.264 111.877 -93.825
-690.022 563.856 147.305 -161.264 111.877 -93.756
-690.101 562.853 147.169 -161.263 111.876 -93.682
-690.183 561.849 147.033 -161.263 111.876 -93.682
-690.268 560.845 146.898 -161.261 111.877 -93.583
-690.356 559.84 146.763 -161.259 111.878 -93.5
-690.447 558.835 146.628 -161.258 111.878 -93.442
-690.541 557.83 146.493 -161.258 111.88 -93.365
-690.637 556.824 146.358 -161.257 111.88 -93.291
-690.736 555.818 146.224 -161.257 111.88 -93.291
-690.838 554.811 146.09 -161.255 111.878 -93.215
-690.943 553.804 145.956 -161.257 111.877 -93.119
-691.051 552.796 145.823 -161.258 111.879 -93.038
-691.161 551.788 145.689 -161.258 111.879 -93.038
-691.275 550.779 145.556 -161.256 111.879 -92.967
-691.391 549.771 145.423 -161.255 111.878 -92.894
-691.51 548.761 145.291 -161.255 111.878 -92.824
-691.632 547.752 145.158 -161.254 111.878 -92.759
-691.756 546.741 145.026 -161.253 111.878 -92.697
-691.884 545.731 144.894 -161.253 111.877 -92.623
-692.014 544.72 144.762 -161.254 111.878 -92.561
-692.147 543.708 144.631 -161.254 111.878 -92.561
-692.283 542.696 144.5 -161.254 111.878 -92.561
-692.422 541.684 144.368 -161.254 111.878 -92.561
-692.564 540.671 144.238 -161.254 111.878 -92.561
-692.709 539.658 144.107 -161.254 111.878 -92.561
-692.856 538.645 143.977 -161.254 111.878 -92.561
-693.006 537.631 143.846 -161.254 111.878 -92.561
-693.159 536.616 143.717 -161.254 111.878 -92.561
-693.315 535.601 143.587 -161.254 111.878 -92.561
-693.474 534.586 143.457 -161.254 111.878 -92.561
-693.635 533.57 143.328 -161.254 111.878 -92.561
-693.8 532.554 143.199 -161.254 111.878 -92.561
-693.967 531.538 143.07 -161.254 111.878 -92.561
-694.137 530.521 142.942 -161.254 111.878 -92.561
-694.31 529.503 142.813 -161.254 111.878 -92.561
-694.486 528.485 142.685 -161.254 111.878 -92.561
-694.664 527.467 142.557 -161.254 111.878 -92.561
-694.845 526.448 142.43 -161.254 111.878 -92.561
-695.03 525.429 142.302 -161.254 111.878 -92.561
-695.217 524.41 142.175 -161.254 111.878 -92.561
-695.407 523.39 142.048 -161.254 111.878 -92.561
3
-692.446 644.802 159.483 -161.351 112.371 -99.411
-692.295 643.832 159.327 -161.347 112.344 -99.317
-692.147 642.862 159.171 -161.34 112.311 -99.202
-692.002 641.892 159.016 -161.334 112.271 -99.066
-691.86 640.921 158.86 -161.328 112.232 -98.937
-691.72 639.95 158.705 -161.328 112.232 -98.937
-691.584 638.978 158.549 -161.321 112.2 -98.824
-691.45 638.007 158.394 -161.317 112.166 -98.71
-691.319 637.034 158.239 -161.314 112.118 -98.556
-691.192 636.062 158.083 -161.314 112.118 -98.556
-691.067 635.089 157.928 -161.311 112.086 -98.448
-690.944 634.116 157.773 -161.305 112.059 -98.353
-690.825 633.142 157.618 -161.3 112.031 -98.258
-690.709 632.168 157.463 -161.294 112 -98.149
-690.595 631.194 157.308 -161.288 111.97 -98.045
-690.485 630.219 157.154 -161.281 111.943 -97.948
-690.377 629.245 156.999 -161.275 111.921 -97.868
-690.272 628.269 156.844 -161.27 111.897 -97.777
-690.17 627.294 156.69 -161.271 111.883 -97.675
-690.071 626.318 156.535 -161.271 111.883 -97.675
-689.975 625.341 156.381 -161.274 111.872 -97.562
-689.882 624.365 156.226 -161.274 111.872 -97.562
-689.791 623.388 156.072 -161.277 111.87 -97.46
-689.704 622.41 155.918 -161.276 111.868 -97.384
-689.619 621.432 155.763 -161.275 111.866 -97.296
-689.537 620.454 155.609 -161.276 111.866 -97.226
-689.458 619.476 155.455 -161.276 111.866 -97.226
-689.382 618.497 155.301 -161.275 111.866 -97.131
-689.309 617.518 155.147 -161.274 111.867 -97.07
-689.239 616.539 154.993 -161.274 111.867 -96.995
-689.171 615.559 154.839 -161.277 111.868 -96.922
-689.107 614.579 154.686 -161.278 111.87 -96.838
-689.045 613.598 154.532 -161.278 111.87 -96.838
-688.986 612.617 154.378 -161.276 111.869 -96.707
-688.93 611.636 154.225 -161.276 111.869 -96.707
-688.877 610.654 154.071 -161.275 111.87 -96.634
-688.827 609.673 153.918 -161.275 111.871 -96.57
-688.78 608.69 153.764 -161.275 111.872 -96.497
-688.736 607.708 153.611 -161.275 111.872 -96.497
-688.694 606.725 153.458 -161.274 111.872 -96.34
-688.656 605.741 153.305 -161.274 111.872 -96.34
-688.62 604.758 153.152 -161.277 111.872 -96.246
-688.587 603.774 152.998 -161.28 111.872 -96.176
-688.557 602.789 152.845 -161.28 111.872 -96.176
-688.53 601.805 152.693 -161.28 111.872 -96.08
-688.506 600.82 152.54 -161.279 111.873 -96.021
-688.485 599.834 152.387 -161.278 111.873 -95.948
-688.466 598.849 152.234 -161.278 111.873 -95.876
-688.451 597.863 152.082 -161.277 111.875 -95.817
-688.438 596.876 151.929 -161.278 111.875 -95.735
-688.428 595.889 151.776 -161.278 111.875 -95.735
-688.421 594.902 151.624 -161.281 111.875 -95.666
-688.417 593.915 151.472 -161.283 111.877 -95.57
-688.416 592.927 151.319 -161.283 111.877 -95.495
-688.418 591.939 151.167 -161.282 111.876 -95.422
-688.422 590.95 151.015 -161.281 111.875 -95.363
-688.43 589.961 150.863 -161.281 111.875 -95.363
-688.44 588.972 150.71 -161.279 111.874 -95.278
-688.453 587.983 150.558 -161.278 111.874 -95.206
-688.47 586.993 150.407 -161.279 111.875 -95.135
-688.489 586.002 150.255 -161.279 111.875 -95.135
-688.51 585.012 150.103 -161.281 111.877 -95.065
-688.535 584.021 149.951 -161.283 111.877 -94.981
-688.563 583.03 149.799 -161.285 111.878 -94.91
-688.593 582.038 149.648 -161.285 111.876 -94.837
-688.627 581.046 149.496 -161.284 111.873 -94.763
-688.663 580.054 149.345 -161.283 111.872 -94.704
-688.702 579.061 149.193 -161.283 111.872 -94.704
-688.744 578.068 149.042 -161.284 111.872 -94.634
-688.789 577.074 148.891 -161.284 111.872 -94.565
-688.837 576.081 148.739 -161.281 111.874 -94.472
-688.888 575.087 148.588 -161.28 111.877 -94.401
-688.941 574.092 148.437 -161.28 111.877 -94.401
-688.998 573.097 148.286 -161.278 111.878 -94.34
-689.057 572.102 148.135 -161.275 111.876 -94.24
-689.119 571.107 147.984 -161.272 111.875 -94.169
-689.184 570.111 147.833 -161.272 111.875 -94.169
-689.252 569.115 147.683 -161.268 111.874 -93.997
-689.323 568.118 147.532 -161.268 111.874 -93.997
-689.397 567.121 147.381 -161.266 111.875 -93.887
-689.474 566.124 147.231 -161.266 111.875 -93.887
-689.553 565.126 147.08 -161.265 111.875 -93.817
-689.635 564.129 146.93 -161.265 111.877 -93.759
-689.721 563.13 146.779 -161.264 111.877 -93.685
-689.809 562.132 146.629 -161.264 111.877 -93.622
-689.9 561.133 146.479 -161.262 111.878 -93.563
-689.994 560.133 146.328 -161.26 111.878 -93.503
-690.091 559.134 146.178 -161.258 111.878 -93.444
-690.19 558.134 146.028 -161.257 111.878 -93.376
-690.293 557.133 145.878 -161.256 111.878 -93.292
-690.398 556.133 145.728 -161.256 111.878 -93.292
-690.506 555.132 145.578 -161.258 111.878 -93.121
-690.618 554.13 145.429 -161.258 111.878 -93.121
-690.732 553.128 145.279 -161.259 111.88 -93.039
-690.849 552.126 145.129 -161.259 111.881 -92.982
-690.968 551.124 144.98 -161.256 111.879 -92.909
-691.091 550.121 144.83 -161.256 111.879 -92.909
-691.217 549.118 144.681 -161.254 111.878 -92.836
-691.345 548.115 144.531 -161.252 111.877 -92.758
-691.477 547.111 144.382 -161.251 111.878 -92.698
-691.611 546.107 144.233 -161.252 111.877 -92.623
-691.748 545.102 144.083 -161.254 111.878 -92.56
-691.888 544.097 143.934 -161.258 111.878 -92.488
-692.031 543.092 143.785 -161.258 111.878 -92.488
-692.177 542.086 143.636 -161.258 111.878 -92.488
-692.325 541.08 143.487 -161.258 111.878 -92.488
-692.477 540.074 143.338 -161.258 111.878 -92.488
-692.631 539.067 143.189 -161.258 111.878 -92.488
-692.788 538.06 143.041 -161.258 111.878 -92.488
-692.948 537.053 142.892 -161.258 111.878 -92.488
-693.111 536.046 142.743 -161.258 111.878 -92.488
-693.277 535.037 142.595 -161.258 111.878 -92.488
-693.446 534.029 142.446 -161.258 111.878 -92.488
-693.618 533.02 142.298 -161.258 111.878 -92.488
-693.792 532.011 142.149 -161.258 111.878 -92.488
-693.97 531.002 142.001 -161.258 111.878 -92.488
-694.15 529.992 141.853 -161.258 111.878 -92.488
-694.333 528.982 141.705 -161.258 111.878 -92.488
-694.519 527.972 141.556 -161.258 111.878 -92.488
-694.708 526.961 141.408 -161.258 111.878 -92.488
-694.9 525.95 141.26 -161.258 111.878 -92.488
-695.095 524.938 141.112 -161.258 111.878 -92.488
-695.293 523.926 140.965 -161.258 111.878 -92.488
-695.493 522.914 140.817 -161.258 111.878 -92.488
-695.696 521.902 140.669 -161.258 111.878 -92.488
-695.903 520.889 140.521 -161.258 111.878 -92.488
-696.112 519.876 140.374 -161.258 111.878 -92.488
4
-692.495 649.646 159.582 -161.364 112.484 -99.793
-692.337 648.678 159.428 -161.364 112.484 -99.793
-692.183 647.71 159.274 -161.361 112.45 -99.676
-692.031 646.742 159.12 -161.357 112.41 -99.543
-691.882 645.773 158.966 -161.351 112.371 -99.412
-691.736 644.804 158.812 -161.346 112.344 -99.317
-691.594 643.834 158.658 -161.346 112.344 -99.317
-691.454 642.864 158.505 -161.34 112.311 -99.202
-691.317 641.894 158.351 -161.335 112.282 -99.106
-691.183 640.923 158.198 -161.325 112.216 -98.88
-691.052 639.952 158.045 -161.325 112.216 -98.88
-690.924 638.98 157.892 -161.321 112.188 -98.786
-690.799 638.008 157.739 -161.316 112.147 -98.651
-690.677 637.036 157.586 -161.314 112.112 -98.537
-690.557 636.063 157.434 -161.314 112.112 -98.537
-690.441 635.09 157.281 -161.306 112.064 -98.373
-690.328 634.117 157.129 -161.3 112.031 -98.258
-690.218 633.143 156.976 -161.295 112.005 -98.168
-690.11 632.168 156.824 -161.29 111.98 -98.079
-690.006 631.194 156.672 -161.284 111.956 -97.996
-689.904 630.219 156.52 -161.279 111.934 -97.917
-689.806 629.243 156.368 -161.279 111.934 -97.917
-689.71 628.267 156.217 -161.269 111.892 -97.749
-689.617 627.291 156.065 -161.271 111.882 -97.662
-689.528 626.314 155.914 -161.273 111.874 -97.577
-689.441 625.337 155.762 -161.273 111.874 -97.577
-689.357 624.36 155.611 -161.277 111.87 -97.486
-689.276 623.382 155.46 -161.276 111.869 -97.397
-689.198 622.404 155.309 -161.275 111.867 -97.309
-689.123 621.425 155.158 -161.275 111.867 -97.309
-689.051 620.446 155.008 -161.276 111.865 -97.228
-688.982 619.467 154.857 -161.276 111.865 -97.228
-688.916 618.487 154.707 -161.274 111.867 -97.082
-688.853 617.507 154.556 -161.273 111.867 -97.02
-688.793 616.526 154.406 -161.273 111.867 -97.02
-688.736 615.545 154.256 -161.275 111.867 -96.947
-688.681 614.564 154.106 -161.277 111.869 -96.874
-688.63 613.582 153.956 -161.275 111.869 -96.755
-688.582 612.6 153.806 -161.275 111.869 -96.755
-688.536 611.618 153.657 -161.275 111.869 -96.695
-688.494 610.635 153.507 -161.276 111.87 -96.598
-688.454 609.652 153.358 -161.275 111.872 -96.523
-688.418 608.668 153.209 -161.274 111.873 -96.461
-688.384 607.684 153.059 -161.274 111.873 -96.461
-688.353 606.699 152.91 -161.275 111.872 -96.377
-688.325 605.714 152.761 -161.276 111.872 -96.292
-688.301 604.729 152.613 -161.277 111.871 -96.221
-688.279 603.744 152.464 -161.28 111.872 -96.152
-688.26 602.757 152.316 -161.28 111.872 -96.152
-688.244 601.771 152.167 -161.279 111.873 -96.007
-688.231 600.784 152.019 -161.279 111.873 -96.007
-688.221 599.797 151.871 -161.279 111.873 -95.936
-688.214 598.809 151.723 -161.279 111.875 -95.841
-688.21 597.821 151.575 -161.279 111.875 -95.841
-688.209 596.833 151.427 -161.278 111.876 -95.759
-688.21 595.844 151.279 -161.279 111.875 -95.689
-688.215 594.855 151.132 -161.283 111.877 -95.606
-688.223 593.865 150.984 -161.283 111.877 -95.606
-688.233 592.876 150.837 -161.282 111.878 -95.518
-688.247 591.885 150.69 -161.282 111.878 -95.457
-688.263 590.894 150.543 -161.282 111.877 -95.387
-688.283 589.903 150.396 -161.28 111.875 -95.313
-688.305 588.912 150.249 -161.28 111.875 -95.313
-688.331 587.92 150.102 -161.28 111.876 -95.254
-688.359 586.928 149.956 -161.279 111.875 -95.157
-688.39 585.935 149.809 -161.28 111.876 -95.076
-688.424 584.942 149.663 -161.28 111.876 -95.076
-688.461 583.948 149.517 -161.283 111.877 -95.005
-688.502 582.954 149.371 -161.284 111.877 -94.933
-688.545 581.96 149.225 -161.285 111.876 -94.861
-688.591 580.966 149.079 -161.284 111.874 -94.8
-688.64 579.97 148.933 -161.284 111.872 -94.728
-688.692 578.975 148.788 -161.283 111.872 -94.67
-688.746 577.979 148.642 -161.284 111.873 -94.578
-688.804 576.983 148.497 -161.284 111.873 -94.578
-688.865 575.986 148.351 -161.282 111.874 -94.521
-688.929 574.989 148.206 -161.28 111.874 -94.461
-688.995 573.992 148.061 -161.279 111.876 -94.387
-689.065 572.994 147.917 -161.277 111.877 -94.327
-689.138 571.996 147.772 -161.276 111.876 -94.265
-689.213 570.997 147.627 -161.273 111.875 -94.204
-689.291 569.999 147.483 -161.271 111.874 -94.145
-689.373 568.999 147.338 -161.27 111.874 -94.073
-689.457 567.999 147.194 -161.268 111.874 -93.996
-689.545 566.999 147.05 -161.266 111.874 -93.923
-689.635 565.999 146.906 -161.266 111.874 -93.851
-689.728 564.998 146.762 -161.266 111.874 -93.851
-689.824 563.997 146.618 -161.264 111.875 -93.793
-689.923 562.995 146.475 -161.263 111.875 -93.709
-690.025 561.993 146.331 -161.263 111.876 -93.647
-690.13 560.99 146.188 -161.262 111.877 -93.574
-690.238 559.987 146.044 -161.26 111.878 -93.502
-690.349 558.984 145.901 -161.258 111.878 -93.431
-690.463 557.981 145.758 -161.258 111.878 -93.431
-690.58 556.976 145.615 -161.257 111.879 -93.329
-690.7 555.972 145.472 -161.255 111.878 -93.253
-690.822 554.967 145.33 -161.255 111.877 -93.191
-690.948 553.962 145.187 -161.258 111.878 -93.109
-691.077 552.956 145.045 -161.258 111.88 -93.039
-691.208 551.95 144.902 -161.258 111.88 -93.039
-691.343 550.944 144.76 -161.257 111.881 -92.969
-691.48 549.937 144.618 -161.255 111.88 -92.884
-691.621 548.93 144.476 -161.255 111.879 -92.803
-691.764 547.922 144.334 -161.253 111.879 -92.719
-691.91 546.915 144.193 -161.253 111.879 -92.719
-692.06 545.906 144.051 -161.252 111.878 -92.649
-692.212 544.897 143.91 -161.254 111.879 -92.581
-692.367 543.888 143.768 -161.257 111.879 -92.513
-692.525 542.879 143.627 -161.257 111.879 -92.513
-692.686 541.869 143.486 -161.257 111.879 -92.513
-692.85 540.859 143.345 -161.257 111.879 -92.513
-693.017 539.848 143.204 -161.257 111.879 -92.513
-693.187 538.837 143.063 -161.257 111.879 -92.513
-693.36 537.825 142.923 -161.257 111.879 -92.513
-693.536 536.813 142.782 -161.257 111.879 -92.513
-693.715 535.801 142.642 -161.257 111.879 -92.513
-693.896 534.788 142.502 -161.257 111.879 -92.513
-694.081 533.775 142.362 -161.257 111.879 -92.513
-694.269 532.762 142.222 -161.257 111.879 -92.513
-694.459 531.748 142.082 -161.257 111.879 -92.513
-694.653 530.734 141.942 -161.257 111.879 -92.513
-694.849 529.719 141.802 -161.257 111.879 -92.513
-695.049 528.704 141.663 -161.257 111.879 -92.513
-695.251 527.689 141.523 -161.257 111.879 -92.513
-695.456 526.673 141.384 -161.257 111.879 -92.513
-695.665 525.657 141.245 -161.257 111.879 -92.513
-695.876 524.64 141.106 -161.257 111.879 -92.513
5
-692.213 646.862 159.393 -161.359 112.432 -99.614
-692.056 645.895 159.236 -161.356 112.399 -99.504
-691.902 644.927 159.08 -161.349 112.36 -99.371
-691.751 643.958 158.924 -161.342 112.322 -99.239
-691.603 642.99 158.768 -161.337 112.294 -99.143
-691.458 642.021 158.611 -161.333 112.26 -99.027
-691.315 641.051 158.455 -161.333 112.26 -99.027
-691.176 640.081 158.3 -161.327 112.221 -98.896
-691.039 639.111 158.144 -161.323 112.194 -98.804
-690.905 638.14 157.988 -161.319 112.165 -98.707
-690.774 637.169 157.833 -161.315 112.119 -98.556
-690.646 636.198 157.677 -161.309 112.081 -98.429
-690.521 635.226 157.522 -161.309 112.081 -98.429
-690.398 634.254 157.366 -161.302 112.048 -98.312
-690.279 633.281 157.211 -161.297 112.021 -98.219
-690.162 632.308 157.056 -161.289 111.981 -98.08
-690.049 631.334 156.901 -161.283 111.952 -97.981
-689.938 630.36 156.746 -161.277 111.926 -97.885
-689.83 629.386 156.592 -161.277 111.926 -97.885
-689.725 628.411 156.437 -161.27 111.891 -97.75
-689.622 627.436 156.282 -161.27 111.891 -97.75
-689.523 626.461 156.128 -161.272 111.876 -97.62
-689.426 625.485 155.973 -161.274 111.868 -97.523
-689.333 624.509 155.819 -161.274 111.868 -97.523
-689.242 623.532 155.665 -161.276 111.868 -97.436
-689.154 622.555 155.511 -161.274 111.867 -97.359
-689.069 621.577 155.357 -161.274 111.867 -97.278
-688.987 620.599 155.203 -161.276 111.867 -97.197
-688.908 619.621 155.049 -161.276 111.867 -97.197
-688.831 618.642 154.896 -161.276 111.867 -97.122
-688.757 617.663 154.742 -161.275 111.867 -97.044
-688.687 616.684 154.589 -161.276 111.867 -96.982
-688.619 615.704 154.435 -161.278 111.867 -96.909
-688.554 614.723 154.282 -161.278 111.869 -96.837
-688.492 613.743 154.129 -161.275 111.869 -96.765
-688.433 612.762 153.976 -161.275 111.869 -96.765
-688.376 611.78 153.823 -161.274 111.869 -96.694
-688.323 610.798 153.67 -161.275 111.869 -96.609
-688.272 609.816 153.517 -161.276 111.872 -96.522
-688.224 608.833 153.365 -161.276 111.872 -96.462
-688.179 607.85 153.212 -161.276 111.872 -96.401
-688.137 606.866 153.06 -161.277 111.872 -96.328
-688.098 605.882 152.908 -161.277 111.872 -96.328
-688.062 604.898 152.755 -161.279 111.87 -96.173
-688.028 603.913 152.603 -161.279 111.87 -96.173
-687.998 602.928 152.451 -161.278 111.871 -96.114
-687.97 601.943 152.299 -161.277 111.872 -96.054
-687.945 600.957 152.147 -161.277 111.872 -96.054
-687.923 599.97 151.996 -161.28 111.874 -95.875
-687.904 598.984 151.844 -161.28 111.874 -95.875
-687.888 597.997 151.693 -161.28 111.875 -95.805
-687.875 597.009 151.541 -161.279 111.875 -95.735
-687.864 596.021 151.39 -161.279 111.875 -95.735
-687.856 595.033 151.239 -161.282 111.874 -95.652
-687.852 594.044 151.087 -161.282 111.877 -95.569
-687.85 593.055 150.936 -161.281 111.877 -95.504
-687.851 592.065 150.786 -161.281 111.876 -95.433
-687.855 591.075 150.635 -161.281 111.876 -95.433
-687.861 590.085 150.484 -161.28 111.876 -95.35
-687.871 589.094 150.333 -161.28 111.875 -95.217
-687.883 588.103 150.183 -161.28 111.875 -95.217
-687.899 587.112 150.033 -161.281 111.877 -95.137
-687.917 586.12 149.882 -161.282 111.877 -95.066
-687.938 585.127 149.732 -161.284 111.877 -94.993
-687.962 584.134 149.582 -161.284 111.877 -94.993
-687.989 583.141 149.432 -161.285 111.877 -94.922
-688.018 582.148 149.282 -161.285 111.876 -94.85
-688.051 581.154 149.132 -161.285 111.873 -94.765
-688.086 580.159 148.983 -161.284 111.872 -94.683
-688.124 579.165 148.833 -161.284 111.872 -94.683
-688.166 578.17 148.684 -161.285 111.873 -94.613
-688.21 577.174 148.534 -161.284 111.875 -94.546
-688.256 576.178 148.385 -161.282 111.875 -94.486
-688.306 575.182 148.236 -161.281 111.877 -94.425
-688.359 574.185 148.087 -161.277 111.876 -94.302
-688.414 573.188 147.938 -161.277 111.876 -94.302
-688.472 572.19 147.789 -161.274 111.875 -94.241
-688.534 571.192 147.64 -161.271 111.875 -94.145
-688.598 570.194 147.491 -161.27 111.875 -94.085
-688.665 569.195 147.343 -161.269 111.875 -94.009
-688.734 568.196 147.194 -161.269 111.875 -94.009
-688.807 567.196 147.046 -161.267 111.875 -93.936
-688.883 566.196 146.898 -161.266 111.875 -93.864
-688.961 565.196 146.749 -161.264 111.875 -93.793
-689.042 564.195 146.601 -161.263 111.876 -93.733
-689.127 563.194 146.453 -161.262 111.875 -93.669
-689.214 562.192 146.306 -161.26 111.876 -93.608
-689.303 561.19 146.158 -161.258 111.878 -93.523
-689.396 560.188 146.01 -161.256 111.878 -93.454
-689.492 559.185 145.863 -161.256 111.878 -93.454
-689.59 558.182 145.715 -161.255 111.88 -93.378
-689.692 557.178 145.568 -161.255 111.88 -93.319
-689.796 556.174 145.421 -161.254 111.879 -93.24
-689.903 555.17 145.273 -161.254 111.877 -93.177
-690.013 554.165 145.126 -161.255 111.878 -93.107
-690.126 553.16 144.979 -161.255 111.879 -93.05
-690.241 552.155 144.833 -161.254 111.881 -92.992
-690.36 551.149 144.686 -161.252 111.88 -92.897
-690.481 550.142 144.539 -161.252 111.88 -92.897
-690.606 549.135 144.393 -161.252 111.879 -92.814
-690.733 548.128 144.246 -161.251 111.88 -92.74
-690.863 547.121 144.1 -161.252 111.879 -92.669
-690.996 546.113 143.954 -161.254 111.88 -92.598
-691.131 545.104 143.808 -161.254 111.879 -92.53
-691.27 544.095 143.661 -161.254 111.879 -92.53
-691.412 543.086 143.516 -161.254 111.879 -92.53
-691.556 542.077 143.37 -161.254 111.879 -92.53
-691.703 541.067 143.224 -161.254 111.879 -92.53
-691.853 540.056 143.078 -161.254 111.879 -92.53
-692.006 539.045 142.933 -161.254 111.879 -92.53
-692.162 538.034 142.787 -161.254 111.879 -92.53
-692.321 537.022 142.642 -161.254 111.879 -92.53
-692.482 536.01 142.497 -161.254 111.879 -92.53
-692.647 534.998 142.352 -161.254 111.879 -92.53
-692.814 533.985 142.207 -161.254 111.879 -92.53
-692.984 532.972 142.062 -161.254 111.879 -92.53
-693.157 531.958 141.917 -161.254 111.879 -92.53
-693.333 530.944 141.772 -161.254 111.879 -92.53
-693.512 529.93 141.628 -161.254 111.879 -92.53
-693.694 528.915 141.483 -161.254 111.879 -92.53
-693.878 527.9 141.339 -161.254 111.879 -92.53
-694.066 526.884 141.195 -161.254 111.879 -92.53
-694.256 525.868 141.05 -161.254 111.879 -92.53
-694.449 524.852 140.906 -161.254 111.879 -92.53
-694.645 523.835 140.762 -161.254 111.879 -92.53
-694.844 522.818 140.618 -161.254 111.879 -92.53
-695.045 521.8 140.475 -161.254 111.879 -92.53
6
-695.954 650.288 160.464 -161.374 112.551 -100.022
-695.793 649.319 160.31 -161.369 112.518 -99.908
-695.635 648.35 160.156 -161.364 112.479 -99.773
-695.48 647.381 160.003 -161.364 112.479 -99.773
-695.328 646.411 159.85 -161.36 112.443 -99.653
-695.178 645.441 159.696 -161.356 112.409 -99.539
-695.032 644.47 159.543 -161.352 112.376 -99.426
-694.889 643.499 159.389 -161.347 112.349 -99.332
-694.748 642.528 159.236 -161.342 112.322 -99.238
-694.611 641.556 159.083 -161.336 112.288 -99.121
-694.476 640.584 158.93 -161.332 112.253 -99.007
-694.344 639.612 158.776 -161.327 112.215 -98.877
-694.215 638.639 158.623 -161.327 112.215 -98.877
-694.089 637.666 158.47 -161.322 112.187 -98.783
-693.966 636.693 158.317 -161.317 112.152 -98.667
-693.846 635.719 158.164 -161.313 112.102 -98.499
-693.728 634.745 158.011 -161.313 112.102 -98.499
-693.614 633.77 157.858 -161.306 112.064 -98.37
-693.502 632.796 157.705 -161.298 112.027 -98.241
-693.394 631.821 157.552 -161.298 112.027 -98.241
-693.288 630.845 157.4 -161.291 111.99 -98.114
-693.185 629.869 157.247 -161.286 111.965 -98.03
-693.085 628.893 157.094 -161.281 111.944 -97.95
-692.988 627.917 156.941 -161.281 111.944 -97.95
-692.894 626.94 156.789 -161.269 111.889 -97.738
-692.802 625.963 156.636 -161.269 111.889 -97.738
-692.714 624.985 156.483 -161.272 111.878 -97.623
-692.629 624.007 156.331 -161.274 111.872 -97.54
-692.546 623.029 156.178 -161.277 111.869 -97.452
-692.466 622.05 156.026 -161.277 111.869 -97.452
-692.389 621.071 155.874 -161.275 111.867 -97.348
-692.316 620.092 155.721 -161.274 111.866 -97.276
-692.245 619.113 155.569 -161.276 111.867 -97.208
-692.176 618.133 155.417 -161.276 111.867 -97.208
-692.111 617.152 155.264 -161.276 111.867 -97.111
-692.049 616.172 155.112 -161.275 111.867 -97.021
-691.989 615.191 154.96 -161.275 111.867 -97.021
-691.933 614.209 154.808 -161.277 111.869 -96.827
-691.879 613.227 154.656 -161.277 111.869 -96.827
-691.829 612.245 154.504 -161.276 111.869 -96.767
-691.781 611.263 154.352 -161.275 111.868 -96.707
-691.736 610.28 154.2 -161.276 111.869 -96.621
-691.694 609.297 154.048 -161.276 111.869 -96.621
-691.655 608.314 153.896 -161.277 111.87 -96.533
-691.618 607.33 153.744 -161.276 111.871 -96.399
-691.585 606.346 153.592 -161.276 111.871 -96.399
-691.555 605.361 153.44 -161.276 111.87 -96.314
-691.527 604.376 153.289 -161.278 111.87 -96.243
-691.502 603.391 153.137 -161.278 111.87 -96.243
-691.481 602.406 152.985 -161.28 111.871 -96.149
-691.462 601.42 152.834 -161.28 111.871 -96.149
-691.446 600.434 152.682 -161.279 111.872 -96.065
-691.433 599.447 152.531 -161.279 111.872 -95.992
-691.423 598.46 152.379 -161.28 111.873 -95.92
-691.415 597.473 152.228 -161.28 111.874 -95.815
-691.411 596.485 152.076 -161.28 111.874 -95.815
-691.409 595.497 151.925 -161.279 111.874 -95.744
-691.411 594.509 151.774 -161.281 111.874 -95.663
-691.415 593.52 151.622 -161.283 111.876 -95.591
-691.422 592.531 151.471 -161.283 111.877 -95.529
-691.432 591.542 151.32 -161.282 111.877 -95.456
-691.445 590.552 151.169 -161.282 111.877 -95.456
-691.461 589.562 151.018 -161.282 111.877 -95.398
-691.48 588.572 150.867 -161.282 111.876 -95.314
-691.502 587.581 150.716 -161.281 111.876 -95.231
-691.526 586.59 150.565 -161.281 111.876 -95.16
-691.554 585.599 150.414 -161.281 111.876 -95.16
-691.584 584.607 150.263 -161.282 111.877 -95.079
-691.618 583.615 150.112 -161.283 111.878 -95.007
-691.654 582.622 149.961 -161.285 111.878 -94.924
-691.693 581.63 149.81 -161.286 111.877 -94.84
-691.735 580.636 149.66 -161.286 111.877 -94.84
-691.78 579.643 149.509 -161.285 111.875 -94.78
-691.827 578.649 149.358 -161.285 111.874 -94.72
-691.878 577.655 149.207 -161.285 111.873 -94.626
-691.932 576.66 149.057 -161.285 111.873 -94.626
-691.988 575.665 148.906 -161.284 111.874 -94.559
-692.047 574.67 148.756 -161.282 111.874 -94.499
-692.11 573.675 148.605 -161.28 111.875 -94.439
-692.175 572.679 148.455 -161.279 111.876 -94.365
-692.243 571.682 148.305 -161.276 111.876 -94.277
-692.314 570.686 148.154 -161.274 111.875 -94.205
-692.388 569.689 148.004 -161.272 111.874 -94.145
-692.464 568.691 147.854 -161.272 111.874 -94.145
-692.544 567.694 147.703 -161.27 111.874 -94.046
-692.627 566.696 147.553 -161.268 111.873 -93.97
-692.712 565.697 147.403 -161.266 111.873 -93.897
-692.8 564.699 147.253 -161.265 111.873 -93.824
-692.892 563.7 147.103 -161.264 111.874 -93.766
-692.986 562.7 146.953 -161.264 111.874 -93.766
-693.083 561.7 146.803 -161.263 111.874 -93.694
-693.183 560.7 146.653 -161.262 111.875 -93.618
-693.285 559.7 146.503 -161.26 111.876 -93.535
-693.391 558.699 146.353 -161.258 111.878 -93.464
-693.5 557.698 146.203 -161.257 111.878 -93.408
-693.611 556.696 146.054 -161.257 111.878 -93.408
-693.726 555.695 145.904 -161.256 111.878 -93.316
-693.843 554.692 145.754 -161.254 111.877 -93.251
-693.963 553.69 145.604 -161.254 111.876 -93.176
-694.086 552.687 145.455 -161.256 111.877 -93.096
-694.212 551.684 145.305 -161.256 111.88 -93.027
-694.341 550.68 145.156 -161.255 111.881 -92.97
-694.473 549.676 145.006 -161.255 111.881 -92.97
-694.607 548.672 144.857 -161.254 111.881 -92.898
-694.745 547.667 144.707 -161.253 111.88 -92.804
-694.885 546.662 144.558 -161.252 111.88 -92.731
-695.029 545.657 144.409 -161.251 111.879 -92.662
-695.175 544.651 144.259 -161.252 111.881 -92.592
-695.324 543.645 144.11 -161.252 111.881 -92.592
-695.476 542.639 143.961 -161.252 111.881 -92.592
-695.631 541.632 143.812 -161.252 111.881 -92.592
-695.789 540.625 143.663 -161.252 111.881 -92.592
-695.95 539.618 143.514 -161.252 111.881 -92.592
-696.113 538.61 143.364 -161.252 111.881 -92.592
-696.28 537.602 143.215 -161.252 111.881 -92.592
-696.449 536.594 143.066 -161.252 111.881 -92.592
-696.622 535.585 142.918 -161.252 111.881 -92.592
-696.797 534.576 142.769 -161.252 111.881 -92.592
-696.975 533.566 142.62 -161.252 111.881 -92.592
-697.156 532.556 142.471 -161.252 111.881 -92.592
-697.34 531.546 142.322 -161.252 111.881 -92.592
-697.527 530.536 142.174 -161.252 111.881 -92.592
-697.717 529.525 142.025 -161.252 111.881 -92.592
-697.909 528.514 141.876 -161.252 111.881 -92.592
-698.105 527.502 141.728 -161.252 111.881 -92.592
-698.303 526.49 141.579 -161.252 111.881 -92.592
-698.504 525.478 141.43 -161.252 111.881 -92.592
7
-692.602 646.398 159.8 -161.354 112.387 -99.467
-692.44 645.43 159.644 -161.354 112.387 -99.467
-692.281 644.462 159.488 -161.349 112.36 -99.373
-692.125 643.494 159.333 -161.343 112.333 -99.278
-691.972 642.525 159.177 -161.337 112.3 -99.164
-691.822 641.556 159.022 -161.334 112.265 -99.048
-691.675 640.586 158.867 -161.328 112.226 -98.917
-691.53 639.616 158.712 -161.322 112.194 -98.805
-691.389 638.646 158.556 -161.322 112.194 -98.805
-691.25 637.675 158.401 -161.317 112.153 -98.67
-691.114 636.704 158.246 -161.313 112.113 -98.536
-690.981 635.733 158.092 -161.308 112.076 -98.408
-690.851 634.761 157.937 -161.308 112.076 -98.408
-690.724 633.789 157.782 -161.302 112.048 -98.314
-690.6 632.816 157.628 -161.295 112.01 -98.185
-690.479 631.843 157.473 -161.295 112.01 -98.185
-690.36 630.87 157.319 -161.283 111.952 -97.98
-690.245 629.896 157.165 -161.276 111.921 -97.869
-690.132 628.922 157.01 -161.276 111.921 -97.869
-690.022 627.947 156.856 -161.27 111.895 -97.764
-689.915 626.972 156.702 -161.271 111.883 -97.676
-689.811 625.997 156.548 -161.273 111.874 -97.576
-689.71 625.021 156.394 -161.276 111.871 -97.473
-689.612 624.045 156.241 -161.276 111.871 -97.473
-689.517 623.069 156.087 -161.276 111.869 -97.397
-689.424 622.092 155.933 -161.276 111.869 -97.397
-689.335 621.115 155.78 -161.276 111.866 -97.216
-689.248 620.137 155.627 -161.276 111.866 -97.216
-689.164 619.159 155.473 -161.277 111.866 -97.145
-689.083 618.181 155.32 -161.277 111.866 -97.145
-689.005 617.202 155.167 -161.275 111.867 -96.995
-688.93 616.223 155.014 -161.275 111.867 -96.995
-688.858 615.243 154.861 -161.277 111.868 -96.897
-688.788 614.263 154.708 -161.277 111.869 -96.837
-688.722 613.283 154.555 -161.275 111.869 -96.778
-688.658 612.302 154.403 -161.274 111.868 -96.719
-688.598 611.321 154.25 -161.275 111.87 -96.648
-688.54 610.34 154.097 -161.276 111.872 -96.547
-688.485 609.358 153.945 -161.276 111.872 -96.547
-688.433 608.376 153.793 -161.276 111.872 -96.448
-688.384 607.393 153.64 -161.275 111.873 -96.377
-688.338 606.41 153.488 -161.275 111.872 -96.317
-688.294 605.427 153.336 -161.275 111.872 -96.317
-688.254 604.443 153.184 -161.277 111.871 -96.221
-688.216 603.459 153.032 -161.279 111.872 -96.152
-688.181 602.474 152.881 -161.279 111.873 -96.093
-688.15 601.489 152.729 -161.278 111.874 -96.007
-688.121 600.504 152.577 -161.28 111.874 -95.936
-688.095 599.518 152.426 -161.28 111.874 -95.936
-688.072 598.532 152.274 -161.28 111.875 -95.841
-688.051 597.546 152.123 -161.279 111.875 -95.77
-688.034 596.559 151.972 -161.281 111.875 -95.677
-688.019 595.572 151.82 -161.281 111.875 -95.677
-688.008 594.584 151.669 -161.282 111.876 -95.605
-687.999 593.596 151.518 -161.282 111.878 -95.53
-687.993 592.607 151.367 -161.281 111.877 -95.469
-687.99 591.619 151.217 -161.282 111.877 -95.387
-687.99 590.63 151.066 -161.281 111.876 -95.326
-687.993 589.64 150.915 -161.281 111.876 -95.254
-687.999 588.65 150.765 -161.281 111.876 -95.254
-688.008 587.66 150.614 -161.279 111.876 -95.17
-688.019 586.669 150.464 -161.281 111.876 -95.101
-688.033 585.678 150.314 -161.281 111.876 -95.101
-688.051 584.686 150.163 -161.282 111.877 -95.016
-688.071 583.695 150.013 -161.284 111.877 -94.933
-688.094 582.702 149.863 -161.285 111.875 -94.836
-688.12 581.71 149.713 -161.285 111.875 -94.836
-688.149 580.717 149.563 -161.284 111.873 -94.775
-688.181 579.723 149.414 -161.284 111.872 -94.717
-688.215 578.729 149.264 -161.284 111.872 -94.646
-688.253 577.735 149.114 -161.284 111.873 -94.566
-688.293 576.741 148.965 -161.282 111.874 -94.497
-688.336 575.746 148.816 -161.28 111.874 -94.436
-688.382 574.75 148.666 -161.28 111.874 -94.436
-688.432 573.755 148.517 -161.278 111.875 -94.35
-688.483 572.759 148.368 -161.276 111.875 -94.276
-688.538 571.762 148.219 -161.273 111.874 -94.216
-688.596 570.765 148.07 -161.271 111.873 -94.157
-688.657 569.768 147.921 -161.27 111.874 -94.097
-688.72 568.77 147.772 -161.269 111.874 -94.021
-688.787 567.772 147.624 -161.267 111.874 -93.948
-688.856 566.774 147.475 -161.266 111.875 -93.887
-688.928 565.775 147.327 -161.265 111.874 -93.827
-689.003 564.776 147.178 -161.263 111.875 -93.758
-689.081 563.776 147.03 -161.262 111.875 -93.696
-689.162 562.776 146.882 -161.262 111.876 -93.621
-689.245 561.776 146.733 -161.261 111.877 -93.562
-689.332 560.775 146.585 -161.258 111.878 -93.502
-689.422 559.774 146.437 -161.258 111.878 -93.502
-689.514 558.773 146.289 -161.257 111.879 -93.433
-689.609 557.771 146.142 -161.258 111.88 -93.354
-689.707 556.768 145.994 -161.257 111.879 -93.28
-689.808 555.766 145.846 -161.255 111.878 -93.216
-689.912 554.763 145.699 -161.255 111.877 -93.132
-690.019 553.759 145.551 -161.255 111.877 -93.132
-690.129 552.756 145.404 -161.256 111.879 -93.049
-690.241 551.751 145.257 -161.256 111.881 -92.981
-690.357 550.747 145.11 -161.255 111.881 -92.908
-690.475 549.742 144.963 -161.254 111.88 -92.814
-690.596 548.736 144.816 -161.254 111.88 -92.814
-690.721 547.731 144.669 -161.253 111.88 -92.74
-690.848 546.725 144.522 -161.253 111.879 -92.678
-690.978 545.718 144.375 -161.253 111.878 -92.616
-691.11 544.711 144.229 -161.253 111.879 -92.549
-691.246 543.704 144.082 -161.256 111.879 -92.484
-691.385 542.696 143.936 -161.256 111.879 -92.484
-691.526 541.688 143.789 -161.256 111.879 -92.484
-691.67 540.68 143.643 -161.256 111.879 -92.484
-691.818 539.671 143.497 -161.256 111.879 -92.484
-691.968 538.662 143.351 -161.256 111.879 -92.484
-692.121 537.652 143.205 -161.256 111.879 -92.484
-692.277 536.642 143.059 -161.256 111.879 -92.484
-692.436 535.632 142.913 -161.256 111.879 -92.484
-692.597 534.621 142.767 -161.256 111.879 -92.484
-692.762 533.61 142.621 -161.256 111.879 -92.484
-692.929 532.598 142.476 -161.256 111.879 -92.484
-693.1 531.587 142.33 -161.256 111.879 -92.484
-693.273 530.574 142.185 -161.256 111.879 -92.484
-693.449 529.562 142.04 -161.256 111.879 -92.484
-693.628 528.548 141.894 -161.256 111.879 -92.484
-693.81 527.535 141.749 -161.256 111.879 -92.484
-693.995 526.521 141.604 -161.256 111.879 -92.484
-694.182 525.507 141.459 -161.256 111.879 -92.484
-694.373 524.492 141.315 -161.256 111.879 -92.484
-694.566 523.477 141.17 -161.256 111.879 -92.484
-694.763 522.462 141.025 -161.256 111.879 -92.484
-694.962 521.446 140.881 -161.256 111.879 -92.484
8
-693.269 644.19 159.835 -161.35 112.366 -99.391
-693.115 643.221 159.681 -161.344 112.339 -99.297
-692.963 642.251 159.528 -161.334 112.276 -99.083
-692.815 641.281 159.374 -161.334 112.276 -99.083
-692.669 640.311 159.221 -161.33 112.237 -98.953
-692.527 639.34 159.067 -161.324 112.204 -98.841
-692.387 638.368 158.914 -161.319 112.171 -98.729
-692.25 637.397 158.761 -161.319 112.171 -98.729
-692.117 636.425 158.607 -161.316 112.129 -98.592
-691.986 635.453 158.454 -161.311 112.091 -98.464
-691.858 634.48 158.3 -161.304 112.059 -98.352
-691.733 633.507 158.147 -161.299 112.032 -98.257
-691.612 632.533 157.993 -161.294 112.005 -98.167
-691.493 631.56 157.84 -161.288 111.975 -98.063
-691.377 630.586 157.686 -161.288 111.975 -98.063
-691.264 629.611 157.533 -161.281 111.943 -97.949
-691.154 628.636 157.38 -161.276 111.917 -97.854
-691.047 627.661 157.226 -161.271 111.894 -97.765
-690.944 626.686 157.073 -161.271 111.883 -97.678
-690.843 625.71 156.919 -161.271 111.883 -97.678
-690.745 624.733 156.766 -161.275 111.871 -97.511
-690.65 623.757 156.612 -161.275 111.871 -97.511
-690.558 622.78 156.459 -161.276 111.87 -97.438
-690.469 621.803 156.305 -161.275 111.868 -97.347
-690.383 620.825 156.152 -161.274 111.866 -97.263
-690.3 619.847 155.998 -161.274 111.866 -97.263
-690.22 618.868 155.845 -161.276 111.866 -97.193
-690.142 617.89 155.691 -161.275 111.867 -97.108
-690.068 616.911 155.538 -161.275 111.867 -97.046
-689.997 615.931 155.384 -161.275 111.867 -96.984
-689.929 614.951 155.231 -161.277 111.867 -96.885
-689.864 613.971 155.077 -161.276 111.869 -96.826
-689.802 612.99 154.924 -161.275 111.869 -96.767
-689.742 612.01 154.77 -161.274 111.868 -96.706
-689.686 611.028 154.617 -161.274 111.869 -96.646
-689.633 610.047 154.463 -161.276 111.871 -96.559
-689.583 609.065 154.31 -161.276 111.871 -96.559
-689.535 608.082 154.156 -161.276 111.872 -96.485
-689.491 607.1 154.003 -161.275 111.872 -96.424
-689.45 606.117 153.849 -161.275 111.871 -96.351
-689.411 605.133 153.696 -161.275 111.87 -96.279
-689.376 604.149 153.542 -161.277 111.87 -96.208
-689.343 603.165 153.389 -161.277 111.87 -96.208
-689.314 602.181 153.235 -161.279 111.872 -96.128
-689.287 601.196 153.082 -161.278 111.873 -96.067
-689.264 600.211 152.928 -161.28 111.873 -95.946
-689.243 599.225 152.775 -161.28 111.873 -95.946
-689.226 598.239 152.621 -161.281 111.875 -95.852
-689.211 597.253 152.468 -161.28 111.876 -95.793
-689.2 596.266 152.314 -161.279 111.875 -95.722
-689.191 595.279 152.16 -161.279 111.875 -95.722
-689.186 594.292 152.007 -161.281 111.875 -95.651
-689.183 593.304 151.853 -161.282 111.877 -95.58
-689.183 592.316 151.7 -161.281 111.878 -95.518
-689.187 591.328 151.546 -161.281 111.877 -95.433
-689.193 590.339 151.393 -161.281 111.877 -95.35
-689.202 589.35 151.239 -161.281 111.877 -95.35
-689.214 588.36 151.086 -161.281 111.877 -95.268
-689.23 587.37 150.932 -161.279 111.876 -95.194
-689.248 586.38 150.778 -161.28 111.876 -95.124
-689.269 585.389 150.625 -161.281 111.877 -95.042
-689.293 584.398 150.471 -161.281 111.877 -95.042
-689.32 583.407 150.318 -161.283 111.877 -94.969
-689.35 582.415 150.164 -161.285 111.877 -94.899
-689.383 581.423 150.011 -161.284 111.875 -94.813
-689.42 580.431 149.857 -161.284 111.875 -94.813
-689.459 579.438 149.703 -161.284 111.873 -94.683
-689.501 578.445 149.55 -161.285 111.874 -94.614
-689.546 577.452 149.396 -161.283 111.875 -94.545
-689.594 576.458 149.243 -161.283 111.875 -94.545
-689.645 575.464 149.089 -161.281 111.875 -94.474
-689.698 574.469 148.936 -161.279 111.875 -94.412
-689.755 573.474 148.782 -161.277 111.875 -94.349
-689.815 572.479 148.628 -161.276 111.875 -94.289
-689.878 571.483 148.475 -161.273 111.874 -94.216
-689.944 570.487 148.321 -161.271 111.874 -94.146
-690.013 569.491 148.167 -161.27 111.874 -94.072
-690.085 568.494 148.014 -161.27 111.874 -94.072
-690.159 567.497 147.86 -161.269 111.874 -93.998
-690.237 566.5 147.707 -161.267 111.874 -93.922
-690.318 565.502 147.553 -161.266 111.874 -93.863
-690.402 564.504 147.399 -161.264 111.874 -93.791
-690.488 563.506 147.246 -161.263 111.874 -93.707
-690.578 562.507 147.092 -161.263 111.875 -93.633
-690.671 561.508 146.939 -161.262 111.876 -93.573
-690.766 560.508 146.785 -161.262 111.876 -93.573
-690.865 559.508 146.631 -161.259 111.878 -93.489
-690.966 558.508 146.478 -161.259 111.878 -93.42
-691.071 557.507 146.324 -161.259 111.879 -93.342
-691.179 556.506 146.17 -161.257 111.878 -93.241
-691.289 555.505 146.017 -161.257 111.878 -93.241
-691.403 554.503 145.863 -161.256 111.876 -93.167
-691.519 553.501 145.709 -161.257 111.877 -93.096
-691.639 552.499 145.556 -161.257 111.88 -93.027
-691.761 551.496 145.402 -161.256 111.881 -92.957
-691.886 550.493 145.248 -161.255 111.88 -92.886
-692.015 549.489 145.095 -161.255 111.879 -92.814
-692.146 548.485 144.941 -161.255 111.879 -92.814
-692.28 547.481 144.787 -161.254 111.879 -92.742
-692.418 546.477 144.634 -161.254 111.878 -92.66
-692.558 545.472 144.48 -161.254 111.879 -92.581
-692.701 544.466 144.326 -161.256 111.879 -92.509
-692.848 543.461 144.173 -161.256 111.879 -92.509
-692.997 542.455 144.019 -161.256 111.879 -92.509
-693.149 541.448 143.865 -161.256 111.879 -92.509
-693.304 540.442 143.712 -161.256 111.879 -92.509
-693.462 539.435 143.558 -161.256 111.879 -92.509
-693.624 538.427 143.404 -161.256 111.879 -92.509
-693.788 537.419 143.251 -161.256 111.879 -92.509
-693.955 536.411 143.097 -161.256 111.879 -92.509
-694.125 535.403 142.943 -161.256 111.879 -92.509
-694.298 534.394 142.79 -161.256 111.879 -92.509
-694.474 533.385 142.636 -161.256 111.879 -92.509
-694.653 532.375 142.482 -161.256 111.879 -92.509
-694.835 531.365 142.329 -161.256 111.879 -92.509
-695.02 530.355 142.175 -161.256 111.879 -92.509
-695.208 529.344 142.021 -161.256 111.879 -92.509
-695.399 528.333 141.867 -161.256 111.879 -92.509
-695.593 527.322 141.714 -161.256 111.879 -92.509
-695.79 526.31 141.56 -161.256 111.879 -92.509
-695.989 525.298 141.406 -161.256 111.879 -92.509
-696.192 524.285 141.253 -161.256 111.879 -92.509
-696.398 523.273 141.099 -161.256 111.879 -92.509
-696.607 522.259 140.945 -161.256 111.879 -92.509
-696.819 521.246 140.791 -161.256 111.879 -92.509
-697.033 520.232 140.638 -161.256 111.879 -92.509
-697.251 519.218 140.484 -161.256 111.879 -92.509
9
-695.359 648.323 160.715 -161.364 112.49 -99.811
-695.198 647.356 160.56 -161.361 112.45 -99.675
-695.04 646.388 160.405 -161.361 112.45 -99.675
-694.885 645.42 160.249 -161.356 112.404 -99.523
-694.733 644.451 160.094 -161.351 112.371 -99.41
-694.583 643.482 159.939 -161.345 112.338 -99.296
-694.437 642.513 159.784 -161.345 112.338 -99.296
-694.293 641.543 159.628 -161.337 112.299 -99.162
-694.152 640.573 159.473 -161.333 112.264 -99.046
-694.014 639.603 159.318 -161.327 112.226 -98.915
-693.88 638.632 159.163 -161.327 112.226 -98.915
-693.748 637.661 159.008 -161.322 112.193 -98.804
-693.619 636.689 158.853 -161.317 112.152 -98.668
-693.492 635.717 158.698 -161.315 112.117 -98.554
-693.369 634.745 158.543 -161.315 112.117 -98.554
-693.249 633.772 158.388 -161.303 112.048 -98.314
-693.131 632.799 158.233 -161.303 112.048 -98.314
-693.017 631.825 158.078 -161.297 112.021 -98.222
-692.905 630.851 157.923 -161.292 111.995 -98.133
-692.796 629.877 157.768 -161.287 111.97 -98.046
-692.691 628.902 157.613 -161.28 111.939 -97.933
-692.588 627.927 157.459 -161.275 111.917 -97.855
-692.488 626.952 157.304 -161.27 111.892 -97.751
-692.391 625.976 157.149 -161.271 111.882 -97.664
-692.296 625 156.994 -161.273 111.873 -97.564
-692.205 624.023 156.84 -161.273 111.873 -97.564
-692.117 623.046 156.685 -161.276 111.87 -97.487
-692.031 622.069 156.53 -161.275 111.869 -97.413
-691.949 621.091 156.376 -161.275 111.868 -97.335
-691.869 620.113 156.221 -161.275 111.866 -97.253
-691.792 619.134 156.067 -161.275 111.866 -97.253
-691.718 618.156 155.912 -161.277 111.866 -97.183
-691.648 617.176 155.758 -161.275 111.866 -97.122
-691.58 616.197 155.603 -161.274 111.866 -97.059
-691.514 615.217 155.449 -161.274 111.867 -96.997
-691.452 614.236 155.294 -161.276 111.867 -96.923
-691.393 613.255 155.14 -161.278 111.869 -96.851
-691.336 612.274 154.986 -161.276 111.869 -96.792
-691.283 611.293 154.831 -161.275 111.868 -96.732
-691.232 610.311 154.677 -161.275 111.868 -96.659
-691.185 609.328 154.523 -161.276 111.871 -96.559
-691.14 608.346 154.369 -161.276 111.871 -96.559
-691.098 607.363 154.214 -161.276 111.873 -96.486
-691.059 606.379 154.06 -161.276 111.873 -96.486
-691.023 605.395 153.906 -161.276 111.871 -96.316
-690.99 604.411 153.752 -161.276 111.871 -96.316
-690.96 603.426 153.598 -161.277 111.87 -96.244
-690.932 602.441 153.444 -161.277 111.87 -96.244
-690.908 601.456 153.29 -161.277 111.87 -96.244
-690.886 600.47 153.136 -161.279 111.874 -95.946
-690.868 599.484 152.982 -161.279 111.874 -95.946
-690.852 598.497 152.828 -161.281 111.875 -95.875
-690.839 597.51 152.674 -161.281 111.875 -95.875
-690.829 596.523 152.52 -161.279 111.876 -95.805
-690.823 595.535 152.366 -161.279 111.875 -95.733
-690.818 594.547 152.212 -161.281 111.875 -95.651
-690.817 593.559 152.058 -161.283 111.878 -95.557
-690.819 592.57 151.905 -161.283 111.878 -95.557
-690.824 591.581 151.751 -161.283 111.878 -95.494
-690.831 590.591 151.597 -161.282 111.878 -95.423
-690.842 589.601 151.444 -161.282 111.876 -95.35
-690.855 588.611 151.29 -161.281 111.876 -95.278
-690.871 587.62 151.136 -161.28 111.876 -95.219
-690.891 586.629 150.983 -161.28 111.876 -95.219
-690.913 585.637 150.829 -161.28 111.876 -95.148
-690.938 584.646 150.675 -161.281 111.877 -95.055
-690.966 583.653 150.522 -161.281 111.877 -95.055
-690.996 582.661 150.368 -161.284 111.877 -94.969
-691.03 581.667 150.215 -161.285 111.877 -94.887
-691.067 580.674 150.062 -161.285 111.875 -94.814
-691.106 579.68 149.908 -161.284 111.873 -94.742
-691.149 578.686 149.755 -161.284 111.873 -94.672
-691.194 577.691 149.601 -161.284 111.873 -94.672
-691.242 576.696 149.448 -161.284 111.873 -94.602
-691.293 575.701 149.295 -161.284 111.874 -94.535
-691.348 574.705 149.142 -161.281 111.874 -94.462
-691.404 573.709 148.988 -161.281 111.874 -94.462
-691.464 572.713 148.835 -161.275 111.875 -94.252
-691.527 571.716 148.682 -161.275 111.875 -94.252
-691.593 570.719 148.529 -161.274 111.874 -94.195
-691.661 569.721 148.376 -161.272 111.873 -94.134
-691.733 568.723 148.222 -161.27 111.873 -94.072
-691.807 567.725 148.069 -161.27 111.873 -94.072
-691.885 566.726 147.916 -161.268 111.874 -93.935
-691.965 565.727 147.763 -161.268 111.874 -93.935
-692.048 564.727 147.61 -161.265 111.874 -93.814
-692.134 563.727 147.457 -161.264 111.874 -93.756
-692.223 562.727 147.304 -161.263 111.874 -93.695
-692.315 561.726 147.152 -161.263 111.874 -93.695
-692.41 560.725 146.999 -161.261 111.877 -93.538
-692.507 559.723 146.846 -161.261 111.877 -93.538
-692.608 558.722 146.693 -161.26 111.877 -93.477
-692.711 557.719 146.54 -161.26 111.877 -93.477
-692.818 556.717 146.387 -161.258 111.878 -93.328
-692.927 555.714 146.235 -161.256 111.878 -93.252
-693.039 554.71 146.082 -161.256 111.878 -93.252
-693.155 553.707 145.929 -161.256 111.877 -93.178
-693.273 552.702 145.777 -161.257 111.877 -93.108
-693.393 551.698 145.624 -161.257 111.88 -93.004
-693.517 550.693 145.472 -161.257 111.88 -93.004
-693.644 549.688 145.319 -161.256 111.881 -92.933
-693.774 548.682 145.166 -161.255 111.88 -92.861
-693.906 547.676 145.014 -161.254 111.88 -92.782
-694.042 546.669 144.861 -161.253 111.879 -92.71
-694.18 545.663 144.709 -161.253 111.878 -92.633
-694.321 544.655 144.557 -161.253 111.878 -92.633
-694.466 543.648 144.404 -161.254 111.88 -92.563
-694.613 542.64 144.252 -161.254 111.88 -92.563
-694.763 541.631 144.099 -161.254 111.88 -92.563
-694.916 540.623 143.947 -161.254 111.88 -92.563
-695.071 539.613 143.795 -161.254 111.88 -92.563
-695.23 538.604 143.643 -161.254 111.88 -92.563
-695.392 537.594 143.49 -161.254 111.88 -92.563
-695.556 536.584 143.338 -161.254 111.88 -92.563
-695.724 535.573 143.186 -161.254 111.88 -92.563
-695.894 534.562 143.034 -161.254 111.88 -92.563
-696.067 533.551 142.882 -161.254 111.88 -92.563
-696.244 532.539 142.73 -161.254 111.88 -92.563
-696.423 531.527 142.578 -161.254 111.88 -92.563
-696.605 530.514 142.426 -161.254 111.88 -92.563
-696.789 529.501 142.274 -161.254 111.88 -92.563
-696.977 528.488 142.122 -161.254 111.88 -92.563
-697.168 527.474 141.97 -161.254 111.88 -92.563
-697.362 526.46 141.818 -161.254 111.88 -92.563
-697.558 525.445 141.666 -161.254 111.88 -92.563
-697.758 524.431 141.514 -161.254 111.88 -92.563
-697.96 523.415 141.362 -161.254 111.88 -92.563
10
-692.119 646.723 159.657 -161.356 112.403 -99.519
-691.958 645.755 159.504 -161.349 112.36 -99.369
-691.799 644.787 159.351 -161.349 112.36 -99.369
-691.644 643.818 159.198 -161.343 112.333 -99.275
-691.492 642.849 159.044 -161.337 112.299 -99.159
-691.342 641.88 158.891 -161.332 112.258 -99.023
-691.195 640.911 158.737 -161.332 112.258 -99.023
-691.052 639.94 158.584 -161.327 112.22 -98.894
-690.911 638.97 158.43 -161.321 112.187 -98.781
-690.772 637.999 158.277 -161.317 112.152 -98.665
-690.637 637.028 158.123 -161.314 112.107 -98.519
-690.505 636.056 157.969 -161.314 112.107 -98.519
-690.375 635.084 157.816 -161.307 112.07 -98.389
-690.248 634.112 157.662 -161.299 112.032 -98.258
-690.124 633.139 157.508 -161.294 112.006 -98.168
-690.003 632.165 157.354 -161.288 111.975 -98.063
-689.885 631.192 157.2 -161.282 111.948 -97.967
-689.77 630.218 157.046 -161.282 111.948 -97.967
-689.657 629.243 156.892 -161.277 111.922 -97.872
-689.547 628.268 156.738 -161.272 111.902 -97.796
-689.441 627.293 156.584 -161.271 111.884 -97.68
-689.337 626.318 156.429 -161.271 111.884 -97.68
-689.235 625.341 156.275 -161.273 111.873 -97.581
-689.137 624.365 156.121 -161.276 111.87 -97.502
-689.042 623.388 155.966 -161.276 111.869 -97.414
-688.949 622.411 155.812 -161.276 111.869 -97.414
-688.859 621.433 155.657 -161.275 111.866 -97.256
-688.772 620.455 155.502 -161.275 111.866 -97.256
-688.688 619.477 155.348 -161.277 111.867 -97.187
-688.607 618.498 155.193 -161.276 111.867 -97.11
-688.529 617.519 155.038 -161.275 111.867 -97.035
-688.453 616.539 154.883 -161.276 111.867 -96.947
-688.381 615.559 154.729 -161.278 111.867 -96.874
-688.311 614.578 154.574 -161.277 111.868 -96.814
-688.244 613.597 154.419 -161.277 111.868 -96.814
-688.18 612.616 154.263 -161.277 111.868 -96.814
-688.119 611.635 154.108 -161.275 111.87 -96.583
-688.06 610.652 153.953 -161.275 111.87 -96.583
-688.005 609.67 153.798 -161.277 111.871 -96.496
-687.952 608.687 153.643 -161.277 111.871 -96.496
-687.902 607.704 153.487 -161.276 111.871 -96.423
-687.855 606.72 153.332 -161.275 111.87 -96.337
-687.811 605.736 153.176 -161.277 111.869 -96.24
-687.769 604.752 153.021 -161.277 111.869 -96.24
-687.731 603.767 152.865 -161.279 111.87 -96.158
-687.695 602.782 152.71 -161.279 111.872 -96.077
-687.663 601.796 152.554 -161.279 111.872 -96.077
-687.633 600.81 152.398 -161.278 111.872 -95.991
-687.606 599.823 152.242 -161.28 111.873 -95.908
-687.581 598.837 152.086 -161.28 111.874 -95.849
-687.56 597.849 151.93 -161.279 111.875 -95.792
-687.541 596.862 151.774 -161.279 111.874 -95.72
-687.526 595.874 151.618 -161.279 111.874 -95.72
-687.513 594.885 151.462 -161.282 111.875 -95.639
-687.503 593.896 151.306 -161.283 111.877 -95.567
-687.496 592.907 151.15 -161.281 111.877 -95.492
-687.491 591.917 150.994 -161.282 111.877 -95.41
-687.49 590.927 150.837 -161.281 111.876 -95.327
-687.491 589.937 150.681 -161.281 111.876 -95.327
-687.496 588.946 150.525 -161.28 111.876 -95.243
-687.503 587.955 150.368 -161.281 111.876 -95.171
-687.513 586.963 150.211 -161.282 111.878 -95.069
-687.525 585.971 150.055 -161.282 111.878 -95.069
-687.541 584.979 149.898 -161.284 111.878 -94.983
-687.56 583.986 149.741 -161.285 111.878 -94.9
-687.581 582.993 149.585 -161.285 111.876 -94.828
-687.605 581.999 149.428 -161.285 111.876 -94.828
-687.632 581.005 149.271 -161.285 111.874 -94.756
-687.662 580.01 149.114 -161.285 111.874 -94.686
-687.695 579.015 148.957 -161.285 111.874 -94.604
-687.73 578.02 148.8 -161.284 111.875 -94.547
-687.769 577.025 148.643 -161.281 111.875 -94.477
-687.81 576.029 148.486 -161.281 111.875 -94.477
-687.854 575.032 148.328 -161.279 111.876 -94.353
-687.901 574.035 148.171 -161.276 111.876 -94.278
-687.951 573.038 148.014 -161.276 111.876 -94.278
-688.004 572.04 147.856 -161.273 111.875 -94.206
-688.059 571.042 147.699 -161.272 111.874 -94.134
-688.118 570.044 147.541 -161.27 111.874 -94.046
-688.179 569.045 147.384 -161.268 111.874 -93.97
-688.243 568.046 147.226 -161.267 111.874 -93.909
-688.31 567.046 147.068 -161.266 111.873 -93.837
-688.38 566.046 146.91 -161.266 111.873 -93.837
-688.452 565.046 146.753 -161.264 111.874 -93.778
-688.528 564.045 146.595 -161.263 111.873 -93.705
-688.606 563.044 146.437 -161.261 111.874 -93.617
-688.687 562.042 146.279 -161.26 111.876 -93.546
-688.771 561.04 146.121 -161.258 111.877 -93.486
-688.858 560.037 145.963 -161.256 111.877 -93.43
-688.948 559.035 145.805 -161.257 111.879 -93.363
-689.04 558.031 145.646 -161.255 111.878 -93.289
-689.136 557.028 145.488 -161.255 111.878 -93.289
-689.234 556.024 145.33 -161.254 111.877 -93.2
-689.335 555.019 145.171 -161.255 111.877 -93.119
-689.439 554.014 145.013 -161.255 111.877 -93.119
-689.546 553.009 144.854 -161.255 111.88 -93.028
-689.655 552.003 144.696 -161.253 111.882 -92.945
-689.768 550.997 144.537 -161.253 111.882 -92.945
-689.883 549.991 144.379 -161.252 111.88 -92.784
-690.001 548.984 144.22 -161.252 111.88 -92.784
-690.122 547.977 144.061 -161.252 111.881 -92.712
-690.246 546.969 143.902 -161.252 111.88 -92.629
-690.373 545.961 143.743 -161.252 111.881 -92.571
-690.503 544.953 143.584 -161.252 111.881 -92.571
-690.635 543.944 143.425 -161.255 111.88 -92.502
-690.77 542.935 143.266 -161.255 111.88 -92.502
-690.908 541.925 143.107 -161.255 111.88 -92.502
-691.049 540.915 142.948 -161.255 111.88 -92.502
-691.193 539.904 142.789 -161.255 111.88 -92.502
-691.34 538.894 142.629 -161.255 111.88 -92.502
-691.489 537.882 142.47 -161.255 111.88 -92.502
-691.642 536.871 142.311 -161.255 111.88 -92.502
-691.797 535.859 142.151 -161.255 111.88 -92.502
-691.955 534.846 141.992 -161.255 111.88 -92.502
-692.116 533.833 141.832 -161.255 111.88 -92.502
-692.28 532.82 141.672 -161.255 111.88 -92.502
-692.446 531.807 141.513 -161.255 111.88 -92.502
-692.616 530.793 141.353 -161.255 111.88 -92.502
-692.788 529.778 141.193 -161.255 111.88 -92.502
-692.963 528.763 141.033 -161.255 111.88 -92.502
-693.141 527.748 140.873 -161.255 111.88 -92.502
-693.322 526.732 140.713 -161.255 111.88 -92.502
-693.506 525.716 140.553 -161.255 111.88 -92.502
-693.692 524.7 140.393 -161.255 111.88 -92.502
-693.882 523.683 140.233 -161.255 111.88 -92.502
-694.074 522.666 140.073 -161.255 111.88 -92.502
-694.269 521.648 139.912 -161.255 111.88 -92.502
11
-693.379 651.31 160.302 -161.375 112.55 -100.025
-693.22 650.341 160.147 -161.37 112.522 -99.931
-693.063 649.372 159.992 -161.365 112.483 -99.795
-692.908 648.403 159.837 -161.365 112.483 -99.795
-692.757 647.433 159.682 -161.354 112.409 -99.544
-692.608 646.463 159.528 -161.354 112.409 -99.544
-692.462 645.492 159.373 -161.348 112.375 -99.426
-692.319 644.521 159.219 -161.341 112.341 -99.309
-692.179 643.55 159.065 -161.338 112.309 -99.203
-692.042 642.578 158.911 -161.335 112.272 -99.083
-691.907 641.606 158.757 -161.335 112.272 -99.083
-691.775 640.634 158.604 -161.331 112.241 -98.978
-691.646 639.661 158.45 -161.324 112.208 -98.861
-691.519 638.688 158.297 -161.319 112.172 -98.741
-691.396 637.714 158.144 -161.315 112.131 -98.606
-691.275 636.74 157.991 -161.315 112.131 -98.606
-691.157 635.766 157.838 -161.31 112.093 -98.477
-691.042 634.792 157.685 -161.302 112.054 -98.346
-690.929 633.817 157.533 -161.296 112.02 -98.23
-690.819 632.841 157.381 -161.296 112.02 -98.23
-690.713 631.866 157.228 -161.29 111.979 -98.091
-690.608 630.89 157.076 -161.285 111.948 -97.986
-690.507 629.913 156.924 -161.276 111.915 -97.862
-690.409 628.937 156.773 -161.276 111.915 -97.862
-690.313 627.96 156.621 -161.272 111.889 -97.757
-690.22 626.982 156.47 -161.274 111.88 -97.668
-690.13 626.004 156.319 -161.278 111.874 -97.574
-690.042 625.026 156.167 -161.278 111.874 -97.574
-689.958 624.048 156.017 -161.276 111.868 -97.423
-689.876 623.069 155.866 -161.276 111.868 -97.423
-689.797 622.089 155.715 -161.276 111.867 -97.344
-689.72 621.11 155.565 -161.276 111.867 -97.344
-689.647 620.13 155.414 -161.276 111.872 -97.114
-689.576 619.149 155.264 -161.276 111.872 -97.114
-689.508 618.169 155.114 -161.276 111.872 -97.114
-689.443 617.188 154.964 -161.276 111.868 -97.033
-689.381 616.206 154.815 -161.277 111.867 -96.961
-689.321 615.224 154.665 -161.277 111.868 -96.894
-689.264 614.242 154.516 -161.276 111.868 -96.818
-689.21 613.26 154.367 -161.275 111.869 -96.742
-689.159 612.277 154.218 -161.275 111.869 -96.742
-689.11 611.293 154.069 -161.276 111.869 -96.667
-689.065 610.31 153.92 -161.277 111.869 -96.587
-689.022 609.326 153.772 -161.278 111.869 -96.518
-688.982 608.342 153.623 -161.277 111.87 -96.442
-688.944 607.357 153.475 -161.278 111.869 -96.357
-688.91 606.372 153.327 -161.278 111.869 -96.357
-688.878 605.386 153.179 -161.279 111.869 -96.282
-688.849 604.401 153.031 -161.279 111.869 -96.197
-688.823 603.415 152.884 -161.278 111.871 -96.115
-688.8 602.428 152.736 -161.278 111.871 -96.115
-688.779 601.441 152.589 -161.278 111.872 -96.048
-688.761 600.454 152.442 -161.281 111.872 -95.981
-688.746 599.466 152.295 -161.283 111.873 -95.917
-688.734 598.478 152.148 -161.281 111.873 -95.859
-688.724 597.49 152.001 -161.281 111.874 -95.795
-688.718 596.501 151.855 -161.282 111.874 -95.727
-688.714 595.512 151.708 -161.283 111.876 -95.655
-688.712 594.523 151.562 -161.282 111.877 -95.58
-688.714 593.533 151.416 -161.282 111.877 -95.58
-688.719 592.543 151.27 -161.282 111.876 -95.493
-688.726 591.553 151.125 -161.283 111.877 -95.43
-688.736 590.562 150.979 -161.283 111.877 -95.349
-688.748 589.571 150.834 -161.283 111.877 -95.349
-688.764 588.579 150.688 -161.283 111.877 -95.284
-688.782 587.587 150.543 -161.285 111.876 -95.219
-688.803 586.595 150.398 -161.285 111.876 -95.136
-688.827 585.602 150.254 -161.287 111.877 -95.063
-688.854 584.609 150.109 -161.288 111.877 -94.996
-688.884 583.616 149.964 -161.287 111.877 -94.931
-688.916 582.622 149.82 -161.287 111.877 -94.931
-688.951 581.628 149.676 -161.284 111.874 -94.788
-688.989 580.634 149.532 -161.284 111.874 -94.788
-689.029 579.639 149.388 -161.285 111.875 -94.707
-689.073 578.644 149.245 -161.285 111.876 -94.642
-689.119 577.648 149.101 -161.284 111.876 -94.576
-689.168 576.652 148.958 -161.281 111.875 -94.518
-689.219 575.656 148.815 -161.279 111.875 -94.431
-689.274 574.659 148.671 -161.279 111.875 -94.431
-689.331 573.662 148.529 -161.272 111.874 -94.263
-689.391 572.665 148.386 -161.272 111.874 -94.263
-689.454 571.667 148.243 -161.269 111.873 -94.196
-689.52 570.669 148.101 -161.269 111.873 -94.196
-689.588 569.671 147.959 -161.266 111.873 -94.039
-689.659 568.672 147.817 -161.266 111.873 -94.039
-689.733 567.673 147.675 -161.266 111.873 -94.039
-689.81 566.673 147.533 -161.259 111.87 -93.815
-689.89 565.673 147.391 -161.259 111.87 -93.815
-689.972 564.673 147.25 -161.258 111.871 -93.73
-690.057 563.673 147.108 -161.258 111.871 -93.73
-690.145 562.672 146.967 -161.256 111.873 -93.66
-690.236 561.67 146.826 -161.256 111.875 -93.595
-690.329 560.669 146.686 -161.255 111.875 -93.528
-690.426 559.667 146.545 -161.255 111.875 -93.447
-690.525 558.664 146.404 -161.255 111.878 -93.388
-690.627 557.661 146.264 -161.253 111.879 -93.322
-690.731 556.658 146.124 -161.251 111.878 -93.26
-690.839 555.655 145.984 -161.251 111.876 -93.199
-690.949 554.651 145.844 -161.253 111.877 -93.128
-691.062 553.647 145.704 -161.253 111.877 -93.128
-691.177 552.642 145.565 -161.254 111.879 -93.057
-691.296 551.637 145.425 -161.254 111.881 -92.985
-691.417 550.632 145.286 -161.254 111.881 -92.909
-691.541 549.626 145.147 -161.254 111.88 -92.844
-691.668 548.62 145.008 -161.256 111.881 -92.78
-691.798 547.614 144.869 -161.256 111.883 -92.711
-691.93 546.607 144.731 -161.256 111.883 -92.711
-692.066 545.6 144.592 -161.255 111.883 -92.646
-692.204 544.592 144.454 -161.255 111.882 -92.574
-692.344 543.585 144.316 -161.255 111.882 -92.574
-692.488 542.576 144.178 -161.255 111.882 -92.574
-692.634 541.568 144.04 -161.255 111.882 -92.574
-692.783 540.559 143.902 -161.255 111.882 -92.574
-692.935 539.55 143.765 -161.255 111.882 -92.574
-693.09 538.54 143.627 -161.255 111.882 -92.574
-693.248 537.53 143.49 -161.255 111.882 -92.574
-693.408 536.52 143.353 -161.255 111.882 -92.574
-693.571 535.509 143.216 -161.255 111.882 -92.574
-693.737 534.498 143.079 -161.255 111.882 -92.574
-693.905 533.486 142.943 -161.255 111.882 -92.574
-694.077 532.475 142.806 -161.255 111.882 -92.574
-694.251 531.462 142.67 -161.255 111.882 -92.574
-694.428 530.45 142.534 -161.255 111.882 -92.574
-694.608 529.437 142.398 -161.255 111.882 -92.574
-694.79 528.424 142.262 -161.255 111.882 -92.574
-694.975 527.41 142.127 -161.255 111.882 -92.574
-695.164 526.396 141.991 -161.255 111.882 -92.574
12
-693.048 646.343 160.259 -161.356 112.417 -99.573
-692.902 645.374 160.094 -161.35 112.386 -99.465
-692.76 644.405 159.929 -161.342 112.349 -99.336
-692.62 643.436 159.763 -161.338 112.313 -99.215
-692.484 642.466 159.598 -161.338 112.313 -99.215
-692.35 641.497 159.433 -161.336 112.272 -99.082
-692.219 640.526 159.268 -161.331 112.237 -98.963
-692.091 639.556 159.103 -161.324 112.204 -98.848
-691.966 638.585 158.938 -161.319 112.172 -98.741
-691.843 637.613 158.774 -161.316 112.135 -98.618
-691.724 636.642 158.609 -161.312 112.104 -98.516
-691.607 635.67 158.444 -161.312 112.104 -98.516
-691.494 634.698 158.28 -161.305 112.07 -98.4
-691.383 633.725 158.116 -161.3 112.039 -98.295
-691.275 632.752 157.951 -161.293 112.001 -98.166
-691.17 631.779 157.787 -161.293 112.001 -98.166
-691.068 630.805 157.623 -161.29 111.972 -98.067
-690.968 629.831 157.459 -161.283 111.939 -97.953
-690.872 628.856 157.295 -161.275 111.912 -97.851
-690.778 627.882 157.131 -161.271 111.891 -97.767
-690.687 626.907 156.967 -161.274 111.881 -97.687
-690.6 625.931 156.804 -161.277 111.875 -97.602
-690.515 624.956 156.64 -161.277 111.875 -97.602
-690.432 623.979 156.477 -161.278 111.872 -97.521
-690.353 623.003 156.313 -161.277 111.869 -97.441
-690.277 622.026 156.15 -161.276 111.867 -97.362
-690.203 621.049 155.987 -161.277 111.867 -97.295
-690.133 620.072 155.824 -161.278 111.87 -97.225
-690.065 619.094 155.661 -161.277 111.873 -97.159
-690 618.116 155.498 -161.275 111.87 -97.087
-689.938 617.137 155.335 -161.275 111.87 -97.087
-689.879 616.158 155.172 -161.277 111.868 -96.998
-689.823 615.179 155.009 -161.277 111.867 -96.92
-689.769 614.2 154.847 -161.277 111.868 -96.853
-689.719 613.22 154.684 -161.275 111.869 -96.768
-689.671 612.24 154.522 -161.276 111.87 -96.692
-689.626 611.259 154.359 -161.276 111.87 -96.692
-689.584 610.278 154.197 -161.277 111.87 -96.615
-689.545 609.297 154.035 -161.277 111.87 -96.535
-689.509 608.316 153.873 -161.277 111.87 -96.467
-689.476 607.334 153.711 -161.276 111.87 -96.39
-689.445 606.351 153.549 -161.276 111.87 -96.39
-689.418 605.369 153.387 -161.278 111.869 -96.315
-689.393 604.386 153.226 -161.279 111.869 -96.247
-689.371 603.403 153.064 -161.279 111.869 -96.172
-689.352 602.419 152.902 -161.278 111.872 -96.091
-689.336 601.435 152.741 -161.278 111.872 -96.022
-689.323 600.451 152.58 -161.278 111.872 -96.022
-689.312 599.466 152.418 -161.282 111.872 -95.946
-689.305 598.481 152.257 -161.282 111.873 -95.882
-689.3 597.496 152.096 -161.28 111.873 -95.808
-689.299 596.51 151.935 -161.281 111.873 -95.725
-689.3 595.524 151.774 -161.281 111.873 -95.725
-689.304 594.538 151.613 -161.283 111.876 -95.639
-689.311 593.551 151.453 -161.282 111.877 -95.563
-689.32 592.564 151.292 -161.282 111.876 -95.477
-689.333 591.576 151.131 -161.283 111.877 -95.406
-689.348 590.589 150.971 -161.283 111.877 -95.406
-689.367 589.601 150.811 -161.283 111.877 -95.341
-689.388 588.612 150.65 -161.284 111.877 -95.276
-689.412 587.623 150.49 -161.284 111.876 -95.201
-689.439 586.634 150.33 -161.285 111.876 -95.137
-689.469 585.645 150.17 -161.286 111.878 -95.064
-689.502 584.655 150.01 -161.288 111.878 -94.99
-689.537 583.665 149.85 -161.288 111.878 -94.925
-689.576 582.675 149.69 -161.288 111.878 -94.925
-689.617 581.684 149.531 -161.286 111.876 -94.855
-689.661 580.693 149.371 -161.285 111.874 -94.78
-689.708 579.701 149.212 -161.285 111.875 -94.716
-689.758 578.709 149.052 -161.286 111.876 -94.625
-689.811 577.717 148.893 -161.286 111.876 -94.625
-689.867 576.724 148.734 -161.284 111.876 -94.567
-689.925 575.732 148.575 -161.281 111.875 -94.491
-689.987 574.738 148.416 -161.279 111.876 -94.424
-690.051 573.745 148.257 -161.277 111.875 -94.361
-690.118 572.751 148.098 -161.273 111.874 -94.272
-690.188 571.757 147.939 -161.273 111.874 -94.272
-690.261 570.762 147.78 -161.269 111.873 -94.196
-690.337 569.767 147.622 -161.267 111.872 -94.119
-690.415 568.772 147.463 -161.265 111.873 -94.047
-690.497 567.776 147.305 -161.263 111.873 -93.96
-690.581 566.78 147.146 -161.261 111.872 -93.89
-690.668 565.784 146.988 -161.261 111.872 -93.89
-690.759 564.787 146.83 -161.259 111.871 -93.806
-690.852 563.79 146.672 -161.258 111.872 -93.73
-690.947 562.793 146.514 -161.257 111.873 -93.652
-691.046 561.795 146.356 -161.255 111.875 -93.577
-691.148 560.797 146.198 -161.255 111.875 -93.577
-691.252 559.799 146.04 -161.254 111.874 -93.511
-691.36 558.8 145.883 -161.255 111.875 -93.44
-691.47 557.801 145.725 -161.255 111.878 -93.371
-691.583 556.802 145.568 -161.253 111.878 -93.312
-691.699 555.802 145.41 -161.251 111.876 -93.241
-691.818 554.802 145.253 -161.252 111.876 -93.174
-691.939 553.802 145.096 -161.254 111.878 -93.104
-692.064 552.801 144.939 -161.254 111.88 -93.034
-692.191 551.8 144.782 -161.254 111.881 -92.969
-692.322 550.798 144.625 -161.254 111.881 -92.969
-692.455 549.796 144.468 -161.254 111.88 -92.884
-692.591 548.794 144.311 -161.254 111.881 -92.82
-692.73 547.792 144.155 -161.255 111.882 -92.741
-692.872 546.789 143.998 -161.254 111.883 -92.665
-693.016 545.786 143.842 -161.254 111.882 -92.596
-693.164 544.782 143.685 -161.254 111.882 -92.596
-693.314 543.779 143.529 -161.255 111.881 -92.531
-693.468 542.774 143.373 -161.254 111.881 -92.465
-693.624 541.77 143.217 -161.254 111.881 -92.465
-693.783 540.765 143.061 -161.254 111.881 -92.465
-693.945 539.76 142.905 -161.254 111.881 -92.465
-694.109 538.754 142.749 -161.254 111.881 -92.465
-694.277 537.748 142.593 -161.254 111.881 -92.465
-694.447 536.742 142.438 -161.254 111.881 -92.465
-694.621 535.735 142.282 -161.254 111.881 -92.465
-694.797 534.728 142.126 -161.254 111.881 -92.465
-694.976 533.721 141.971 -161.254 111.881 -92.465
-695.158 532.714 141.816 -161.254 111.881 -92.465
-695.343 531.706 141.661 -161.254 111.881 -92.465
-695.531 530.697 141.505 -161.254 111.881 -92.465
-695.721 529.689 141.35 -161.254 111.881 -92.465
-695.915 528.68 141.195 -161.254 111.881 -92.465
-696.111 527.67 141.04 -161.254 111.881 -92.465
-696.31 526.661 140.886 -161.254 111.881 -92.465
-696.512 525.651 140.731 -161.254 111.881 -92.465
-696.717 524.64 140.576 -161.254 111.881 -92.465
-696.925 523.63 140.422 -161.254 111.881 -92.465
-697.136 522.619 140.267 -161.254 111.881 -92.465
-697.349 521.607 140.113 -161.254 111.881 -92.465
13
-693.884 651.017 159.699 -161.374 112.547 -100.004
-693.724 650.049 159.546 -161.369 112.519 -99.91
-693.567 649.08 159.393 -161.363 112.479 -99.774
-693.413 648.11 159.24 -161.36 112.443 -99.653
-693.262 647.141 159.088 -161.36 112.443 -99.653
-693.113 646.17 158.935 -161.356 112.404 -99.521
-692.967 645.2 158.783 -161.35 112.371 -99.407
-692.824 644.229 158.631 -161.344 112.338 -99.295
-692.684 643.258 158.478 -161.338 112.305 -99.18
-692.546 642.287 158.326 -161.333 112.265 -99.045
-692.412 641.315 158.175 -161.333 112.265 -99.045
-692.28 640.342 158.023 -161.325 112.21 -98.858
-692.151 639.37 157.871 -161.325 112.21 -98.858
-692.024 638.397 157.72 -161.325 112.21 -98.858
-691.901 637.423 157.568 -161.312 112.096 -98.483
-691.78 636.45 157.417 -161.312 112.096 -98.483
-691.662 635.475 157.266 -161.312 112.096 -98.483
-691.547 634.501 157.115 -161.305 112.064 -98.37
-691.435 633.526 156.964 -161.298 112.026 -98.239
-691.325 632.551 156.813 -161.298 112.026 -98.239
-691.218 631.575 156.662 -161.284 111.957 -97.997
-691.114 630.599 156.511 -161.284 111.957 -97.997
-691.013 629.623 156.361 -161.284 111.957 -97.997
-690.915 628.646 156.21 -161.27 111.885 -97.708
-690.819 627.669 156.06 -161.27 111.885 -97.708
-690.726 626.692 155.91 -161.27 111.885 -97.708
-690.636 625.714 155.76 -161.273 111.87 -97.537
-690.549 624.736 155.61 -161.273 111.87 -97.537
-690.464 623.757 155.46 -161.273 111.87 -97.537
-690.383 622.778 155.31 -161.274 111.867 -97.325
-690.304 621.799 155.161 -161.274 111.867 -97.325
-690.228 620.819 155.011 -161.274 111.867 -97.256
-690.155 619.839 154.862 -161.277 111.867 -97.175
-690.084 618.859 154.713 -161.277 111.867 -97.175
-690.016 617.878 154.563 -161.275 111.866 -97.096
-689.951 616.897 154.414 -161.275 111.866 -97.096
-689.889 615.916 154.265 -161.277 111.867 -96.923
-689.83 614.934 154.117 -161.277 111.867 -96.923
-689.774 613.952 153.968 -161.277 111.869 -96.85
-689.72 612.969 153.819 -161.275 111.868 -96.777
-689.669 611.986 153.671 -161.275 111.868 -96.777
-689.621 611.003 153.522 -161.275 111.869 -96.621
-689.575 610.019 153.374 -161.275 111.869 -96.621
-689.533 609.035 153.226 -161.276 111.87 -96.558
-689.493 608.051 153.078 -161.276 111.872 -96.461
-689.456 607.066 152.93 -161.276 111.872 -96.388
-689.422 606.081 152.782 -161.276 111.872 -96.388
-689.39 605.095 152.635 -161.276 111.872 -96.388
-689.362 604.109 152.487 -161.279 111.871 -96.124
-689.336 603.123 152.34 -161.279 111.871 -96.124
-689.313 602.136 152.192 -161.279 111.871 -96.124
-689.293 601.149 152.045 -161.278 111.873 -95.981
-689.275 600.162 151.898 -161.278 111.873 -95.981
-689.26 599.174 151.751 -161.28 111.873 -95.909
-689.249 598.186 151.604 -161.28 111.874 -95.85
-689.24 597.198 151.457 -161.28 111.875 -95.781
-689.233 596.209 151.311 -161.279 111.874 -95.709
-689.23 595.22 151.164 -161.279 111.874 -95.709
-689.229 594.23 151.018 -161.282 111.875 -95.616
-689.231 593.24 150.871 -161.283 111.877 -95.543
-689.236 592.25 150.725 -161.281 111.876 -95.481
-689.244 591.259 150.579 -161.281 111.876 -95.481
-689.254 590.268 150.433 -161.281 111.876 -95.481
-689.267 589.277 150.287 -161.28 111.875 -95.207
-689.283 588.285 150.141 -161.28 111.875 -95.207
-689.302 587.293 149.996 -161.28 111.875 -95.207
-689.324 586.3 149.85 -161.281 111.877 -95.126
-689.348 585.308 149.705 -161.283 111.878 -95.031
-689.376 584.314 149.559 -161.283 111.878 -95.031
-689.406 583.321 149.414 -161.285 111.877 -94.947
-689.438 582.327 149.269 -161.286 111.876 -94.864
-689.474 581.332 149.124 -161.286 111.876 -94.864
-689.512 580.338 148.979 -161.285 111.874 -94.79
-689.554 579.343 148.835 -161.285 111.873 -94.731
-689.597 578.347 148.69 -161.285 111.873 -94.649
-689.644 577.351 148.546 -161.285 111.874 -94.581
-689.694 576.355 148.401 -161.284 111.875 -94.524
-689.746 575.359 148.257 -161.281 111.875 -94.463
-689.801 574.362 148.113 -161.28 111.876 -94.39
-689.859 573.364 147.969 -161.278 111.877 -94.315
-689.92 572.367 147.825 -161.275 111.875 -94.242
-689.983 571.369 147.681 -161.275 111.875 -94.242
-690.05 570.37 147.537 -161.272 111.874 -94.169
-690.119 569.371 147.394 -161.271 111.874 -94.108
-690.191 568.372 147.25 -161.267 111.874 -93.947
-690.265 567.373 147.107 -161.267 111.874 -93.947
-690.343 566.373 146.964 -161.267 111.874 -93.947
-690.423 565.373 146.82 -161.265 111.873 -93.826
-690.506 564.372 146.677 -161.264 111.875 -93.756
-690.592 563.371 146.535 -161.264 111.875 -93.756
-690.681 562.37 146.392 -161.262 111.875 -93.668
-690.772 561.368 146.249 -161.261 111.875 -93.606
-690.866 560.366 146.106 -161.259 111.877 -93.522
-690.963 559.364 145.964 -161.257 111.878 -93.454
-691.063 558.361 145.822 -161.256 111.878 -93.376
-691.166 557.358 145.679 -161.256 111.878 -93.376
-691.271 556.354 145.537 -161.255 111.879 -93.316
-691.379 555.35 145.395 -161.254 111.878 -93.25
-691.49 554.346 145.253 -161.253 111.877 -93.176
-691.604 553.341 145.112 -161.254 111.878 -93.106
-691.72 552.336 144.97 -161.255 111.88 -93.039
-691.84 551.331 144.828 -161.254 111.882 -92.982
-691.962 550.325 144.687 -161.253 111.881 -92.921
-692.087 549.319 144.546 -161.252 111.88 -92.849
-692.214 548.312 144.405 -161.252 111.88 -92.782
-692.345 547.306 144.263 -161.252 111.88 -92.7
-692.478 546.298 144.122 -161.252 111.88 -92.7
-692.614 545.291 143.982 -161.252 111.88 -92.636
-692.753 544.283 143.841 -161.252 111.88 -92.636
-692.895 543.275 143.7 -161.252 111.88 -92.636
-693.039 542.266 143.56 -161.252 111.88 -92.636
-693.187 541.257 143.419 -161.252 111.88 -92.636
-693.337 540.247 143.279 -161.252 111.88 -92.636
-693.489 539.238 143.139 -161.252 111.88 -92.636
-693.645 538.227 142.999 -161.252 111.88 -92.636
-693.804 537.217 142.859 -161.252 111.88 -92.636
-693.965 536.206 142.719 -161.252 111.88 -92.636
-694.129 535.195 142.579 -161.252 111.88 -92.636
-694.296 534.183 142.44 -161.252 111.88 -92.636
-694.465 533.171 142.3 -161.252 111.88 -92.636
-694.637 532.159 142.161 -161.252 111.88 -92.636
-694.813 531.146 142.021 -161.252 111.88 -92.636
-694.991 530.133 141.882 -161.252 111.88 -92.636
-695.171 529.119 141.743 -161.252 111.88 -92.636
-695.355 528.105 141.604 -161.252 111.88 -92.636
-695.541 527.091 141.465 -161.252 111.88 -92.636
-695.73 526.077 141.327 -161.252 111.88 -92.636
14
-695.612 652.896 160.122 -161.384 112.618 -100.256
-695.441 651.93 159.968 -161.38 112.587 -100.148
-695.272 650.964 159.814 -161.375 112.55 -100.025
-695.107 649.997 159.66 -161.375 112.55 -100.025
-694.944 649.03 159.507 -161.37 112.515 -99.904
-694.784 648.063 159.353 -161.363 112.469 -99.747
-694.627 647.095 159.199 -161.359 112.437 -99.637
-694.473 646.127 159.045 -161.354 112.401 -99.514
-694.322 645.158 158.892 -161.354 112.401 -99.514
-694.173 644.189 158.738 -161.347 112.361 -99.379
-694.028 643.219 158.584 -161.341 112.331 -99.275
-693.885 642.25 158.431 -161.336 112.295 -99.152
-693.745 641.279 158.277 -161.333 112.262 -99.044
-693.608 640.309 158.123 -161.33 112.232 -98.941
-693.474 639.338 157.97 -161.322 112.197 -98.82
-693.343 638.366 157.816 -161.322 112.197 -98.82
-693.214 637.394 157.663 -161.319 112.165 -98.713
-693.089 636.422 157.509 -161.314 112.123 -98.575
-692.966 635.45 157.356 -161.308 112.088 -98.457
-692.847 634.477 157.202 -161.308 112.088 -98.457
-692.73 633.503 157.049 -161.301 112.048 -98.322
-692.616 632.53 156.896 -161.295 112.014 -98.206
-692.505 631.555 156.742 -161.29 111.981 -98.09
-692.397 630.581 156.589 -161.29 111.981 -98.09
-692.291 629.606 156.436 -161.284 111.949 -97.982
-692.189 628.631 156.282 -161.279 111.924 -97.894
-692.089 627.655 156.129 -161.273 111.901 -97.805
-691.992 626.679 155.976 -161.271 111.883 -97.701
-691.899 625.702 155.823 -161.274 111.875 -97.61
-691.808 624.726 155.669 -161.274 111.875 -97.61
-691.72 623.748 155.516 -161.276 111.87 -97.496
-691.634 622.771 155.363 -161.276 111.868 -97.405
-691.552 621.793 155.21 -161.276 111.867 -97.336
-691.472 620.814 155.057 -161.276 111.867 -97.336
-691.396 619.835 154.904 -161.276 111.867 -97.336
-691.322 618.856 154.751 -161.275 111.871 -97.11
-691.251 617.877 154.598 -161.275 111.871 -97.11
-691.183 616.897 154.445 -161.275 111.87 -97.02
-691.118 615.916 154.292 -161.275 111.87 -97.02
-691.056 614.935 154.139 -161.275 111.87 -97.02
-690.996 613.954 153.986 -161.276 111.867 -96.784
-690.94 612.973 153.833 -161.276 111.867 -96.784
-690.886 611.991 153.68 -161.276 111.87 -96.71
-690.835 611.008 153.527 -161.276 111.87 -96.71
-690.788 610.026 153.374 -161.276 111.872 -96.634
-690.742 609.043 153.221 -161.276 111.871 -96.562
-690.7 608.059 153.068 -161.276 111.87 -96.474
-690.661 607.075 152.916 -161.276 111.87 -96.474
-690.625 606.091 152.763 -161.277 111.872 -96.311
-690.591 605.106 152.61 -161.277 111.872 -96.311
-690.56 604.121 152.457 -161.278 111.871 -96.242
-690.533 603.136 152.305 -161.278 111.871 -96.242
-690.508 602.15 152.152 -161.278 111.874 -96.035
-690.486 601.164 151.999 -161.278 111.874 -96.035
-690.467 600.177 151.847 -161.278 111.874 -96.035
-690.45 599.19 151.694 -161.28 111.874 -95.958
-690.437 598.203 151.542 -161.28 111.876 -95.873
-690.426 597.215 151.389 -161.28 111.876 -95.873
-690.419 596.227 151.236 -161.28 111.876 -95.873
-690.414 595.238 151.084 -161.28 111.876 -95.873
-690.412 594.249 150.931 -161.28 111.877 -95.416
-690.413 593.26 150.779 -161.28 111.877 -95.416
-690.417 592.27 150.627 -161.28 111.877 -95.416
-690.423 591.28 150.474 -161.28 111.877 -95.416
-690.433 590.289 150.322 -161.28 111.877 -95.416
-690.445 589.298 150.169 -161.282 111.877 -95.333
-690.46 588.307 150.017 -161.282 111.877 -95.265
-690.479 587.315 149.865 -161.281 111.876 -95.188
-690.5 586.323 149.712 -161.283 111.876 -95.125
-690.524 585.331 149.56 -161.283 111.876 -95.125
-690.55 584.338 149.408 -161.285 111.877 -95.039
-690.58 583.345 149.256 -161.286 111.876 -94.962
-690.613 582.351 149.103 -161.286 111.876 -94.888
-690.648 581.357 148.951 -161.285 111.873 -94.809
-690.686 580.363 148.799 -161.284 111.873 -94.742
-690.727 579.368 148.647 -161.284 111.873 -94.742
-690.771 578.373 148.495 -161.285 111.873 -94.668
-690.818 577.377 148.343 -161.285 111.875 -94.604
-690.868 576.381 148.191 -161.284 111.875 -94.521
-690.921 575.385 148.039 -161.284 111.875 -94.521
-690.976 574.388 147.887 -161.284 111.875 -94.521
-691.035 573.391 147.735 -161.272 111.874 -94.216
-691.096 572.393 147.583 -161.272 111.874 -94.216
-691.16 571.395 147.431 -161.272 111.874 -94.216
-691.227 570.397 147.279 -161.272 111.874 -94.216
-691.297 569.398 147.127 -161.27 111.874 -94.138
-691.37 568.399 146.975 -161.267 111.874 -93.99
-691.445 567.4 146.823 -161.267 111.874 -93.99
-691.524 566.4 146.671 -161.265 111.874 -93.911
-691.605 565.399 146.52 -161.264 111.874 -93.844
-691.689 564.399 146.368 -161.264 111.874 -93.844
-691.776 563.398 146.216 -161.262 111.874 -93.769
-691.866 562.396 146.064 -161.26 111.874 -93.688
-691.959 561.394 145.913 -161.259 111.875 -93.61
-692.055 560.392 145.761 -161.256 111.878 -93.526
-692.153 559.39 145.609 -161.256 111.878 -93.526
-692.255 558.387 145.458 -161.256 111.878 -93.451
-692.359 557.383 145.306 -161.256 111.88 -93.381
-692.466 556.379 145.154 -161.254 111.88 -93.293
-692.577 555.375 145.003 -161.252 111.878 -93.222
-692.69 554.371 144.851 -161.252 111.878 -93.222
-692.805 553.366 144.7 -161.253 111.877 -93.144
-692.924 552.36 144.548 -161.253 111.878 -93.081
-693.046 551.355 144.397 -161.253 111.88 -92.991
-693.17 550.348 144.245 -161.253 111.88 -92.991
-693.297 549.342 144.094 -161.254 111.88 -92.904
-693.428 548.335 143.942 -161.254 111.88 -92.904
-693.561 547.328 143.791 -161.254 111.879 -92.73
-693.697 546.32 143.64 -161.254 111.879 -92.73
-693.835 545.312 143.488 -161.254 111.879 -92.73
-693.977 544.304 143.337 -161.254 111.879 -92.73
-694.122 543.295 143.186 -161.254 111.879 -92.73
-694.269 542.285 143.034 -161.254 111.879 -92.73
-694.419 541.276 142.883 -161.254 111.879 -92.73
-694.572 540.266 142.732 -161.254 111.879 -92.73
-694.729 539.255 142.581 -161.254 111.879 -92.73
-694.887 538.244 142.43 -161.254 111.879 -92.73
-695.049 537.233 142.278 -161.254 111.879 -92.73
-695.214 536.222 142.127 -161.254 111.879 -92.73
-695.381 535.21 141.976 -161.254 111.879 -92.73
-695.552 534.197 141.825 -161.254 111.879 -92.73
-695.725 533.185 141.674 -161.254 111.879 -92.73
-695.901 532.171 141.523 -161.254 111.879 -92.73
-696.08 531.158 141.372 -161.254 111.879 -92.73
-696.262 530.144 141.221 -161.254 111.879 -92.73
-696.447 529.13 141.07 -161.254 111.879 -92.73
-696.635 528.115 140.919 -161.254 111.879 -92.73
