1
-968.147 442.418 -99.4127 122.022 135.31 90.31
-969.028 441.894 -99.4005 122.022 135.31 90.31
-969.911 441.375 -99.3884 122.003 135.343 90.401
-970.795 440.861 -99.3764 121.93 135.317 90.493
-971.68 440.351 -99.3644 121.825 135.305 90.621
-972.567 439.846 -99.3524 121.727 135.312 90.755
-973.455 439.345 -99.3406 121.616 135.306 90.883
-974.344 438.849 -99.3288 121.536 135.296 90.978
-975.235 438.357 -99.317 121.446 135.281 91.083
-976.127 437.87 -99.3054 121.352 135.273 91.208
-977.021 437.388 -99.2938 121.27 135.268 91.316
-977.916 436.91 -99.2822 121.176 135.265 91.458
-978.812 436.436 -99.2707 121.176 135.265 91.458
-979.709 435.968 -99.2593 121.176 135.265 91.458
-980.608 435.504 -99.2479 120.865 135.243 91.859
-981.508 435.044 -99.2366 120.865 135.243 91.859
-982.41 434.589 -99.2254 120.747 135.228 91.994
-983.313 434.139 -99.2142 120.747 135.228 91.994
-984.217 433.693 -99.2031 120.747 135.228 91.994
-985.123 433.252 -99.1921 120.747 135.228 91.994
-986.03 432.815 -99.1811 120.747 135.228 91.994
-986.938 432.383 -99.1702 120.747 135.228 91.994
-987.848 431.956 -99.1593 119.86 135.166 93.146
-988.759 431.533 -99.1486 119.86 135.166 93.146
-989.671 431.115 -99.1378 119.86 135.166 93.146
-990.585 430.701 -99.1272 119.86 135.166 93.146
-991.5 430.292 -99.1166 119.86 135.166 93.146
-992.417 429.887 -99.106 119.86 135.166 93.146
-993.335 429.487 -99.0956 119.86 135.166 93.146
-994.254 429.092 -99.0852 119.86 135.166 93.146
-995.174 428.701 -99.0748 119.86 135.166 93.146
-996.096 428.315 -99.0645 119.309 135.132 93.865
-997.02 427.933 -99.0543 119.309 135.132 93.865
-997.944 427.556 -99.0442 119.309 135.132 93.865
-998.87 427.184 -99.0341 119.22 135.126 93.976
-999.797 426.816 -99.024 119.134 135.12 94.084
-1000.73 426.453 -99.0141 119.048 135.11 94.199
-1001.66 426.094 -99.0042 118.959 135.101 94.315
-1002.59 425.74 -98.9943 118.959 135.101 94.315
-1003.52 425.39 -98.9846 118.872 135.094 94.441
-1004.45 425.046 -98.9748 118.666 135.087 94.716
-1005.39 424.705 -98.9652 118.666 135.087 94.716
-1006.33 424.369 -98.9556 118.666 135.087 94.716
-1007.26 424.038 -98.9461 118.462 135.076 94.961
-1008.2 423.712 -98.9366 118.347 135.067 95.105
-1009.15 423.39 -98.9272 118.347 135.067 95.105
-1010.09 423.072 -98.9179 118.232 135.055 95.25
-1011.03 422.759 -98.9086 118.131 135.045 95.377
-1011.98 422.451 -98.8994 118.017 135.038 95.529
-1012.92 422.147 -98.8903 118.017 135.038 95.529
-1013.87 421.848 -98.8812 117.916 135.03 95.661
-1014.82 421.554 -98.8722 117.827 135.027 95.788
-1015.77 421.264 -98.8633 117.725 135.021 95.914
-1016.72 420.978 -98.8544 117.61 135.016 96.073
-1017.67 420.697 -98.8455 117.52 135.01 96.183
-1018.63 420.421 -98.8368 117.43 135.002 96.292
-1019.58 420.15 -98.8281 117.43 135.002 96.292
-1020.54 419.883 -98.8194 117.24 134.984 96.525
-1021.5 419.62 -98.8109 117.24 134.984 96.525
-1022.46 419.362 -98.8024 117.064 134.974 96.761
-1023.42 419.109 -98.7939 117.064 134.974 96.761
-1024.38 418.86 -98.7855 116.95 134.967 96.914
-1025.35 418.616 -98.7772 116.838 134.957 97.071
-1026.31 418.377 -98.769 116.838 134.957 97.071
-1027.28 418.142 -98.7608 116.735 134.948 97.203
-1028.25 417.911 -98.7527 116.633 134.943 97.336
-1029.22 417.685 -98.7446 116.633 134.943 97.336
-1030.19 417.464 -98.7366 116.424 134.933 97.59
-1031.16 417.248 -98.7287 116.323 134.926 97.717
-1032.13 417.035 -98.7208 116.323 134.926 97.717
-1033.11 416.828 -98.713 116.21 134.916 97.858
-1034.08 416.625 -98.7052 116.107 134.908 97.987
-1035.06 416.427 -98.6975 116.107 134.908 97.987
-1036.04 416.233 -98.6899 115.915 134.89 98.233
-1037.02 416.044 -98.6824 115.812 134.887 98.37
-1038 415.859 -98.6749 115.812 134.887 98.37
-1038.98 415.679 -98.6674 115.71 134.882 98.504
-1039.97 415.504 -98.6601 115.622 134.877 98.615
-1040.95 415.333 -98.6528 115.533 134.873 98.744
-1041.94 415.167 -98.6455 115.421 134.864 98.884
-1042.93 415.005 -98.6384 115.334 134.858 99
-1043.92 414.848 -98.6312 115.243 134.847 99.108
-1044.91 414.696 -98.6242 115.142 134.835 99.231
-1045.9 414.548 -98.6172 115.052 134.83 99.342
-1046.89 414.405 -98.6103 114.961 134.824 99.453
-1047.89 414.266 -98.6034 114.961 134.824 99.453
-1048.89 414.132 -98.5966 114.831 134.819 99.62
-1049.88 414.002 -98.5899 114.732 134.813 99.753
-1050.88 413.877 -98.5832 114.62 134.806 99.904
-1051.88 413.757 -98.5766 114.62 134.806 99.904
-1052.89 413.641 -98.5701 114.533 134.799 100.029
-1053.89 413.53 -98.5636 114.432 134.791 100.164
-1054.89 413.423 -98.5572 114.324 134.787 100.3
-1055.9 413.321 -98.5508 114.233 134.78 100.405
-1056.91 413.224 -98.5445 114.142 134.773 100.512
-1057.91 413.131 -98.5383 114.051 134.769 100.628
-1058.92 413.042 -98.5321 113.963 134.763 100.739
-1059.94 412.959 -98.526 113.85 134.755 100.884
-1060.95 412.879 -98.52 113.737 134.747 101.03
-1061.96 412.805 -98.514 113.737 134.747 101.03
-1062.98 412.735 -98.5081 113.634 134.736 101.149
-1063.99 412.67 -98.5023 113.516 134.728 101.304
-1065.01 412.609 -98.4965 113.424 134.72 101.416
-1066.03 412.552 -98.4908 113.322 134.715 101.55
-1067.05 412.501 -98.4851 113.234 134.71 101.67
-1068.07 412.454 -98.4795 113.136 134.702 101.796
-1070.41 412.352 -98.4733 112.921 134.693 102.091
-1071.41 412.33 -98.4678 112.921 134.693 102.091
-1072.42 412.313 -98.4624 112.817 134.686 102.217
-1073.42 412.3 -98.4571 112.714 134.678 102.346
-1074.43 412.292 -98.4518 112.609 134.668 102.471
-1075.43 412.289 -98.4466 112.492 134.654 102.605
-1076.44 412.29 -98.4415 112.492 134.654 102.605
-1077.44 412.296 -98.4364 112.392 134.65 102.742
-1078.44 412.306 -98.4314 112.288 134.644 102.871
-1079.44 412.321 -98.4264 112.174 134.638 103.016
-1080.45 412.341 -98.4215 112.061 134.631 103.162
-1081.45 412.365 -98.4167 112.061 134.631 103.162
-1082.45 412.393 -98.4119 111.969 134.626 103.274
-1083.45 412.426 -98.4072 111.881 134.617 103.382
-1084.45 412.464 -98.4026 111.777 134.612 103.524
-1085.45 412.506 -98.398 111.663 134.602 103.671
-1086.45 412.553 -98.3935 111.663 134.602 103.671
-1087.45 412.605 -98.389 111.446 134.589 103.959
-1088.45 412.661 -98.3846 111.446 134.589 103.959
-1089.45 412.721 -98.3803 111.446 134.589 103.959
-1090.44 412.787 -98.376 111.446 134.589 103.959
-1091.44 412.856 -98.3718 111.446 134.589 103.959
-1092.44 412.931 -98.3676 111.446 134.589 103.959
-1093.43 413.01 -98.3636 110.677 134.534 104.922
-1094.43 413.093 -98.3595 110.677 134.534 104.922
-1095.42 413.181 -98.3556 110.677 134.534 104.922
-1096.42 413.274 -98.3517 110.677 134.534 104.922
-1097.41 413.371 -98.3478 110.677 134.534 104.922
-1098.41 413.473 -98.3441 110.585 134.523 105.024
-1099.4 413.579 -98.3403 110.446 134.515 105.212
-1100.39 413.69 -98.3367 110.446 134.515 105.212
-1101.39 413.805 -98.3331 110.357 134.512 105.33
-1102.38 413.925 -98.3296 110.229 134.503 105.486
-1103.37 414.05 -98.3261 110.129 134.497 105.613
-1104.36 414.179 -98.3227 110.027 134.493 105.741
-1105.35 414.313 -98.3194 110.027 134.493 105.741
-1106.34 414.451 -98.3161 109.925 134.488 105.868
-1107.33 414.594 -98.3129 109.787 134.48 106.03
-1108.32 414.741 -98.3097 109.681 134.474 106.162
-1109.31 414.893 -98.3066 109.681 134.474 106.162
-1110.3 415.05 -98.3036 109.598 134.47 106.259
-1111.29 415.211 -98.3006 109.514 134.469 106.35
-1112.28 415.377 -98.2977 109.405 134.472 106.461
-1113.26 415.547 -98.2949 109.288 134.477 106.577
-1114.25 415.722 -98.2921 109.207 134.479 106.648
-1115.24 415.901 -98.2894 109.117 134.483 106.73
-1116.22 416.085 -98.2867 109.026 134.487 106.813
-1117.21 416.274 -98.2842 108.943 134.491 106.883
-1118.19 416.467 -98.2816 108.845 134.499 106.964
-1119.18 416.665 -98.2792 108.75 134.506 107.043
-1120.16 416.867 -98.2767 108.75 134.506 107.043
-1121.15 417.074 -98.2744 108.638 134.51 107.13
-1122.13 417.285 -98.2721 108.536 134.516 107.209
-1126.08 417.895 -98.2767 108.215 134.536 107.466
-1127.06 418.126 -98.2751 108.129 134.543 107.537
-1128.04 418.361 -98.2735 108.028 134.551 107.621
-1129.02 418.6 -98.272 107.938 134.557 107.691
-1129.99 418.844 -98.2706 107.839 134.565 107.774
-1130.97 419.092 -98.2692 107.732 134.573 107.865
-1131.94 419.345 -98.2679 107.732 134.573 107.865
-1132.91 419.602 -98.2667 107.646 134.579 107.937
-1133.88 419.864 -98.2655 107.532 134.588 108.029
-1134.84 420.131 -98.2644 107.532 134.588 108.029
-1135.81 420.402 -98.2633 107.328 134.605 108.194
-1136.77 420.677 -98.2624 107.328 134.605 108.194
-1137.73 420.957 -98.2614 107.328 134.605 108.194
-1138.69 421.241 -98.2606 107.328 134.605 108.194
-1139.65 421.53 -98.2598 106.704 134.643 108.708
-1140.61 421.824 -98.2591 106.704 134.643 108.708
-1141.56 422.122 -98.2584 106.704 134.643 108.708
-1142.51 422.424 -98.2578 106.704 134.643 108.708
-1143.47 422.731 -98.2572 106.704 134.643 108.708
-1144.42 423.043 -98.2568 106.531 134.657 108.852
-1145.36 423.359 -98.2564 106.531 134.657 108.852
-1146.31 423.679 -98.256 106.421 134.663 108.942
-1147.26 424.004 -98.2557 106.421 134.663 108.942
-1148.2 424.334 -98.2555 106.289 134.671 109.054
-1149.14 424.668 -98.2553 106.163 134.682 109.16
-1150.08 425.006 -98.2552 106.163 134.682 109.16
-1151.02 425.35 -98.2552 106.048 134.691 109.248
-1151.96 425.697 -98.2552 105.947 134.7 109.328
-1152.89 426.049 -98.2553 105.862 134.704 109.398
-1153.82 426.406 -98.2555 105.775 134.709 109.47
-1154.76 426.767 -98.2557 105.676 134.715 109.553
-1155.68 427.133 -98.256 105.559 134.724 109.64
-1156.61 427.503 -98.2563 105.559 134.724 109.64
-1157.54 427.878 -98.2567 105.447 134.732 109.732
-1158.46 428.257 -98.2572 105.359 134.735 109.801
-1159.39 428.64 -98.2577 105.271 134.741 109.873
-1160.31 429.029 -98.2583 105.175 134.75 109.956
-1161.23 429.421 -98.259 105.075 134.757 110.034
-1162.15 429.819 -98.2597 104.967 134.764 110.127
-1163.06 430.22 -98.2605 104.967 134.764 110.127
-1163.98 430.627 -98.2613 104.867 134.771 110.206
-1164.89 431.037 -98.2622 104.779 134.779 110.279
-1165.8 431.453 -98.2632 104.676 134.787 110.356
-1166.71 431.872 -98.2643 104.575 134.794 110.438
-1167.62 432.297 -98.2654 104.492 134.799 110.508
-1168.53 432.725 -98.2665 104.383 134.803 110.596
-1169.43 433.159 -98.2678 104.383 134.803 110.596
-1170.34 433.597 -98.2691 104.269 134.811 110.69
-1171.24 434.039 -98.2704 104.164 134.82 110.769
-1172.14 434.486 -98.2718 104.077 134.826 110.841
-1173.03 434.937 -98.2733 103.99 134.831 110.912
-1173.93 435.393 -98.2749 103.875 134.836 110.999
-1175.98 436.318 -98.2811 103.778 134.843 111.08
-1176.88 436.805 -98.2833 103.667 134.851 111.17
-1177.77 437.296 -98.2856 103.557 134.859 111.262
-1178.67 437.791 -98.288 103.444 134.868 111.353
-1179.56 438.289 -98.2904 103.444 134.868 111.353
-1180.44 438.79 -98.2928 103.33 134.878 111.445
-1181.33 439.295 -98.2953 103.228 134.885 111.524
-1182.21 439.803 -98.2978 103.109 134.892 111.626
-1183.09 440.315 -98.3004 103.109 134.892 111.626
-1183.96 440.83 -98.303 103.012 134.897 111.704
-1184.83 441.348 -98.3057 102.91 134.904 111.785
-1185.7 441.87 -98.3084 102.818 134.911 111.853
-1186.57 442.395 -98.3112 102.728 134.917 111.923
-1187.43 442.924 -98.314 102.618 134.924 112.016
-1188.29 443.456 -98.3168 102.506 134.93 112.107
-1189.15 443.991 -98.3197 102.506 134.93 112.107
-1190 444.53 -98.3227 102.42 134.937 112.18
-1190.85 445.073 -98.3256 102.333 134.943 112.25
-1191.7 445.618 -98.3287 102.222 134.951 112.343
-1192.54 446.168 -98.3318 102.222 134.951 112.343
-1193.38 446.72 -98.3349 102.222 134.951 112.343
-1194.22 447.276 -98.3381 101.884 134.976 112.61
-1195.06 447.836 -98.3413 101.884 134.976 112.61
-1195.89 448.398 -98.3446 101.795 134.982 112.681
-1196.72 448.965 -98.3479 101.687 134.99 112.772
-1197.54 449.534 -98.3512 101.603 134.993 112.84
-1198.36 450.107 -98.3546 101.603 134.993 112.84
-1199.18 450.684 -98.3581 101.514 134.998 112.91
-1200 451.264 -98.3616 101.423 135.004 112.978
-1200.81 451.847 -98.3651 101.333 135.011 113.049
-1201.62 452.434 -98.3687 101.247 135.016 113.122
-1202.43 453.024 -98.3724 101.16 135.019 113.191
-1203.23 453.617 -98.3761 101.073 135.026 113.261
-1204.03 454.214 -98.3798 100.973 135.035 113.342
-1204.83 454.814 -98.3836 100.851 135.043 113.445
-1205.63 455.418 -98.3874 100.851 135.043 113.445
-1206.42 456.025 -98.3913 100.766 135.048 113.517
-1207.21 456.636 -98.3952 100.654 135.057 113.606
-1207.99 457.25 -98.3992 100.564 135.065 113.678
-1208.77 457.867 -98.4032 100.446 135.073 113.765
-1209.55 458.488 -98.4072 100.446 135.073 113.765
-1210.33 459.113 -98.4113 100.349 135.082 113.85
-1211.1 459.74 -98.4155 100.253 135.088 113.93
-1211.87 460.371 -98.4197 100.253 135.088 113.93
-1212.64 461.006 -98.4239 100.021 135.099 114.104
-1213.4 461.644 -98.4282 100.021 135.099 114.104
-1214.16 462.285 -98.4325 100.021 135.099 114.104
-1214.92 462.93 -98.4369 100.021 135.099 114.104
-1215.68 463.578 -98.4413 99.618 135.128 114.426
-1216.43 464.229 -98.4458 99.618 135.128 114.426
-1217.17 464.884 -98.4503 99.517 135.135 114.503
-1217.92 465.543 -98.4549 99.517 135.135 114.503
-1218.66 466.205 -98.4595 99.432 135.141 114.577
-1219.4 466.87 -98.4642 99.337 135.146 114.658
-1220.14 467.539 -98.4689 99.25 135.152 114.726
-1220.87 468.211 -98.4736 99.119 135.16 114.826
-1221.6 468.886 -98.4784 99.119 135.16 114.826
-1222.33 469.565 -98.4833 99.005 135.171 114.918
-1223.05 470.247 -98.4882 98.87 135.179 115.031
-1223.77 470.933 -98.4931 98.87 135.179 115.031
-1224.49 471.622 -98.4981 98.742 135.186 115.127
-1225.2 472.315 -98.5031 98.653 135.191 115.197
-1225.91 473.011 -98.5082 98.564 135.197 115.266
-1226.62 473.71 -98.5133 98.477 135.202 115.337
-1227.33 474.413 -98.5185 98.367 135.21 115.426
-1228.03 475.119 -98.5237 98.367 135.21 115.426
-1228.73 475.828 -98.529 98.228 135.221 115.538
-1229.42 476.541 -98.5343 98.124 135.228 115.614
-1230.12 477.258 -98.5396 98.038 135.235 115.688
-1230.81 477.978 -98.545 98.038 135.235 115.688
-1231.49 478.701 -98.5505 97.93 135.242 115.779
-1232.18 479.428 -98.556 97.83 135.247 115.857
-1232.86 480.158 -98.5615 97.717 135.255 115.945
-1233.53 480.891 -98.5671 97.717 135.255 115.945
-1234.21 481.628 -98.5727 97.615 135.261 116.026
-1234.88 482.369 -98.5784 97.493 135.268 116.129
-1235.55 483.112 -98.5841 97.493 135.268 116.129
-1236.21 483.859 -98.5899 97.379 135.275 116.217
-1236.87 484.61 -98.5957 97.273 135.282 116.295
-1237.53 485.364 -98.6016 97.17 135.288 116.37
-1238.19 486.121 -98.6075 97.087 135.295 116.445
-1238.84 486.882 -98.6134 97.005 135.3 116.516
-1239.49 487.646 -98.6194 97.005 135.3 116.516
-1240.14 488.414 -98.6255 96.79 135.314 116.685
-1240.78 489.185 -98.6316 96.79 135.314 116.685
-1241.42 489.96 -98.6377 96.699 135.322 116.753
-1242.06 490.737 -98.6439 96.527 135.335 116.899
-1242.69 491.519 -98.6502 96.527 135.335 116.899
-1243.32 492.303 -98.6564 96.439 135.343 116.968
-1243.95 493.092 -98.6628 96.322 135.35 117.055
-1244.57 493.883 -98.6691 96.322 135.35 117.055
-1245.2 494.678 -98.6756 96.121 135.358 117.211
-1245.82 495.476 -98.682 96.121 135.358 117.211
-1246.43 496.278 -98.6885 96.008 135.364 117.3
-1247.04 497.083 -98.6951 95.917 135.371 117.368
-1247.65 497.892 -98.7017 95.826 135.379 117.436
-1248.26 498.704 -98.7084 95.725 135.387 117.517
-1248.86 499.52 -98.715 95.641 135.393 117.589
-1249.46 500.338 -98.7218 95.641 135.393 117.589
-1250.06 501.161 -98.7286 95.542 135.399 117.668
-1250.65 501.986 -98.7354 95.417 135.407 117.764
-1251.24 502.815 -98.7423 95.319 135.413 117.84
-1251.83 503.648 -98.7492 95.319 135.413 117.84
-1252.42 504.484 -98.7562 95.044 135.426 118.06
-1253 505.323 -98.7632 95.044 135.426 118.06
-1253.58 506.166 -98.7703 95.044 135.426 118.06
-1254.15 507.012 -98.7774 94.868 135.439 118.195
-1254.72 507.862 -98.7846 94.868 135.439 118.195
-1255.29 508.715 -98.7918 94.786 135.442 118.271
-1255.86 509.571 -98.799 94.786 135.442 118.271
2
-966.148 442.031 -99.7341 122.021 135.312 90.31
-967.04 441.53 -99.7226 122.021 135.312 90.31
-967.934 441.034 -99.711 122.021 135.312 90.31
-968.828 440.542 -99.6996 122.021 135.312 90.31
-969.724 440.054 -99.6881 121.935 135.318 90.485
-970.621 439.571 -99.6768 121.846 135.305 90.598
-971.519 439.092 -99.6654 121.752 135.309 90.719
-972.419 438.617 -99.6542 121.666 135.311 90.831
-973.319 438.146 -99.6429 121.666 135.311 90.831
-974.221 437.68 -99.6318 121.479 135.285 91.038
-975.124 437.218 -99.6206 121.387 135.276 91.163
-976.028 436.76 -99.6096 121.387 135.276 91.163
-976.933 436.306 -99.5985 121.293 135.269 91.286
-977.84 435.857 -99.5876 121.199 135.265 91.418
-978.748 435.412 -99.5766 121.103 135.264 91.563
-979.657 434.971 -99.5657 120.98 135.254 91.719
-980.567 434.534 -99.5549 120.893 135.245 91.829
-981.478 434.102 -99.5441 120.799 135.235 91.933
-982.391 433.674 -99.5334 120.799 135.235 91.933
-983.304 433.25 -99.5227 120.695 135.225 92.058
-984.219 432.83 -99.5121 120.593 135.22 92.188
-985.136 432.415 -99.5015 120.506 135.217 92.312
-986.053 432.004 -99.491 120.42 135.213 92.439
-986.971 431.597 -99.4805 120.321 135.207 92.577
-987.891 431.195 -99.47 120.232 135.194 92.68
-988.812 430.796 -99.4596 120.139 135.184 92.791
-989.734 430.402 -99.4493 120.051 135.178 92.902
-990.657 430.012 -99.439 119.936 135.17 93.05
-991.582 429.627 -99.4288 119.936 135.17 93.05
-992.508 429.246 -99.4186 119.848 135.165 93.162
-993.434 428.869 -99.4084 119.737 135.16 93.315
-994.362 428.496 -99.3983 119.635 135.152 93.453
-995.292 428.127 -99.3883 119.516 135.144 93.609
-996.222 427.763 -99.3783 119.516 135.144 93.609
-997.154 427.403 -99.3683 119.412 135.139 93.736
-998.087 427.047 -99.3585 119.322 135.134 93.848
-999.021 426.696 -99.3486 119.233 135.126 93.96
-999.956 426.349 -99.3388 119.147 135.12 94.069
-1000.89 426.006 -99.3291 119.035 135.107 94.213
-1001.83 425.667 -99.3194 118.934 135.098 94.346
-1002.77 425.332 -99.3097 118.934 135.098 94.346
-1003.71 425.002 -99.3001 118.835 135.092 94.489
-1004.65 424.676 -99.2905 118.731 135.088 94.627
-1005.59 424.355 -99.281 118.64 135.086 94.748
-1006.54 424.037 -99.2716 118.525 135.079 94.889
-1007.48 423.724 -99.2622 118.437 135.074 94.991
-1008.43 423.415 -99.2528 118.308 135.063 95.153
-1009.37 423.11 -99.2435 118.308 135.063 95.153
-1010.32 422.81 -99.2343 118.193 135.05 95.299
-1011.27 422.514 -99.225 118.092 135.041 95.423
-1012.22 422.222 -99.2159 118.004 135.037 95.552
-1013.18 421.934 -99.2068 117.904 135.028 95.675
-1014.13 421.651 -99.1977 117.904 135.028 95.675
-1015.08 421.372 -99.1887 117.802 135.026 95.826
-1016.04 421.097 -99.1797 117.699 135.019 95.946
-1016.99 420.826 -99.1708 117.596 135.015 96.09
-1017.95 420.56 -99.162 117.493 135.006 96.215
-1018.91 420.298 -99.1531 117.392 134.999 96.34
-1019.87 420.04 -99.1444 117.392 134.999 96.34
-1020.83 419.786 -99.1357 117.302 134.987 96.437
-1021.8 419.537 -99.127 117.176 134.983 96.615
-1022.76 419.292 -99.1184 117.064 134.975 96.761
-1023.73 419.051 -99.1098 117.064 134.975 96.761
-1024.69 418.814 -99.1013 116.962 134.968 96.899
-1025.66 418.582 -99.0928 116.85 134.959 97.053
-1026.63 418.354 -99.0844 116.748 134.949 97.187
-1027.6 418.13 -99.076 116.748 134.949 97.187
-1028.57 417.911 -99.0677 116.619 134.942 97.353
-1029.54 417.695 -99.0594 116.475 134.934 97.524
-1030.52 417.484 -99.0512 116.361 134.929 97.67
-1031.49 417.277 -99.043 116.361 134.929 97.67
-1032.47 417.075 -99.0349 116.248 134.92 97.808
-1033.44 416.877 -99.0268 116.145 134.91 97.937
-1034.42 416.683 -99.0188 116.056 134.901 98.049
-1035.4 416.493 -99.0108 115.953 134.892 98.184
-1036.38 416.307 -99.0028 115.953 134.892 98.184
-1037.36 416.126 -98.995 115.837 134.888 98.334
-1038.35 415.949 -98.9871 115.748 134.885 98.455
-1039.33 415.776 -98.9793 115.609 134.877 98.634
-1040.32 415.608 -98.9716 115.51 134.873 98.779
-1041.3 415.444 -98.9639 115.51 134.873 98.779
-1042.29 415.284 -98.9563 115.421 134.865 98.884
-1043.28 415.128 -98.9487 115.321 134.856 99.018
-1044.27 414.976 -98.9412 115.217 134.844 99.135
-1045.26 414.829 -98.9337 115.127 134.833 99.243
-1046.25 414.686 -98.9262 115.024 134.829 99.372
-1047.25 414.548 -98.9188 114.935 134.824 99.484
-1048.24 414.413 -98.9115 114.935 134.824 99.484
-1049.24 414.283 -98.9042 114.831 134.819 99.617
-1050.24 414.157 -98.897 114.731 134.814 99.752
-1051.23 414.035 -98.8898 114.632 134.807 99.883
-1052.23 413.918 -98.8826 114.545 134.8 100.013
-1053.24 413.805 -98.8755 114.431 134.79 100.163
-1054.24 413.696 -98.8685 114.431 134.79 100.163
-1055.24 413.591 -98.8615 114.313 134.785 100.316
-1056.25 413.491 -98.8545 114.196 134.777 100.45
-1057.25 413.395 -98.8476 114.105 134.771 100.564
-1058.26 413.303 -98.8408 114.001 134.766 100.695
-1059.27 413.215 -98.834 113.915 134.76 100.804
-1060.28 413.132 -98.8272 113.813 134.753 100.933
-1061.29 413.053 -98.8205 113.813 134.753 100.933
-1062.3 412.978 -98.8139 113.685 134.741 101.088
-1063.31 412.907 -98.8073 113.58 134.733 101.217
-1064.33 412.841 -98.8007 113.477 134.727 101.353
-1065.34 412.779 -98.7942 113.36 134.716 101.496
-1066.36 412.721 -98.7878 113.36 134.716 101.496
-1067.38 412.667 -98.7814 113.272 134.712 101.62
-1068.39 412.618 -98.775 113.174 134.706 101.751
-1069.41 412.573 -98.7687 113.04 134.697 101.935
-1071.63 412.501 -98.7596 112.844 134.689 102.185
-1072.64 412.485 -98.7536 112.844 134.689 102.185
-1073.64 412.473 -98.7476 112.739 134.68 102.316
-1074.65 412.466 -98.7417 112.636 134.67 102.442
-1075.65 412.463 -98.7358 112.531 134.659 102.56
-1076.65 412.465 -98.73 112.418 134.651 102.712
-1077.66 412.472 -98.7243 112.418 134.651 102.712
-1078.66 412.483 -98.7186 112.301 134.644 102.855
-1079.66 412.498 -98.713 112.185 134.639 103.002
-1080.67 412.518 -98.7074 112.086 134.633 103.13
-1081.67 412.543 -98.7019 111.97 134.625 103.274
-1082.67 412.572 -98.6964 111.97 134.625 103.274
-1083.67 412.606 -98.691 111.867 134.615 103.397
-1084.67 412.645 -98.6857 111.867 134.615 103.397
-1085.67 412.688 -98.6804 111.867 134.615 103.397
-1086.67 412.735 -98.6752 111.867 134.615 103.397
-1087.67 412.787 -98.67 111.251 134.578 104.197
-1088.66 412.844 -98.6649 111.251 134.578 104.197
-1089.66 412.905 -98.6598 111.251 134.578 104.197
-1090.66 412.971 -98.6548 111.251 134.578 104.197
-1091.65 413.041 -98.6499 111.15 134.572 104.327
-1092.65 413.116 -98.645 111.062 134.562 104.439
-1093.65 413.195 -98.6402 110.948 134.553 104.58
-1094.64 413.279 -98.6354 110.948 134.553 104.58
-1095.64 413.368 -98.6307 110.844 134.546 104.709
-1096.63 413.461 -98.626 110.844 134.546 104.709
-1097.63 413.559 -98.6214 110.549 134.52 105.073
-1098.62 413.661 -98.6169 110.549 134.52 105.073
-1099.61 413.768 -98.6124 110.435 134.515 105.231
-1100.6 413.879 -98.608 110.435 134.515 105.231
-1101.6 413.995 -98.6036 110.332 134.51 105.36
-1102.59 414.115 -98.5993 110.242 134.504 105.472
-1103.58 414.24 -98.595 110.129 134.497 105.612
-1104.57 414.37 -98.5908 110.026 134.493 105.741
-1105.56 414.504 -98.5867 109.937 134.489 105.852
-1106.55 414.643 -98.5826 109.837 134.483 105.969
-1107.54 414.786 -98.5785 109.837 134.483 105.969
-1108.53 414.934 -98.5746 109.716 134.476 106.118
-1109.52 415.086 -98.5706 109.609 134.471 106.244
-1110.5 415.243 -98.5668 109.514 134.469 106.35
-1111.49 415.405 -98.563 109.429 134.47 106.435
-1112.48 415.571 -98.5592 109.333 134.475 106.531
-1113.46 415.741 -98.5555 109.229 134.479 106.627
-1114.45 415.916 -98.5519 109.229 134.479 106.627
-1115.44 416.096 -98.5483 109.151 134.481 106.699
-1116.42 416.28 -98.5448 109.06 134.486 106.783
-1117.4 416.469 -98.5414 108.98 134.49 106.853
-1118.39 416.662 -98.538 108.895 134.495 106.923
-1119.37 416.86 -98.5346 108.798 134.504 107.005
-1120.36 417.063 -98.5313 108.713 134.508 107.072
-1121.34 417.27 -98.5281 108.6 134.512 107.16
-1122.32 417.482 -98.5249 108.499 134.518 107.239
-1123.3 417.698 -98.5218 108.385 134.526 107.325
-1127.09 418.519 -98.521 108.092 134.546 107.567
-1128.06 418.758 -98.5187 108.003 134.553 107.641
-1129.04 419.002 -98.5164 107.887 134.561 107.731
-1130.01 419.25 -98.5142 107.887 134.561 107.731
-1130.98 419.503 -98.5121 107.803 134.568 107.804
-1131.95 419.76 -98.51 107.695 134.574 107.894
-1132.92 420.021 -98.508 107.558 134.586 108.009
-1133.89 420.286 -98.506 107.558 134.586 108.009
-1134.85 420.556 -98.504 107.466 134.595 108.08
-1135.82 420.83 -98.5022 107.353 134.604 108.175
-1136.78 421.108 -98.5003 107.254 134.61 108.255
-1137.74 421.391 -98.4985 107.142 134.616 108.349
-1138.7 421.678 -98.4968 107.142 134.616 108.349
-1139.66 421.97 -98.4951 107.031 134.621 108.44
-1140.61 422.265 -98.4935 107.031 134.621 108.44
-1141.57 422.565 -98.4919 106.804 134.636 108.624
-1142.52 422.87 -98.4904 106.804 134.636 108.624
-1143.47 423.178 -98.4889 106.692 134.644 108.718
-1144.42 423.491 -98.4875 106.607 134.651 108.792
-1145.37 423.808 -98.4861 106.469 134.659 108.901
-1146.31 424.13 -98.4847 106.469 134.659 108.901
-1147.26 424.456 -98.4835 106.361 134.666 108.992
-1148.2 424.786 -98.4822 106.276 134.672 109.064
-1149.14 425.121 -98.4811 106.162 134.682 109.158
-1150.08 425.46 -98.4799 106.073 134.689 109.228
-1151.02 425.803 -98.4789 105.982 134.697 109.296
-1151.95 426.15 -98.4779 105.885 134.703 109.378
-1152.89 426.502 -98.4769 105.885 134.703 109.378
-1153.82 426.858 -98.476 105.788 134.708 109.458
-1154.75 427.219 -98.4751 105.688 134.714 109.542
-1155.68 427.584 -98.4743 105.584 134.722 109.619
-1156.61 427.953 -98.4735 105.483 134.73 109.702
-1157.54 428.326 -98.4728 105.396 134.734 109.772
-1158.46 428.704 -98.4721 105.396 134.734 109.772
-1159.39 429.086 -98.4715 105.296 134.74 109.854
-1160.31 429.472 -98.4709 105.187 134.749 109.946
-1161.23 429.863 -98.4704 105.098 134.756 110.014
-1162.15 430.258 -98.47 104.99 134.763 110.107
-1163.06 430.658 -98.4696 104.99 134.763 110.107
-1163.98 431.061 -98.4692 104.791 134.779 110.268
-1164.89 431.469 -98.4689 104.791 134.779 110.268
-1165.8 431.881 -98.4686 104.587 134.793 110.427
-1166.71 432.298 -98.4684 104.587 134.793 110.427
-1167.62 432.719 -98.4683 104.587 134.793 110.427
-1168.53 433.144 -98.4682 104.587 134.793 110.427
-1169.44 433.574 -98.4681 104.179 134.818 110.76
-1170.34 434.008 -98.4681 104.179 134.818 110.76
-1171.24 434.446 -98.4682 104.179 134.818 110.76
-1172.14 434.889 -98.4683 104.076 134.825 110.841
-1173.04 435.335 -98.4684 103.977 134.831 110.921
-1173.94 435.787 -98.4686 103.977 134.831 110.921
-1174.83 436.242 -98.4689 103.876 134.836 111
-1175.73 436.702 -98.4692 103.792 134.842 111.073
-1178.01 437.845 -98.475 103.593 134.856 111.233
-1178.91 438.329 -98.4758 103.494 134.864 111.313
-1179.81 438.816 -98.4766 103.369 134.875 111.417
-1180.7 439.307 -98.4774 103.281 134.882 111.487
-1181.6 439.801 -98.4783 103.181 134.887 111.566
-1182.48 440.299 -98.4793 103.181 134.887 111.566
-1183.37 440.8 -98.4803 103.075 134.893 111.657
-1184.25 441.305 -98.4813 102.976 134.899 111.737
-1185.13 441.814 -98.4824 102.861 134.908 111.829
-1186.01 442.326 -98.4835 102.743 134.915 111.916
-1186.88 442.841 -98.4846 102.743 134.915 111.916
-1187.75 443.361 -98.4858 102.632 134.922 112.008
-1188.61 443.883 -98.4871 102.522 134.927 112.1
-1189.48 444.409 -98.4883 102.522 134.927 112.1
-1190.34 444.939 -98.4897 102.386 134.94 112.215
-1191.19 445.473 -98.491 102.272 134.948 112.302
-1192.05 446.009 -98.4924 102.272 134.948 112.302
-1192.9 446.55 -98.4939 102.062 134.961 112.472
-1193.74 447.094 -98.4953 102.062 134.961 112.472
-1194.59 447.641 -98.4969 101.95 134.971 112.564
-1195.43 448.192 -98.4984 101.859 134.979 112.63
-1196.27 448.747 -98.5 101.746 134.986 112.723
-1197.1 449.305 -98.5017 101.663 134.99 112.791
-1197.93 449.867 -98.5034 101.562 134.996 112.869
-1198.76 450.432 -98.5051 101.562 134.996 112.869
-1199.58 451.001 -98.5069 101.475 135.001 112.94
-1200.4 451.573 -98.5087 101.383 135.007 113.007
-1201.22 452.149 -98.5105 101.284 135.015 113.091
-1202.04 452.729 -98.5124 101.158 135.019 113.187
-1202.85 453.312 -98.5143 101.047 135.029 113.281
-1203.66 453.898 -98.5163 101.047 135.029 113.281
-1204.47 454.488 -98.5183 100.947 135.037 113.36
-1205.27 455.082 -98.5204 100.861 135.043 113.432
-1206.07 455.679 -98.5225 100.764 135.048 113.513
-1206.86 456.28 -98.5246 100.676 135.054 113.582
-1207.66 456.884 -98.5268 100.561 135.065 113.674
-1208.45 457.492 -98.529 100.561 135.065 113.674
-1209.23 458.104 -98.5313 100.456 135.073 113.752
-1210.02 458.719 -98.5336 100.358 135.082 113.836
-1210.8 459.337 -98.5359 100.262 135.087 113.917
-1211.57 459.959 -98.5383 100.175 135.091 113.985
-1212.35 460.585 -98.5407 100.059 135.098 114.076
-1213.12 461.214 -98.5432 100.059 135.098 114.076
-1213.89 461.847 -98.5457 99.943 135.104 114.162
-1214.65 462.483 -98.5483 99.853 135.11 114.234
-1215.41 463.123 -98.5509 99.769 135.114 114.304
-1216.17 463.766 -98.5535 99.669 135.124 114.385
-1216.92 464.413 -98.5562 99.569 135.131 114.465
-1217.68 465.063 -98.5589 99.482 135.138 114.538
-1218.42 465.717 -98.5616 99.482 135.138 114.538
-1219.17 466.375 -98.5644 99.387 135.143 114.621
-1219.91 467.036 -98.5673 99.301 135.148 114.689
-1220.65 467.701 -98.5701 99.198 135.155 114.768
-1221.39 468.369 -98.5731 99.093 135.163 114.847
-1222.12 469.041 -98.576 99.007 135.171 114.921
-1222.85 469.716 -98.579 98.908 135.177 115.002
-1223.57 470.395 -98.5821 98.908 135.177 115.002
-1224.3 471.077 -98.5852 98.809 135.182 115.08
-1225.02 471.763 -98.5883 98.706 135.188 115.16
-1225.73 472.453 -98.5914 98.591 135.196 115.247
-1226.45 473.146 -98.5947 98.502 135.201 115.319
-1227.16 473.842 -98.5979 98.502 135.201 115.319
-1227.86 474.542 -98.6012 98.228 135.22 115.538
-1228.57 475.246 -98.6045 98.228 135.22 115.538
-1229.27 475.953 -98.6079 98.228 135.22 115.538
-1229.97 476.664 -98.6113 98.125 135.228 115.614
-1230.66 477.379 -98.6148 98.027 135.237 115.697
-1231.35 478.096 -98.6183 97.931 135.243 115.779
-1232.04 478.818 -98.6218 97.842 135.246 115.846
-1232.72 479.543 -98.6254 97.842 135.246 115.846
-1233.41 480.271 -98.629 97.728 135.254 115.934
-1234.08 481.004 -98.6327 97.638 135.259 116.003
-1234.76 481.739 -98.6364 97.529 135.266 116.097
-1235.43 482.478 -98.6401 97.441 135.271 116.165
-1236.1 483.221 -98.6439 97.34 135.277 116.244
-1236.77 483.967 -98.6477 97.34 135.277 116.244
-1237.43 484.717 -98.6516 97.246 135.283 116.312
-1238.09 485.471 -98.6555 97.135 135.291 116.403
-1238.74 486.228 -98.6594 97.051 135.298 116.475
-1239.4 486.988 -98.6634 96.968 135.302 116.545
-1240.05 487.752 -98.6674 96.853 135.309 116.633
-1240.69 488.52 -98.6715 96.853 135.309 116.633
-1241.34 489.291 -98.6756 96.737 135.319 116.723
-1241.98 490.065 -98.6798 96.563 135.333 116.869
-1242.62 490.844 -98.684 96.563 135.333 116.869
-1243.25 491.625 -98.6882 96.477 135.339 116.938
-1243.88 492.411 -98.6925 96.477 135.339 116.938
-1244.51 493.2 -98.6968 96.283 135.352 117.083
-1245.13 493.992 -98.7012 96.169 135.355 117.172
-1245.75 494.788 -98.7056 96.169 135.355 117.172
-1246.37 495.588 -98.71 96.046 135.362 117.27
-1246.99 496.391 -98.7145 95.904 135.372 117.378
-1247.6 497.197 -98.719 95.904 135.372 117.378
-1248.21 498.007 -98.7236 95.8 135.381 117.455
-1248.81 498.821 -98.7282 95.691 135.39 117.549
-1249.41 499.638 -98.7328 95.691 135.39 117.549
-1250.01 500.459 -98.7375 95.691 135.39 117.549
-1250.61 501.284 -98.7423 95.296 135.414 117.859
-1251.2 502.112 -98.747 95.296 135.414 117.859
-1251.79 502.943 -98.7518 95.296 135.414 117.859
-1252.38 503.778 -98.7567 95.208 135.418 117.935
-1252.96 504.617 -98.7616 95.208 135.418 117.935
-1253.54 505.459 -98.7665 95.014 135.428 118.084
-1254.12 506.304 -98.7715 94.905 135.437 118.166
-1254.69 507.154 -98.7765 94.821 135.441 118.239
-1255.26 508.006 -98.7816 94.743 135.448 118.312
-1255.83 508.863 -98.7867 94.743 135.448 118.312
3
-967.943 442.925 -100.049 122.023 135.311 90.311
-968.839 442.426 -100.038 122.023 135.311 90.311
-969.736 441.931 -100.027 122.023 135.311 90.311
-970.635 441.44 -100.017 122.023 135.311 90.311
-971.535 440.954 -100.006 121.804 135.305 90.647
-972.436 440.471 -99.9961 121.804 135.305 90.647
-973.338 439.993 -99.9857 121.718 135.311 90.766
-974.241 439.519 -99.9754 121.616 135.306 90.884
-975.145 439.05 -99.9651 121.513 135.291 91.001
-976.051 438.584 -99.9549 121.513 135.291 91.001
-976.957 438.123 -99.9447 121.316 135.269 91.252
-977.865 437.666 -99.9346 121.21 135.265 91.401
-978.774 437.213 -99.9245 121.21 135.265 91.401
-979.684 436.764 -99.9145 121.114 135.264 91.545
-980.595 436.32 -99.9045 121.004 135.257 91.69
-981.507 435.879 -99.8946 120.904 135.246 91.811
-982.421 435.443 -99.8847 120.76 135.23 91.979
-983.335 435.012 -99.8748 120.76 135.23 91.979
-984.251 434.584 -99.865 120.656 135.222 92.103
-985.168 434.161 -99.8552 120.493 135.216 92.33
-986.086 433.742 -99.8455 120.493 135.216 92.33
-987.005 433.327 -99.8358 120.493 135.216 92.33
-987.925 432.916 -99.8262 120.284 135.203 92.624
-988.847 432.509 -99.8166 120.284 135.203 92.624
-989.769 432.107 -99.8071 120.18 135.188 92.738
-990.693 431.709 -99.7976 120.18 135.188 92.738
-991.618 431.315 -99.7882 119.9 135.168 93.099
-992.544 430.926 -99.7788 119.9 135.168 93.099
-993.471 430.54 -99.7694 119.9 135.168 93.099
-994.399 430.159 -99.7601 119.9 135.168 93.099
-995.329 429.782 -99.7508 119.467 135.142 93.675
-996.259 429.409 -99.7416 119.467 135.142 93.675
-997.191 429.04 -99.7324 119.467 135.142 93.675
-998.124 428.676 -99.7233 119.363 135.136 93.803
-999.058 428.316 -99.7142 119.272 135.129 93.914
-999.993 427.96 -99.7052 119.182 135.122 94.025
-1000.93 427.608 -99.6962 119.11 135.115 94.116
-1001.87 427.261 -99.6873 118.996 135.103 94.261
-1002.81 426.918 -99.6784 118.996 135.103 94.261
-1003.75 426.578 -99.6695 118.883 135.096 94.419
-1004.69 426.244 -99.6607 118.795 135.092 94.537
-1005.63 425.913 -99.652 118.664 135.087 94.712
-1006.57 425.587 -99.6432 118.562 135.081 94.842
-1007.52 425.264 -99.6346 118.562 135.081 94.842
-1008.46 424.946 -99.6259 118.359 135.068 95.088
-1009.41 424.633 -99.6174 118.359 135.068 95.088
-1010.35 424.323 -99.6088 118.257 135.059 95.221
-1011.3 424.018 -99.6003 118.143 135.046 95.362
-1012.25 423.717 -99.5919 118.041 135.037 95.493
-1013.2 423.42 -99.5835 118.041 135.037 95.493
-1014.16 423.127 -99.5752 117.941 135.031 95.628
-1015.11 422.838 -99.5669 117.814 135.027 95.811
-1016.07 422.554 -99.5586 117.711 135.022 95.933
-1017.02 422.274 -99.5504 117.621 135.019 96.058
-1017.98 421.998 -99.5422 117.621 135.019 96.058
-1018.94 421.727 -99.5341 117.492 135.007 96.214
-1019.89 421.459 -99.526 117.392 134.998 96.338
-1020.85 421.196 -99.518 117.29 134.986 96.451
-1021.82 420.937 -99.51 117.188 134.984 96.599
-1022.78 420.682 -99.5021 117.188 134.984 96.599
-1023.74 420.432 -99.4942 117.087 134.976 96.727
-1024.71 420.185 -99.4863 117 134.974 96.853
-1025.67 419.943 -99.4785 116.875 134.961 97.016
-1026.64 419.705 -99.4708 116.786 134.954 97.138
-1027.61 419.472 -99.463 116.683 134.944 97.267
-1028.58 419.242 -99.4554 116.683 134.944 97.267
-1029.55 419.017 -99.4478 116.593 134.94 97.382
-1030.52 418.796 -99.4402 116.501 134.936 97.49
-1031.49 418.579 -99.4327 116.411 134.933 97.607
-1032.47 418.366 -99.4252 116.31 134.924 97.731
-1033.44 418.158 -99.4177 116.223 134.917 97.841
-1034.42 417.954 -99.4103 116.12 134.908 97.97
-1035.4 417.754 -99.403 116.006 134.896 98.116
-1036.37 417.558 -99.3957 116.006 134.896 98.116
-1037.35 417.366 -99.3884 115.889 134.891 98.268
-1038.33 417.179 -99.3812 115.774 134.884 98.419
-1039.32 416.996 -99.3741 115.672 134.88 98.553
-1040.3 416.817 -99.3669 115.572 134.875 98.69
-1041.28 416.642 -99.3599 115.572 134.875 98.69
-1042.27 416.472 -99.3528 115.421 134.865 98.883
-1043.26 416.306 -99.3459 115.332 134.858 99
-1044.24 416.144 -99.3389 115.242 134.848 99.107
-1045.23 415.986 -99.332 115.141 134.835 99.229
-1046.22 415.832 -99.3252 115.141 134.835 99.229
-1047.21 415.683 -99.3184 115.012 134.828 99.388
-1048.21 415.538 -99.3116 114.909 134.823 99.517
-1049.2 415.397 -99.3049 114.805 134.818 99.65
-1050.19 415.26 -99.2983 114.706 134.811 99.785
-1051.19 415.127 -99.2917 114.706 134.811 99.785
-1052.19 414.999 -99.2851 114.596 134.803 99.941
-1053.18 414.875 -99.2786 114.497 134.795 100.079
-1054.18 414.755 -99.2721 114.378 134.789 100.233
-1055.18 414.639 -99.2656 114.378 134.789 100.233
-1056.18 414.528 -99.2593 114.285 134.783 100.347
-1057.19 414.421 -99.2529 114.195 134.778 100.45
-1058.19 414.317 -99.2466 114.104 134.771 100.564
-1059.19 414.219 -99.2404 114.014 134.767 100.678
-1060.2 414.124 -99.2342 113.928 134.762 100.788
-1061.21 414.034 -99.228 113.839 134.754 100.901
-1062.22 413.947 -99.2219 113.75 134.749 101.015
-1063.23 413.866 -99.2158 113.647 134.737 101.135
-1064.24 413.788 -99.2098 113.555 134.731 101.255
-1065.25 413.714 -99.2038 113.425 134.719 101.416
-1066.26 413.645 -99.1979 113.31 134.715 101.568
-1067.27 413.58 -99.192 113.31 134.715 101.568
-1068.29 413.519 -99.1861 113.21 134.708 101.703
-1069.31 413.462 -99.1803 113.075 134.698 101.88
-1070.32 413.41 -99.1746 113.075 134.698 101.88
-1071.34 413.362 -99.1689 112.973 134.695 102.024
-1072.36 413.318 -99.1632 112.87 134.689 102.151
-1074.55 413.363 -99.1571 112.675 134.675 102.396
-1075.55 413.352 -99.1519 112.584 134.665 102.499
-1076.56 413.346 -99.1467 112.479 134.653 102.62
-1077.57 413.344 -99.1416 112.379 134.649 102.76
-1078.57 413.348 -99.1365 112.249 134.641 102.916
-1079.58 413.356 -99.1316 112.249 134.641 102.916
-1080.58 413.369 -99.1266 112.124 134.636 103.081
-1081.59 413.386 -99.1218 112.008 134.627 103.227
-1082.59 413.409 -99.1169 112.008 134.627 103.227
-1083.59 413.436 -99.1122 111.919 134.621 103.333
-1084.59 413.468 -99.1075 111.816 134.614 103.468
-1085.6 413.505 -99.1028 111.713 134.607 103.61
-1086.6 413.547 -99.0983 111.627 134.598 103.719
-1087.6 413.593 -99.0937 111.536 134.592 103.839
-1088.6 413.644 -99.0893 111.435 134.587 103.977
-1089.6 413.7 -99.0849 111.343 134.583 104.086
-1090.6 413.761 -99.0805 111.239 134.577 104.216
-1091.6 413.827 -99.0763 111.151 134.572 104.329
-1092.59 413.898 -99.072 111.151 134.572 104.329
-1093.59 413.973 -99.0679 111.05 134.561 104.456
-1094.59 414.053 -99.0637 110.923 134.551 104.614
-1095.59 414.138 -99.0597 110.83 134.546 104.725
-1096.58 414.228 -99.0557 110.83 134.546 104.725
-1097.58 414.322 -99.0518 110.611 134.526 104.995
-1098.57 414.421 -99.0479 110.611 134.526 104.995
-1099.57 414.525 -99.0441 110.495 134.519 105.138
-1100.56 414.634 -99.0403 110.495 134.519 105.138
-1101.55 414.748 -99.0366 110.293 134.508 105.406
-1102.55 414.867 -99.033 110.293 134.508 105.406
-1103.54 414.99 -99.0294 110.102 134.496 105.644
-1104.53 415.118 -99.0259 110.102 134.496 105.644
-1105.52 415.251 -99.0224 109.924 134.488 105.868
-1106.51 415.389 -99.019 109.924 134.488 105.868
-1107.5 415.531 -99.0157 109.824 134.482 105.985
-1108.49 415.679 -99.0124 109.705 134.476 106.133
-1109.48 415.831 -99.0092 109.621 134.472 106.233
-1110.47 415.988 -99.006 109.621 134.472 106.233
-1111.46 416.149 -99.0029 109.514 134.469 106.351
-1112.44 416.316 -98.9998 109.417 134.472 106.449
-1113.43 416.487 -98.9968 109.311 134.476 106.555
-1114.42 416.663 -98.9939 109.231 134.478 106.628
-1115.4 416.844 -98.991 109.13 134.482 106.722
-1116.39 417.03 -98.9882 109.038 134.487 106.805
-1117.37 417.221 -98.9854 108.932 134.491 106.893
-1118.36 417.416 -98.9827 108.846 134.499 106.965
-1119.34 417.616 -98.9801 108.846 134.499 106.965
-1120.32 417.821 -98.9775 108.739 134.506 107.055
-1121.31 418.031 -98.975 108.639 134.51 107.131
-1122.29 418.245 -98.9725 108.524 134.516 107.221
-1123.27 418.465 -98.9701 108.434 134.522 107.287
-1124.25 418.689 -98.9678 108.324 134.531 107.377
-1125.23 418.918 -98.9655 108.324 134.531 107.377
-1126.21 419.152 -98.9632 108.24 134.536 107.446
-1129.68 419.985 -98.9668 107.924 134.558 107.699
-1130.65 420.233 -98.9655 107.836 134.566 107.771
-1131.63 420.486 -98.9642 107.706 134.574 107.882
-1132.6 420.744 -98.963 107.62 134.581 107.956
-1133.57 421.006 -98.9619 107.62 134.581 107.956
-1134.54 421.272 -98.9608 107.518 134.59 108.038
-1135.51 421.543 -98.9597 107.428 134.598 108.112
-1136.47 421.818 -98.9587 107.327 134.606 108.194
-1137.44 422.098 -98.9578 107.216 134.612 108.285
-1138.4 422.382 -98.9569 107.106 134.618 108.379
-1139.36 422.67 -98.956 107.106 134.618 108.379
-1140.32 422.963 -98.9553 106.979 134.625 108.481
-1141.27 423.261 -98.9545 106.979 134.625 108.481
-1142.23 423.563 -98.9539 106.716 134.642 108.697
-1143.18 423.869 -98.9532 106.716 134.642 108.697
-1144.13 424.18 -98.9527 106.58 134.654 108.812
-1145.08 424.495 -98.9521 106.58 134.654 108.812
-1146.03 424.815 -98.9517 106.493 134.659 108.882
-1146.98 425.139 -98.9513 106.408 134.664 108.951
-1147.92 425.467 -98.9509 106.313 134.669 109.031
-1148.87 425.8 -98.9506 106.225 134.676 109.106
-1149.81 426.138 -98.9503 106.124 134.685 109.189
-1150.75 426.48 -98.9501 106.02 134.693 109.266
-1151.69 426.826 -98.95 105.934 134.7 109.337
-1152.62 427.177 -98.9499 105.934 134.7 109.337
-1153.56 427.532 -98.9499 105.849 134.704 109.406
-1154.49 427.892 -98.9499 105.751 134.71 109.489
-1155.42 428.256 -98.9499 105.663 134.716 109.561
-1156.35 428.625 -98.9501 105.52 134.726 109.67
-1157.28 428.998 -98.9502 105.433 134.733 109.742
-1158.21 429.375 -98.9505 105.346 134.736 109.811
-1159.13 429.757 -98.9507 105.346 134.736 109.811
-1160.05 430.144 -98.9511 105.223 134.746 109.914
-1160.97 430.535 -98.9515 105.125 134.753 109.995
-1161.89 430.93 -98.9519 105.026 134.761 110.077
-1162.81 431.33 -98.9524 105.026 134.761 110.077
-1163.73 431.734 -98.9529 104.904 134.768 110.175
-1164.64 432.142 -98.9535 104.816 134.776 110.247
-1165.55 432.556 -98.9542 104.729 134.784 110.318
-1166.47 432.973 -98.9549 104.6 134.792 110.417
-1167.37 433.395 -98.9556 104.6 134.792 110.417
-1168.28 433.821 -98.9565 104.492 134.798 110.507
-1169.19 434.252 -98.9573 104.383 134.802 110.597
-1170.09 434.688 -98.9582 104.296 134.808 110.669
-1170.99 435.127 -98.9592 104.191 134.817 110.749
-1171.9 435.572 -98.9602 104.101 134.824 110.82
-1172.79 436.02 -98.9613 104.101 134.824 110.82
-1173.69 436.473 -98.9624 103.991 134.831 110.911
-1174.59 436.931 -98.9636 103.877 134.836 111.001
-1175.48 437.393 -98.9649 103.877 134.836 111.001
-1176.37 437.859 -98.9662 103.593 134.856 111.234
-1177.26 438.33 -98.9675 103.593 134.856 111.234
-1179.42 439.335 -98.9729 103.507 134.863 111.304
-1180.32 439.833 -98.9748 103.32 134.88 111.458
-1181.21 440.335 -98.9767 103.216 134.885 111.534
-1182.09 440.84 -98.9787 103.216 134.885 111.534
-1182.98 441.348 -98.9807 103.133 134.891 111.608
-1183.86 441.86 -98.9828 103.036 134.896 111.685
-1184.74 442.376 -98.9849 102.936 134.902 111.764
-1185.61 442.895 -98.987 102.819 134.911 111.854
-1186.48 443.418 -98.9892 102.728 134.916 111.923
-1187.35 443.944 -98.9914 102.618 134.923 112.016
-1188.22 444.473 -98.9936 102.532 134.927 112.087
-1189.08 445.006 -98.9959 102.532 134.927 112.087
-1189.94 445.543 -98.9983 102.422 134.936 112.182
-1190.79 446.083 -99.0006 102.323 134.944 112.262
-1191.64 446.627 -99.0031 102.236 134.95 112.334
-1192.49 447.174 -99.0055 102.149 134.955 112.404
-1193.34 447.724 -99.008 102.05 134.962 112.483
-1194.18 448.278 -99.0106 102.05 134.962 112.483
-1195.02 448.836 -99.0131 101.938 134.973 112.575
-1195.86 449.397 -99.0157 101.848 134.98 112.643
-1196.69 449.961 -99.0184 101.761 134.985 112.714
-1197.52 450.529 -99.0211 101.665 134.99 112.793
-1198.35 451.101 -99.0238 101.576 134.994 112.861
-1199.17 451.676 -99.0266 101.576 134.994 112.861
-1199.99 452.254 -99.0294 101.385 135.006 113.007
-1200.81 452.836 -99.0323 101.273 135.014 113.102
-1201.62 453.422 -99.0352 101.185 135.018 113.169
-1202.43 454.011 -99.0381 101.185 135.018 113.169
-1203.24 454.603 -99.0411 101.072 135.026 113.26
-1204.04 455.199 -99.0441 100.959 135.036 113.35
-1204.84 455.799 -99.0472 100.85 135.043 113.443
-1205.64 456.402 -99.0503 100.85 135.043 113.443
-1206.44 457.008 -99.0534 100.753 135.048 113.525
-1207.23 457.618 -99.0566 100.652 135.056 113.605
-1208.02 458.231 -99.0598 100.55 135.066 113.687
-1208.8 458.848 -99.0631 100.445 135.074 113.765
-1209.58 459.469 -99.0664 100.361 135.081 113.839
-1210.36 460.093 -99.0697 100.361 135.081 113.839
-1211.14 460.72 -99.0731 100.239 135.088 113.938
-1211.91 461.351 -99.0765 100.14 135.093 114.019
-1212.68 461.985 -99.08 100.034 135.099 114.096
-1213.44 462.623 -99.0835 100.034 135.099 114.096
-1214.21 463.265 -99.0871 99.945 135.104 114.165
-1214.96 463.909 -99.0906 99.83 135.111 114.255
-1215.72 464.558 -99.0943 99.83 135.111 114.255
-1216.47 465.21 -99.0979 99.632 135.127 114.416
-1217.22 465.865 -99.1016 99.53 135.135 114.494
-1217.97 466.524 -99.1054 99.445 135.141 114.568
-1218.71 467.186 -99.1092 99.445 135.141 114.568
-1219.45 467.852 -99.113 99.361 135.145 114.638
-1220.19 468.521 -99.1169 99.262 135.151 114.716
-1220.92 469.194 -99.1208 99.146 135.159 114.808
-1221.65 469.87 -99.1247 99.055 135.168 114.877
-1222.38 470.55 -99.1287 98.956 135.174 114.961
-1223.11 471.234 -99.1327 98.859 135.179 115.04
-1223.83 471.92 -99.1368 98.859 135.179 115.04
-1224.54 472.611 -99.1409 98.717 135.186 115.148
-1225.26 473.304 -99.1451 98.615 135.194 115.226
-1225.97 474.002 -99.1492 98.526 135.199 115.296
-1226.68 474.702 -99.1535 98.526 135.199 115.296
-1227.38 475.407 -99.1577 98.428 135.205 115.377
-1228.09 476.114 -99.1621 98.328 135.211 115.455
-1228.78 476.826 -99.1664 98.239 135.219 115.527
-1229.48 477.54 -99.1708 98.136 135.227 115.605
-1230.17 478.259 -99.1752 98.05 135.235 115.678
-1230.86 478.98 -99.1797 97.956 135.242 115.759
-1231.55 479.706 -99.1842 97.869 135.245 115.827
-1232.23 480.434 -99.1888 97.869 135.245 115.827
-1232.91 481.167 -99.1934 97.781 135.25 115.897
-1233.58 481.902 -99.198 97.678 135.258 115.974
-1234.26 482.641 -99.2027 97.59 135.263 116.047
-1234.93 483.384 -99.2074 97.505 135.267 116.118
-1235.59 484.13 -99.2121 97.416 135.272 116.186
-1236.26 484.88 -99.2169 97.314 135.279 116.266
-1236.92 485.633 -99.2218 97.219 135.284 116.331
-1237.57 486.39 -99.2266 97.219 135.284 116.331
-1238.23 487.15 -99.2316 97.099 135.295 116.436
-1238.88 487.914 -99.2365 97.018 135.3 116.507
-1239.52 488.681 -99.2415 96.907 135.305 116.596
-1240.17 489.451 -99.2465 96.907 135.305 116.596
-1240.81 490.226 -99.2516 96.816 135.311 116.664
-1241.45 491.003 -99.2567 96.699 135.322 116.754
-1242.08 491.784 -99.2619 96.612 135.329 116.829
-1242.71 492.569 -99.2671 96.503 135.337 116.918
-1243.34 493.357 -99.2723 96.387 135.346 117.008
-1243.97 494.149 -99.2776 96.387 135.346 117.008
-1244.59 494.944 -99.2829 96.281 135.352 117.081
-1245.21 495.742 -99.2883 96.179 135.355 117.159
-1245.82 496.544 -99.2937 96.083 135.36 117.239
-1246.43 497.35 -99.2991 95.968 135.367 117.328
-1247.04 498.159 -99.3046 95.968 135.367 117.328
-1247.65 498.972 -99.3101 95.785 135.382 117.463
-1248.25 499.788 -99.3157 95.701 135.389 117.538
-1248.85 500.607 -99.3213 95.701 135.389 117.538
-1249.45 501.43 -99.3269 95.604 135.396 117.619
-1250.04 502.257 -99.3326 95.518 135.401 117.687
-1250.63 503.087 -99.3383 95.43 135.406 117.754
-1251.22 503.92 -99.3441 95.318 135.412 117.838
-1251.8 504.757 -99.3499 95.318 135.412 117.838
-1252.38 505.598 -99.3557 95.318 135.412 117.838
-1252.96 506.442 -99.3616 94.905 135.437 118.165
-1253.53 507.289 -99.3675 94.905 135.437 118.165
-1254.1 508.14 -99.3735 94.905 135.437 118.165
-1254.67 508.995 -99.3795 94.82 135.442 118.238
-1255.23 509.853 -99.3856 94.743 135.448 118.311
-1255.79 510.714 -99.3916 94.743 135.448 118.311
-1256.35 511.579 -99.3978 94.743 135.448 118.311
-1256.9 512.448 -99.4039 94.743 135.448 118.311
-1257.46 513.32 -99.4101 94.743 135.448 118.311
4
-967.691 441.857 -100.376 122.022 135.31 90.311
-968.581 441.353 -100.365 122.022 135.31 90.311
-969.473 440.853 -100.355 122.001 135.342 90.399
-970.365 440.357 -100.344 121.929 135.317 90.492
-971.259 439.866 -100.334 121.812 135.304 90.637
-972.154 439.379 -100.324 121.718 135.31 90.767
-973.05 438.897 -100.314 121.637 135.308 90.861
-973.948 438.418 -100.303 121.547 135.298 90.967
-974.846 437.944 -100.293 121.445 135.281 91.083
-975.746 437.475 -100.283 121.351 135.273 91.207
-976.647 437.01 -100.273 121.351 135.273 91.207
-977.549 436.549 -100.263 121.221 135.265 91.384
-978.453 436.092 -100.253 121.127 135.262 91.526
-979.357 435.64 -100.243 121.028 135.259 91.659
-980.263 435.193 -100.233 121.028 135.259 91.659
-981.17 434.749 -100.223 120.931 135.249 91.781
-982.078 434.31 -100.213 120.826 135.238 91.907
-982.988 433.875 -100.203 120.721 135.226 92.026
-983.899 433.445 -100.193 120.58 135.219 92.206
-984.811 433.019 -100.183 120.58 135.219 92.206
-985.724 432.597 -100.173 120.455 135.214 92.386
-986.638 432.18 -100.163 120.345 135.209 92.543
-987.553 431.767 -100.154 120.345 135.209 92.543
-988.47 431.358 -100.144 120.153 135.185 92.775
-989.388 430.954 -100.134 120.153 135.185 92.775
-990.307 430.554 -100.125 120.064 135.179 92.887
-991.228 430.158 -100.115 119.974 135.172 92.998
-992.149 429.767 -100.105 119.874 135.167 93.131
-993.072 429.38 -100.096 119.776 135.162 93.264
-993.996 428.998 -100.086 119.687 135.157 93.386
-994.921 428.62 -100.077 119.57 135.148 93.543
-995.847 428.246 -100.067 119.57 135.148 93.543
-996.775 427.876 -100.058 119.388 135.138 93.77
-997.704 427.511 -100.049 119.388 135.138 93.77
-998.634 427.15 -100.039 119.297 135.131 93.88
-999.565 426.794 -100.03 119.195 135.124 94.008
-1000.5 426.442 -100.021 119.097 135.115 94.134
-1001.43 426.094 -100.011 118.985 135.102 94.279
-1002.37 425.751 -100.002 118.896 135.095 94.4
-1003.3 425.411 -99.993 118.896 135.095 94.4
-1004.24 425.077 -99.9838 118.896 135.095 94.4
-1005.18 424.746 -99.9747 118.551 135.081 94.858
-1006.12 424.42 -99.9656 118.551 135.081 94.858
-1007.06 424.099 -99.9565 118.551 135.081 94.858
-1008 423.781 -99.9475 118.449 135.074 94.974
-1008.94 423.468 -99.9385 118.358 135.067 95.087
-1009.89 423.16 -99.9296 118.256 135.059 95.219
-1010.83 422.856 -99.9206 118.167 135.048 95.332
-1011.78 422.556 -99.9117 118.052 135.04 95.478
-1012.73 422.26 -99.9029 117.966 135.034 95.597
-1013.68 421.969 -99.894 117.966 135.034 95.597
-1014.63 421.682 -99.8852 117.777 135.026 95.858
-1015.58 421.4 -99.8765 117.777 135.026 95.858
-1016.53 421.121 -99.8677 117.582 135.014 96.106
-1017.49 420.848 -99.859 117.582 135.014 96.106
-1018.44 420.578 -99.8504 117.479 135.005 96.228
-1019.4 420.313 -99.8417 117.366 134.995 96.367
-1020.36 420.052 -99.8331 117.366 134.995 96.367
-1021.32 419.796 -99.8246 117.176 134.983 96.617
-1022.28 419.544 -99.816 117.176 134.983 96.617
-1023.24 419.296 -99.8075 117.087 134.976 96.725
-1024.2 419.053 -99.7991 117 134.973 96.853
-1025.16 418.813 -99.7906 116.9 134.964 96.98
-1026.13 418.579 -99.7822 116.813 134.956 97.105
-1027.09 418.348 -99.7738 116.696 134.945 97.251
-1028.06 418.122 -99.7655 116.696 134.945 97.251
-1029.03 417.901 -99.7572 116.606 134.94 97.367
-1030 417.684 -99.7489 116.502 134.935 97.487
-1030.97 417.471 -99.7407 116.411 134.933 97.605
-1031.94 417.262 -99.7325 116.31 134.925 97.731
-1032.92 417.058 -99.7243 116.21 134.916 97.858
-1033.89 416.858 -99.7161 116.12 134.908 97.97
-1034.87 416.662 -99.708 116.031 134.899 98.084
-1035.84 416.471 -99.6999 115.941 134.891 98.2
-1036.82 416.284 -99.6919 115.837 134.888 98.335
-1037.8 416.102 -99.6839 115.837 134.888 98.335
-1038.78 415.924 -99.6759 115.737 134.884 98.473
-1039.77 415.75 -99.668 115.634 134.877 98.599
-1040.75 415.58 -99.66 115.522 134.872 98.763
-1041.73 415.415 -99.6522 115.434 134.866 98.87
-1042.72 415.255 -99.6443 115.345 134.859 98.984
-1043.7 415.098 -99.6365 115.242 134.848 99.108
-1044.69 414.946 -99.6287 115.242 134.848 99.108
-1045.68 414.798 -99.621 115.154 134.837 99.212
-1046.67 414.655 -99.6132 115.064 134.831 99.324
-1047.66 414.516 -99.6056 114.96 134.824 99.452
-1048.66 414.381 -99.5979 114.87 134.821 99.568
-1049.65 414.251 -99.5903 114.78 134.817 99.684
-1050.65 414.125 -99.5827 114.645 134.807 99.864
-1051.64 414.003 -99.5751 114.645 134.807 99.864
-1052.64 413.886 -99.5676 114.545 134.8 100.012
-1053.64 413.773 -99.5601 114.431 134.79 100.163
-1054.64 413.665 -99.5527 114.325 134.786 100.3
-1055.64 413.561 -99.5453 114.325 134.786 100.3
-1056.64 413.461 -99.5379 114.208 134.778 100.435
-1057.65 413.365 -99.5305 114.066 134.77 100.613
-1058.65 413.274 -99.5232 113.952 134.762 100.754
-1059.66 413.187 -99.5159 113.952 134.762 100.754
-1060.66 413.105 -99.5086 113.839 134.755 100.901
-1061.67 413.027 -99.5014 113.725 134.746 101.046
-1062.68 412.953 -99.4942 113.608 134.735 101.183
-1063.69 412.883 -99.487 113.608 134.735 101.183
-1064.7 412.818 -99.4799 113.503 134.728 101.32
-1065.72 412.758 -99.4728 113.397 134.718 101.448
-1066.73 412.701 -99.4657 113.309 134.715 101.567
-1067.75 412.649 -99.4587 113.221 134.709 101.687
-1068.77 412.601 -99.4517 113.123 134.702 101.811
-1069.78 412.558 -99.4448 113.038 134.698 101.933
-1070.8 412.519 -99.4378 112.933 134.694 102.076
-1073.03 412.611 -99.4275 112.739 134.681 102.314
-1074.04 412.596 -99.4209 112.635 134.671 102.441
-1075.04 412.586 -99.4144 112.635 134.671 102.441
-1076.04 412.581 -99.4079 112.544 134.66 102.542
-1077.05 412.581 -99.4015 112.442 134.651 102.671
-1078.05 412.585 -99.3951 112.352 134.647 102.791
-1079.05 412.594 -99.3888 112.25 134.641 102.916
-1080.05 412.608 -99.3825 112.161 134.637 103.032
-1081.05 412.626 -99.3762 112.073 134.631 103.146
-1082.05 412.649 -99.37 111.97 134.625 103.273
-1083.05 412.676 -99.3639 111.868 134.616 103.398
-1084.05 412.709 -99.3578 111.868 134.616 103.398
-1085.05 412.745 -99.3517 111.765 134.61 103.542
-1086.05 412.787 -99.3457 111.652 134.601 103.688
-1087.05 412.833 -99.3397 111.561 134.593 103.805
-1088.05 412.884 -99.3338 111.447 134.588 103.961
-1089.04 412.94 -99.328 111.447 134.588 103.961
-1090.04 413 -99.3221 111.342 134.583 104.086
-1091.04 413.065 -99.3163 111.251 134.578 104.197
-1092.03 413.135 -99.3106 111.138 134.571 104.345
-1093.03 413.209 -99.3049 111.138 134.571 104.345
-1094.02 413.288 -99.2993 111.138 134.571 104.345
-1095.02 413.372 -99.2937 111.138 134.571 104.345
-1096.01 413.46 -99.2881 110.572 134.522 105.041
-1097 413.553 -99.2826 110.572 134.522 105.041
-1098 413.65 -99.2772 110.572 134.522 105.041
-1098.99 413.753 -99.2718 110.572 134.522 105.041
-1099.98 413.86 -99.2664 110.471 134.517 105.175
-1100.97 413.971 -99.2611 110.369 134.512 105.311
-1101.96 414.088 -99.2558 110.28 134.507 105.424
-1102.95 414.209 -99.2506 110.166 134.501 105.564
-1103.94 414.334 -99.2454 110.166 134.501 105.564
-1104.93 414.465 -99.2403 110.051 134.493 105.706
-1105.92 414.6 -99.2352 109.95 134.49 105.838
-1106.91 414.739 -99.2302 109.862 134.484 105.941
-1107.89 414.884 -99.2252 109.774 134.48 106.045
-1108.88 415.033 -99.2202 109.67 134.474 106.178
-1109.87 415.186 -99.2153 109.67 134.474 106.178
-1110.85 415.345 -99.2105 109.551 134.469 106.312
-1111.84 415.508 -99.2057 109.453 134.471 106.413
-1112.82 415.675 -99.2009 109.321 134.476 106.542
-1113.81 415.848 -99.1962 109.23 134.479 106.628
-1114.79 416.025 -99.1915 109.23 134.479 106.628
-1115.77 416.206 -99.1869 109.141 134.481 106.709
-1116.76 416.393 -99.1824 109.038 134.487 106.804
-1117.74 416.584 -99.1778 108.944 134.491 106.884
-1118.72 416.779 -99.1733 108.858 134.498 106.953
-1119.7 416.98 -99.1689 108.774 134.506 107.025
-1120.68 417.185 -99.1645 108.689 134.509 107.092
-1121.66 417.395 -99.1602 108.6 134.512 107.159
-1122.64 417.609 -99.1559 108.511 134.517 107.23
-1123.62 417.828 -99.1516 108.409 134.524 107.305
-1124.6 418.052 -99.1474 108.324 134.531 107.377
-1128.18 418.749 -99.1388 108.066 134.548 107.589
-1129.15 418.991 -99.1357 107.951 134.555 107.681
-1130.13 419.238 -99.1327 107.862 134.563 107.752
-1131.1 419.49 -99.1298 107.756 134.571 107.845
-1132.07 419.746 -99.1269 107.756 134.571 107.845
-1133.04 420.006 -99.1241 107.671 134.577 107.915
-1134 420.271 -99.1213 107.571 134.585 107.999
-1134.97 420.541 -99.1186 107.467 134.594 108.081
-1135.93 420.815 -99.116 107.378 134.602 108.154
-1136.89 421.093 -99.1134 107.278 134.609 108.235
-1137.85 421.376 -99.1108 107.192 134.614 108.308
-1138.81 421.663 -99.1084 107.094 134.619 108.391
-1139.77 421.955 -99.106 107.094 134.619 108.391
-1140.72 422.252 -99.1036 107.094 134.619 108.391
-1141.68 422.553 -99.1013 107.094 134.619 108.391
-1142.63 422.858 -99.0991 107.094 134.619 108.391
-1143.58 423.168 -99.0969 107.094 134.619 108.391
-1144.52 423.482 -99.0948 106.199 134.679 109.126
-1145.47 423.801 -99.0927 106.199 134.679 109.126
-1146.41 424.125 -99.0907 106.199 134.679 109.126
-1147.36 424.453 -99.0888 106.199 134.679 109.126
-1148.3 424.785 -99.0869 106.199 134.679 109.126
-1149.24 425.122 -99.0851 106.199 134.679 109.126
-1150.17 425.464 -99.0833 106.072 134.689 109.229
-1151.11 425.809 -99.0816 106.072 134.689 109.229
-1152.04 426.16 -99.08 105.983 134.696 109.296
-1152.97 426.515 -99.0784 105.983 134.696 109.296
-1153.9 426.874 -99.0769 105.701 134.713 109.531
-1154.83 427.238 -99.0754 105.701 134.713 109.531
-1155.76 427.607 -99.074 105.597 134.721 109.609
-1156.68 427.979 -99.0727 105.495 134.728 109.69
-1157.61 428.357 -99.0714 105.409 134.733 109.761
-1158.53 428.739 -99.0702 105.322 134.737 109.832
-1159.45 429.125 -99.069 105.237 134.744 109.903
-1160.37 429.516 -99.0679 105.237 134.744 109.903
-1161.28 429.911 -99.0668 105.138 134.752 109.985
-1162.2 430.311 -99.0658 105.026 134.76 110.077
-1163.11 430.716 -99.0649 104.916 134.767 110.165
-1164.02 431.125 -99.064 104.828 134.775 110.236
-1164.93 431.538 -99.0632 104.828 134.775 110.236
-1165.84 431.956 -99.0625 104.715 134.785 110.327
-1166.74 432.378 -99.0618 104.6 134.792 110.417
-1167.65 432.805 -99.0611 104.514 134.797 110.486
-1168.55 433.237 -99.0606 104.432 134.8 110.557
-1169.45 433.672 -99.0601 104.333 134.806 110.639
-1170.35 434.113 -99.0596 104.245 134.813 110.711
-1171.25 434.558 -99.0592 104.245 134.813 110.711
-1172.14 435.007 -99.0589 104.139 134.821 110.79
-1173.03 435.461 -99.0586 104.053 134.827 110.861
-1173.93 435.919 -99.0584 103.964 134.832 110.93
-1174.82 436.382 -99.0582 103.851 134.838 111.02
-1175.7 436.85 -99.0581 103.765 134.844 111.09
-1177.77 437.712 -99.0568 103.58 134.857 111.243
-1178.66 438.206 -99.0572 103.468 134.866 111.332
-1179.55 438.704 -99.0577 103.468 134.866 111.332
-1180.44 439.204 -99.0582 103.356 134.876 111.426
-1181.32 439.709 -99.0587 103.268 134.883 111.497
-1182.2 440.216 -99.0593 103.179 134.887 111.564
-1183.08 440.727 -99.06 103.085 134.894 111.646
-1183.95 441.242 -99.0607 102.987 134.899 111.724
-1184.82 441.759 -99.0614 102.885 134.906 111.805
-1185.69 442.28 -99.0622 102.885 134.906 111.805
-1186.55 442.805 -99.063 102.766 134.915 111.894
-1187.42 443.333 -99.0639 102.679 134.919 111.964
-1188.28 443.864 -99.0648 102.505 134.929 112.106
-1189.13 444.399 -99.0658 102.505 134.929 112.106
-1189.98 444.937 -99.0668 102.408 134.938 112.19
-1190.83 445.478 -99.0679 102.408 134.938 112.19
-1191.68 446.023 -99.069 102.21 134.952 112.354
-1192.52 446.571 -99.0702 102.21 134.952 112.354
-1193.36 447.123 -99.0714 102.112 134.958 112.431
-1194.2 447.678 -99.0727 102.011 134.965 112.511
-1195.04 448.236 -99.074 101.897 134.976 112.599
-1195.87 448.798 -99.0754 101.797 134.982 112.682
-1196.7 449.363 -99.0768 101.711 134.988 112.751
-1197.52 449.932 -99.0783 101.711 134.988 112.751
-1198.34 450.504 -99.0798 101.602 134.993 112.839
-1199.16 451.079 -99.0813 101.49 134.999 112.931
-1199.98 451.658 -99.0829 101.372 135.007 113.018
-1200.79 452.24 -99.0846 101.372 135.007 113.018
-1201.6 452.825 -99.0863 101.286 135.014 113.092
-1202.41 453.414 -99.088 101.198 135.017 113.161
-1203.21 454.006 -99.0898 101.109 135.022 113.229
-1204.01 454.602 -99.0917 101.012 135.032 113.314
-1204.81 455.201 -99.0936 100.9 135.04 113.402
-1205.6 455.803 -99.0955 100.791 135.046 113.496
-1206.39 456.409 -99.0975 100.791 135.046 113.496
-1207.18 457.018 -99.0995 100.692 135.053 113.577
-1207.96 457.631 -99.1016 100.602 135.062 113.648
-1208.75 458.247 -99.1038 100.484 135.07 113.735
-1209.53 458.866 -99.1059 100.372 135.081 113.831
-1210.3 459.489 -99.1082 100.372 135.081 113.831
-1211.07 460.115 -99.1104 100.25 135.088 113.928
-1211.84 460.744 -99.1128 100.151 135.093 114.007
-1212.61 461.377 -99.1151 100.046 135.099 114.084
-1213.37 462.013 -99.1176 100.046 135.099 114.084
-1214.13 462.653 -99.12 99.93 135.106 114.175
-1214.89 463.296 -99.1226 99.817 135.112 114.264
-1215.64 463.942 -99.1251 99.693 135.121 114.364
-1216.4 464.592 -99.1277 99.693 135.121 114.364
-1217.14 465.245 -99.1304 99.594 135.129 114.445
-1217.89 465.902 -99.1331 99.494 135.138 114.526
-1218.63 466.562 -99.1359 99.398 135.143 114.609
-1219.37 467.225 -99.1387 99.312 135.148 114.679
-1220.1 467.892 -99.1415 99.312 135.148 114.679
-1220.84 468.562 -99.1444 99.198 135.155 114.769
-1221.57 469.235 -99.1474 99.105 135.162 114.835
-1222.29 469.912 -99.1504 98.993 135.172 114.93
-1223.02 470.593 -99.1534 98.895 135.177 115.009
-1223.74 471.276 -99.1565 98.895 135.177 115.009
-1224.45 471.963 -99.1597 98.781 135.183 115.097
-1225.17 472.654 -99.1629 98.692 135.189 115.169
-1225.88 473.347 -99.1661 98.602 135.195 115.236
-1226.59 474.045 -99.1694 98.491 135.201 115.329
-1227.29 474.745 -99.1727 98.38 135.208 115.417
-1227.99 475.449 -99.1761 98.38 135.208 115.417
-1228.69 476.156 -99.1795 98.291 135.214 115.486
-1229.39 476.867 -99.183 98.203 135.222 115.556
-1230.08 477.581 -99.1866 98.099 135.23 115.635
-1230.77 478.299 -99.1901 98.015 135.237 115.707
-1231.46 479.02 -99.1938 97.932 135.243 115.78
-1232.14 479.744 -99.1974 97.843 135.246 115.848
-1232.82 480.472 -99.2011 97.73 135.255 115.936
-1233.5 481.203 -99.2049 97.73 135.255 115.936
-1234.17 481.937 -99.2087 97.627 135.261 116.016
-1234.84 482.675 -99.2126 97.543 135.266 116.089
-1235.51 483.416 -99.2165 97.455 135.27 116.157
-1236.17 484.16 -99.2205 97.341 135.277 116.246
-1236.84 484.908 -99.2245 97.234 135.283 116.322
-1237.5 485.66 -99.2285 97.234 135.283 116.322
-1238.15 486.414 -99.2326 97.136 135.291 116.405
-1238.8 487.173 -99.2368 97.041 135.298 116.485
-1239.45 487.934 -99.241 96.957 135.303 116.556
-1240.1 488.699 -99.2452 96.868 135.308 116.625
-1240.74 489.467 -99.2495 96.776 135.315 116.693
-1241.38 490.239 -99.2539 96.673 135.324 116.775
-1242.02 491.014 -99.2583 96.587 135.33 116.848
-1242.65 491.792 -99.2627 96.502 135.337 116.917
-1243.28 492.574 -99.2672 96.502 135.337 116.917
-1243.91 493.359 -99.2718 96.4 135.345 116.998
-1244.54 494.148 -99.2763 96.295 135.352 117.074
-1245.16 494.94 -99.281 96.181 135.355 117.162
-1245.78 495.735 -99.2857 96.096 135.359 117.23
-1246.39 496.534 -99.2904 96.007 135.363 117.299
-1247.01 497.336 -99.2952 95.917 135.37 117.368
-1247.62 498.142 -99.3 95.825 135.379 117.435
-1248.22 498.95 -99.3049 95.736 135.386 117.506
-1248.82 499.763 -99.3098 95.736 135.386 117.506
-1249.42 500.578 -99.3148 95.642 135.393 117.59
-1250.02 501.397 -99.3198 95.555 135.398 117.658
-1250.62 502.22 -99.3248 95.469 135.404 117.727
-1251.21 503.046 -99.33 95.469 135.404 117.727
-1251.79 503.875 -99.3351 95.469 135.404 117.727
-1252.38 504.707 -99.3403 94.994 135.429 118.098
-1252.96 505.543 -99.3456 94.994 135.429 118.098
-1253.54 506.383 -99.3509 94.994 135.429 118.098
-1254.11 507.225 -99.3563 94.994 135.429 118.098
-1254.69 508.072 -99.3617 94.896 135.438 118.171
-1255.26 508.921 -99.3671 94.814 135.441 118.243
