1
-699.578 495.874 -103.773 -126.851 135.009 -109.982
-700.502 496.256 -103.776 -126.851 135.009 -109.982
-701.426 496.639 -103.779 -126.851 135.009 -109.982
-702.35 497.021 -103.781 -126.851 135.009 -109.982
-703.274 497.404 -103.784 -126.851 135.009 -109.982
-704.198 497.786 -103.787 -126.851 135.009 -109.982
-705.122 498.169 -103.789 -127.062 134.962 -110.138
-706.046 498.551 -103.792 -127.062 134.962 -110.138
-706.97 498.934 -103.795 -127.292 134.903 -110.303
-707.894 499.316 -103.798 -127.49 134.855 -110.442
-708.817 499.699 -103.8 -127.49 134.855 -110.442
-709.741 500.081 -103.803 -127.714 134.795 -110.595
-710.665 500.464 -103.806 -127.929 134.738 -110.749
-711.589 500.847 -103.808 -127.929 134.738 -110.749
-712.513 501.229 -103.811 -128.173 134.669 -110.92
-713.437 501.612 -103.814 -128.395 134.604 -111.075
-714.361 501.994 -103.816 -128.395 134.604 -111.075
-715.285 502.377 -103.819 -128.623 134.537 -111.222
-716.209 502.759 -103.822 -128.822 134.486 -111.369
-717.133 503.142 -103.824 -128.822 134.486 -111.369
-718.057 503.524 -103.827 -129.107 134.408 -111.569
-718.981 503.907 -103.83 -129.107 134.408 -111.569
-719.905 504.289 -103.833 -129.107 134.408 -111.569
-720.829 504.672 -103.835 -129.107 134.408 -111.569
-721.753 505.054 -103.838 -129.107 134.408 -111.569
-722.677 505.437 -103.841 -129.107 134.408 -111.569
-723.601 505.819 -103.843 -129.107 134.408 -111.569
-724.524 506.202 -103.846 -129.107 134.408 -111.569
-725.448 506.584 -103.849 -129.107 134.408 -111.569
-726.372 506.967 -103.851 -129.107 134.408 -111.569
-727.296 507.349 -103.854 -129.107 134.408 -111.569
-728.22 507.732 -103.857 -129.107 134.408 -111.569
-729.144 508.114 -103.859 -132.657 133.326 -114.014
-730.068 508.497 -103.862 -132.657 133.326 -114.014
-730.992 508.879 -103.865 -132.657 133.326 -114.014
-731.916 509.262 -103.868 -132.657 133.326 -114.014
-732.84 509.645 -103.87 -132.657 133.326 -114.014
-733.764 510.027 -103.873 -132.657 133.326 -114.014
-734.688 510.41 -103.876 -132.657 133.326 -114.014
-735.612 510.792 -103.878 -132.657 133.326 -114.014
-736.536 511.175 -103.881 -132.657 133.326 -114.014
-737.46 511.557 -103.884 -132.657 133.326 -114.014
-738.384 511.94 -103.886 -132.657 133.326 -114.014
-739.308 512.322 -103.889 -132.657 133.326 -114.014
-740.231 512.705 -103.892 -132.657 133.326 -114.014
-741.155 513.087 -103.895 -132.872 133.255 -114.164
-742.079 513.47 -103.897 -132.872 133.255 -114.164
-743.003 513.852 -103.9 -133.282 133.119 -114.44
-743.927 514.235 -103.903 -133.282 133.119 -114.44
-744.851 514.617 -103.905 -133.472 133.057 -114.57
-745.775 515 -103.908 -133.472 133.057 -114.57
-746.699 515.382 -103.911 -133.717 132.976 -114.74
-747.623 515.765 -103.913 -133.929 132.903 -114.887
-748.547 516.147 -103.916 -133.929 132.903 -114.887
-749.471 516.53 -103.919 -134.17 132.818 -115.045
-750.395 516.912 -103.921 -134.354 132.754 -115.172
-751.319 517.295 -103.924 -134.354 132.754 -115.172
-752.243 517.678 -103.927 -134.54 132.688 -115.294
-753.167 518.06 -103.93 -134.807 132.596 -115.482
-754.091 518.443 -103.932 -134.807 132.596 -115.482
-755.015 518.825 -103.935 -135.022 132.519 -115.618
-755.939 519.208 -103.938 -135.208 132.454 -115.744
-756.862 519.59 -103.94 -135.208 132.454 -115.744
-757.786 519.973 -103.943 -135.419 132.377 -115.877
-758.71 520.355 -103.946 -135.602 132.313 -116.014
-759.634 520.738 -103.948 -135.782 132.247 -116.133
-760.558 521.12 -103.951 -135.782 132.247 -116.133
-761.482 521.503 -103.954 -135.968 132.18 -116.261
-762.406 521.885 -103.956 -136.179 132.099 -116.391
-763.33 522.268 -103.959 -136.179 132.099 -116.391
-764.254 522.65 -103.962 -136.363 132.033 -116.525
-765.178 523.033 -103.965 -136.543 131.966 -116.644
-766.102 523.415 -103.967 -136.728 131.897 -116.766
-767.026 523.798 -103.97 -136.728 131.897 -116.766
-767.95 524.18 -103.973 -136.936 131.817 -116.895
-768.874 524.563 -103.975 -137.121 131.752 -117.028
-769.798 524.945 -103.978 -137.121 131.752 -117.028
-770.722 525.328 -103.981 -137.35 131.662 -117.179
-771.646 525.71 -103.983 -137.587 131.572 -117.338
-772.569 526.093 -103.986 -137.587 131.572 -117.338
-773.493 526.476 -103.989 -137.82 131.484 -117.501
-774.417 526.858 -103.991 -137.82 131.484 -117.501
-775.341 527.241 -103.994 -137.998 131.413 -117.614
-776.265 527.623 -103.997 -138.165 131.346 -117.722
-777.189 528.006 -104 -138.344 131.272 -117.835
-778.113 528.388 -104.002 -138.518 131.203 -117.952
-779.037 528.771 -104.005 -138.518 131.203 -117.952
-779.961 529.153 -104.008 -138.518 131.203 -117.952
-780.885 529.536 -104.01 -138.518 131.203 -117.952
-781.809 529.918 -104.013 -138.518 131.203 -117.952
-782.733 530.301 -104.016 -138.518 131.203 -117.952
-783.657 530.683 -104.018 -138.518 131.203 -117.952
-784.581 531.066 -104.021 -138.518 131.203 -117.952
-785.505 531.448 -104.024 -138.518 131.203 -117.952
-786.429 531.831 -104.027 -138.518 131.203 -117.952
-787.353 532.213 -104.029 -138.518 131.203 -117.952
-788.276 532.596 -104.032 -138.518 131.203 -117.952
-789.2 532.978 -104.035 -138.518 131.203 -117.952
-790.124 533.361 -104.037 -138.518 131.203 -117.952
-791.048 533.743 -104.04 -138.518 131.203 -117.952
-791.972 534.126 -104.043 -138.518 131.203 -117.952
-792.896 534.508 -104.045 -138.518 131.203 -117.952
-793.82 534.891 -104.048 -138.518 131.203 -117.952
-794.744 535.274 -104.051 -138.518 131.203 -117.952
-795.668 535.656 -104.053 -138.518 131.203 -117.952
-796.592 536.039 -104.056 -138.518 131.203 -117.952
2
-701.92 496.356 -103.646 -126.851 135.01 -109.983
-702.845 496.736 -103.652 -126.851 135.01 -109.983
-703.77 497.116 -103.658 -126.851 135.01 -109.983
-704.695 497.497 -103.665 -126.851 135.01 -109.983
-705.62 497.877 -103.671 -127.047 134.964 -110.125
-706.545 498.257 -103.677 -127.231 134.916 -110.258
-707.47 498.637 -103.683 -127.231 134.916 -110.258
-708.395 499.017 -103.689 -127.418 134.87 -110.391
-709.32 499.397 -103.695 -127.609 134.82 -110.517
-710.245 499.777 -103.701 -127.792 134.772 -110.65
-711.169 500.157 -103.707 -128.034 134.706 -110.815
-712.094 500.537 -103.713 -128.034 134.706 -110.815
-713.019 500.917 -103.719 -128.225 134.652 -110.952
-713.944 501.297 -103.726 -128.479 134.577 -111.123
-714.869 501.677 -103.732 -128.479 134.577 -111.123
-715.794 502.057 -103.738 -128.706 134.515 -111.282
-716.719 502.437 -103.744 -128.906 134.462 -111.428
-717.644 502.817 -103.75 -129.107 134.409 -111.571
-718.569 503.197 -103.756 -129.107 134.409 -111.571
-719.494 503.577 -103.762 -129.392 134.331 -111.773
-720.419 503.957 -103.768 -129.392 134.331 -111.773
-721.344 504.337 -103.774 -129.392 134.331 -111.773
-722.269 504.717 -103.78 -129.392 134.331 -111.773
-723.194 505.097 -103.786 -129.392 134.331 -111.773
-724.119 505.477 -103.793 -129.392 134.331 -111.773
-725.044 505.857 -103.799 -129.392 134.331 -111.773
-725.969 506.237 -103.805 -129.392 134.331 -111.773
-726.894 506.617 -103.811 -129.392 134.331 -111.773
-727.819 506.997 -103.817 -129.392 134.331 -111.773
-728.744 507.377 -103.823 -129.392 134.331 -111.773
-729.669 507.758 -103.829 -129.392 134.331 -111.773
-730.593 508.138 -103.835 -132.711 133.309 -114.048
-731.518 508.518 -103.841 -132.711 133.309 -114.048
-732.443 508.898 -103.847 -132.711 133.309 -114.048
-733.368 509.278 -103.854 -132.711 133.309 -114.048
-734.293 509.658 -103.86 -132.711 133.309 -114.048
-735.218 510.038 -103.866 -132.711 133.309 -114.048
-736.143 510.418 -103.872 -132.711 133.309 -114.048
-737.068 510.798 -103.878 -132.711 133.309 -114.048
-737.993 511.178 -103.884 -132.711 133.309 -114.048
-738.918 511.558 -103.89 -132.711 133.309 -114.048
-739.843 511.938 -103.896 -132.711 133.309 -114.048
-740.768 512.318 -103.902 -132.711 133.309 -114.048
-741.693 512.698 -103.908 -132.927 133.237 -114.196
-742.618 513.078 -103.915 -133.117 133.173 -114.324
-743.543 513.458 -103.921 -133.117 133.173 -114.324
-744.468 513.838 -103.927 -133.309 133.11 -114.457
-745.393 514.218 -103.933 -133.499 133.049 -114.592
-746.318 514.598 -103.939 -133.499 133.049 -114.592
-747.243 514.978 -103.945 -133.743 132.968 -114.761
-748.168 515.358 -103.951 -133.956 132.895 -114.91
-749.092 515.738 -103.957 -133.956 132.895 -114.91
-750.017 516.118 -103.963 -134.197 132.81 -115.068
-750.942 516.498 -103.969 -134.197 132.81 -115.068
-751.867 516.878 -103.976 -134.435 132.725 -115.228
-752.792 517.258 -103.982 -134.62 132.659 -115.343
-753.717 517.638 -103.988 -134.834 132.585 -115.494
-754.642 518.019 -103.994 -134.834 132.585 -115.494
-755.567 518.399 -104 -135.047 132.509 -115.63
-756.492 518.779 -104.006 -135.234 132.445 -115.759
-757.417 519.159 -104.012 -135.234 132.445 -115.759
-758.342 519.539 -104.018 -135.445 132.367 -115.896
-759.267 519.919 -104.024 -135.627 132.304 -116.034
-760.192 520.299 -104.03 -135.837 132.228 -116.175
-761.117 520.679 -104.037 -135.837 132.228 -116.175
-762.042 521.059 -104.043 -136.1 132.13 -116.345
-762.967 521.439 -104.049 -136.1 132.13 -116.345
-763.892 521.819 -104.055 -136.285 132.062 -116.471
-764.817 522.199 -104.061 -136.465 131.995 -116.591
-765.742 522.579 -104.067 -136.646 131.927 -116.71
-766.667 522.959 -104.073 -136.646 131.927 -116.71
-767.592 523.339 -104.079 -136.858 131.846 -116.84
-768.516 523.719 -104.085 -136.858 131.846 -116.84
-769.441 524.099 -104.091 -137.094 131.761 -117.007
-770.366 524.479 -104.098 -137.275 131.691 -117.125
-771.291 524.859 -104.104 -137.457 131.623 -117.256
-772.216 525.239 -104.11 -137.457 131.623 -117.256
-773.141 525.619 -104.116 -137.666 131.543 -117.391
-774.066 525.999 -104.122 -137.848 131.475 -117.524
-774.991 526.379 -104.128 -137.848 131.475 -117.524
-775.916 526.759 -104.134 -138.047 131.394 -117.646
-776.841 527.139 -104.14 -138.235 131.317 -117.768
-777.766 527.519 -104.146 -138.404 131.247 -117.87
-778.691 527.899 -104.152 -138.404 131.247 -117.87
-779.616 528.279 -104.159 -138.585 131.177 -117.993
-780.541 528.66 -104.165 -138.585 131.177 -117.993
-781.466 529.04 -104.171 -138.585 131.177 -117.993
-782.391 529.42 -104.177 -138.585 131.177 -117.993
-783.316 529.8 -104.183 -138.585 131.177 -117.993
-784.241 530.18 -104.189 -138.585 131.177 -117.993
-785.166 530.56 -104.195 -138.585 131.177 -117.993
-786.091 530.94 -104.201 -138.585 131.177 -117.993
-787.015 531.32 -104.207 -138.585 131.177 -117.993
-787.94 531.7 -104.213 -138.585 131.177 -117.993
-788.865 532.08 -104.219 -138.585 131.177 -117.993
-789.79 532.46 -104.226 -138.585 131.177 -117.993
-790.715 532.84 -104.232 -138.585 131.177 -117.993
-791.64 533.22 -104.238 -138.585 131.177 -117.993
-792.565 533.6 -104.244 -138.585 131.177 -117.993
-793.49 533.98 -104.25 -138.585 131.177 -117.993
-794.415 534.36 -104.256 -138.585 131.177 -117.993
-795.34 534.74 -104.262 -138.585 131.177 -117.993
-796.265 535.12 -104.268 -138.585 131.177 -117.993
-797.19 535.5 -104.274 -138.585 131.177 -117.993
-798.115 535.88 -104.28 -138.585 131.177 -117.993
-799.04 536.26 -104.287 -138.585 131.177 -117.993
3
-700.069 496.125 -102.597 -126.852 135.01 -109.984
-700.999 496.494 -102.605 -126.852 135.01 -109.984
-701.928 496.864 -102.614 -126.852 135.01 -109.984
-702.857 497.233 -102.623 -126.852 135.01 -109.984
-703.786 497.603 -102.631 -126.852 135.01 -109.984
-704.715 497.972 -102.64 -126.852 135.01 -109.984
-705.645 498.342 -102.649 -127.075 134.959 -110.148
-706.574 498.711 -102.658 -127.291 134.904 -110.302
-707.503 499.081 -102.666 -127.291 134.904 -110.302
-708.432 499.45 -102.675 -127.512 134.848 -110.456
-709.361 499.82 -102.684 -127.738 134.789 -110.614
-710.291 500.189 -102.692 -127.954 134.73 -110.766
-711.22 500.558 -102.701 -127.954 134.73 -110.766
-712.149 500.928 -102.71 -128.145 134.677 -110.899
-713.078 501.297 -102.718 -128.365 134.613 -111.054
-714.007 501.667 -102.727 -128.365 134.613 -111.054
-714.937 502.036 -102.736 -128.621 134.538 -111.219
-715.866 502.406 -102.745 -128.848 134.478 -111.386
-716.795 502.775 -102.753 -128.848 134.478 -111.386
-717.724 503.145 -102.762 -129.107 134.407 -111.568
-718.653 503.514 -102.771 -129.337 134.346 -111.734
-719.583 503.884 -102.779 -129.337 134.346 -111.734
-720.512 504.253 -102.788 -129.337 134.346 -111.734
-721.441 504.623 -102.797 -129.337 134.346 -111.734
-722.37 504.992 -102.806 -129.337 134.346 -111.734
-723.299 505.361 -102.814 -129.337 134.346 -111.734
-724.229 505.731 -102.823 -129.337 134.346 -111.734
-725.158 506.1 -102.832 -129.337 134.346 -111.734
-726.087 506.47 -102.84 -129.337 134.346 -111.734
-727.016 506.839 -102.849 -129.337 134.346 -111.734
-727.945 507.209 -102.858 -129.337 134.346 -111.734
-728.875 507.578 -102.867 -129.337 134.346 -111.734
-729.804 507.948 -102.875 -132.657 133.327 -114.013
-730.733 508.317 -102.884 -132.657 133.327 -114.013
-731.662 508.687 -102.893 -132.657 133.327 -114.013
-732.591 509.056 -102.901 -132.657 133.327 -114.013
-733.521 509.426 -102.91 -132.657 133.327 -114.013
-734.45 509.795 -102.919 -132.657 133.327 -114.013
-735.379 510.164 -102.928 -132.657 133.327 -114.013
-736.308 510.534 -102.936 -132.657 133.327 -114.013
-737.237 510.903 -102.945 -132.657 133.327 -114.013
-738.167 511.273 -102.954 -132.657 133.327 -114.013
-739.096 511.642 -102.962 -132.657 133.327 -114.013
-740.025 512.012 -102.971 -132.657 133.327 -114.013
-740.954 512.381 -102.98 -132.873 133.255 -114.163
-741.884 512.751 -102.989 -132.873 133.255 -114.163
-742.813 513.12 -102.997 -133.091 133.182 -114.308
-743.742 513.49 -103.006 -133.336 133.1 -114.475
-744.671 513.859 -103.015 -133.336 133.1 -114.475
-745.6 514.229 -103.023 -133.58 133.021 -114.647
-746.53 514.598 -103.032 -133.58 133.021 -114.647
-747.459 514.968 -103.041 -133.824 132.939 -114.813
-748.388 515.337 -103.049 -134.037 132.865 -114.96
-749.317 515.706 -103.058 -134.037 132.865 -114.96
-750.246 516.076 -103.067 -134.223 132.8 -115.083
-751.176 516.445 -103.076 -134.407 132.735 -115.21
-752.105 516.815 -103.084 -134.62 132.658 -115.345
-753.034 517.184 -103.093 -134.62 132.658 -115.345
-753.963 517.554 -103.102 -134.835 132.586 -115.497
-754.892 517.923 -103.11 -135.048 132.509 -115.634
-755.822 518.293 -103.119 -135.048 132.509 -115.634
-756.751 518.662 -103.128 -135.26 132.435 -115.777
-757.68 519.032 -103.137 -135.471 132.358 -115.917
-758.609 519.401 -103.145 -135.471 132.358 -115.917
-759.538 519.771 -103.154 -135.654 132.295 -116.049
-760.468 520.14 -103.163 -135.864 132.218 -116.192
-761.397 520.509 -103.171 -135.864 132.218 -116.192
-762.326 520.879 -103.18 -136.099 132.13 -116.343
-763.255 521.248 -103.189 -136.099 132.13 -116.343
-764.184 521.618 -103.198 -136.337 132.043 -116.508
-765.114 521.987 -103.206 -136.57 131.955 -116.662
-766.043 522.357 -103.215 -136.57 131.955 -116.662
-766.972 522.726 -103.224 -136.753 131.887 -116.782
-767.901 523.096 -103.232 -136.962 131.808 -116.914
-768.83 523.465 -103.241 -136.962 131.808 -116.914
-769.76 523.835 -103.25 -137.147 131.741 -117.044
-770.689 524.204 -103.259 -137.147 131.741 -117.044
-771.618 524.574 -103.267 -137.562 131.583 -117.322
-772.547 524.943 -103.276 -137.562 131.583 -117.322
-773.476 525.313 -103.285 -137.768 131.504 -117.463
-774.406 525.682 -103.293 -137.948 131.434 -117.584
-775.335 526.051 -103.302 -137.948 131.434 -117.584
-776.264 526.421 -103.311 -138.143 131.355 -117.708
-777.193 526.79 -103.319 -138.323 131.282 -117.822
-778.122 527.16 -103.328 -138.323 131.282 -117.822
-779.052 527.529 -103.337 -138.535 131.197 -117.964
-779.981 527.899 -103.346 -138.535 131.197 -117.964
-780.91 528.268 -103.354 -138.535 131.197 -117.964
-781.839 528.638 -103.363 -138.535 131.197 -117.964
-782.768 529.007 -103.372 -138.535 131.197 -117.964
-783.698 529.377 -103.38 -138.535 131.197 -117.964
-784.627 529.746 -103.389 -138.535 131.197 -117.964
-785.556 530.116 -103.398 -138.535 131.197 -117.964
-786.485 530.485 -103.407 -138.535 131.197 -117.964
-787.415 530.854 -103.415 -138.535 131.197 -117.964
-788.344 531.224 -103.424 -138.535 131.197 -117.964
-789.273 531.593 -103.433 -138.535 131.197 -117.964
-790.202 531.963 -103.441 -138.535 131.197 -117.964
-791.131 532.332 -103.45 -138.535 131.197 -117.964
-792.061 532.702 -103.459 -138.535 131.197 -117.964
-792.99 533.071 -103.468 -138.535 131.197 -117.964
-793.919 533.441 -103.476 -138.535 131.197 -117.964
-794.848 533.81 -103.485 -138.535 131.197 -117.964
-795.777 534.18 -103.494 -138.535 131.197 -117.964
-796.707 534.549 -103.502 -138.535 131.197 -117.964
-797.636 534.919 -103.511 -138.535 131.197 -117.964
4
-701.961 495.424 -103.031 -127.272 134.908 -110.289
-702.892 495.791 -103.034 -127.272 134.908 -110.289
-703.822 496.157 -103.037 -127.272 134.908 -110.289
-704.753 496.523 -103.04 -127.272 134.908 -110.289
-705.683 496.889 -103.043 -127.272 134.908 -110.289
-706.614 497.255 -103.046 -127.272 134.908 -110.289
-707.544 497.621 -103.049 -127.272 134.908 -110.289
-708.475 497.987 -103.053 -127.452 134.863 -110.414
-709.406 498.354 -103.056 -127.652 134.809 -110.55
-710.336 498.72 -103.059 -127.652 134.809 -110.55
-711.267 499.086 -103.062 -127.892 134.747 -110.72
-712.197 499.452 -103.065 -128.133 134.678 -110.89
-713.128 499.818 -103.068 -128.133 134.678 -110.89
-714.058 500.184 -103.071 -128.353 134.614 -111.041
-714.989 500.55 -103.074 -128.629 134.537 -111.224
-715.919 500.917 -103.077 -128.629 134.537 -111.224
-716.85 501.283 -103.08 -128.852 134.479 -111.387
-717.78 501.649 -103.083 -129.053 134.425 -111.528
-718.711 502.015 -103.086 -129.053 134.425 -111.528
-719.642 502.381 -103.089 -129.305 134.357 -111.71
-720.572 502.747 -103.092 -129.573 134.275 -111.89
-721.503 503.113 -103.096 -129.573 134.275 -111.89
-722.433 503.48 -103.099 -129.573 134.275 -111.89
-723.364 503.846 -103.102 -129.573 134.275 -111.89
-724.294 504.212 -103.105 -129.573 134.275 -111.89
-725.225 504.578 -103.108 -129.573 134.275 -111.89
-726.155 504.944 -103.111 -129.573 134.275 -111.89
-727.086 505.31 -103.114 -129.573 134.275 -111.89
-728.017 505.676 -103.117 -131.642 133.653 -113.32
-728.947 506.043 -103.12 -131.642 133.653 -113.32
-729.878 506.409 -103.123 -131.642 133.653 -113.32
-730.808 506.775 -103.126 -131.642 133.653 -113.32
-731.739 507.141 -103.129 -131.642 133.653 -113.32
-732.669 507.507 -103.132 -131.642 133.653 -113.32
-733.6 507.873 -103.135 -131.642 133.653 -113.32
-734.53 508.24 -103.139 -131.642 133.653 -113.32
-735.461 508.606 -103.142 -131.642 133.653 -113.32
-736.392 508.972 -103.145 -131.642 133.653 -113.32
-737.322 509.338 -103.148 -131.642 133.653 -113.32
-738.253 509.704 -103.151 -132.929 133.234 -114.199
-739.183 510.07 -103.154 -132.929 133.234 -114.199
-740.114 510.436 -103.157 -132.929 133.234 -114.199
-741.044 510.803 -103.16 -132.929 133.234 -114.199
-741.975 511.169 -103.163 -132.929 133.234 -114.199
-742.905 511.535 -103.166 -132.929 133.234 -114.199
-743.836 511.901 -103.169 -133.141 133.165 -114.342
-744.766 512.267 -103.172 -133.381 133.086 -114.506
-745.697 512.633 -103.175 -133.381 133.086 -114.506
-746.628 512.999 -103.179 -133.571 133.025 -114.639
-747.558 513.366 -103.182 -133.759 132.961 -114.768
-748.489 513.732 -103.185 -133.759 132.961 -114.768
-749.419 514.098 -103.188 -133.97 132.888 -114.915
-750.35 514.464 -103.191 -134.157 132.823 -115.039
-751.28 514.83 -103.194 -134.366 132.752 -115.182
-752.211 515.196 -103.197 -134.366 132.752 -115.182
-753.141 515.562 -103.2 -134.579 132.677 -115.319
-754.072 515.929 -103.203 -134.767 132.614 -115.452
-755.003 516.295 -103.206 -134.767 132.614 -115.452
-755.933 516.661 -103.209 -134.975 132.538 -115.586
-756.864 517.027 -103.212 -135.182 132.464 -115.724
-757.794 517.393 -103.215 -135.182 132.464 -115.724
-758.725 517.759 -103.218 -135.387 132.387 -115.853
-759.655 518.125 -103.222 -135.573 132.324 -115.993
-760.586 518.492 -103.225 -135.78 132.251 -116.133
-761.516 518.858 -103.228 -135.78 132.251 -116.133
-762.447 519.224 -103.231 -135.967 132.183 -116.262
-763.378 519.59 -103.234 -136.149 132.112 -116.374
-764.308 519.956 -103.237 -136.333 132.045 -116.506
-765.239 520.322 -103.24 -136.333 132.045 -116.506
-766.169 520.689 -103.243 -136.581 131.953 -116.671
-767.1 521.055 -103.246 -136.786 131.875 -116.8
-768.03 521.421 -103.249 -136.786 131.875 -116.8
-768.961 521.787 -103.252 -136.971 131.807 -116.922
-769.891 522.153 -103.255 -137.154 131.737 -117.047
-770.822 522.519 -103.258 -137.154 131.737 -117.047
-771.752 522.885 -103.261 -137.333 131.669 -117.166
-772.683 523.252 -103.265 -137.563 131.583 -117.321
-773.614 523.618 -103.268 -137.563 131.583 -117.321
-774.544 523.984 -103.271 -137.79 131.497 -117.481
-775.475 524.35 -103.274 -137.992 131.416 -117.609
-776.405 524.716 -103.277 -137.992 131.416 -117.609
-777.336 525.082 -103.28 -138.208 131.328 -117.75
-778.266 525.448 -103.283 -138.385 131.255 -117.859
-779.197 525.815 -103.286 -138.385 131.255 -117.859
-780.127 526.181 -103.289 -138.572 131.182 -117.987
-781.058 526.547 -103.292 -138.572 131.182 -117.987
-781.989 526.913 -103.295 -138.572 131.182 -117.987
-782.919 527.279 -103.298 -138.572 131.182 -117.987
-783.85 527.645 -103.301 -138.572 131.182 -117.987
-784.78 528.011 -103.305 -138.572 131.182 -117.987
-785.711 528.378 -103.308 -138.572 131.182 -117.987
-786.641 528.744 -103.311 -138.572 131.182 -117.987
-787.572 529.11 -103.314 -138.572 131.182 -117.987
-788.502 529.476 -103.317 -138.572 131.182 -117.987
-789.433 529.842 -103.32 -138.572 131.182 -117.987
-790.364 530.208 -103.323 -138.572 131.182 -117.987
-791.294 530.574 -103.326 -138.572 131.182 -117.987
-792.225 530.941 -103.329 -138.572 131.182 -117.987
-793.155 531.307 -103.332 -138.572 131.182 -117.987
-794.086 531.673 -103.335 -138.572 131.182 -117.987
-795.016 532.039 -103.338 -138.572 131.182 -117.987
-795.947 532.405 -103.341 -138.572 131.182 -117.987
-796.877 532.771 -103.344 -138.572 131.182 -117.987
-797.808 533.138 -103.348 -138.572 131.182 -117.987
-798.738 533.504 -103.351 -138.572 131.182 -117.987
-799.669 533.87 -103.354 -138.572 131.182 -117.987
5
-700.794 494.872 -103.66 -126.85 135.011 -109.985
-701.725 495.236 -103.664 -126.85 135.011 -109.985
-702.656 495.601 -103.667 -126.85 135.011 -109.985
-703.587 495.966 -103.671 -126.85 135.011 -109.985
-704.518 496.331 -103.674 -126.85 135.011 -109.985
-705.45 496.695 -103.677 -126.85 135.011 -109.985
-706.381 497.06 -103.681 -127.058 134.963 -110.138
-707.312 497.425 -103.684 -127.25 134.916 -110.279
-708.243 497.79 -103.688 -127.429 134.872 -110.402
-709.174 498.154 -103.691 -127.61 134.822 -110.518
-710.105 498.519 -103.695 -127.61 134.822 -110.518
-711.036 498.884 -103.698 -127.801 134.772 -110.654
-711.967 499.249 -103.702 -127.992 134.718 -110.779
-712.898 499.613 -103.705 -128.226 134.65 -110.944
-713.829 499.978 -103.708 -128.226 134.65 -110.944
-714.761 500.343 -103.712 -128.45 134.585 -111.094
-715.692 500.708 -103.715 -128.731 134.51 -111.292
-716.623 501.072 -103.719 -128.731 134.51 -111.292
-717.554 501.437 -103.722 -128.957 134.449 -111.455
-718.485 501.802 -103.726 -129.157 134.398 -111.606
-719.416 502.166 -103.729 -129.157 134.398 -111.606
-720.347 502.531 -103.733 -129.399 134.328 -111.779
-721.278 502.896 -103.736 -129.399 134.328 -111.779
-722.209 503.261 -103.739 -129.399 134.328 -111.779
-723.14 503.625 -103.743 -129.399 134.328 -111.779
-724.072 503.99 -103.746 -129.399 134.328 -111.779
-725.003 504.355 -103.75 -129.399 134.328 -111.779
-725.934 504.72 -103.753 -129.399 134.328 -111.779
-726.865 505.084 -103.757 -129.399 134.328 -111.779
-727.796 505.449 -103.76 -129.399 134.328 -111.779
-728.727 505.814 -103.763 -129.399 134.328 -111.779
-729.658 506.179 -103.767 -129.399 134.328 -111.779
-730.589 506.543 -103.77 -129.399 134.328 -111.779
-731.52 506.908 -103.774 -132.694 133.312 -114.03
-732.451 507.273 -103.777 -132.694 133.312 -114.03
-733.383 507.638 -103.781 -132.694 133.312 -114.03
-734.314 508.002 -103.784 -132.694 133.312 -114.03
-735.245 508.367 -103.788 -132.694 133.312 -114.03
-736.176 508.732 -103.791 -132.694 133.312 -114.03
-737.107 509.097 -103.794 -132.694 133.312 -114.03
-738.038 509.461 -103.798 -132.694 133.312 -114.03
-738.969 509.826 -103.801 -132.694 133.312 -114.03
-739.9 510.191 -103.805 -132.694 133.312 -114.03
-740.831 510.556 -103.808 -132.694 133.312 -114.03
-741.762 510.92 -103.812 -132.694 133.312 -114.03
-742.694 511.285 -103.815 -132.929 133.233 -114.187
-743.625 511.65 -103.819 -133.116 133.173 -114.317
-744.556 512.015 -103.822 -133.308 133.11 -114.449
-745.487 512.379 -103.825 -133.308 133.11 -114.449
-746.418 512.744 -103.829 -133.526 133.039 -114.606
-747.349 513.109 -103.832 -133.737 132.967 -114.754
-748.28 513.474 -103.836 -133.737 132.967 -114.754
-749.211 513.838 -103.839 -133.922 132.906 -114.894
-750.142 514.203 -103.843 -134.133 132.833 -115.033
-751.073 514.568 -103.846 -134.299 132.776 -115.143
-752.005 514.933 -103.85 -134.299 132.776 -115.143
-752.936 515.297 -103.853 -134.486 132.708 -115.261
-753.867 515.662 -103.856 -134.696 132.632 -115.396
-754.798 516.027 -103.86 -134.696 132.632 -115.396
-755.729 516.391 -103.863 -134.924 132.552 -115.547
-756.66 516.756 -103.867 -135.109 132.485 -115.667
-757.591 517.121 -103.87 -135.295 132.417 -115.786
-758.522 517.486 -103.874 -135.295 132.417 -115.786
-759.453 517.85 -103.877 -135.524 132.338 -115.956
-760.385 518.215 -103.881 -135.524 132.338 -115.956
-761.316 518.58 -103.884 -135.754 132.258 -116.12
-762.247 518.945 -103.887 -135.941 132.194 -116.256
-763.178 519.309 -103.891 -136.126 132.121 -116.365
-764.109 519.674 -103.894 -136.126 132.121 -116.365
-765.04 520.039 -103.898 -136.289 132.062 -116.483
-765.971 520.404 -103.901 -136.466 131.994 -116.595
-766.902 520.768 -103.905 -136.647 131.927 -116.714
-767.833 521.133 -103.908 -136.647 131.927 -116.714
-768.764 521.498 -103.912 -136.834 131.857 -116.82
-769.696 521.863 -103.915 -137.019 131.788 -116.945
-770.627 522.227 -103.918 -137.244 131.701 -117.096
-771.558 522.592 -103.922 -137.244 131.701 -117.096
-772.489 522.957 -103.925 -137.426 131.636 -117.228
-773.42 523.322 -103.929 -137.587 131.576 -117.335
-774.351 523.686 -103.932 -137.587 131.576 -117.335
-775.282 524.051 -103.936 -137.796 131.501 -117.491
-776.213 524.416 -103.939 -137.994 131.419 -117.618
-777.144 524.781 -103.943 -138.187 131.34 -117.746
-778.075 525.145 -103.946 -138.187 131.34 -117.746
-779.007 525.51 -103.949 -138.368 131.265 -117.85
-779.938 525.875 -103.953 -138.56 131.19 -117.975
-780.869 526.24 -103.956 -138.56 131.19 -117.975
-781.8 526.604 -103.96 -138.56 131.19 -117.975
-782.731 526.969 -103.963 -138.56 131.19 -117.975
-783.662 527.334 -103.967 -138.56 131.19 -117.975
-784.593 527.699 -103.97 -138.56 131.19 -117.975
-785.524 528.063 -103.974 -138.56 131.19 -117.975
-786.455 528.428 -103.977 -138.56 131.19 -117.975
-787.386 528.793 -103.98 -138.56 131.19 -117.975
-788.318 529.157 -103.984 -138.56 131.19 -117.975
-789.249 529.522 -103.987 -138.56 131.19 -117.975
-790.18 529.887 -103.991 -138.56 131.19 -117.975
-791.111 530.252 -103.994 -138.56 131.19 -117.975
-792.042 530.616 -103.998 -138.56 131.19 -117.975
-792.973 530.981 -104.001 -138.56 131.19 -117.975
-793.904 531.346 -104.005 -138.56 131.19 -117.975
-794.835 531.711 -104.008 -138.56 131.19 -117.975
-795.766 532.075 -104.011 -138.56 131.19 -117.975
-796.697 532.44 -104.015 -138.56 131.19 -117.975
-797.629 532.805 -104.018 -138.56 131.19 -117.975
-798.56 533.17 -104.022 -138.56 131.19 -117.975
6
-698.9 493.358 -103.629 -126.85 135.011 -109.985
-699.827 493.733 -103.635 -126.85 135.011 -109.985
-700.754 494.108 -103.64 -126.85 135.011 -109.985
-701.681 494.482 -103.645 -126.85 135.011 -109.985
-702.608 494.857 -103.65 -126.85 135.011 -109.985
-703.536 495.231 -103.655 -126.85 135.011 -109.985
-704.463 495.606 -103.66 -126.85 135.011 -109.985
-705.39 495.98 -103.665 -126.85 135.011 -109.985
-706.317 496.355 -103.67 -127.046 134.965 -110.129
-707.244 496.73 -103.675 -127.288 134.908 -110.305
-708.172 497.104 -103.68 -127.288 134.908 -110.305
-709.099 497.479 -103.686 -127.473 134.859 -110.43
-710.026 497.853 -103.691 -127.657 134.809 -110.549
-710.953 498.228 -103.696 -127.898 134.745 -110.714
-711.88 498.602 -103.701 -127.898 134.745 -110.714
-712.807 498.977 -103.706 -128.084 134.69 -110.842
-713.735 499.352 -103.711 -128.299 134.627 -110.991
-714.662 499.726 -103.716 -128.299 134.627 -110.991
-715.589 500.101 -103.721 -128.55 134.556 -111.158
-716.516 500.475 -103.726 -128.755 134.503 -111.308
-717.443 500.85 -103.731 -128.755 134.503 -111.308
-718.371 501.225 -103.736 -128.755 134.503 -111.308
-719.298 501.599 -103.742 -128.755 134.503 -111.308
-720.225 501.974 -103.747 -128.755 134.503 -111.308
-721.152 502.348 -103.752 -128.755 134.503 -111.308
-722.079 502.723 -103.757 -128.755 134.503 -111.308
-723.006 503.097 -103.762 -128.755 134.503 -111.308
-723.934 503.472 -103.767 -128.755 134.503 -111.308
-724.861 503.847 -103.772 -128.755 134.503 -111.308
-725.788 504.221 -103.777 -128.755 134.503 -111.308
-726.715 504.596 -103.782 -128.755 134.503 -111.308
-727.642 504.97 -103.787 -128.755 134.503 -111.308
-728.57 505.345 -103.793 -132.285 133.452 -113.77
-729.497 505.719 -103.798 -132.285 133.452 -113.77
-730.424 506.094 -103.803 -132.285 133.452 -113.77
-731.351 506.469 -103.808 -132.285 133.452 -113.77
-732.278 506.843 -103.813 -132.285 133.452 -113.77
-733.205 507.218 -103.818 -132.285 133.452 -113.77
-734.133 507.592 -103.823 -132.285 133.452 -113.77
-735.06 507.967 -103.828 -132.285 133.452 -113.77
-735.987 508.342 -103.833 -132.285 133.452 -113.77
-736.914 508.716 -103.838 -132.285 133.452 -113.77
-737.841 509.091 -103.844 -132.285 133.452 -113.77
-738.769 509.465 -103.849 -132.285 133.452 -113.77
-739.696 509.84 -103.854 -132.479 133.386 -113.892
-740.623 510.214 -103.859 -132.695 133.312 -114.03
-741.55 510.589 -103.864 -132.695 133.312 -114.03
-742.477 510.964 -103.869 -132.881 133.249 -114.155
-743.404 511.338 -103.874 -133.094 133.18 -114.3
-744.332 511.713 -103.879 -133.094 133.18 -114.3
-745.259 512.087 -103.884 -133.285 133.119 -114.433
-746.186 512.462 -103.889 -133.503 133.048 -114.589
-747.113 512.836 -103.895 -133.503 133.048 -114.589
-748.04 513.211 -103.9 -133.693 132.984 -114.725
-748.968 513.586 -103.905 -133.922 132.906 -114.895
-749.895 513.96 -103.91 -134.109 132.841 -115.019
-750.822 514.335 -103.915 -134.109 132.841 -115.019
-751.749 514.709 -103.92 -134.32 132.768 -115.158
-752.676 515.084 -103.925 -134.485 132.708 -115.261
-753.603 515.459 -103.93 -134.485 132.708 -115.261
-754.531 515.833 -103.935 -134.695 132.632 -115.395
-755.458 516.208 -103.94 -134.88 132.568 -115.519
-756.385 516.582 -103.946 -135.086 132.494 -115.65
-757.312 516.957 -103.951 -135.086 132.494 -115.65
-758.239 517.331 -103.956 -135.295 132.417 -115.787
-759.167 517.706 -103.961 -135.501 132.345 -115.937
-760.094 518.081 -103.966 -135.685 132.282 -116.073
-761.021 518.455 -103.971 -135.685 132.282 -116.073
-761.948 518.83 -103.976 -135.873 132.219 -116.209
-762.875 519.204 -103.981 -136.036 132.159 -116.315
-763.802 519.579 -103.986 -136.243 132.079 -116.452
-764.73 519.953 -103.991 -136.243 132.079 -116.452
-765.657 520.328 -103.997 -136.466 131.994 -116.597
-766.584 520.703 -104.002 -136.466 131.994 -116.597
-767.511 521.077 -104.007 -136.648 131.927 -116.714
-768.438 521.452 -104.012 -136.833 131.856 -116.819
-769.366 521.826 -104.017 -137.041 131.78 -116.96
-770.293 522.201 -104.022 -137.041 131.78 -116.96
-771.22 522.576 -104.027 -137.241 131.701 -117.093
-772.147 522.95 -104.032 -137.424 131.635 -117.227
-773.074 523.325 -104.037 -137.424 131.635 -117.227
-774.001 523.699 -104.042 -137.609 131.568 -117.352
-774.929 524.074 -104.047 -137.795 131.501 -117.49
-775.856 524.448 -104.053 -137.995 131.419 -117.621
-776.783 524.823 -104.058 -137.995 131.419 -117.621
-777.71 525.198 -104.063 -138.187 131.341 -117.747
-778.637 525.572 -104.068 -138.368 131.266 -117.851
-779.565 525.947 -104.073 -138.368 131.266 -117.851
-780.492 526.321 -104.078 -138.545 131.196 -117.964
-781.419 526.696 -104.083 -138.702 131.133 -118.062
-782.346 527.07 -104.088 -138.702 131.133 -118.062
-783.273 527.445 -104.093 -138.702 131.133 -118.062
-784.2 527.82 -104.098 -138.702 131.133 -118.062
-785.128 528.194 -104.104 -138.702 131.133 -118.062
-786.055 528.569 -104.109 -138.702 131.133 -118.062
-786.982 528.943 -104.114 -138.702 131.133 -118.062
-787.909 529.318 -104.119 -138.702 131.133 -118.062
-788.836 529.693 -104.124 -138.702 131.133 -118.062
-789.763 530.067 -104.129 -138.702 131.133 -118.062
-790.691 530.442 -104.134 -138.702 131.133 -118.062
-791.618 530.816 -104.139 -138.702 131.133 -118.062
-792.545 531.191 -104.144 -138.702 131.133 -118.062
-793.472 531.565 -104.149 -138.702 131.133 -118.062
-794.399 531.94 -104.155 -138.702 131.133 -118.062
-795.327 532.315 -104.16 -138.702 131.133 -118.062
-796.254 532.689 -104.165 -138.702 131.133 -118.062
7
-699.922 495.995 -104.406 -126.851 135.012 -109.988
-700.853 496.36 -104.408 -126.851 135.012 -109.988
-701.784 496.724 -104.41 -126.851 135.012 -109.988
-702.715 497.089 -104.412 -126.851 135.012 -109.988
-703.646 497.454 -104.414 -126.851 135.012 -109.988
-704.577 497.819 -104.416 -126.851 135.012 -109.988
-705.508 498.183 -104.419 -127.059 134.963 -110.139
-706.439 498.548 -104.421 -127.059 134.963 -110.139
-707.371 498.913 -104.423 -127.271 134.914 -110.293
-708.302 499.277 -104.425 -127.453 134.866 -110.417
-709.233 499.642 -104.427 -127.635 134.816 -110.534
-710.164 500.007 -104.429 -127.85 134.758 -110.684
-711.095 500.372 -104.431 -127.85 134.758 -110.684
-712.026 500.736 -104.434 -128.038 134.704 -110.809
-712.957 501.101 -104.436 -128.275 134.635 -110.975
-713.888 501.466 -104.438 -128.475 134.578 -111.109
-714.82 501.83 -104.44 -128.475 134.578 -111.109
-715.751 502.195 -104.442 -128.679 134.521 -111.247
-716.682 502.56 -104.444 -128.881 134.468 -111.4
-717.613 502.924 -104.446 -128.881 134.468 -111.4
-718.544 503.289 -104.449 -129.13 134.403 -111.585
-719.475 503.654 -104.451 -129.13 134.403 -111.585
-720.406 504.019 -104.453 -129.13 134.403 -111.585
-721.337 504.383 -104.455 -129.13 134.403 -111.585
-722.268 504.748 -104.457 -129.13 134.403 -111.585
-723.2 505.113 -104.459 -129.13 134.403 -111.585
-724.131 505.477 -104.461 -129.13 134.403 -111.585
-725.062 505.842 -104.464 -129.13 134.403 -111.585
-725.993 506.207 -104.466 -129.13 134.403 -111.585
-726.924 506.572 -104.468 -129.13 134.403 -111.585
-727.855 506.936 -104.47 -129.13 134.403 -111.585
-728.786 507.301 -104.472 -129.13 134.403 -111.585
-729.717 507.666 -104.474 -132.575 133.354 -113.952
-730.649 508.03 -104.476 -132.575 133.354 -113.952
-731.58 508.395 -104.479 -132.575 133.354 -113.952
-732.511 508.76 -104.481 -132.575 133.354 -113.952
-733.442 509.125 -104.483 -132.575 133.354 -113.952
-734.373 509.489 -104.485 -132.575 133.354 -113.952
-735.304 509.854 -104.487 -132.575 133.354 -113.952
-736.235 510.219 -104.489 -132.575 133.354 -113.952
-737.166 510.583 -104.491 -132.575 133.354 -113.952
-738.097 510.948 -104.494 -132.575 133.354 -113.952
-739.029 511.313 -104.496 -132.575 133.354 -113.952
-739.96 511.678 -104.498 -132.575 133.354 -113.952
-740.891 512.042 -104.5 -132.768 133.289 -114.08
-741.822 512.407 -104.502 -132.768 133.289 -114.08
-742.753 512.772 -104.504 -132.974 133.218 -114.216
-743.684 513.136 -104.506 -133.187 133.15 -114.363
-744.615 513.501 -104.509 -133.382 133.087 -114.5
-745.546 513.866 -104.511 -133.382 133.087 -114.5
-746.478 514.231 -104.513 -133.573 133.024 -114.64
-747.409 514.595 -104.515 -133.785 132.952 -114.792
-748.34 514.96 -104.517 -133.785 132.952 -114.792
-749.271 515.325 -104.519 -133.993 132.883 -114.944
-750.202 515.689 -104.521 -134.18 132.817 -115.066
-751.133 516.054 -104.524 -134.391 132.743 -115.204
-752.064 516.419 -104.526 -134.391 132.743 -115.204
-752.995 516.784 -104.528 -134.602 132.664 -115.331
-753.926 517.148 -104.53 -134.602 132.664 -115.331
-754.858 517.513 -104.532 -134.811 132.593 -115.476
-755.789 517.878 -104.534 -135.018 132.518 -115.603
-756.72 518.242 -104.536 -135.226 132.443 -115.742
-757.651 518.607 -104.539 -135.226 132.443 -115.742
-758.582 518.972 -104.541 -135.409 132.374 -115.86
-759.513 519.337 -104.543 -135.595 132.313 -116.009
-760.444 519.701 -104.545 -135.595 132.313 -116.009
-761.375 520.066 -104.547 -135.802 132.243 -116.158
-762.307 520.431 -104.549 -135.967 132.186 -116.274
-763.238 520.795 -104.551 -136.151 132.113 -116.385
-764.169 521.16 -104.554 -136.333 132.045 -116.514
-765.1 521.525 -104.556 -136.333 132.045 -116.514
-766.031 521.89 -104.558 -136.555 131.961 -116.656
-766.962 522.254 -104.56 -136.717 131.901 -116.754
-767.893 522.619 -104.562 -136.717 131.901 -116.754
-768.824 522.984 -104.564 -136.926 131.822 -116.877
-769.755 523.348 -104.566 -137.131 131.745 -117.019
-770.687 523.713 -104.569 -137.131 131.745 -117.019
-771.618 524.078 -104.571 -137.33 131.668 -117.157
-772.549 524.443 -104.573 -137.539 131.593 -117.305
-773.48 524.807 -104.575 -137.702 131.533 -117.419
-774.411 525.172 -104.577 -137.702 131.533 -117.419
-775.342 525.537 -104.579 -137.929 131.447 -117.579
-776.273 525.901 -104.581 -138.125 131.366 -117.708
-777.204 526.266 -104.584 -138.125 131.366 -117.708
-778.136 526.631 -104.586 -138.31 131.29 -117.82
-779.067 526.996 -104.588 -138.479 131.224 -117.926
-779.998 527.36 -104.59 -138.664 131.148 -118.038
-780.929 527.725 -104.592 -138.664 131.148 -118.038
-781.86 528.09 -104.594 -138.664 131.148 -118.038
-782.791 528.454 -104.596 -138.664 131.148 -118.038
-783.722 528.819 -104.599 -138.664 131.148 -118.038
-784.653 529.184 -104.601 -138.664 131.148 -118.038
-785.584 529.549 -104.603 -138.664 131.148 -118.038
-786.516 529.913 -104.605 -138.664 131.148 -118.038
-787.447 530.278 -104.607 -138.664 131.148 -118.038
-788.378 530.643 -104.609 -138.664 131.148 -118.038
-789.309 531.007 -104.611 -138.664 131.148 -118.038
-790.24 531.372 -104.614 -138.664 131.148 -118.038
-791.171 531.737 -104.616 -138.664 131.148 -118.038
-792.102 532.102 -104.618 -138.664 131.148 -118.038
-793.033 532.466 -104.62 -138.664 131.148 -118.038
-793.965 532.831 -104.622 -138.664 131.148 -118.038
-794.896 533.196 -104.624 -138.664 131.148 -118.038
-795.827 533.56 -104.626 -138.664 131.148 -118.038
-796.758 533.925 -104.629 -138.664 131.148 -118.038
-797.689 534.29 -104.631 -138.664 131.148 -118.038
8
-699.011 496.295 -103.703 -126.851 135.01 -109.985
-699.931 496.689 -103.705 -126.851 135.01 -109.985
-700.85 497.083 -103.707 -126.851 135.01 -109.985
-701.769 497.476 -103.709 -126.851 135.01 -109.985
-702.688 497.87 -103.711 -126.851 135.01 -109.985
-703.608 498.263 -103.713 -126.851 135.01 -109.985
-704.527 498.657 -103.715 -126.851 135.01 -109.985
-705.446 499.05 -103.716 -127.058 134.962 -110.136
-706.366 499.444 -103.718 -127.249 134.915 -110.276
-707.285 499.838 -103.72 -127.488 134.856 -110.443
-708.204 500.231 -103.722 -127.488 134.856 -110.443
-709.123 500.625 -103.724 -127.74 134.789 -110.615
-710.043 501.018 -103.726 -127.74 134.789 -110.615
-710.962 501.412 -103.728 -127.955 134.73 -110.762
-711.881 501.805 -103.73 -128.252 134.644 -110.968
-712.801 502.199 -103.732 -128.252 134.644 -110.968
-713.72 502.593 -103.734 -128.448 134.586 -111.101
-714.639 502.986 -103.736 -128.677 134.522 -111.254
-715.558 503.38 -103.738 -128.677 134.522 -111.254
-716.478 503.773 -103.74 -128.906 134.462 -111.425
-717.397 504.167 -103.742 -129.137 134.4 -111.59
-718.316 504.56 -103.744 -129.137 134.4 -111.59
-719.236 504.954 -103.746 -129.137 134.4 -111.59
-720.155 505.348 -103.748 -129.137 134.4 -111.59
-721.074 505.741 -103.75 -129.137 134.4 -111.59
-721.993 506.135 -103.752 -129.137 134.4 -111.59
-722.913 506.528 -103.754 -129.137 134.4 -111.59
-723.832 506.922 -103.755 -129.137 134.4 -111.59
-724.751 507.316 -103.757 -129.137 134.4 -111.59
-725.671 507.709 -103.759 -129.137 134.4 -111.59
-726.59 508.103 -103.761 -129.137 134.4 -111.59
-727.509 508.496 -103.763 -129.137 134.4 -111.59
-728.428 508.89 -103.765 -132.465 133.389 -113.886
-729.348 509.283 -103.767 -132.465 133.389 -113.886
-730.267 509.677 -103.769 -132.465 133.389 -113.886
-731.186 510.071 -103.771 -132.465 133.389 -113.886
-732.106 510.464 -103.773 -132.465 133.389 -113.886
-733.025 510.858 -103.775 -132.465 133.389 -113.886
-733.944 511.251 -103.777 -132.465 133.389 -113.886
-734.864 511.645 -103.779 -132.465 133.389 -113.886
-735.783 512.038 -103.781 -132.465 133.389 -113.886
-736.702 512.432 -103.783 -132.465 133.389 -113.886
-737.621 512.826 -103.785 -132.465 133.389 -113.886
-738.541 513.219 -103.787 -132.465 133.389 -113.886
-739.46 513.613 -103.789 -132.767 133.291 -114.087
-740.379 514.006 -103.791 -132.767 133.291 -114.087
-741.299 514.4 -103.793 -132.954 133.227 -114.211
-742.218 514.793 -103.794 -133.171 133.154 -114.356
-743.137 515.187 -103.796 -133.171 133.154 -114.356
-744.056 515.581 -103.798 -133.364 133.091 -114.49
-744.976 515.974 -103.8 -133.582 133.022 -114.648
-745.895 516.368 -103.802 -133.582 133.022 -114.648
-746.814 516.761 -103.804 -133.769 132.96 -114.778
-747.734 517.155 -103.806 -133.956 132.896 -114.912
-748.653 517.548 -103.808 -134.143 132.829 -115.036
-749.572 517.942 -103.81 -134.143 132.829 -115.036
-750.491 518.336 -103.812 -134.355 132.755 -115.178
-751.411 518.729 -103.814 -134.542 132.686 -115.294
-752.33 519.123 -103.816 -134.781 132.604 -115.46
-753.249 519.516 -103.818 -134.781 132.604 -115.46
-754.169 519.91 -103.82 -135.02 132.517 -115.61
-755.088 520.303 -103.822 -135.02 132.517 -115.61
-756.007 520.697 -103.824 -135.206 132.452 -115.737
-756.926 521.091 -103.826 -135.39 132.384 -115.852
-757.846 521.484 -103.828 -135.574 132.321 -115.993
-758.765 521.878 -103.83 -135.574 132.321 -115.993
-759.684 522.271 -103.832 -135.783 132.247 -116.138
-760.604 522.665 -103.834 -135.97 132.181 -116.269
-761.523 523.059 -103.835 -136.18 132.1 -116.399
-762.442 523.452 -103.837 -136.18 132.1 -116.399
-763.362 523.846 -103.839 -136.389 132.024 -116.545
-764.281 524.239 -103.841 -136.568 131.955 -116.662
-765.2 524.633 -103.843 -136.568 131.955 -116.662
-766.119 525.026 -103.845 -136.803 131.866 -116.806
-767.039 525.42 -103.847 -136.989 131.797 -116.926
-767.958 525.814 -103.849 -136.989 131.797 -116.926
-768.877 526.207 -103.851 -137.222 131.711 -117.085
-769.797 526.601 -103.853 -137.405 131.643 -117.214
-770.716 526.994 -103.855 -137.405 131.643 -117.214
-771.635 527.388 -103.857 -137.614 131.564 -117.356
-772.554 527.781 -103.859 -137.614 131.564 -117.356
-773.474 528.175 -103.861 -137.898 131.456 -117.556
-774.393 528.569 -103.863 -138.072 131.385 -117.666
-775.312 528.962 -103.865 -138.072 131.385 -117.666
-776.232 529.356 -103.867 -138.278 131.301 -117.799
-777.151 529.749 -103.869 -138.465 131.226 -117.916
-778.07 530.143 -103.871 -138.634 131.16 -118.024
-778.989 530.536 -103.873 -138.634 131.16 -118.024
-779.909 530.93 -103.874 -138.634 131.16 -118.024
-780.828 531.324 -103.876 -138.634 131.16 -118.024
-781.747 531.717 -103.878 -138.634 131.16 -118.024
-782.667 532.111 -103.88 -138.634 131.16 -118.024
-783.586 532.504 -103.882 -138.634 131.16 -118.024
-784.505 532.898 -103.884 -138.634 131.16 -118.024
-785.424 533.291 -103.886 -138.634 131.16 -118.024
-786.344 533.685 -103.888 -138.634 131.16 -118.024
-787.263 534.079 -103.89 -138.634 131.16 -118.024
-788.182 534.472 -103.892 -138.634 131.16 -118.024
-789.102 534.866 -103.894 -138.634 131.16 -118.024
-790.021 535.259 -103.896 -138.634 131.16 -118.024
-790.94 535.653 -103.898 -138.634 131.16 -118.024
-791.86 536.047 -103.9 -138.634 131.16 -118.024
-792.779 536.44 -103.902 -138.634 131.16 -118.024
-793.698 536.834 -103.904 -138.634 131.16 -118.024
-794.617 537.227 -103.906 -138.634 131.16 -118.024
-795.537 537.621 -103.908 -138.634 131.16 -118.024
9
-699.201 496.852 -103.06 -126.851 135.011 -109.986
-700.132 497.218 -103.067 -126.851 135.011 -109.986
-701.062 497.584 -103.074 -126.851 135.011 -109.986
-701.993 497.951 -103.081 -126.851 135.011 -109.986
-702.923 498.317 -103.088 -126.851 135.011 -109.986
-703.854 498.683 -103.095 -126.851 135.011 -109.986
-704.784 499.049 -103.102 -127.073 134.957 -110.146
-705.715 499.415 -103.109 -127.073 134.957 -110.146
-706.645 499.782 -103.116 -127.29 134.903 -110.304
-707.576 500.148 -103.123 -127.489 134.854 -110.442
-708.506 500.514 -103.13 -127.489 134.854 -110.442
-709.437 500.88 -103.137 -127.74 134.788 -110.613
-710.367 501.246 -103.144 -127.955 134.728 -110.76
-711.298 501.613 -103.151 -127.955 134.728 -110.76
-712.228 501.979 -103.159 -128.199 134.659 -110.929
-713.159 502.345 -103.166 -128.393 134.601 -111.062
-714.089 502.711 -103.173 -128.593 134.543 -111.192
-715.02 503.077 -103.18 -128.593 134.543 -111.192
-715.95 503.444 -103.187 -128.794 134.492 -111.341
-716.881 503.81 -103.194 -128.794 134.492 -111.341
-717.811 504.176 -103.201 -128.794 134.492 -111.341
-718.742 504.542 -103.208 -128.794 134.492 -111.341
-719.672 504.908 -103.215 -128.794 134.492 -111.341
-720.603 505.275 -103.222 -128.794 134.492 -111.341
-721.533 505.641 -103.229 -128.794 134.492 -111.341
-722.464 506.007 -103.236 -128.794 134.492 -111.341
-723.394 506.373 -103.243 -128.794 134.492 -111.341
-724.325 506.739 -103.25 -128.794 134.492 -111.341
-725.255 507.106 -103.257 -128.794 134.492 -111.341
-726.186 507.472 -103.264 -128.794 134.492 -111.341
-727.116 507.838 -103.271 -128.794 134.492 -111.341
-728.047 508.204 -103.278 -132.493 133.38 -113.904
-728.977 508.57 -103.285 -132.493 133.38 -113.904
-729.908 508.937 -103.292 -132.493 133.38 -113.904
-730.838 509.303 -103.299 -132.493 133.38 -113.904
-731.769 509.669 -103.307 -132.493 133.38 -113.904
-732.699 510.035 -103.314 -132.493 133.38 -113.904
-733.63 510.401 -103.321 -132.493 133.38 -113.904
-734.56 510.768 -103.328 -132.493 133.38 -113.904
-735.491 511.134 -103.335 -132.493 133.38 -113.904
-736.421 511.5 -103.342 -132.493 133.38 -113.904
-737.352 511.866 -103.349 -132.493 133.38 -113.904
-738.282 512.232 -103.356 -132.493 133.38 -113.904
-739.213 512.599 -103.363 -132.493 133.38 -113.904
-740.143 512.965 -103.37 -132.766 133.291 -114.086
-741.074 513.331 -103.377 -132.766 133.291 -114.086
-742.005 513.697 -103.384 -132.981 133.218 -114.228
-742.935 514.063 -103.391 -133.199 133.144 -114.375
-743.866 514.43 -103.398 -133.199 133.144 -114.375
-744.796 514.796 -103.405 -133.419 133.074 -114.531
-745.727 515.162 -103.412 -133.635 133.004 -114.686
-746.657 515.528 -103.419 -133.635 133.004 -114.686
-747.588 515.894 -103.426 -133.852 132.931 -114.838
-748.518 516.261 -103.433 -134.09 132.848 -115.002
-749.449 516.627 -103.44 -134.09 132.848 -115.002
-750.379 516.993 -103.447 -134.303 132.773 -115.144
-751.31 517.359 -103.455 -134.487 132.707 -115.262
-752.24 517.725 -103.462 -134.487 132.707 -115.262
-753.171 518.092 -103.469 -134.674 132.641 -115.383
-754.101 518.458 -103.476 -134.889 132.567 -115.529
-755.032 518.824 -103.483 -135.1 132.49 -115.663
-755.962 519.19 -103.49 -135.1 132.49 -115.663
-756.893 519.556 -103.497 -135.285 132.424 -115.786
-757.823 519.923 -103.504 -135.521 132.34 -115.951
-758.754 520.289 -103.511 -135.521 132.34 -115.951
-759.684 520.655 -103.518 -135.705 132.276 -116.086
-760.615 521.021 -103.525 -135.892 132.21 -116.214
-761.545 521.388 -103.532 -135.892 132.21 -116.214
-762.476 521.754 -103.539 -136.101 132.131 -116.35
-763.406 522.12 -103.546 -136.312 132.054 -116.495
-764.337 522.486 -103.553 -136.312 132.054 -116.495
-765.267 522.852 -103.56 -136.516 131.976 -116.627
-766.198 523.219 -103.567 -136.752 131.887 -116.777
-767.128 523.585 -103.574 -136.752 131.887 -116.777
-768.059 523.951 -103.581 -136.936 131.816 -116.889
-768.989 524.317 -103.588 -137.147 131.74 -117.038
-769.92 524.683 -103.595 -137.147 131.74 -117.038
-770.85 525.05 -103.603 -137.352 131.662 -117.176
-771.781 525.416 -103.61 -137.538 131.593 -117.306
-772.711 525.782 -103.617 -137.744 131.514 -117.449
-773.642 526.148 -103.624 -137.744 131.514 -117.449
-774.572 526.514 -103.631 -137.924 131.445 -117.573
-775.503 526.881 -103.638 -138.143 131.356 -117.714
-776.433 527.247 -103.645 -138.143 131.356 -117.714
-777.364 527.613 -103.652 -138.385 131.256 -117.863
-778.294 527.979 -103.659 -138.385 131.256 -117.863
-779.225 528.345 -103.666 -138.586 131.177 -117.995
-780.155 528.712 -103.673 -138.586 131.177 -117.995
-781.086 529.078 -103.68 -138.586 131.177 -117.995
-782.016 529.444 -103.687 -138.586 131.177 -117.995
-782.947 529.81 -103.694 -138.586 131.177 -117.995
-783.877 530.176 -103.701 -138.586 131.177 -117.995
-784.808 530.543 -103.708 -138.586 131.177 -117.995
-785.738 530.909 -103.715 -138.586 131.177 -117.995
-786.669 531.275 -103.722 -138.586 131.177 -117.995
-787.599 531.641 -103.729 -138.586 131.177 -117.995
-788.53 532.007 -103.736 -138.586 131.177 -117.995
-789.46 532.374 -103.743 -138.586 131.177 -117.995
-790.391 532.74 -103.751 -138.586 131.177 -117.995
-791.321 533.106 -103.758 -138.586 131.177 -117.995
-792.252 533.472 -103.765 -138.586 131.177 -117.995
-793.182 533.838 -103.772 -138.586 131.177 -117.995
-794.113 534.205 -103.779 -138.586 131.177 -117.995
-795.043 534.571 -103.786 -138.586 131.177 -117.995
-795.974 534.937 -103.793 -138.586 131.177 -117.995
-796.904 535.303 -103.8 -138.586 131.177 -117.995
10
-699.156 496.115 -104.721 -126.85 135.009 -109.984
-700.089 496.476 -104.723 -126.85 135.009 -109.984
-701.021 496.838 -104.724 -126.85 135.009 -109.984
-701.953 497.2 -104.725 -126.85 135.009 -109.984
-702.885 497.562 -104.726 -126.85 135.009 -109.984
-703.817 497.924 -104.727 -126.85 135.009 -109.984
-704.75 498.285 -104.728 -126.85 135.009 -109.984
-705.682 498.647 -104.729 -127.048 134.964 -110.127
-706.614 499.009 -104.73 -127.271 134.909 -110.289
-707.546 499.371 -104.732 -127.271 134.909 -110.289
-708.479 499.733 -104.733 -127.513 134.849 -110.457
-709.411 500.095 -104.734 -127.739 134.788 -110.614
-710.343 500.456 -104.735 -127.739 134.788 -110.614
-711.275 500.818 -104.736 -127.928 134.737 -110.742
-712.208 501.18 -104.737 -128.172 134.668 -110.912
-713.14 501.542 -104.738 -128.172 134.668 -110.912
-714.072 501.904 -104.739 -128.394 134.602 -111.064
-715.004 502.266 -104.741 -128.65 134.528 -111.233
-715.937 502.627 -104.742 -128.65 134.528 -111.233
-716.869 502.989 -104.743 -128.878 134.469 -111.402
-717.801 503.351 -104.744 -129.108 134.408 -111.569
-718.733 503.713 -104.745 -129.108 134.408 -111.569
-719.666 504.075 -104.746 -129.337 134.348 -111.737
-720.598 504.437 -104.747 -129.337 134.348 -111.737
-721.53 504.798 -104.748 -129.337 134.348 -111.737
-722.462 505.16 -104.75 -129.337 134.348 -111.737
-723.395 505.522 -104.751 -129.337 134.348 -111.737
-724.327 505.884 -104.752 -129.337 134.348 -111.737
-725.259 506.246 -104.753 -129.337 134.348 -111.737
-726.191 506.608 -104.754 -129.337 134.348 -111.737
-727.124 506.969 -104.755 -129.337 134.348 -111.737
-728.056 507.331 -104.756 -129.337 134.348 -111.737
-728.988 507.693 -104.757 -129.337 134.348 -111.737
-729.92 508.055 -104.759 -129.337 134.348 -111.737
-730.853 508.417 -104.76 -129.337 134.348 -111.737
-731.785 508.778 -104.761 -132.9 133.246 -114.175
-732.717 509.14 -104.762 -132.9 133.246 -114.175
-733.649 509.502 -104.763 -132.9 133.246 -114.175
-734.582 509.864 -104.764 -132.9 133.246 -114.175
-735.514 510.226 -104.765 -132.9 133.246 -114.175
-736.446 510.588 -104.766 -132.9 133.246 -114.175
-737.378 510.949 -104.768 -132.9 133.246 -114.175
-738.311 511.311 -104.769 -132.9 133.246 -114.175
-739.243 511.673 -104.77 -132.9 133.246 -114.175
-740.175 512.035 -104.771 -132.9 133.246 -114.175
-741.107 512.397 -104.772 -132.9 133.246 -114.175
-742.04 512.759 -104.773 -132.9 133.246 -114.175
-742.972 513.12 -104.774 -133.118 133.173 -114.32
-743.904 513.482 -104.775 -133.118 133.173 -114.32
-744.836 513.844 -104.777 -133.336 133.1 -114.47
-745.769 514.206 -104.778 -133.527 133.04 -114.608
-746.701 514.568 -104.779 -133.527 133.04 -114.608
-747.633 514.93 -104.78 -133.718 132.977 -114.743
-748.565 515.291 -104.781 -133.905 132.914 -114.877
-749.497 515.653 -104.782 -134.119 132.838 -115.018
-750.43 516.015 -104.783 -134.119 132.838 -115.018
-751.362 516.377 -104.784 -134.33 132.765 -115.162
-752.294 516.739 -104.786 -134.513 132.697 -115.277
-753.226 517.1 -104.787 -134.7 132.63 -115.401
-754.159 517.462 -104.788 -134.7 132.63 -115.401
-755.091 517.824 -104.789 -134.888 132.565 -115.528
-756.023 518.186 -104.79 -135.073 132.498 -115.645
-756.955 518.548 -104.791 -135.26 132.433 -115.772
-757.888 518.91 -104.792 -135.26 132.433 -115.772
-758.82 519.271 -104.793 -135.47 132.357 -115.911
-759.752 519.633 -104.795 -135.679 132.285 -116.067
-760.684 519.995 -104.796 -135.679 132.285 -116.067
-761.617 520.357 -104.797 -135.891 132.209 -116.214
-762.549 520.719 -104.798 -136.1 132.13 -116.348
-763.481 521.081 -104.799 -136.1 132.13 -116.348
-764.413 521.442 -104.8 -136.337 132.044 -116.512
-765.346 521.804 -104.801 -136.337 132.044 -116.512
-766.278 522.166 -104.802 -136.516 131.975 -116.627
-767.21 522.528 -104.804 -136.727 131.896 -116.762
-768.142 522.89 -104.805 -136.727 131.896 -116.762
-769.075 523.252 -104.806 -136.963 131.806 -116.906
-770.007 523.613 -104.807 -137.172 131.73 -117.054
-770.939 523.975 -104.808 -137.172 131.73 -117.054
-771.871 524.337 -104.809 -137.351 131.662 -117.174
-772.804 524.699 -104.81 -137.563 131.583 -117.323
-773.736 525.061 -104.811 -137.563 131.583 -117.323
-774.668 525.422 -104.813 -137.77 131.506 -117.466
-775.6 525.784 -104.814 -137.975 131.426 -117.607
-776.533 526.146 -104.815 -138.144 131.357 -117.715
-777.465 526.508 -104.816 -138.144 131.357 -117.715
-778.397 526.87 -104.817 -138.324 131.283 -117.825
-779.329 527.232 -104.818 -138.502 131.211 -117.941
-780.262 527.593 -104.819 -138.661 131.149 -118.04
-781.194 527.955 -104.82 -138.661 131.149 -118.04
-782.126 528.317 -104.822 -138.661 131.149 -118.04
-783.058 528.679 -104.823 -138.661 131.149 -118.04
-783.991 529.041 -104.824 -138.661 131.149 -118.04
-784.923 529.403 -104.825 -138.661 131.149 -118.04
-785.855 529.764 -104.826 -138.661 131.149 -118.04
-786.787 530.126 -104.827 -138.661 131.149 -118.04
-787.72 530.488 -104.828 -138.661 131.149 -118.04
-788.652 530.85 -104.829 -138.661 131.149 -118.04
-789.584 531.212 -104.831 -138.661 131.149 -118.04
-790.516 531.574 -104.832 -138.661 131.149 -118.04
-791.449 531.935 -104.833 -138.661 131.149 -118.04
-792.381 532.297 -104.834 -138.661 131.149 -118.04
-793.313 532.659 -104.835 -138.661 131.149 -118.04
-794.245 533.021 -104.836 -138.661 131.149 -118.04
-795.177 533.383 -104.837 -138.661 131.149 -118.04
-796.11 533.744 -104.838 -138.661 131.149 -118.04
-797.042 534.106 -104.84 -138.661 131.149 -118.04
11
-699.541 495.118 -104.541 -127.055 134.967 -110.135
-700.48 495.462 -104.547 -127.055 134.967 -110.135
-701.42 495.805 -104.554 -127.055 134.967 -110.135
-702.359 496.148 -104.56 -127.055 134.967 -110.135
-703.298 496.492 -104.566 -127.055 134.967 -110.135
-704.237 496.835 -104.572 -127.055 134.967 -110.135
-705.176 497.178 -104.579 -127.055 134.967 -110.135
-706.116 497.521 -104.585 -127.055 134.967 -110.135
-707.055 497.865 -104.591 -127.274 134.911 -110.293
-707.994 498.208 -104.597 -127.274 134.911 -110.293
-708.933 498.551 -104.604 -127.457 134.863 -110.419
-709.872 498.895 -104.61 -127.636 134.815 -110.536
-710.812 499.238 -104.616 -127.865 134.755 -110.698
-711.751 499.581 -104.622 -127.865 134.755 -110.698
-712.69 499.925 -104.629 -128.133 134.676 -110.885
-713.629 500.268 -104.635 -128.323 134.622 -111.015
-714.569 500.611 -104.641 -128.323 134.622 -111.015
-715.508 500.954 -104.647 -128.562 134.557 -111.171
-716.447 501.298 -104.654 -128.777 134.5 -111.333
-717.386 501.641 -104.66 -128.777 134.5 -111.333
-718.325 501.984 -104.666 -128.991 134.441 -111.48
-719.265 502.328 -104.672 -129.203 134.383 -111.637
-720.204 502.671 -104.679 -129.393 134.328 -111.769
-721.143 503.014 -104.685 -129.393 134.328 -111.769
-722.082 503.357 -104.691 -129.393 134.328 -111.769
-723.021 503.701 -104.698 -129.393 134.328 -111.769
-723.961 504.044 -104.704 -129.393 134.328 -111.769
-724.9 504.387 -104.71 -129.393 134.328 -111.769
-725.839 504.731 -104.716 -129.393 134.328 -111.769
-726.778 505.074 -104.723 -129.393 134.328 -111.769
-727.717 505.417 -104.729 -129.393 134.328 -111.769
-728.657 505.761 -104.735 -129.393 134.328 -111.769
-729.596 506.104 -104.741 -129.393 134.328 -111.769
-730.535 506.447 -104.748 -129.393 134.328 -111.769
-731.474 506.79 -104.754 -129.393 134.328 -111.769
-732.413 507.134 -104.76 -132.956 133.227 -114.211
-733.353 507.477 -104.766 -132.956 133.227 -114.211
-734.292 507.82 -104.773 -132.956 133.227 -114.211
-735.231 508.164 -104.779 -132.956 133.227 -114.211
-736.17 508.507 -104.785 -132.956 133.227 -114.211
-737.11 508.85 -104.791 -132.956 133.227 -114.211
-738.049 509.193 -104.798 -132.956 133.227 -114.211
-738.988 509.537 -104.804 -132.956 133.227 -114.211
-739.927 509.88 -104.81 -132.956 133.227 -114.211
-740.866 510.223 -104.816 -132.956 133.227 -114.211
-741.806 510.567 -104.823 -132.956 133.227 -114.211
-742.745 510.91 -104.829 -132.956 133.227 -114.211
-743.684 511.253 -104.835 -132.956 133.227 -114.211
-744.623 511.597 -104.841 -133.139 133.166 -114.335
-745.562 511.94 -104.848 -133.325 133.105 -114.464
-746.502 512.283 -104.854 -133.325 133.105 -114.464
-747.441 512.626 -104.86 -133.55 133.031 -114.623
-748.38 512.97 -104.866 -133.731 132.972 -114.749
-749.319 513.313 -104.873 -133.91 132.91 -114.879
-750.258 513.656 -104.879 -133.91 132.91 -114.879
-751.198 514 -104.885 -134.152 132.825 -115.039
-752.137 514.343 -104.892 -134.37 132.75 -115.185
-753.076 514.686 -104.898 -134.37 132.75 -115.185
-754.015 515.029 -104.904 -134.571 132.677 -115.31
-754.954 515.373 -104.91 -134.753 132.617 -115.442
-755.894 515.716 -104.917 -134.753 132.617 -115.442
-756.833 516.059 -104.923 -134.95 132.544 -115.563
-757.772 516.403 -104.929 -135.127 132.479 -115.683
-758.711 516.746 -104.935 -135.325 132.408 -115.81
-759.65 517.089 -104.942 -135.325 132.408 -115.81
-760.59 517.433 -104.948 -135.544 132.335 -115.973
-761.529 517.776 -104.954 -135.721 132.272 -116.096
-762.468 518.119 -104.96 -135.721 132.272 -116.096
-763.407 518.462 -104.967 -135.94 132.193 -116.248
-764.347 518.806 -104.973 -136.116 132.124 -116.356
-765.286 519.149 -104.979 -136.315 132.052 -116.497
-766.225 519.492 -104.985 -136.315 132.052 -116.497
-767.164 519.836 -104.992 -136.487 131.988 -116.609
-768.103 520.179 -104.998 -136.705 131.907 -116.749
-769.043 520.522 -105.004 -136.705 131.907 -116.749
-769.982 520.865 -105.01 -136.902 131.832 -116.868
-770.921 521.209 -105.017 -137.117 131.751 -117.018
-771.86 521.552 -105.023 -137.117 131.751 -117.018
-772.799 521.895 -105.029 -137.328 131.672 -117.163
-773.739 522.239 -105.035 -137.506 131.606 -117.284
-774.678 522.582 -105.042 -137.506 131.606 -117.284
-775.617 522.925 -105.048 -137.703 131.53 -117.419
-776.556 523.269 -105.054 -137.895 131.456 -117.55
-777.495 523.612 -105.061 -138.086 131.38 -117.675
-778.435 523.955 -105.067 -138.086 131.38 -117.675
-779.374 524.298 -105.073 -138.29 131.297 -117.804
-780.313 524.642 -105.079 -138.462 131.229 -117.912
-781.252 524.985 -105.086 -138.462 131.229 -117.912
-782.191 525.328 -105.092 -138.637 131.158 -118.026
-783.131 525.672 -105.098 -138.637 131.158 -118.026
-784.07 526.015 -105.104 -138.637 131.158 -118.026
-785.009 526.358 -105.111 -138.637 131.158 -118.026
-785.948 526.701 -105.117 -138.637 131.158 -118.026
-786.888 527.045 -105.123 -138.637 131.158 -118.026
-787.827 527.388 -105.129 -138.637 131.158 -118.026
-788.766 527.731 -105.136 -138.637 131.158 -118.026
-789.705 528.075 -105.142 -138.637 131.158 -118.026
-790.644 528.418 -105.148 -138.637 131.158 -118.026
-791.584 528.761 -105.154 -138.637 131.158 -118.026
-792.523 529.104 -105.161 -138.637 131.158 -118.026
-793.462 529.448 -105.167 -138.637 131.158 -118.026
-794.401 529.791 -105.173 -138.637 131.158 -118.026
-795.34 530.134 -105.179 -138.637 131.158 -118.026
-796.28 530.478 -105.186 -138.637 131.158 -118.026
-797.219 530.821 -105.192 -138.637 131.158 -118.026
-798.158 531.164 -105.198 -138.637 131.158 -118.026
12
-697.558 494.63 -104.764 -126.852 135.009 -109.981
-698.476 495.026 -104.768 -126.852 135.009 -109.981
-699.395 495.422 -104.773 -126.852 135.009 -109.981
-700.313 495.817 -104.777 -126.852 135.009 -109.981
-701.232 496.213 -104.781 -126.852 135.009 -109.981
-702.15 496.609 -104.785 -126.852 135.009 -109.981
-703.068 497.004 -104.789 -126.852 135.009 -109.981
-703.987 497.4 -104.793 -126.852 135.009 -109.981
-704.905 497.795 -104.797 -126.852 135.009 -109.981
-705.824 498.191 -104.801 -127.058 134.96 -110.135
-706.742 498.587 -104.805 -127.286 134.902 -110.299
-707.66 498.982 -104.809 -127.286 134.902 -110.299
-708.579 499.378 -104.813 -127.556 134.835 -110.486
-709.497 499.774 -104.818 -127.556 134.835 -110.486
-710.416 500.169 -104.822 -127.761 134.782 -110.633
-711.334 500.565 -104.826 -127.979 134.722 -110.784
-712.252 500.961 -104.83 -128.17 134.668 -110.919
-713.171 501.356 -104.834 -128.17 134.668 -110.919
-714.089 501.752 -104.838 -128.393 134.603 -111.073
-715.008 502.147 -104.842 -128.592 134.545 -111.201
-715.926 502.543 -104.846 -128.792 134.493 -111.346
-716.844 502.939 -104.85 -128.792 134.493 -111.346
-717.763 503.334 -104.854 -128.792 134.493 -111.346
-718.681 503.73 -104.858 -128.792 134.493 -111.346
-719.599 504.126 -104.863 -128.792 134.493 -111.346
-720.518 504.521 -104.867 -128.792 134.493 -111.346
-721.436 504.917 -104.871 -128.792 134.493 -111.346
-722.355 505.313 -104.875 -128.792 134.493 -111.346
-723.273 505.708 -104.879 -128.792 134.493 -111.346
-724.191 506.104 -104.883 -128.792 134.493 -111.346
-725.11 506.499 -104.887 -128.792 134.493 -111.346
-726.028 506.895 -104.891 -128.792 134.493 -111.346
-726.947 507.291 -104.895 -128.792 134.493 -111.346
-727.865 507.686 -104.899 -132.466 133.389 -113.887
-728.783 508.082 -104.903 -132.466 133.389 -113.887
-729.702 508.478 -104.908 -132.466 133.389 -113.887
-730.62 508.873 -104.912 -132.466 133.389 -113.887
-731.539 509.269 -104.916 -132.466 133.389 -113.887
-732.457 509.665 -104.92 -132.466 133.389 -113.887
-733.375 510.06 -104.924 -132.466 133.389 -113.887
-734.294 510.456 -104.928 -132.466 133.389 -113.887
-735.212 510.851 -104.932 -132.466 133.389 -113.887
-736.131 511.247 -104.936 -132.466 133.389 -113.887
-737.049 511.643 -104.94 -132.466 133.389 -113.887
-737.967 512.038 -104.944 -132.466 133.389 -113.887
-738.886 512.434 -104.948 -132.466 133.389 -113.887
-739.804 512.83 -104.953 -132.658 133.328 -114.015
-740.723 513.225 -104.957 -132.658 133.328 -114.015
-741.641 513.621 -104.961 -132.901 133.247 -114.183
-742.559 514.017 -104.965 -133.092 133.182 -114.309
-743.478 514.412 -104.969 -133.092 133.182 -114.309
-744.396 514.808 -104.973 -133.337 133.101 -114.475
-745.315 515.203 -104.977 -133.527 133.04 -114.609
-746.233 515.599 -104.981 -133.527 133.04 -114.609
-747.151 515.995 -104.985 -133.824 132.939 -114.812
-748.07 516.39 -104.989 -133.824 132.939 -114.812
-748.988 516.786 -104.993 -134.011 132.875 -114.944
-749.907 517.182 -104.998 -134.277 132.781 -115.119
-750.825 517.577 -105.002 -134.277 132.781 -115.119
-751.743 517.973 -105.006 -134.488 132.706 -115.261
-752.662 518.369 -105.01 -134.674 132.641 -115.383
-753.58 518.764 -105.014 -134.674 132.641 -115.383
-754.499 519.16 -105.018 -134.863 132.577 -115.517
-755.417 519.555 -105.022 -135.049 132.51 -115.635
-756.335 519.951 -105.026 -135.234 132.445 -115.762
-757.254 520.347 -105.03 -135.234 132.445 -115.762
-758.172 520.742 -105.034 -135.418 132.377 -115.877
-759.091 521.138 -105.038 -135.68 132.286 -116.066
-760.009 521.534 -105.043 -135.68 132.286 -116.066
-760.927 521.929 -105.047 -135.89 132.208 -116.208
-761.846 522.325 -105.051 -136.073 132.14 -116.328
-762.764 522.721 -105.055 -136.073 132.14 -116.328
-763.683 523.116 -105.059 -136.338 132.043 -116.507
-764.601 523.512 -105.063 -136.517 131.976 -116.627
-765.519 523.907 -105.067 -136.517 131.976 -116.627
-766.438 524.303 -105.071 -136.7 131.907 -116.748
-767.356 524.699 -105.075 -136.884 131.837 -116.861
-768.275 525.094 -105.079 -137.068 131.771 -116.993
-769.193 525.49 -105.083 -137.068 131.771 -116.993
-770.111 525.886 -105.088 -137.25 131.702 -117.111
-771.03 526.281 -105.092 -137.511 131.603 -117.29
-771.948 526.677 -105.096 -137.511 131.603 -117.29
-772.867 527.072 -105.1 -137.693 131.533 -117.407
-773.785 527.468 -105.104 -137.897 131.455 -117.55
-774.703 527.864 -105.108 -137.897 131.455 -117.55
-775.622 528.259 -105.112 -138.071 131.383 -117.658
-776.54 528.655 -105.116 -138.258 131.308 -117.781
-777.459 529.051 -105.12 -138.258 131.308 -117.781
-778.377 529.446 -105.124 -138.464 131.225 -117.915
-779.295 529.842 -105.128 -138.647 131.155 -118.037
-780.214 530.238 -105.133 -138.647 131.155 -118.037
-781.132 530.633 -105.137 -138.647 131.155 -118.037
-782.051 531.029 -105.141 -138.647 131.155 -118.037
-782.969 531.424 -105.145 -138.647 131.155 -118.037
-783.887 531.82 -105.149 -138.647 131.155 -118.037
-784.806 532.216 -105.153 -138.647 131.155 -118.037
-785.724 532.611 -105.157 -138.647 131.155 -118.037
-786.643 533.007 -105.161 -138.647 131.155 -118.037
-787.561 533.403 -105.165 -138.647 131.155 -118.037
-788.479 533.798 -105.169 -138.647 131.155 -118.037
-789.398 534.194 -105.173 -138.647 131.155 -118.037
-790.316 534.59 -105.178 -138.647 131.155 -118.037
-791.235 534.985 -105.182 -138.647 131.155 -118.037
-792.153 535.381 -105.186 -138.647 131.155 -118.037
-793.071 535.776 -105.19 -138.647 131.155 -118.037
-793.99 536.172 -105.194 -138.647 131.155 -118.037
