1
-1261.84 508.92 -50.9223 78.58 122.638 -2.164
-1261.74 508.925 -51.9165 78.58 122.638 -2.164
-1261.63 508.93 -52.9106 78.58 122.638 -2.164
-1261.52 508.935 -53.9048 78.58 122.638 -2.164
-1261.41 508.94 -54.8989 78.58 122.638 -2.164
-1261.3 508.945 -55.893 78.58 122.638 -2.164
-1261.2 508.95 -56.8872 78.58 122.638 -2.164
-1261.09 508.955 -57.8813 78.58 122.638 -2.164
-1260.98 508.96 -58.8755 78.58 122.638 -2.164
-1260.87 508.965 -59.8696 78.571 122.913 -2.121
-1260.77 508.97 -60.8637 78.571 122.913 -2.121
-1260.66 508.975 -61.8579 78.553 123.144 -2.124
-1260.55 508.98 -62.852 78.548 123.385 -2.134
-1260.44 508.985 -63.8462 78.542 123.664 -2.147
-1260.33 508.99 -64.8403 78.542 123.664 -2.147
-1260.23 508.996 -65.8344 78.537 123.895 -2.16
-1260.12 509.001 -66.8286 78.525 124.133 -2.173
-1260.01 509.006 -67.8227 78.501 124.446 -2.189
-1259.9 509.011 -68.8169 78.501 124.446 -2.189
-1259.79 509.016 -69.811 78.483 124.765 -2.202
-1259.69 509.021 -70.8052 78.483 124.765 -2.202
-1259.58 509.026 -71.7993 78.476 125.013 -2.221
-1259.47 509.031 -72.7934 78.471 125.296 -2.228
-1259.36 509.036 -73.7876 78.471 125.296 -2.228
-1259.25 509.041 -74.7817 78.458 125.574 -2.232
-1259.15 509.046 -75.7759 78.439 125.82 -2.24
-1259.04 509.051 -76.77 78.439 125.82 -2.24
-1258.93 509.056 -77.7641 78.439 125.82 -2.24
-1258.82 509.061 -78.7583 78.439 125.82 -2.24
-1258.71 509.066 -79.7524 78.439 125.82 -2.24
-1258.61 509.071 -80.7466 78.439 125.82 -2.24
-1258.5 509.076 -81.7407 78.439 125.82 -2.24
-1258.39 509.081 -82.7348 78.439 125.82 -2.24
-1258.28 509.086 -83.729 78.439 125.82 -2.24
-1258.17 509.091 -84.7231 78.439 125.82 -2.24
-1258.07 509.096 -85.7173 78.439 125.82 -2.24
-1257.96 509.101 -86.7114 78.439 125.82 -2.24
-1257.85 509.107 -87.7056 78.439 125.82 -2.24
-1257.74 509.112 -88.6997 78.439 125.82 -2.24
-1257.63 509.117 -89.6938 78.439 125.82 -2.24
-1257.53 509.122 -90.688 78.439 125.82 -2.24
-1257.42 509.127 -91.6821 78.439 125.82 -2.24
-1257.31 509.132 -92.6763 78.439 125.82 -2.24
-1257.2 509.137 -93.6704 78.439 125.82 -2.24
-1257.09 509.142 -94.6645 78.439 125.82 -2.24
-1256.99 509.147 -95.6587 78.439 125.82 -2.24
-1256.88 509.152 -96.6528 78.439 125.82 -2.24
-1256.77 509.157 -97.647 78.439 125.82 -2.24
-1256.66 509.162 -98.6411 78.439 125.82 -2.24
-1256.55 509.167 -99.6352 78.439 125.82 -2.24
-1256.45 509.172 -100.629 78.439 125.82 -2.24
2
-1260.98 507.23 -49.7657 78.569 122.931 -2.12
-1260.89 507.248 -50.762 78.569 122.931 -2.12
-1260.81 507.267 -51.7584 78.569 122.931 -2.12
-1260.73 507.285 -52.7548 78.569 122.931 -2.12
-1260.64 507.304 -53.7512 78.569 122.931 -2.12
-1260.56 507.322 -54.7475 78.569 122.931 -2.12
-1260.48 507.341 -55.7439 78.569 122.931 -2.12
-1260.4 507.359 -56.7403 78.569 122.931 -2.12
-1260.31 507.378 -57.7367 78.569 122.931 -2.12
-1260.23 507.396 -58.733 78.569 122.931 -2.12
-1260.15 507.415 -59.7294 78.569 122.931 -2.12
-1260.06 507.433 -60.7258 78.551 123.194 -2.125
-1259.98 507.452 -61.7222 78.546 123.444 -2.137
-1259.9 507.47 -62.7185 78.546 123.444 -2.137
-1259.81 507.489 -63.7149 78.541 123.696 -2.148
-1259.73 507.508 -64.7113 78.534 123.927 -2.165
-1259.65 507.526 -65.7077 78.522 124.167 -2.177
-1259.57 507.545 -66.704 78.504 124.41 -2.188
-1259.48 507.563 -67.7004 78.504 124.41 -2.188
-1259.4 507.582 -68.6968 78.485 124.693 -2.201
-1259.32 507.6 -69.6932 78.485 124.693 -2.201
-1259.23 507.619 -70.6895 78.476 124.976 -2.221
-1259.15 507.637 -71.6859 78.471 125.261 -2.23
-1259.07 507.656 -72.6823 78.471 125.261 -2.23
-1258.98 507.674 -73.6787 78.458 125.538 -2.235
-1258.9 507.693 -74.675 78.458 125.538 -2.235
-1258.82 507.711 -75.6714 78.437 125.82 -2.241
-1258.74 507.73 -76.6678 78.417 126.064 -2.251
-1258.65 507.748 -77.6641 78.417 126.064 -2.251
-1258.57 507.767 -78.6605 78.417 126.064 -2.251
-1258.49 507.786 -79.6569 78.417 126.064 -2.251
-1258.4 507.804 -80.6533 78.417 126.064 -2.251
-1258.32 507.823 -81.6496 78.417 126.064 -2.251
-1258.24 507.841 -82.646 78.417 126.064 -2.251
-1258.15 507.86 -83.6424 78.417 126.064 -2.251
-1258.07 507.878 -84.6388 78.417 126.064 -2.251
-1257.99 507.897 -85.6351 78.417 126.064 -2.251
-1257.9 507.915 -86.6315 78.417 126.064 -2.251
-1257.82 507.934 -87.6279 78.417 126.064 -2.251
-1257.74 507.952 -88.6243 78.417 126.064 -2.251
-1257.66 507.971 -89.6206 78.417 126.064 -2.251
-1257.57 507.989 -90.617 78.417 126.064 -2.251
-1257.49 508.008 -91.6134 78.417 126.064 -2.251
-1257.41 508.026 -92.6098 78.417 126.064 -2.251
-1257.32 508.045 -93.6061 78.417 126.064 -2.251
-1257.24 508.064 -94.6025 78.417 126.064 -2.251
-1257.16 508.082 -95.5989 78.417 126.064 -2.251
-1257.07 508.101 -96.5953 78.417 126.064 -2.251
-1256.99 508.119 -97.5916 78.417 126.064 -2.251
-1256.91 508.138 -98.588 78.417 126.064 -2.251
-1256.83 508.156 -99.5844 78.417 126.064 -2.251
3
-1260.74 512.74 -50.3164 78.581 122.638 -2.165
-1260.69 512.744 -51.3154 78.581 122.638 -2.165
-1260.65 512.748 -52.3143 78.581 122.638 -2.165
-1260.6 512.751 -53.3133 78.581 122.638 -2.165
-1260.55 512.755 -54.3122 78.581 122.638 -2.165
-1260.51 512.759 -55.3112 78.581 122.638 -2.165
-1260.46 512.763 -56.3101 78.581 122.638 -2.165
-1260.42 512.766 -57.3091 78.581 122.638 -2.165
-1260.37 512.77 -58.3081 78.581 122.638 -2.165
-1260.33 512.774 -59.307 78.581 122.638 -2.165
-1260.28 512.777 -60.306 78.581 122.638 -2.165
-1260.24 512.781 -61.3049 78.581 122.638 -2.165
-1260.19 512.785 -62.3039 78.568 122.95 -2.119
-1260.14 512.789 -63.3028 78.568 122.95 -2.119
-1260.1 512.792 -64.3018 78.552 123.194 -2.125
-1260.05 512.796 -65.3008 78.552 123.194 -2.125
-1260.01 512.8 -66.2997 78.544 123.6 -2.142
-1259.96 512.804 -67.2987 78.538 123.827 -2.158
-1259.92 512.807 -68.2976 78.538 123.827 -2.158
-1259.87 512.811 -69.2966 78.529 124.064 -2.172
-1259.83 512.815 -70.2955 78.511 124.306 -2.183
-1259.78 512.819 -71.2945 78.493 124.552 -2.194
-1259.73 512.822 -72.2935 78.493 124.552 -2.194
-1259.69 512.826 -73.2924 78.48 124.872 -2.212
-1259.64 512.83 -74.2914 78.48 124.872 -2.212
-1259.6 512.833 -75.2903 78.474 125.119 -2.226
-1259.55 512.837 -76.2893 78.467 125.401 -2.231
-1259.51 512.841 -77.2882 78.467 125.401 -2.231
-1259.46 512.845 -78.2872 78.467 125.401 -2.231
-1259.42 512.848 -79.2862 78.467 125.401 -2.231
-1259.37 512.852 -80.2851 78.467 125.401 -2.231
-1259.33 512.856 -81.2841 78.467 125.401 -2.231
-1259.28 512.86 -82.283 78.467 125.401 -2.231
-1259.23 512.863 -83.282 78.467 125.401 -2.231
-1259.19 512.867 -84.2809 78.467 125.401 -2.231
-1259.14 512.871 -85.2799 78.467 125.401 -2.231
-1259.1 512.875 -86.2788 78.467 125.401 -2.231
-1259.05 512.878 -87.2778 78.467 125.401 -2.231
-1259.01 512.882 -88.2768 78.467 125.401 -2.231
-1258.96 512.886 -89.2757 78.467 125.401 -2.231
-1258.92 512.889 -90.2747 78.467 125.401 -2.231
-1258.87 512.893 -91.2736 78.467 125.401 -2.231
-1258.82 512.897 -92.2726 78.467 125.401 -2.231
-1258.78 512.901 -93.2715 78.467 125.401 -2.231
-1258.73 512.904 -94.2705 78.467 125.401 -2.231
-1258.69 512.908 -95.2695 78.467 125.401 -2.231
-1258.64 512.912 -96.2684 78.467 125.401 -2.231
-1258.6 512.916 -97.2674 78.467 125.401 -2.231
-1258.55 512.919 -98.2663 78.467 125.401 -2.231
-1258.51 512.923 -99.2653 78.467 125.401 -2.231
-1258.46 512.927 -100.264 78.467 125.401 -2.231
4
-1258.19 508.531 -49.759 78.57 122.931 -2.12
-1258.14 508.534 -50.7576 78.57 122.931 -2.12
-1258.09 508.537 -51.7563 78.57 122.931 -2.12
-1258.04 508.539 -52.755 78.57 122.931 -2.12
-1257.99 508.542 -53.7537 78.57 122.931 -2.12
-1257.94 508.545 -54.7524 78.57 122.931 -2.12
-1257.89 508.548 -55.751 78.57 122.931 -2.12
-1257.84 508.551 -56.7497 78.57 122.931 -2.12
-1257.78 508.553 -57.7484 78.57 122.931 -2.12
-1257.73 508.556 -58.7471 78.57 122.931 -2.12
-1257.68 508.559 -59.7457 78.57 122.931 -2.12
-1257.63 508.562 -60.7444 78.57 122.931 -2.12
-1257.58 508.565 -61.7431 78.552 123.169 -2.124
-1257.53 508.568 -62.7418 78.548 123.386 -2.134
-1257.48 508.57 -63.7405 78.543 123.664 -2.147
-1257.43 508.573 -64.7391 78.543 123.664 -2.147
-1257.37 508.576 -65.7378 78.536 123.928 -2.164
-1257.32 508.579 -66.7365 78.52 124.202 -2.178
-1257.27 508.582 -67.7352 78.52 124.202 -2.178
-1257.22 508.584 -68.7339 78.497 124.482 -2.192
-1257.17 508.587 -69.7325 78.481 124.801 -2.205
-1257.12 508.59 -70.7312 78.481 124.801 -2.205
-1257.07 508.593 -71.7299 78.475 125.049 -2.223
-1257.01 508.596 -72.7286 78.475 125.049 -2.223
-1256.96 508.599 -73.7273 78.47 125.331 -2.229
-1256.91 508.601 -74.7259 78.454 125.608 -2.234
-1256.86 508.604 -75.7246 78.454 125.608 -2.234
-1256.81 508.607 -76.7233 78.435 125.854 -2.241
-1256.76 508.61 -77.722 78.411 126.17 -2.251
-1256.71 508.613 -78.7207 78.411 126.17 -2.251
-1256.66 508.615 -79.7193 78.411 126.17 -2.251
-1256.6 508.618 -80.718 78.411 126.17 -2.251
-1256.55 508.621 -81.7167 78.411 126.17 -2.251
-1256.5 508.624 -82.7154 78.411 126.17 -2.251
-1256.45 508.627 -83.7141 78.411 126.17 -2.251
-1256.4 508.63 -84.7127 78.411 126.17 -2.251
-1256.35 508.632 -85.7114 78.411 126.17 -2.251
-1256.3 508.635 -86.7101 78.411 126.17 -2.251
-1256.25 508.638 -87.7088 78.411 126.17 -2.251
-1256.19 508.641 -88.7074 78.411 126.17 -2.251
-1256.14 508.644 -89.7061 78.411 126.17 -2.251
-1256.09 508.646 -90.7048 78.411 126.17 -2.251
-1256.04 508.649 -91.7035 78.411 126.17 -2.251
-1255.99 508.652 -92.7022 78.411 126.17 -2.251
-1255.94 508.655 -93.7008 78.411 126.17 -2.251
-1255.89 508.658 -94.6995 78.411 126.17 -2.251
-1255.83 508.661 -95.6982 78.411 126.17 -2.251
-1255.78 508.663 -96.6969 78.411 126.17 -2.251
-1255.73 508.666 -97.6956 78.411 126.17 -2.251
-1255.68 508.669 -98.6942 78.411 126.17 -2.251
-1255.63 508.672 -99.6929 78.411 126.17 -2.251
