1
-710.883 267.358 18.9166 -24.519 143.388 78.37
-725.809 268.849 18.9166 0.882 143.776 98.945
-725.908 267.854 18.9165 0.882 143.776 98.945
-726.008 266.859 18.9164 0.882 143.776 98.945
-726.107 265.864 18.9163 0.882 143.776 98.945
-726.207 264.869 18.9162 0.882 143.776 98.945
-726.306 263.874 18.916 0.882 143.776 98.945
-726.406 262.879 18.9159 0.882 143.776 98.945
-726.505 261.884 18.9158 0.882 143.776 98.945
-726.604 260.889 18.9157 0.882 143.776 98.945
-726.704 259.894 18.9156 0.882 143.776 98.945
-726.803 258.899 18.9155 0.882 143.776 98.945
-726.903 257.904 18.9154 0.881 143.774 98.945
-727.002 256.909 18.9153 0.886 143.77 98.942
-727.101 255.914 18.9152 0.886 143.77 98.942
-727.201 254.919 18.9151 0.89 143.769 98.944
-727.3 253.924 18.9149 0.891 143.767 98.944
-727.4 252.929 18.9148 0.891 143.765 98.944
-727.499 251.934 18.9147 0.892 143.763 98.946
-727.598 250.939 18.9146 0.892 143.763 98.946
-727.698 249.944 18.9145 0.895 143.761 98.946
-727.797 248.948 18.9144 0.898 143.758 98.937
-727.897 247.953 18.9143 0.9 143.757 98.939
-727.996 246.958 18.9142 0.902 143.755 98.94
-728.095 245.963 18.9141 0.904 143.755 98.946
-728.195 244.968 18.914 0.904 143.755 98.946
-728.294 243.973 18.9139 0.907 143.756 98.958
-728.394 242.978 18.9137 0.904 143.753 98.952
-728.493 241.983 18.9136 0.898 143.752 98.948
-728.593 240.988 18.9135 0.893 143.75 98.941
-728.692 239.993 18.9134 0.893 143.75 98.941
-728.791 238.998 18.9133 0.893 143.75 98.941
-728.891 238.003 18.9132 0.893 143.75 98.941
-728.99 237.008 18.9131 0.893 143.75 98.941
-729.09 236.013 18.913 0.893 143.75 98.941
-729.189 235.018 18.9129 0.893 143.75 98.941
-729.288 234.023 18.9128 0.893 143.75 98.941
-729.388 233.028 18.9127 0.893 143.75 98.941
-729.487 232.033 18.9125 0.893 143.75 98.941
-729.587 231.038 18.9124 0.893 143.75 98.941
-729.686 230.043 18.9123 0.893 143.75 98.941
-729.785 229.048 18.9122 0.893 143.75 98.941
-729.885 228.052 18.9121 0.893 143.75 98.941
-729.984 227.057 18.912 0.893 143.75 98.941
-730.084 226.062 18.9119 0.893 143.75 98.941
-730.183 225.067 18.9118 0.893 143.75 98.941
-730.282 224.072 18.9117 0.893 143.75 98.941
2
-710.129 268.238 18.0555 -24.519 143.388 78.37
-725.052 269.755 18.0555 0.885 143.775 98.948
-725.153 268.76 18.0704 0.885 143.775 98.948
-725.254 267.765 18.0853 0.885 143.775 98.948
-725.355 266.77 18.1002 0.885 143.775 98.948
-725.457 265.776 18.1152 0.885 143.775 98.948
-725.558 264.781 18.1301 0.885 143.775 98.948
-725.659 263.786 18.145 0.885 143.775 98.948
-725.76 262.791 18.16 0.885 143.775 98.948
-725.861 261.797 18.1749 0.885 143.775 98.948
-725.962 260.802 18.1898 0.885 143.775 98.948
-726.063 259.807 18.2047 0.885 143.775 98.948
-726.164 258.812 18.2197 0.885 143.775 98.948
-726.265 257.817 18.2346 0.885 143.775 98.948
-726.366 256.823 18.2495 0.888 143.771 98.944
-726.468 255.828 18.2645 0.891 143.77 98.946
-726.569 254.833 18.2794 0.891 143.77 98.946
-726.67 253.838 18.2943 0.892 143.769 98.945
-726.771 252.844 18.3093 0.893 143.766 98.946
-726.872 251.849 18.3242 0.893 143.764 98.947
-726.973 250.854 18.3391 0.895 143.761 98.946
-727.074 249.859 18.354 0.895 143.761 98.946
-727.175 248.865 18.369 0.898 143.757 98.936
-727.276 247.87 18.3839 0.898 143.757 98.936
-727.377 246.875 18.3988 0.899 143.755 98.937
-727.479 245.88 18.4138 0.901 143.755 98.941
-727.58 244.886 18.4287 0.901 143.755 98.951
-727.681 243.891 18.4436 0.901 143.755 98.951
-727.782 242.896 18.4585 0.9 143.753 98.946
-727.883 241.901 18.4735 0.897 143.753 98.945
-727.984 240.906 18.4884 0.892 143.751 98.939
-728.085 239.912 18.5033 0.892 143.751 98.939
-728.186 238.917 18.5183 0.892 143.751 98.939
-728.287 237.922 18.5332 0.892 143.751 98.939
-728.388 236.927 18.5481 0.892 143.751 98.939
-728.49 235.933 18.563 0.892 143.751 98.939
-728.591 234.938 18.578 0.892 143.751 98.939
-728.692 233.943 18.5929 0.892 143.751 98.939
-728.793 232.948 18.6078 0.892 143.751 98.939
-728.894 231.954 18.6228 0.892 143.751 98.939
-728.995 230.959 18.6377 0.892 143.751 98.939
-729.096 229.964 18.6526 0.892 143.751 98.939
-729.197 228.969 18.6676 0.892 143.751 98.939
-729.298 227.975 18.6825 0.892 143.751 98.939
-729.399 226.98 18.6974 0.892 143.751 98.939
-729.501 225.985 18.7123 0.892 143.751 98.939
-729.602 224.99 18.7273 0.892 143.751 98.939
3
-710.827 268.376 17.6352 -24.519 143.388 78.37
-725.755 269.841 17.6352 0.885 143.773 98.942
-725.853 268.846 17.6485 0.885 143.773 98.942
-725.951 267.851 17.6618 0.885 143.773 98.942
-726.048 266.856 17.6751 0.885 143.773 98.942
-726.146 265.861 17.6884 0.885 143.773 98.942
-726.244 264.866 17.7017 0.885 143.773 98.942
-726.341 263.87 17.715 0.885 143.773 98.942
-726.439 262.875 17.7283 0.885 143.773 98.942
-726.537 261.88 17.7416 0.885 143.773 98.942
-726.634 260.885 17.7549 0.885 143.773 98.942
-726.732 259.89 17.7682 0.885 143.773 98.942
-726.83 258.895 17.7815 0.885 143.773 98.942
-726.927 257.9 17.7948 0.885 143.773 98.942
-727.025 256.905 17.8081 0.885 143.773 98.942
-727.123 255.909 17.8214 0.889 143.771 98.943
-727.22 254.914 17.8347 0.892 143.768 98.943
-727.318 253.919 17.848 0.891 143.767 98.943
-727.416 252.924 17.8613 0.891 143.765 98.945
-727.513 251.929 17.8746 0.892 143.764 98.945
-727.611 250.934 17.8879 0.892 143.764 98.945
-727.709 249.939 17.9012 0.894 143.762 98.945
-727.806 248.943 17.9145 0.896 143.759 98.936
-727.904 247.948 17.9278 0.897 143.757 98.936
-728.002 246.953 17.9411 0.899 143.755 98.938
-728.099 245.958 17.9544 0.901 143.755 98.943
-728.197 244.963 17.9677 0.903 143.755 98.952
-728.295 243.968 17.981 0.903 143.754 98.95
-728.392 242.973 17.9943 0.903 143.754 98.95
-728.49 241.978 18.0076 0.9 143.752 98.949
-728.588 240.982 18.0209 0.895 143.75 98.943
-728.685 239.987 18.0342 0.895 143.75 98.943
-728.783 238.992 18.0475 0.895 143.75 98.943
-728.881 237.997 18.0608 0.895 143.75 98.943
-728.978 237.002 18.0741 0.895 143.75 98.943
-729.076 236.007 18.0874 0.895 143.75 98.943
-729.174 235.012 18.1007 0.895 143.75 98.943
-729.272 234.017 18.114 0.895 143.75 98.943
-729.369 233.021 18.1273 0.895 143.75 98.943
-729.467 232.026 18.1406 0.895 143.75 98.943
-729.565 231.031 18.1539 0.895 143.75 98.943
-729.662 230.036 18.1672 0.895 143.75 98.943
-729.76 229.041 18.1805 0.895 143.75 98.943
-729.858 228.046 18.1938 0.895 143.75 98.943
-729.955 227.051 18.2071 0.895 143.75 98.943
-730.053 226.056 18.2204 0.895 143.75 98.943
-730.151 225.06 18.2337 0.895 143.75 98.943
4
-711.704 266.886 18.7189 -24.519 143.388 78.37
-726.583 268.788 18.7189 0.88 143.777 98.942
-726.709 267.797 18.7347 0.88 143.777 98.942
-726.836 266.805 18.7504 0.88 143.777 98.942
-726.963 265.813 18.7662 0.88 143.777 98.942
-727.09 264.821 18.782 0.88 143.777 98.942
-727.217 263.829 18.7977 0.88 143.777 98.942
-727.344 262.838 18.8135 0.88 143.777 98.942
-727.47 261.846 18.8293 0.88 143.777 98.942
-727.597 260.854 18.845 0.88 143.777 98.942
-727.724 259.862 18.8608 0.88 143.777 98.942
-727.851 258.87 18.8766 0.88 143.777 98.942
-727.978 257.879 18.8923 0.88 143.777 98.942
-728.104 256.887 18.9081 0.878 143.773 98.936
-728.231 255.895 18.9239 0.881 143.771 98.938
-728.358 254.903 18.9396 0.887 143.769 98.944
-728.485 253.911 18.9554 0.887 143.769 98.944
-728.612 252.92 18.9712 0.891 143.767 98.947
-728.739 251.928 18.9869 0.89 143.765 98.946
-728.865 250.936 19.0027 0.889 143.763 98.944
-728.992 249.944 19.0185 0.888 143.76 98.936
-729.119 248.952 19.0342 0.887 143.757 98.928
-729.246 247.961 19.05 0.887 143.757 98.928
-729.373 246.969 19.0658 0.892 143.756 98.934
-729.5 245.977 19.0815 0.899 143.756 98.941
-729.626 244.985 19.0973 0.901 143.757 98.953
-729.753 243.993 19.1131 0.901 143.757 98.953
-729.88 243.002 19.1288 0.897 143.755 98.947
-730.007 242.01 19.1446 0.891 143.752 98.941
-730.134 241.018 19.1604 0.891 143.752 98.941
-730.261 240.026 19.1761 0.891 143.752 98.941
-730.387 239.034 19.1919 0.891 143.752 98.941
-730.514 238.043 19.2077 0.891 143.752 98.941
-730.641 237.051 19.2234 0.891 143.752 98.941
-730.768 236.059 19.2392 0.891 143.752 98.941
-730.895 235.067 19.255 0.891 143.752 98.941
-731.022 234.075 19.2708 0.891 143.752 98.941
-731.148 233.084 19.2865 0.891 143.752 98.941
-731.275 232.092 19.3023 0.891 143.752 98.941
-731.402 231.1 19.3181 0.891 143.752 98.941
-731.529 230.108 19.3338 0.891 143.752 98.941
-731.656 229.116 19.3496 0.891 143.752 98.941
-731.783 228.125 19.3654 0.891 143.752 98.941
-731.909 227.133 19.3811 0.891 143.752 98.941
-732.036 226.141 19.3969 0.891 143.752 98.941
-732.163 225.149 19.4127 0.891 143.752 98.941
-732.29 224.157 19.4284 0.891 143.752 98.941
5
-709.061 267.758 19.3177 -24.519 143.388 78.37
-723.94 269.655 19.3177 0.889 143.785 98.952
-724.066 268.664 19.3356 0.889 143.785 98.952
-724.193 267.672 19.3536 0.889 143.785 98.952
-724.319 266.68 19.3716 0.889 143.785 98.952
-724.446 265.688 19.3895 0.889 143.785 98.952
-724.572 264.696 19.4075 0.889 143.785 98.952
-724.699 263.704 19.4254 0.889 143.785 98.952
-724.825 262.713 19.4434 0.889 143.785 98.952
-724.952 261.721 19.4613 0.889 143.785 98.952
-725.078 260.729 19.4793 0.889 143.785 98.952
-725.205 259.737 19.4972 0.889 143.785 98.952
-725.331 258.745 19.5152 0.88 143.78 98.942
-725.458 257.754 19.5331 0.878 143.776 98.938
-725.584 256.762 19.5511 0.878 143.776 98.938
-725.711 255.77 19.569 0.878 143.773 98.936
-725.837 254.778 19.587 0.882 143.771 98.938
-725.964 253.786 19.6049 0.887 143.769 98.943
-726.09 252.795 19.6229 0.891 143.767 98.948
-726.217 251.803 19.6408 0.891 143.765 98.947
-726.343 250.811 19.6588 0.891 143.765 98.947
-726.47 249.819 19.6767 0.888 143.763 98.944
-726.596 248.827 19.6947 0.887 143.759 98.932
-726.723 247.836 19.7127 0.889 143.757 98.929
-726.849 246.844 19.7306 0.895 143.756 98.936
-726.976 245.852 19.7486 0.895 143.756 98.936
-727.102 244.86 19.7665 0.9 143.757 98.946
-727.229 243.868 19.7845 0.9 143.756 98.953
-727.355 242.877 19.8024 0.896 143.754 98.947
-727.482 241.885 19.8204 0.893 143.752 98.943
-727.608 240.893 19.8383 0.893 143.752 98.943
-727.735 239.901 19.8563 0.893 143.752 98.943
-727.861 238.909 19.8742 0.893 143.752 98.943
-727.988 237.918 19.8922 0.893 143.752 98.943
-728.114 236.926 19.9101 0.893 143.752 98.943
-728.241 235.934 19.9281 0.893 143.752 98.943
-728.367 234.942 19.946 0.893 143.752 98.943
-728.494 233.95 19.964 0.893 143.752 98.943
-728.62 232.959 19.9819 0.893 143.752 98.943
-728.747 231.967 19.9999 0.893 143.752 98.943
-728.873 230.975 20.0179 0.893 143.752 98.943
-729 229.983 20.0358 0.893 143.752 98.943
-729.126 228.991 20.0538 0.893 143.752 98.943
-729.253 227.999 20.0717 0.893 143.752 98.943
-729.379 227.008 20.0897 0.893 143.752 98.943
-729.506 226.016 20.1076 0.893 143.752 98.943
-729.632 225.024 20.1256 0.893 143.752 98.943
6
-710.631 267.749 19.3926 -24.519 143.388 78.37
-725.529 269.49 19.3926 0.88 143.782 98.945
-725.646 268.496 19.4065 0.88 143.782 98.945
-725.762 267.503 19.4204 0.88 143.782 98.945
-725.878 266.51 19.4343 0.88 143.782 98.945
-725.994 265.517 19.4482 0.88 143.782 98.945
-726.11 264.524 19.4621 0.88 143.782 98.945
-726.226 263.531 19.476 0.88 143.782 98.945
-726.342 262.538 19.4899 0.88 143.782 98.945
-726.458 261.544 19.5038 0.88 143.782 98.945
-726.574 260.551 19.5177 0.88 143.782 98.945
-726.69 259.558 19.5316 0.88 143.782 98.945
-726.806 258.565 19.5455 0.88 143.782 98.945
-726.922 257.572 19.5594 0.88 143.782 98.945
-727.038 256.579 19.5733 0.88 143.777 98.941
-727.154 255.586 19.5872 0.883 143.774 98.941
-727.27 254.592 19.6011 0.883 143.774 98.941
-727.386 253.599 19.615 0.888 143.771 98.946
-727.502 252.606 19.6289 0.892 143.769 98.95
-727.618 251.613 19.6428 0.891 143.768 98.948
-727.735 250.62 19.6567 0.888 143.764 98.942
-727.851 249.627 19.6706 0.888 143.764 98.942
-727.967 248.634 19.6845 0.887 143.761 98.931
-728.083 247.64 19.6984 0.889 143.758 98.928
-728.199 246.647 19.7123 0.897 143.756 98.935
-728.315 245.654 19.7262 0.897 143.756 98.935
-728.431 244.661 19.7401 0.901 143.756 98.945
-728.547 243.668 19.754 0.9 143.755 98.949
-728.663 242.675 19.7679 0.895 143.753 98.94
-728.779 241.682 19.7818 0.892 143.75 98.937
-728.895 240.688 19.7957 0.892 143.75 98.937
-729.011 239.695 19.8096 0.892 143.75 98.937
-729.127 238.702 19.8235 0.892 143.75 98.937
-729.243 237.709 19.8374 0.892 143.75 98.937
-729.359 236.716 19.8513 0.892 143.75 98.937
-729.475 235.723 19.8652 0.892 143.75 98.937
-729.591 234.729 19.8791 0.892 143.75 98.937
-729.707 233.736 19.893 0.892 143.75 98.937
-729.824 232.743 19.9069 0.892 143.75 98.937
-729.94 231.75 19.9208 0.892 143.75 98.937
-730.056 230.757 19.9347 0.892 143.75 98.937
-730.172 229.764 19.9486 0.892 143.75 98.937
-730.288 228.771 19.9625 0.892 143.75 98.937
-730.404 227.777 19.9764 0.892 143.75 98.937
-730.52 226.784 19.9903 0.892 143.75 98.937
-730.636 225.791 20.0042 0.892 143.75 98.937
-730.752 224.798 20.0181 0.892 143.75 98.937
7
-710.289 266.938 18.6311 -24.519 143.388 78.37
-725.186 268.689 18.6311 0.879 143.777 98.943
-725.303 267.696 18.6421 0.879 143.777 98.943
-725.42 266.703 18.653 0.879 143.777 98.943
-725.537 265.71 18.6639 0.879 143.777 98.943
-725.653 264.717 18.6748 0.879 143.777 98.943
-725.77 263.724 18.6858 0.879 143.777 98.943
-725.887 262.731 18.6967 0.879 143.777 98.943
-726.004 261.737 18.7076 0.879 143.777 98.943
-726.12 260.744 18.7186 0.879 143.777 98.943
-726.237 259.751 18.7295 0.879 143.777 98.943
-726.354 258.758 18.7404 0.879 143.777 98.943
-726.471 257.765 18.7513 0.879 143.777 98.943
-726.587 256.772 18.7623 0.878 143.773 98.94
-726.704 255.779 18.7732 0.882 143.772 98.943
-726.821 254.786 18.7841 0.882 143.772 98.943
-726.938 253.793 18.7951 0.888 143.769 98.947
-727.054 252.8 18.806 0.892 143.768 98.951
-727.171 251.806 18.8169 0.891 143.766 98.947
-727.288 250.813 18.8279 0.89 143.764 98.945
-727.405 249.82 18.8388 0.89 143.764 98.945
-727.522 248.827 18.8497 0.889 143.76 98.934
-727.638 247.834 18.8606 0.889 143.757 98.929
-727.755 246.841 18.8716 0.894 143.757 98.932
-727.872 245.848 18.8825 0.899 143.756 98.938
-727.989 244.855 18.8934 0.901 143.756 98.949
-728.105 243.862 18.9044 0.901 143.756 98.949
-728.222 242.869 18.9153 0.895 143.753 98.941
-728.339 241.875 18.9262 0.892 143.751 98.938
-728.456 240.882 18.9371 0.892 143.751 98.938
-728.572 239.889 18.9481 0.892 143.751 98.938
-728.689 238.896 18.959 0.892 143.751 98.938
-728.806 237.903 18.9699 0.892 143.751 98.938
-728.923 236.91 18.9809 0.892 143.751 98.938
-729.039 235.917 18.9918 0.892 143.751 98.938
-729.156 234.924 19.0027 0.892 143.751 98.938
-729.273 233.931 19.0137 0.892 143.751 98.938
-729.39 232.938 19.0246 0.892 143.751 98.938
-729.507 231.944 19.0355 0.892 143.751 98.938
-729.623 230.951 19.0464 0.892 143.751 98.938
-729.74 229.958 19.0574 0.892 143.751 98.938
-729.857 228.965 19.0683 0.892 143.751 98.938
-729.974 227.972 19.0792 0.892 143.751 98.938
-730.09 226.979 19.0902 0.892 143.751 98.938
-730.207 225.986 19.1011 0.892 143.751 98.938
-730.324 224.993 19.112 0.892 143.751 98.938
-730.441 224 19.1229 0.892 143.751 98.938
8
-710.347 266.752 18.4836 -24.519 143.388 78.37
-725.242 268.521 18.4836 0.877 143.78 98.942
-725.36 267.528 18.4987 0.877 143.78 98.942
-725.478 266.535 18.5139 0.877 143.78 98.942
-725.596 265.542 18.5291 0.877 143.78 98.942
-725.714 264.55 18.5443 0.877 143.78 98.942
-725.832 263.557 18.5595 0.877 143.78 98.942
-725.949 262.564 18.5747 0.877 143.78 98.942
-726.067 261.571 18.5898 0.877 143.78 98.942
-726.185 260.578 18.605 0.877 143.78 98.942
-726.303 259.585 18.6202 0.877 143.78 98.942
-726.421 258.592 18.6354 0.877 143.78 98.942
-726.539 257.599 18.6506 0.877 143.78 98.942
-726.657 256.606 18.6658 0.876 143.776 98.937
-726.775 255.613 18.6809 0.879 143.773 98.938
-726.893 254.621 18.6961 0.879 143.773 98.938
-727.011 253.628 18.7113 0.884 143.77 98.942
-727.129 252.635 18.7265 0.889 143.768 98.946
-727.247 251.642 18.7417 0.888 143.766 98.945
-727.364 250.649 18.7569 0.888 143.764 98.943
-727.482 249.656 18.7721 0.888 143.76 98.933
-727.6 248.663 18.7872 0.888 143.76 98.933
-727.718 247.67 18.8024 0.891 143.758 98.931
-727.836 246.677 18.8176 0.897 143.756 98.936
-727.954 245.684 18.8328 0.902 143.756 98.942
-728.072 244.691 18.848 0.904 143.756 98.95
-728.19 243.699 18.8632 0.904 143.756 98.95
-728.308 242.706 18.8783 0.899 143.754 98.944
-728.426 241.713 18.8935 0.896 143.751 98.94
-728.544 240.72 18.9087 0.896 143.751 98.94
-728.661 239.727 18.9239 0.896 143.751 98.94
-728.779 238.734 18.9391 0.896 143.751 98.94
-728.897 237.741 18.9543 0.896 143.751 98.94
-729.015 236.748 18.9694 0.896 143.751 98.94
-729.133 235.755 18.9846 0.896 143.751 98.94
-729.251 234.762 18.9998 0.896 143.751 98.94
-729.369 233.769 19.015 0.896 143.751 98.94
-729.487 232.777 19.0302 0.896 143.751 98.94
-729.605 231.784 19.0454 0.896 143.751 98.94
-729.723 230.791 19.0606 0.896 143.751 98.94
-729.841 229.798 19.0757 0.896 143.751 98.94
-729.959 228.805 19.0909 0.896 143.751 98.94
-730.076 227.812 19.1061 0.896 143.751 98.94
-730.194 226.819 19.1213 0.896 143.751 98.94
-730.312 225.826 19.1365 0.896 143.751 98.94
-730.43 224.833 19.1517 0.896 143.751 98.94
-730.548 223.84 19.1668 0.896 143.751 98.94
9
-710.103 265.75 18.9912 -24.519 143.388 78.37
-724.977 267.685 18.9912 0.883 143.782 98.944
-725.106 266.693 19.0033 0.883 143.782 98.944
-725.235 265.702 19.0154 0.883 143.782 98.944
-725.364 264.71 19.0275 0.883 143.782 98.944
-725.493 263.718 19.0396 0.883 143.782 98.944
-725.622 262.727 19.0517 0.883 143.782 98.944
-725.751 261.735 19.0638 0.883 143.782 98.944
-725.88 260.744 19.0759 0.883 143.782 98.944
-726.009 259.752 19.088 0.883 143.782 98.944
-726.138 258.761 19.1001 0.883 143.782 98.944
-726.267 257.769 19.1122 0.88 143.776 98.94
-726.396 256.777 19.1243 0.88 143.776 98.94
-726.525 255.786 19.1364 0.88 143.773 98.936
-726.654 254.794 19.1485 0.883 143.771 98.94
-726.783 253.803 19.1606 0.887 143.769 98.942
-726.912 252.811 19.1727 0.891 143.767 98.946
-727.041 251.82 19.1848 0.89 143.766 98.945
-727.17 250.828 19.1969 0.889 143.764 98.943
-727.299 249.837 19.209 0.889 143.764 98.943
-727.428 248.845 19.2211 0.888 143.76 98.931
-727.557 247.853 19.2332 0.889 143.757 98.927
-727.686 246.862 19.2453 0.895 143.756 98.931
-727.815 245.87 19.2574 0.895 143.756 98.931
-727.944 244.879 19.2696 0.9 143.756 98.943
-728.073 243.887 19.2817 0.899 143.755 98.948
-728.202 242.896 19.2938 0.895 143.753 98.941
-728.331 241.904 19.3059 0.892 143.751 98.939
-728.46 240.912 19.318 0.892 143.751 98.939
-728.589 239.921 19.3301 0.892 143.751 98.939
-728.718 238.929 19.3422 0.892 143.751 98.939
-728.847 237.938 19.3543 0.892 143.751 98.939
-728.976 236.946 19.3664 0.892 143.751 98.939
-729.105 235.955 19.3785 0.892 143.751 98.939
-729.234 234.963 19.3906 0.892 143.751 98.939
-729.363 233.971 19.4027 0.892 143.751 98.939
-729.492 232.98 19.4148 0.892 143.751 98.939
-729.621 231.988 19.4269 0.892 143.751 98.939
-729.75 230.997 19.439 0.892 143.751 98.939
-729.879 230.005 19.4511 0.892 143.751 98.939
-730.008 229.014 19.4632 0.892 143.751 98.939
-730.137 228.022 19.4753 0.892 143.751 98.939
-730.266 227.03 19.4874 0.892 143.751 98.939
-730.395 226.039 19.4995 0.892 143.751 98.939
-730.524 225.047 19.5116 0.892 143.751 98.939
-730.653 224.056 19.5237 0.892 143.751 98.939
-730.782 223.064 19.5358 0.892 143.751 98.939
10
-709.911 266.263 18.7669 -24.519 143.388 78.37
-724.822 267.895 18.7669 0.879 143.776 98.94
-724.931 266.901 18.774 0.879 143.776 98.94
-725.039 265.906 18.7811 0.879 143.776 98.94
-725.148 264.912 18.7882 0.879 143.776 98.94
-725.257 263.918 18.7954 0.879 143.776 98.94
-725.366 262.924 18.8025 0.879 143.776 98.94
-725.475 261.93 18.8096 0.879 143.776 98.94
-725.583 260.936 18.8167 0.879 143.776 98.94
-725.692 259.942 18.8238 0.879 143.776 98.94
-725.801 258.948 18.8309 0.879 143.776 98.94
-725.91 257.954 18.8381 0.879 143.776 98.94
-726.018 256.96 18.8452 0.879 143.776 98.94
-726.127 255.966 18.8523 0.881 143.772 98.938
-726.236 254.972 18.8594 0.881 143.772 98.938
-726.345 253.978 18.8665 0.886 143.769 98.942
-726.454 252.984 18.8736 0.89 143.767 98.943
-726.562 251.99 18.8807 0.891 143.767 98.946
-726.671 250.996 18.8879 0.89 143.765 98.944
-726.78 250.002 18.895 0.888 143.762 98.94
-726.889 249.008 18.9021 0.888 143.759 98.931
-726.997 248.014 18.9092 0.892 143.757 98.93
-727.106 247.02 18.9163 0.892 143.757 98.93
-727.215 246.026 18.9234 0.898 143.755 98.935
-727.324 245.032 18.9305 0.901 143.756 98.945
-727.433 244.038 18.9377 0.9 143.755 98.949
-727.541 243.044 18.9448 0.894 143.753 98.941
-727.65 242.049 18.9519 0.894 143.753 98.941
-727.759 241.055 18.959 0.891 143.751 98.938
-727.868 240.061 18.9661 0.891 143.751 98.938
-727.976 239.067 18.9732 0.891 143.751 98.938
-728.085 238.073 18.9804 0.891 143.751 98.938
-728.194 237.079 18.9875 0.891 143.751 98.938
-728.303 236.085 18.9946 0.891 143.751 98.938
-728.412 235.091 19.0017 0.891 143.751 98.938
-728.52 234.097 19.0088 0.891 143.751 98.938
-728.629 233.103 19.0159 0.891 143.751 98.938
-728.738 232.109 19.023 0.891 143.751 98.938
-728.847 231.115 19.0302 0.891 143.751 98.938
-728.955 230.121 19.0373 0.891 143.751 98.938
-729.064 229.127 19.0444 0.891 143.751 98.938
-729.173 228.133 19.0515 0.891 143.751 98.938
-729.282 227.139 19.0586 0.891 143.751 98.938
-729.391 226.145 19.0657 0.891 143.751 98.938
-729.499 225.151 19.0729 0.891 143.751 98.938
-729.608 224.157 19.08 0.891 143.751 98.938
-729.717 223.163 19.0871 0.891 143.751 98.938
11
-709.756 267.947 18.6554 -24.519 143.388 78.37
-724.62 269.961 18.6554 0.885 143.784 98.951
-724.755 268.97 18.6702 0.885 143.784 98.951
-724.889 267.979 18.6849 0.885 143.784 98.951
-725.023 266.988 18.6997 0.885 143.784 98.951
-725.157 265.998 18.7144 0.885 143.784 98.951
-725.292 265.007 18.7291 0.885 143.784 98.951
-725.426 264.016 18.7439 0.885 143.784 98.951
-725.56 263.025 18.7586 0.885 143.784 98.951
-725.694 262.034 18.7734 0.885 143.784 98.951
-725.828 261.043 18.7881 0.885 143.784 98.951
-725.963 260.053 18.8029 0.885 143.784 98.951
-726.097 259.062 18.8176 0.885 143.784 98.951
-726.231 258.071 18.8324 0.879 143.778 98.943
-726.365 257.08 18.8471 0.876 143.774 98.94
-726.5 256.089 18.8619 0.879 143.772 98.94
-726.634 255.098 18.8766 0.879 143.772 98.94
-726.768 254.108 18.8914 0.884 143.77 98.945
-726.902 253.117 18.9061 0.889 143.767 98.948
-727.037 252.126 18.9209 0.89 143.765 98.948
-727.171 251.135 18.9356 0.89 143.765 98.948
-727.305 250.144 18.9503 0.889 143.763 98.947
-727.439 249.153 18.9651 0.888 143.76 98.935
-727.573 248.163 18.9798 0.889 143.757 98.928
-727.708 247.172 18.9946 0.894 143.756 98.933
-727.842 246.181 19.0093 0.899 143.756 98.938
-727.976 245.19 19.0241 0.899 143.756 98.938
-728.11 244.199 19.0388 0.902 143.756 98.949
-728.245 243.208 19.0536 0.9 143.755 98.95
-728.379 242.217 19.0683 0.896 143.753 98.943
-728.513 241.227 19.0831 0.894 143.75 98.941
-728.647 240.236 19.0978 0.894 143.75 98.941
-728.782 239.245 19.1126 0.894 143.75 98.941
-728.916 238.254 19.1273 0.894 143.75 98.941
-729.05 237.263 19.142 0.894 143.75 98.941
-729.184 236.272 19.1568 0.894 143.75 98.941
-729.318 235.282 19.1715 0.894 143.75 98.941
-729.453 234.291 19.1863 0.894 143.75 98.941
-729.587 233.3 19.201 0.894 143.75 98.941
-729.721 232.309 19.2158 0.894 143.75 98.941
-729.855 231.318 19.2305 0.894 143.75 98.941
-729.99 230.327 19.2453 0.894 143.75 98.941
-730.124 229.337 19.26 0.894 143.75 98.941
-730.258 228.346 19.2748 0.894 143.75 98.941
-730.392 227.355 19.2895 0.894 143.75 98.941
-730.527 226.364 19.3043 0.894 143.75 98.941
-730.661 225.373 19.319 0.894 143.75 98.941
12
-709.665 269.069 18.9734 -24.519 143.388 78.37
-724.574 270.717 18.9734 0.896 143.786 98.959
-724.684 269.723 18.993 0.896 143.786 98.959
-724.794 268.73 19.0126 0.896 143.786 98.959
-724.904 267.736 19.0322 0.896 143.786 98.959
-725.014 266.742 19.0518 0.896 143.786 98.959
-725.123 265.748 19.0714 0.896 143.786 98.959
-725.233 264.755 19.0909 0.896 143.786 98.959
-725.343 263.761 19.1105 0.896 143.786 98.959
-725.453 262.767 19.1301 0.896 143.786 98.959
-725.563 261.773 19.1497 0.896 143.786 98.959
-725.673 260.78 19.1693 0.896 143.786 98.959
-725.782 259.786 19.1889 0.89 143.787 98.953
-725.892 258.792 19.2085 0.882 143.781 98.945
-726.002 257.798 19.2281 0.879 143.776 98.94
-726.112 256.804 19.2477 0.879 143.776 98.94
-726.222 255.811 19.2672 0.88 143.772 98.937
-726.331 254.817 19.2868 0.883 143.771 98.941
-726.441 253.823 19.3064 0.888 143.769 98.944
-726.551 252.829 19.326 0.891 143.768 98.948
-726.661 251.836 19.3456 0.891 143.768 98.948
-726.771 250.842 19.3652 0.889 143.765 98.945
-726.881 249.848 19.3848 0.888 143.762 98.941
-726.99 248.854 19.4044 0.886 143.759 98.931
-727.1 247.861 19.4239 0.889 143.757 98.929
-727.21 246.867 19.4435 0.893 143.756 98.934
-727.32 245.873 19.4631 0.899 143.756 98.943
-727.43 244.879 19.4827 0.899 143.756 98.943
-727.539 243.886 19.5023 0.901 143.756 98.952
-727.649 242.892 19.5219 0.897 143.754 98.948
-727.759 241.898 19.5415 0.893 143.752 98.943
-727.869 240.904 19.5611 0.893 143.752 98.943
-727.979 239.911 19.5806 0.893 143.752 98.943
-728.089 238.917 19.6002 0.893 143.752 98.943
-728.198 237.923 19.6198 0.893 143.752 98.943
-728.308 236.929 19.6394 0.893 143.752 98.943
-728.418 235.936 19.659 0.893 143.752 98.943
-728.528 234.942 19.6786 0.893 143.752 98.943
-728.638 233.948 19.6982 0.893 143.752 98.943
-728.747 232.954 19.7178 0.893 143.752 98.943
-728.857 231.961 19.7373 0.893 143.752 98.943
-728.967 230.967 19.7569 0.893 143.752 98.943
-729.077 229.973 19.7765 0.893 143.752 98.943
-729.187 228.979 19.7961 0.893 143.752 98.943
-729.297 227.985 19.8157 0.893 143.752 98.943
-729.406 226.992 19.8353 0.893 143.752 98.943
-729.516 225.998 19.8549 0.893 143.752 98.943
13
-711.895 267.341 19.0393 -24.519 143.388 78.37
-726.837 268.663 19.0393 0.88 143.779 98.944
-726.925 267.667 19.0478 0.88 143.779 98.944
-727.013 266.67 19.0562 0.88 143.779 98.944
-727.101 265.674 19.0647 0.88 143.779 98.944
-727.189 264.678 19.0732 0.88 143.779 98.944
-727.278 263.682 19.0817 0.88 143.779 98.944
-727.366 262.686 19.0902 0.88 143.779 98.944
-727.454 261.69 19.0987 0.88 143.779 98.944
-727.542 260.694 19.1072 0.88 143.779 98.944
-727.63 259.698 19.1157 0.88 143.779 98.944
-727.718 258.702 19.1241 0.88 143.779 98.944
-727.806 257.706 19.1326 0.878 143.775 98.94
-727.894 256.71 19.1411 0.878 143.775 98.94
-727.982 255.714 19.1496 0.88 143.773 98.941
-728.07 254.718 19.1581 0.884 143.771 98.944
-728.159 253.722 19.1666 0.889 143.768 98.948
-728.247 252.725 19.1751 0.891 143.768 98.95
-728.335 251.729 19.1836 0.889 143.765 98.946
-728.423 250.733 19.192 0.889 143.765 98.946
-728.511 249.737 19.2005 0.888 143.762 98.94
-728.599 248.741 19.209 0.888 143.758 98.929
-728.687 247.745 19.2175 0.895 143.756 98.933
-728.775 246.749 19.226 0.895 143.756 98.933
-728.863 245.753 19.2345 0.902 143.756 98.943
-728.952 244.757 19.243 0.902 143.755 98.949
-729.04 243.761 19.2515 0.902 143.755 98.949
-729.128 242.765 19.2599 0.894 143.753 98.939
-729.216 241.769 19.2684 0.89 143.75 98.936
-729.304 240.773 19.2769 0.89 143.75 98.936
-729.392 239.776 19.2854 0.89 143.75 98.936
-729.48 238.78 19.2939 0.89 143.75 98.936
-729.568 237.784 19.3024 0.89 143.75 98.936
-729.656 236.788 19.3109 0.89 143.75 98.936
-729.744 235.792 19.3194 0.89 143.75 98.936
-729.833 234.796 19.3278 0.89 143.75 98.936
-729.921 233.8 19.3363 0.89 143.75 98.936
-730.009 232.804 19.3448 0.89 143.75 98.936
-730.097 231.808 19.3533 0.89 143.75 98.936
-730.185 230.812 19.3618 0.89 143.75 98.936
-730.273 229.816 19.3703 0.89 143.75 98.936
-730.361 228.82 19.3788 0.89 143.75 98.936
-730.449 227.824 19.3873 0.89 143.75 98.936
-730.537 226.827 19.3957 0.89 143.75 98.936
-730.625 225.831 19.4042 0.89 143.75 98.936
-730.714 224.835 19.4127 0.89 143.75 98.936
-730.802 223.839 19.4212 0.89 143.75 98.936
14
-708.464 266.507 18.4611 -24.519 143.388 78.37
-723.317 268.598 18.4611 0.883 143.783 98.948
-723.457 267.607 18.4812 0.883 143.783 98.948
-723.596 266.617 18.5014 0.883 143.783 98.948
-723.735 265.627 18.5215 0.883 143.783 98.948
-723.875 264.637 18.5417 0.883 143.783 98.948
-724.014 263.647 18.5618 0.883 143.783 98.948
-724.153 262.657 18.582 0.883 143.783 98.948
-724.293 261.667 18.6022 0.883 143.783 98.948
-724.432 260.677 18.6223 0.883 143.783 98.948
-724.571 259.687 18.6425 0.883 143.783 98.948
-724.711 258.697 18.6626 0.883 143.783 98.948
-724.85 257.707 18.6828 0.878 143.776 98.941
-724.989 256.717 18.7029 0.878 143.776 98.941
-725.129 255.727 18.7231 0.878 143.773 98.939
-725.268 254.737 18.7433 0.882 143.771 98.943
-725.408 253.747 18.7634 0.888 143.77 98.947
-725.547 252.757 18.7836 0.89 143.768 98.95
-725.686 251.767 18.8037 0.89 143.768 98.95
-725.826 250.777 18.8239 0.889 143.766 98.947
-725.965 249.787 18.8441 0.888 143.762 98.942
-726.104 248.797 18.8642 0.888 143.758 98.932
-726.244 247.807 18.8844 0.891 143.756 98.931
-726.383 246.817 18.9045 0.896 143.755 98.935
-726.522 245.827 18.9247 0.896 143.755 98.935
-726.662 244.837 18.9448 0.9 143.756 98.944
-726.801 243.847 18.965 0.898 143.754 98.945
-726.94 242.857 18.9852 0.898 143.754 98.945
-727.08 241.866 19.0053 0.894 143.752 98.938
-727.219 240.876 19.0255 0.894 143.752 98.938
-727.358 239.886 19.0456 0.894 143.752 98.938
-727.498 238.896 19.0658 0.894 143.752 98.938
-727.637 237.906 19.0859 0.894 143.752 98.938
-727.776 236.916 19.1061 0.894 143.752 98.938
-727.916 235.926 19.1263 0.894 143.752 98.938
-728.055 234.936 19.1464 0.894 143.752 98.938
-728.194 233.946 19.1666 0.894 143.752 98.938
-728.334 232.956 19.1867 0.894 143.752 98.938
-728.473 231.966 19.2069 0.894 143.752 98.938
-728.613 230.976 19.227 0.894 143.752 98.938
-728.752 229.986 19.2472 0.894 143.752 98.938
-728.891 228.996 19.2674 0.894 143.752 98.938
-729.031 228.006 19.2875 0.894 143.752 98.938
-729.17 227.016 19.3077 0.894 143.752 98.938
-729.309 226.026 19.3278 0.894 143.752 98.938
-729.449 225.036 19.348 0.894 143.752 98.938
-729.588 224.046 19.3681 0.894 143.752 98.938
15
-712.017 264.667 19.0086 -24.519 143.388 78.37
-726.892 266.601 19.0086 0.881 143.773 98.941
-727.021 265.609 19.0259 0.881 143.773 98.941
-727.15 264.618 19.0433 0.881 143.773 98.941
-727.279 263.626 19.0606 0.881 143.773 98.941
-727.408 262.635 19.078 0.881 143.773 98.941
-727.537 261.643 19.0953 0.881 143.773 98.941
-727.666 260.652 19.1127 0.881 143.773 98.941
-727.795 259.66 19.13 0.881 143.773 98.941
-727.924 258.669 19.1474 0.881 143.773 98.941
-728.053 257.677 19.1647 0.881 143.773 98.941
-728.181 256.686 19.182 0.881 143.773 98.941
-728.31 255.694 19.1994 0.881 143.773 98.941
-728.439 254.703 19.2167 0.885 143.771 98.945
-728.568 253.711 19.2341 0.888 143.769 98.946
-728.697 252.72 19.2514 0.889 143.768 98.948
-728.826 251.728 19.2688 0.889 143.765 98.946
-728.955 250.737 19.2861 0.889 143.765 98.946
-729.084 249.745 19.3035 0.887 143.762 98.939
-729.213 248.754 19.3208 0.887 143.757 98.927
-729.342 247.762 19.3382 0.892 143.756 98.932
-729.471 246.771 19.3555 0.892 143.756 98.932
-729.6 245.779 19.3728 0.898 143.756 98.937
-729.729 244.788 19.3902 0.902 143.757 98.948
-729.858 243.796 19.4075 0.898 143.755 98.945
-729.987 242.805 19.4249 0.894 143.752 98.939
-730.115 241.813 19.4422 0.894 143.752 98.939
-730.244 240.822 19.4596 0.894 143.752 98.939
-730.373 239.83 19.4769 0.894 143.752 98.939
-730.502 238.839 19.4943 0.894 143.752 98.939
-730.631 237.847 19.5116 0.894 143.752 98.939
-730.76 236.856 19.529 0.894 143.752 98.939
-730.889 235.864 19.5463 0.894 143.752 98.939
-731.018 234.873 19.5637 0.894 143.752 98.939
-731.147 233.881 19.581 0.894 143.752 98.939
-731.276 232.89 19.5983 0.894 143.752 98.939
-731.405 231.898 19.6157 0.894 143.752 98.939
-731.534 230.907 19.633 0.894 143.752 98.939
-731.663 229.915 19.6504 0.894 143.752 98.939
-731.792 228.924 19.6677 0.894 143.752 98.939
-731.921 227.932 19.6851 0.894 143.752 98.939
-732.049 226.941 19.7024 0.894 143.752 98.939
-732.178 225.949 19.7198 0.894 143.752 98.939
-732.307 224.958 19.7371 0.894 143.752 98.939
-732.436 223.966 19.7545 0.894 143.752 98.939
-732.565 222.975 19.7718 0.894 143.752 98.939
-732.694 221.983 19.7891 0.894 143.752 98.939
16
-710.315 266.785 19.5189 -24.519 143.388 78.37
-725.213 268.53 19.5189 0.879 143.781 98.944
-725.33 267.537 19.5347 0.879 143.781 98.944
-725.446 266.544 19.5505 0.879 143.781 98.944
-725.563 265.551 19.5663 0.879 143.781 98.944
-725.679 264.558 19.5821 0.879 143.781 98.944
-725.795 263.565 19.5979 0.879 143.781 98.944
-725.912 262.572 19.6137 0.879 143.781 98.944
-726.028 261.579 19.6295 0.879 143.781 98.944
-726.144 260.586 19.6453 0.879 143.781 98.944
-726.261 259.593 19.6611 0.879 143.781 98.944
-726.377 258.6 19.6769 0.879 143.781 98.944
-726.493 257.607 19.6927 0.877 143.776 98.94
-726.61 256.613 19.7085 0.877 143.776 98.94
-726.726 255.62 19.7243 0.88 143.773 98.94
-726.842 254.627 19.7401 0.886 143.77 98.944
-726.959 253.634 19.7559 0.886 143.77 98.944
-727.075 252.641 19.7717 0.891 143.769 98.95
-727.191 251.648 19.7875 0.891 143.766 98.948
-727.308 250.655 19.8034 0.888 143.763 98.943
-727.424 249.662 19.8192 0.888 143.763 98.943
-727.541 248.669 19.835 0.887 143.76 98.933
-727.657 247.676 19.8508 0.89 143.756 98.929
-727.773 246.683 19.8666 0.896 143.755 98.935
-727.89 245.69 19.8824 0.901 143.756 98.94
-728.006 244.697 19.8982 0.902 143.755 98.949
-728.122 243.703 19.914 0.902 143.755 98.949
-728.239 242.71 19.9298 0.898 143.754 98.943
-728.355 241.717 19.9456 0.893 143.752 98.938
-728.471 240.724 19.9614 0.893 143.752 98.938
-728.588 239.731 19.9772 0.893 143.752 98.938
-728.704 238.738 19.993 0.893 143.752 98.938
-728.82 237.745 20.0088 0.893 143.752 98.938
-728.937 236.752 20.0246 0.893 143.752 98.938
-729.053 235.759 20.0404 0.893 143.752 98.938
-729.169 234.766 20.0562 0.893 143.752 98.938
-729.286 233.773 20.072 0.893 143.752 98.938
-729.402 232.78 20.0878 0.893 143.752 98.938
-729.519 231.786 20.1036 0.893 143.752 98.938
-729.635 230.793 20.1194 0.893 143.752 98.938
-729.751 229.8 20.1352 0.893 143.752 98.938
-729.868 228.807 20.151 0.893 143.752 98.938
-729.984 227.814 20.1668 0.893 143.752 98.938
-730.1 226.821 20.1827 0.893 143.752 98.938
-730.217 225.828 20.1985 0.893 143.752 98.938
-730.333 224.835 20.2143 0.893 143.752 98.938
-730.449 223.842 20.2301 0.893 143.752 98.938
17
-710.687 265.629 18.3863 -24.519 143.388 78.37
-725.604 267.21 18.3863 0.879 143.777 98.94
-725.709 266.216 18.3954 0.879 143.777 98.94
-725.814 265.221 18.4046 0.879 143.777 98.94
-725.92 264.227 18.4137 0.879 143.777 98.94
-726.025 263.232 18.4228 0.879 143.777 98.94
-726.131 262.238 18.432 0.879 143.777 98.94
-726.236 261.244 18.4411 0.879 143.777 98.94
-726.341 260.249 18.4502 0.879 143.777 98.94
-726.447 259.255 18.4594 0.879 143.777 98.94
-726.552 258.26 18.4685 0.879 143.777 98.94
-726.657 257.266 18.4776 0.879 143.777 98.94
-726.763 256.272 18.4868 0.879 143.777 98.94
-726.868 255.277 18.4959 0.881 143.774 98.94
-726.973 254.283 18.505 0.886 143.771 98.945
-727.079 253.288 18.5142 0.891 143.769 98.949
-727.184 252.294 18.5233 0.891 143.766 98.947
-727.29 251.3 18.5324 0.891 143.766 98.947
-727.395 250.305 18.5415 0.89 143.764 98.944
-727.5 249.311 18.5507 0.889 143.76 98.933
-727.606 248.317 18.5598 0.892 143.757 98.932
-727.711 247.322 18.5689 0.892 143.757 98.932
-727.816 246.328 18.5781 0.897 143.755 98.935
-727.922 245.333 18.5872 0.902 143.756 98.945
-728.027 244.339 18.5963 0.902 143.756 98.945
-728.133 243.345 18.6055 0.899 143.756 98.947
-728.238 242.35 18.6146 0.894 143.754 98.938
-728.343 241.356 18.6237 0.892 143.751 98.937
-728.449 240.361 18.6329 0.892 143.751 98.937
-728.554 239.367 18.642 0.892 143.751 98.937
-728.659 238.373 18.6511 0.892 143.751 98.937
-728.765 237.378 18.6603 0.892 143.751 98.937
-728.87 236.384 18.6694 0.892 143.751 98.937
-728.976 235.389 18.6785 0.892 143.751 98.937
-729.081 234.395 18.6877 0.892 143.751 98.937
-729.186 233.401 18.6968 0.892 143.751 98.937
-729.292 232.406 18.7059 0.892 143.751 98.937
-729.397 231.412 18.7151 0.892 143.751 98.937
-729.502 230.417 18.7242 0.892 143.751 98.937
-729.608 229.423 18.7333 0.892 143.751 98.937
-729.713 228.429 18.7424 0.892 143.751 98.937
-729.819 227.434 18.7516 0.892 143.751 98.937
-729.924 226.44 18.7607 0.892 143.751 98.937
-730.029 225.446 18.7698 0.892 143.751 98.937
-730.135 224.451 18.779 0.892 143.751 98.937
-730.24 223.457 18.7881 0.892 143.751 98.937
-730.345 222.462 18.7972 0.892 143.751 98.937
18
-710.931 268.623 17.94 -24.519 143.388 78.37
-725.841 270.263 17.94 0.89 143.78 98.955
-725.951 269.269 17.9518 0.89 143.78 98.955
-726.06 268.275 17.9636 0.89 143.78 98.955
-726.169 267.281 17.9754 0.89 143.78 98.955
-726.279 266.287 17.9872 0.89 143.78 98.955
-726.388 265.293 17.999 0.89 143.78 98.955
-726.497 264.299 18.0107 0.89 143.78 98.955
-726.607 263.305 18.0225 0.89 143.78 98.955
-726.716 262.311 18.0343 0.89 143.78 98.955
-726.825 261.317 18.0461 0.89 143.78 98.955
-726.935 260.323 18.0579 0.887 143.782 98.947
-727.044 259.329 18.0697 0.882 143.78 98.943
-727.153 258.335 18.0815 0.881 143.777 98.943
-727.263 257.341 18.0933 0.884 143.774 98.941
-727.372 256.348 18.1051 0.888 143.771 98.944
-727.481 255.354 18.1169 0.89 143.768 98.943
-727.591 254.36 18.1286 0.89 143.768 98.943
-727.7 253.366 18.1404 0.889 143.767 98.942
-727.809 252.372 18.1522 0.89 143.766 98.941
-727.919 251.378 18.164 0.892 143.764 98.944
-728.028 250.384 18.1758 0.896 143.762 98.946
-728.137 249.39 18.1876 0.899 143.759 98.94
-728.247 248.396 18.1994 0.899 143.759 98.94
-728.356 247.402 18.2112 0.9 143.757 98.94
-728.465 246.408 18.223 0.902 143.755 98.941
-728.575 245.414 18.2347 0.905 143.755 98.948
-728.684 244.42 18.2465 0.905 143.754 98.95
-728.793 243.426 18.2583 0.905 143.754 98.95
-728.903 242.432 18.2701 0.903 143.752 98.946
-729.012 241.438 18.2819 0.899 143.751 98.943
-729.121 240.445 18.2937 0.899 143.751 98.943
-729.231 239.451 18.3055 0.899 143.751 98.943
-729.34 238.457 18.3173 0.899 143.751 98.943
-729.449 237.463 18.3291 0.899 143.751 98.943
-729.559 236.469 18.3409 0.899 143.751 98.943
-729.668 235.475 18.3526 0.899 143.751 98.943
-729.777 234.481 18.3644 0.899 143.751 98.943
-729.887 233.487 18.3762 0.899 143.751 98.943
-729.996 232.493 18.388 0.899 143.751 98.943
-730.105 231.499 18.3998 0.899 143.751 98.943
-730.215 230.505 18.4116 0.899 143.751 98.943
-730.324 229.511 18.4234 0.899 143.751 98.943
-730.433 228.517 18.4352 0.899 143.751 98.943
-730.543 227.523 18.447 0.899 143.751 98.943
-730.652 226.529 18.4587 0.899 143.751 98.943
-730.761 225.536 18.4705 0.899 143.751 98.943
19
-711.472 266.999 18.9616 -24.519 143.388 78.37
-726.403 268.436 18.9616 0.881 143.779 98.941
-726.499 267.44 18.9709 0.881 143.779 98.941
-726.595 266.445 18.9802 0.881 143.779 98.941
-726.69 265.45 18.9896 0.881 143.779 98.941
-726.786 264.454 18.9989 0.881 143.779 98.941
-726.882 263.459 19.0082 0.881 143.779 98.941
-726.978 262.464 19.0176 0.881 143.779 98.941
-727.073 261.468 19.0269 0.881 143.779 98.941
-727.169 260.473 19.0362 0.881 143.779 98.941
-727.265 259.478 19.0456 0.881 143.779 98.941
-727.361 258.482 19.0549 0.881 143.779 98.941
-727.457 257.487 19.0642 0.881 143.779 98.941
-727.552 256.491 19.0736 0.879 143.775 98.939
-727.648 255.496 19.0829 0.881 143.772 98.939
-727.744 254.501 19.0922 0.881 143.772 98.939
-727.84 253.505 19.1016 0.888 143.769 98.946
-727.935 252.51 19.1109 0.89 143.768 98.948
-728.031 251.515 19.1202 0.89 143.766 98.947
-728.127 250.519 19.1296 0.89 143.765 98.947
-728.223 249.524 19.1389 0.888 143.763 98.942
-728.319 248.529 19.1482 0.889 143.759 98.934
-728.414 247.533 19.1576 0.894 143.757 98.938
-728.51 246.538 19.1669 0.894 143.757 98.938
-728.606 245.543 19.1762 0.899 143.757 98.945
-728.702 244.547 19.1856 0.901 143.756 98.95
-728.798 243.552 19.1949 0.896 143.755 98.945
-728.893 242.556 19.2042 0.892 143.752 98.942
-728.989 241.561 19.2136 0.892 143.752 98.942
-729.085 240.566 19.2229 0.892 143.752 98.942
-729.181 239.57 19.2322 0.892 143.752 98.942
-729.276 238.575 19.2416 0.892 143.752 98.942
-729.372 237.58 19.2509 0.892 143.752 98.942
-729.468 236.584 19.2602 0.892 143.752 98.942
-729.564 235.589 19.2696 0.892 143.752 98.942
-729.66 234.594 19.2789 0.892 143.752 98.942
-729.755 233.598 19.2882 0.892 143.752 98.942
-729.851 232.603 19.2976 0.892 143.752 98.942
-729.947 231.608 19.3069 0.892 143.752 98.942
-730.043 230.612 19.3162 0.892 143.752 98.942
-730.139 229.617 19.3256 0.892 143.752 98.942
-730.234 228.621 19.3349 0.892 143.752 98.942
-730.33 227.626 19.3442 0.892 143.752 98.942
-730.426 226.631 19.3536 0.892 143.752 98.942
-730.522 225.635 19.3629 0.892 143.752 98.942
-730.617 224.64 19.3722 0.892 143.752 98.942
-730.713 223.645 19.3816 0.892 143.752 98.942
20
-711.467 264.154 18.2618 -24.519 143.388 78.37
-726.365 265.905 18.2618 0.878 143.776 98.938
-726.481 264.912 18.2726 0.878 143.776 98.938
-726.598 263.919 18.2834 0.878 143.776 98.938
-726.715 262.926 18.2941 0.878 143.776 98.938
-726.832 261.933 18.3049 0.878 143.776 98.938
-726.948 260.94 18.3157 0.878 143.776 98.938
-727.065 259.947 18.3264 0.878 143.776 98.938
-727.182 258.953 18.3372 0.878 143.776 98.938
-727.299 257.96 18.348 0.878 143.776 98.938
-727.415 256.967 18.3587 0.878 143.776 98.938
-727.532 255.974 18.3695 0.881 143.772 98.939
-727.649 254.981 18.3803 0.886 143.769 98.945
-727.766 253.988 18.391 0.886 143.769 98.945
-727.882 252.995 18.4018 0.891 143.767 98.947
-727.999 252.002 18.4126 0.892 143.766 98.947
-728.116 251.009 18.4233 0.892 143.765 98.947
-728.233 250.015 18.4341 0.889 143.762 98.944
-728.349 249.022 18.4449 0.889 143.758 98.935
-728.466 248.029 18.4557 0.889 143.758 98.935
-728.583 247.036 18.4664 0.894 143.756 98.938
-728.699 246.043 18.4772 0.898 143.757 98.944
-728.816 245.05 18.488 0.9 143.756 98.95
-728.933 244.057 18.4987 0.9 143.756 98.95
-729.05 243.064 18.5095 0.897 143.755 98.947
-729.166 242.071 18.5203 0.892 143.753 98.942
-729.283 241.078 18.531 0.89 143.75 98.939
-729.4 240.084 18.5418 0.89 143.75 98.939
-729.517 239.091 18.5526 0.89 143.75 98.939
-729.633 238.098 18.5633 0.89 143.75 98.939
-729.75 237.105 18.5741 0.89 143.75 98.939
-729.867 236.112 18.5849 0.89 143.75 98.939
-729.984 235.119 18.5956 0.89 143.75 98.939
-730.1 234.126 18.6064 0.89 143.75 98.939
-730.217 233.133 18.6172 0.89 143.75 98.939
-730.334 232.14 18.6279 0.89 143.75 98.939
-730.451 231.146 18.6387 0.89 143.75 98.939
-730.567 230.153 18.6495 0.89 143.75 98.939
-730.684 229.16 18.6602 0.89 143.75 98.939
-730.801 228.167 18.671 0.89 143.75 98.939
-730.917 227.174 18.6818 0.89 143.75 98.939
-731.034 226.181 18.6925 0.89 143.75 98.939
-731.151 225.188 18.7033 0.89 143.75 98.939
-731.268 224.195 18.7141 0.89 143.75 98.939
-731.384 223.202 18.7249 0.89 143.75 98.939
-731.501 222.209 18.7356 0.89 143.75 98.939
-731.618 221.215 18.7464 0.89 143.75 98.939
21
-709.605 266.178 18.3963 -24.519 143.388 78.37
-724.482 268.1 18.3963 0.877 143.778 98.937
-724.61 267.108 18.4032 0.877 143.778 98.937
-724.738 266.117 18.4101 0.877 143.778 98.937
-724.866 265.125 18.417 0.877 143.778 98.937
-724.994 264.133 18.4238 0.877 143.778 98.937
-725.122 263.141 18.4307 0.877 143.778 98.937
-725.25 262.15 18.4376 0.877 143.778 98.937
-725.378 261.158 18.4445 0.877 143.778 98.937
-725.507 260.166 18.4514 0.877 143.778 98.937
-725.635 259.175 18.4583 0.877 143.778 98.937
-725.763 258.183 18.4651 0.877 143.778 98.937
-725.891 257.191 18.472 0.877 143.778 98.937
-726.019 256.199 18.4789 0.877 143.776 98.937
-726.147 255.208 18.4858 0.88 143.773 98.939
-726.275 254.216 18.4927 0.886 143.769 98.943
-726.404 253.224 18.4996 0.886 143.769 98.943
-726.532 252.232 18.5064 0.889 143.767 98.945
-726.66 251.241 18.5133 0.888 143.764 98.942
-726.788 250.249 18.5202 0.888 143.764 98.942
-726.916 249.257 18.5271 0.887 143.763 98.939
-727.044 248.265 18.534 0.888 143.76 98.932
-727.172 247.274 18.5409 0.893 143.757 98.935
-727.3 246.282 18.5478 0.899 143.756 98.939
-727.429 245.29 18.5546 0.899 143.756 98.939
-727.557 244.299 18.5615 0.9 143.756 98.946
-727.685 243.307 18.5684 0.896 143.754 98.942
-727.813 242.315 18.5753 0.893 143.751 98.938
-727.941 241.323 18.5822 0.893 143.751 98.938
-728.069 240.332 18.5891 0.893 143.751 98.938
-728.197 239.34 18.5959 0.893 143.751 98.938
-728.326 238.348 18.6028 0.893 143.751 98.938
-728.454 237.356 18.6097 0.893 143.751 98.938
-728.582 236.365 18.6166 0.893 143.751 98.938
-728.71 235.373 18.6235 0.893 143.751 98.938
-728.838 234.381 18.6304 0.893 143.751 98.938
-728.966 233.389 18.6373 0.893 143.751 98.938
-729.094 232.398 18.6441 0.893 143.751 98.938
-729.222 231.406 18.651 0.893 143.751 98.938
-729.351 230.414 18.6579 0.893 143.751 98.938
-729.479 229.423 18.6648 0.893 143.751 98.938
-729.607 228.431 18.6717 0.893 143.751 98.938
-729.735 227.439 18.6786 0.893 143.751 98.938
-729.863 226.447 18.6854 0.893 143.751 98.938
-729.991 225.456 18.6923 0.893 143.751 98.938
-730.119 224.464 18.6992 0.893 143.751 98.938
-730.248 223.472 18.7061 0.893 143.751 98.938
22
-709.012 266.921 19.3165 -24.519 143.388 78.37
-723.93 268.486 19.3165 0.879 143.778 98.942
-724.034 267.492 19.3199 0.879 143.778 98.942
-724.139 266.497 19.3233 0.879 143.778 98.942
-724.243 265.502 19.3267 0.879 143.778 98.942
-724.347 264.508 19.33 0.879 143.778 98.942
-724.451 263.513 19.3334 0.879 143.778 98.942
-724.556 262.519 19.3368 0.879 143.778 98.942
-724.66 261.524 19.3401 0.879 143.778 98.942
-724.764 260.53 19.3435 0.879 143.778 98.942
-724.869 259.535 19.3469 0.879 143.778 98.942
-724.973 258.541 19.3502 0.879 143.778 98.942
-725.077 257.546 19.3536 0.879 143.778 98.942
-725.182 256.552 19.357 0.877 143.776 98.938
-725.286 255.557 19.3604 0.879 143.772 98.938
-725.39 254.563 19.3637 0.886 143.769 98.944
-725.495 253.568 19.3671 0.886 143.769 98.944
-725.599 252.573 19.3705 0.89 143.767 98.948
-725.703 251.579 19.3738 0.89 143.766 98.946
-725.808 250.584 19.3772 0.89 143.764 98.945
-725.912 249.59 19.3806 0.888 143.761 98.939
-726.016 248.595 19.384 0.889 143.758 98.935
-726.12 247.601 19.3873 0.889 143.758 98.935
-726.225 246.606 19.3907 0.893 143.757 98.938
-726.329 245.612 19.3941 0.898 143.756 98.942
-726.433 244.617 19.3974 0.901 143.756 98.95
-726.538 243.623 19.4008 0.897 143.755 98.946
-726.642 242.628 19.4042 0.897 143.755 98.946
-726.746 241.634 19.4075 0.892 143.753 98.941
-726.851 240.639 19.4109 0.892 143.753 98.941
-726.955 239.644 19.4143 0.892 143.753 98.941
-727.059 238.65 19.4177 0.892 143.753 98.941
-727.164 237.655 19.421 0.892 143.753 98.941
-727.268 236.661 19.4244 0.892 143.753 98.941
-727.372 235.666 19.4278 0.892 143.753 98.941
-727.476 234.672 19.4311 0.892 143.753 98.941
-727.581 233.677 19.4345 0.892 143.753 98.941
-727.685 232.683 19.4379 0.892 143.753 98.941
-727.789 231.688 19.4412 0.892 143.753 98.941
-727.894 230.694 19.4446 0.892 143.753 98.941
-727.998 229.699 19.448 0.892 143.753 98.941
-728.102 228.705 19.4514 0.892 143.753 98.941
-728.207 227.71 19.4547 0.892 143.753 98.941
-728.311 226.715 19.4581 0.892 143.753 98.941
-728.415 225.721 19.4615 0.892 143.753 98.941
-728.52 224.726 19.4648 0.892 143.753 98.941
-728.624 223.732 19.4682 0.892 143.753 98.941
23
-710.606 267.201 17.5575 -24.519 143.388 78.37
-725.506 268.922 17.5575 0.883 143.783 98.941
-725.621 267.929 17.5665 0.883 143.783 98.941
-725.736 266.935 17.5755 0.883 143.783 98.941
-725.851 265.942 17.5845 0.883 143.783 98.941
-725.965 264.949 17.5935 0.883 143.783 98.941
-726.08 263.955 17.6025 0.883 143.783 98.941
-726.195 262.962 17.6114 0.883 143.783 98.941
-726.309 261.969 17.6204 0.883 143.783 98.941
-726.424 260.975 17.6294 0.883 143.783 98.941
-726.539 259.982 17.6384 0.883 143.783 98.941
-726.654 258.989 17.6474 0.883 143.783 98.941
-726.768 257.995 17.6564 0.878 143.777 98.938
-726.883 257.002 17.6654 0.879 143.772 98.936
-726.998 256.009 17.6744 0.879 143.772 98.936
-727.112 255.015 17.6834 0.883 143.77 98.938
-727.227 254.022 17.6924 0.889 143.767 98.944
-727.342 253.028 17.7014 0.889 143.767 98.944
-727.457 252.035 17.7104 0.891 143.766 98.945
-727.571 251.042 17.7194 0.889 143.764 98.943
-727.686 250.048 17.7284 0.887 143.763 98.94
-727.801 249.055 17.7374 0.887 143.758 98.932
-727.915 248.062 17.7464 0.887 143.758 98.932
-728.03 247.068 17.7554 0.891 143.756 98.933
-728.145 246.075 17.7644 0.896 143.756 98.941
-728.26 245.082 17.7734 0.896 143.756 98.941
-728.374 244.088 17.7824 0.897 143.756 98.947
-728.489 243.095 17.7914 0.894 143.755 98.943
-728.604 242.101 17.8004 0.889 143.752 98.94
-728.718 241.108 17.8094 0.889 143.752 98.94
-728.833 240.115 17.8184 0.889 143.752 98.94
-728.948 239.121 17.8274 0.889 143.752 98.94
-729.063 238.128 17.8364 0.889 143.752 98.94
-729.177 237.135 17.8454 0.889 143.752 98.94
-729.292 236.141 17.8544 0.889 143.752 98.94
-729.407 235.148 17.8634 0.889 143.752 98.94
-729.521 234.155 17.8724 0.889 143.752 98.94
-729.636 233.161 17.8814 0.889 143.752 98.94
-729.751 232.168 17.8904 0.889 143.752 98.94
-729.865 231.175 17.8994 0.889 143.752 98.94
-729.98 230.181 17.9084 0.889 143.752 98.94
-730.095 229.188 17.9174 0.889 143.752 98.94
-730.21 228.194 17.9264 0.889 143.752 98.94
-730.324 227.201 17.9354 0.889 143.752 98.94
-730.439 226.208 17.9443 0.889 143.752 98.94
-730.554 225.214 17.9533 0.889 143.752 98.94
-730.668 224.221 17.9623 0.889 143.752 98.94
24
-709.114 266.648 17.5954 -24.519 143.388 78.37
-724.005 268.448 17.5954 0.885 143.785 98.944
-724.125 267.456 17.6081 0.885 143.785 98.944
-724.245 266.463 17.6209 0.885 143.785 98.944
-724.365 265.47 17.6336 0.885 143.785 98.944
-724.485 264.478 17.6463 0.885 143.785 98.944
-724.605 263.485 17.6591 0.885 143.785 98.944
-724.725 262.492 17.6718 0.885 143.785 98.944
-724.845 261.5 17.6845 0.885 143.785 98.944
-724.965 260.507 17.6973 0.885 143.785 98.944
-725.085 259.514 17.71 0.885 143.785 98.944
-725.205 258.522 17.7227 0.885 143.785 98.944
-725.325 257.529 17.7355 0.879 143.778 98.939
-725.445 256.536 17.7482 0.879 143.774 98.936
-725.566 255.543 17.761 0.883 143.77 98.938
-725.686 254.551 17.7737 0.883 143.77 98.938
-725.806 253.558 17.7864 0.889 143.767 98.942
-725.926 252.565 17.7992 0.891 143.767 98.945
-726.046 251.573 17.8119 0.89 143.766 98.943
-726.166 250.58 17.8246 0.888 143.764 98.941
-726.286 249.587 17.8374 0.887 143.761 98.935
-726.406 248.595 17.8501 0.888 143.758 98.932
-726.526 247.602 17.8628 0.888 143.758 98.932
-726.646 246.609 17.8756 0.895 143.756 98.939
-726.766 245.617 17.8883 0.895 143.756 98.939
-726.886 244.624 17.901 0.898 143.756 98.945
-727.006 243.631 17.9138 0.896 143.755 98.947
-727.126 242.639 17.9265 0.892 143.755 98.942
-727.246 241.646 17.9392 0.889 143.753 98.939
-727.366 240.653 17.952 0.889 143.753 98.939
-727.486 239.66 17.9647 0.889 143.753 98.939
-727.606 238.668 17.9775 0.889 143.753 98.939
-727.726 237.675 17.9902 0.889 143.753 98.939
-727.846 236.682 18.0029 0.889 143.753 98.939
-727.966 235.69 18.0157 0.889 143.753 98.939
-728.086 234.697 18.0284 0.889 143.753 98.939
-728.206 233.704 18.0411 0.889 143.753 98.939
-728.326 232.712 18.0539 0.889 143.753 98.939
-728.446 231.719 18.0666 0.889 143.753 98.939
-728.566 230.726 18.0793 0.889 143.753 98.939
-728.686 229.734 18.0921 0.889 143.753 98.939
-728.806 228.741 18.1048 0.889 143.753 98.939
-728.926 227.748 18.1175 0.889 143.753 98.939
-729.046 226.755 18.1303 0.889 143.753 98.939
-729.166 225.763 18.143 0.889 143.753 98.939
-729.286 224.77 18.1557 0.889 143.753 98.939
-729.406 223.777 18.1685 0.889 143.753 98.939
25
-710.321 266.807 17.7833 -24.519 143.388 78.37
-725.205 268.663 17.7833 0.882 143.782 98.943
-725.329 267.67 17.7961 0.882 143.782 98.943
-725.453 266.678 17.8088 0.882 143.782 98.943
-725.576 265.686 17.8215 0.882 143.782 98.943
-725.7 264.694 17.8343 0.882 143.782 98.943
-725.824 263.702 17.847 0.882 143.782 98.943
-725.948 262.709 17.8597 0.882 143.782 98.943
-726.071 261.717 17.8725 0.882 143.782 98.943
-726.195 260.725 17.8852 0.882 143.782 98.943
-726.319 259.733 17.898 0.882 143.782 98.943
-726.442 258.74 17.9107 0.882 143.782 98.943
-726.566 257.748 17.9234 0.877 143.776 98.938
-726.69 256.756 17.9362 0.877 143.776 98.938
-726.814 255.764 17.9489 0.88 143.772 98.939
-726.937 254.771 17.9616 0.886 143.769 98.942
-727.061 253.779 17.9744 0.886 143.769 98.942
-727.185 252.787 17.9871 0.891 143.767 98.947
-727.308 251.795 17.9999 0.891 143.766 98.948
-727.432 250.802 18.0126 0.89 143.764 98.944
-727.556 249.81 18.0253 0.889 143.761 98.94
-727.68 248.818 18.0381 0.889 143.758 98.935
-727.803 247.826 18.0508 0.889 143.758 98.935
-727.927 246.834 18.0635 0.895 143.756 98.938
-728.051 245.841 18.0763 0.9 143.757 98.946
-728.174 244.849 18.089 0.899 143.755 98.949
-728.298 243.857 18.1018 0.899 143.755 98.949
-728.422 242.865 18.1145 0.895 143.755 98.944
-728.546 241.872 18.1272 0.891 143.752 98.94
-728.669 240.88 18.14 0.891 143.752 98.94
-728.793 239.888 18.1527 0.891 143.752 98.94
-728.917 238.896 18.1654 0.891 143.752 98.94
-729.04 237.903 18.1782 0.891 143.752 98.94
-729.164 236.911 18.1909 0.891 143.752 98.94
-729.288 235.919 18.2036 0.891 143.752 98.94
-729.412 234.927 18.2164 0.891 143.752 98.94
-729.535 233.934 18.2291 0.891 143.752 98.94
-729.659 232.942 18.2419 0.891 143.752 98.94
-729.783 231.95 18.2546 0.891 143.752 98.94
-729.906 230.958 18.2673 0.891 143.752 98.94
-730.03 229.966 18.2801 0.891 143.752 98.94
-730.154 228.973 18.2928 0.891 143.752 98.94
-730.278 227.981 18.3055 0.891 143.752 98.94
-730.401 226.989 18.3183 0.891 143.752 98.94
-730.525 225.997 18.331 0.891 143.752 98.94
-730.649 225.004 18.3438 0.891 143.752 98.94
-730.772 224.012 18.3565 0.891 143.752 98.94
26
-711.014 266.97 18.8676 -24.519 143.388 78.37
-725.912 268.713 18.8676 0.879 143.779 98.942
-726.028 267.72 18.8784 0.879 143.779 98.942
-726.145 266.727 18.8893 0.879 143.779 98.942
-726.261 265.734 18.9001 0.879 143.779 98.942
-726.377 264.74 18.911 0.879 143.779 98.942
-726.493 263.747 18.9219 0.879 143.779 98.942
-726.609 262.754 18.9327 0.879 143.779 98.942
-726.725 261.761 18.9436 0.879 143.779 98.942
-726.842 260.768 18.9544 0.879 143.779 98.942
-726.958 259.775 18.9653 0.879 143.779 98.942
-727.074 258.781 18.9761 0.879 143.779 98.942
-727.19 257.788 18.987 0.879 143.779 98.942
-727.306 256.795 18.9979 0.877 143.776 98.938
-727.422 255.802 19.0087 0.88 143.772 98.938
-727.539 254.809 19.0196 0.885 143.77 98.944
-727.655 253.816 19.0304 0.885 143.77 98.944
-727.771 252.822 19.0413 0.89 143.767 98.947
-727.887 251.829 19.0521 0.89 143.766 98.947
-728.003 250.836 19.063 0.89 143.766 98.946
-728.119 249.843 19.0739 0.888 143.764 98.943
-728.236 248.85 19.0847 0.89 143.759 98.935
-728.352 247.856 19.0956 0.893 143.758 98.937
-728.468 246.863 19.1064 0.893 143.758 98.937
-728.584 245.87 19.1173 0.899 143.757 98.944
-728.7 244.877 19.1281 0.9 143.756 98.949
-728.816 243.884 19.139 0.895 143.755 98.945
-728.933 242.891 19.1499 0.895 143.755 98.945
-729.049 241.897 19.1607 0.89 143.753 98.94
-729.165 240.904 19.1716 0.89 143.753 98.94
-729.281 239.911 19.1824 0.89 143.753 98.94
-729.397 238.918 19.1933 0.89 143.753 98.94
-729.513 237.925 19.2041 0.89 143.753 98.94
-729.63 236.932 19.215 0.89 143.753 98.94
-729.746 235.938 19.2259 0.89 143.753 98.94
-729.862 234.945 19.2367 0.89 143.753 98.94
-729.978 233.952 19.2476 0.89 143.753 98.94
-730.094 232.959 19.2584 0.89 143.753 98.94
-730.21 231.966 19.2693 0.89 143.753 98.94
-730.327 230.973 19.2801 0.89 143.753 98.94
-730.443 229.979 19.291 0.89 143.753 98.94
-730.559 228.986 19.3019 0.89 143.753 98.94
-730.675 227.993 19.3127 0.89 143.753 98.94
-730.791 227 19.3236 0.89 143.753 98.94
-730.907 226.007 19.3344 0.89 143.753 98.94
-731.024 225.014 19.3453 0.89 143.753 98.94
-731.14 224.02 19.3561 0.89 143.753 98.94
27
-711.193 266.251 18.7366 -24.519 143.388 78.37
-726.085 268.049 18.7366 0.878 143.781 98.943
-726.205 267.056 18.7454 0.878 143.781 98.943
-726.325 266.063 18.7542 0.878 143.781 98.943
-726.445 265.07 18.763 0.878 143.781 98.943
-726.564 264.078 18.7718 0.878 143.781 98.943
-726.684 263.085 18.7806 0.878 143.781 98.943
-726.804 262.092 18.7894 0.878 143.781 98.943
-726.924 261.099 18.7982 0.878 143.781 98.943
-727.044 260.107 18.807 0.878 143.781 98.943
-727.164 259.114 18.8158 0.878 143.781 98.943
-727.284 258.121 18.8246 0.878 143.781 98.943
-727.403 257.128 18.8334 0.876 143.777 98.939
-727.523 256.136 18.8422 0.878 143.774 98.938
-727.643 255.143 18.851 0.883 143.771 98.943
-727.763 254.15 18.8598 0.883 143.771 98.943
-727.883 253.157 18.8686 0.888 143.769 98.948
-728.003 252.165 18.8774 0.89 143.768 98.951
-728.122 251.172 18.8862 0.891 143.766 98.947
-728.242 250.179 18.895 0.889 143.763 98.944
-728.362 249.186 18.9038 0.888 143.759 98.932
-728.482 248.194 18.9126 0.89 143.757 98.93
-728.602 247.201 18.9214 0.89 143.757 98.93
-728.722 246.208 18.9302 0.897 143.756 98.935
-728.842 245.215 18.939 0.901 143.756 98.943
-728.961 244.223 18.9479 0.9 143.755 98.947
-729.081 243.23 18.9567 0.896 143.753 98.94
-729.201 242.237 18.9655 0.893 143.75 98.938
-729.321 241.244 18.9743 0.893 143.75 98.938
-729.441 240.252 18.9831 0.893 143.75 98.938
-729.561 239.259 18.9919 0.893 143.75 98.938
-729.681 238.266 19.0007 0.893 143.75 98.938
-729.8 237.273 19.0095 0.893 143.75 98.938
-729.92 236.281 19.0183 0.893 143.75 98.938
-730.04 235.288 19.0271 0.893 143.75 98.938
-730.16 234.295 19.0359 0.893 143.75 98.938
-730.28 233.302 19.0447 0.893 143.75 98.938
-730.4 232.31 19.0535 0.893 143.75 98.938
-730.52 231.317 19.0623 0.893 143.75 98.938
-730.639 230.324 19.0711 0.893 143.75 98.938
-730.759 229.331 19.0799 0.893 143.75 98.938
-730.879 228.339 19.0887 0.893 143.75 98.938
-730.999 227.346 19.0975 0.893 143.75 98.938
-731.119 226.353 19.1063 0.893 143.75 98.938
-731.239 225.36 19.1151 0.893 143.75 98.938
-731.359 224.368 19.1239 0.893 143.75 98.938
-731.478 223.375 19.1327 0.893 143.75 98.938
28
-710.684 266.455 18.0416 -24.519 143.388 78.37
-725.606 267.985 18.0416 0.879 143.774 98.938
-725.708 266.99 18.051 0.879 143.774 98.938
-725.81 265.995 18.0605 0.879 143.774 98.938
-725.912 265.001 18.07 0.879 143.774 98.938
-726.014 264.006 18.0794 0.879 143.774 98.938
-726.116 263.011 18.0889 0.879 143.774 98.938
-726.218 262.016 18.0984 0.879 143.774 98.938
-726.32 261.022 18.1078 0.879 143.774 98.938
-726.422 260.027 18.1173 0.879 143.774 98.938
-726.524 259.032 18.1268 0.879 143.774 98.938
-726.626 258.037 18.1362 0.879 143.774 98.938
-726.728 257.043 18.1457 0.879 143.774 98.938
-726.83 256.048 18.1552 0.879 143.774 98.938
-726.932 255.053 18.1646 0.885 143.77 98.942
-727.034 254.058 18.1741 0.89 143.769 98.947
-727.136 253.064 18.1836 0.893 143.767 98.948
-727.237 252.069 18.193 0.893 143.767 98.948
-727.339 251.074 18.2025 0.891 143.765 98.946
-727.441 250.079 18.212 0.89 143.763 98.944
-727.543 249.085 18.2214 0.888 143.761 98.935
-727.645 248.09 18.2309 0.889 143.757 98.93
-727.747 247.095 18.2404 0.893 143.757 98.935
-727.849 246.1 18.2498 0.898 143.756 98.941
-727.951 245.106 18.2593 0.898 143.756 98.941
-728.053 244.111 18.2688 0.9 143.756 98.947
-728.155 243.116 18.2782 0.896 143.755 98.943
-728.257 242.121 18.2877 0.891 143.752 98.939
-728.359 241.127 18.2972 0.891 143.752 98.939
-728.461 240.132 18.3066 0.891 143.752 98.939
-728.563 239.137 18.3161 0.891 143.752 98.939
-728.665 238.143 18.3256 0.891 143.752 98.939
-728.767 237.148 18.335 0.891 143.752 98.939
-728.869 236.153 18.3445 0.891 143.752 98.939
-728.971 235.158 18.354 0.891 143.752 98.939
-729.073 234.164 18.3634 0.891 143.752 98.939
-729.175 233.169 18.3729 0.891 143.752 98.939
-729.277 232.174 18.3824 0.891 143.752 98.939
-729.379 231.179 18.3918 0.891 143.752 98.939
-729.481 230.185 18.4013 0.891 143.752 98.939
-729.583 229.19 18.4107 0.891 143.752 98.939
-729.685 228.195 18.4202 0.891 143.752 98.939
-729.787 227.2 18.4297 0.891 143.752 98.939
-729.889 226.206 18.4391 0.891 143.752 98.939
-729.99 225.211 18.4486 0.891 143.752 98.939
-730.092 224.216 18.4581 0.891 143.752 98.939
-730.194 223.221 18.4675 0.891 143.752 98.939
29
-708.903 268.867 18.0219 -24.519 143.388 78.37
-723.824 270.405 18.0219 0.894 143.784 98.957
-723.927 269.411 18.0304 0.894 143.784 98.957
-724.029 268.416 18.039 0.894 143.784 98.957
-724.132 267.421 18.0475 0.894 143.784 98.957
-724.234 266.427 18.056 0.894 143.784 98.957
-724.337 265.432 18.0646 0.894 143.784 98.957
-724.44 264.437 18.0731 0.894 143.784 98.957
-724.542 263.442 18.0816 0.894 143.784 98.957
-724.645 262.448 18.0902 0.894 143.784 98.957
-724.747 261.453 18.0987 0.894 143.784 98.957
-724.85 260.458 18.1073 0.894 143.784 98.957
-724.952 259.464 18.1158 0.89 143.786 98.951
-725.055 258.469 18.1243 0.882 143.783 98.944
-725.158 257.474 18.1329 0.878 143.777 98.94
-725.26 256.48 18.1414 0.878 143.773 98.938
-725.363 255.485 18.1499 0.883 143.77 98.941
-725.465 254.49 18.1585 0.883 143.77 98.941
-725.568 253.496 18.167 0.888 143.768 98.945
-725.67 252.501 18.1756 0.892 143.767 98.949
-725.773 251.506 18.1841 0.891 143.766 98.947
-725.875 250.512 18.1926 0.89 143.764 98.944
-725.978 249.517 18.2012 0.889 143.761 98.937
-726.081 248.522 18.2097 0.89 143.758 98.932
-726.183 247.527 18.2182 0.892 143.756 98.934
-726.286 246.533 18.2268 0.892 143.756 98.934
-726.388 245.538 18.2353 0.898 143.756 98.943
-726.491 244.543 18.2439 0.899 143.755 98.945
-726.593 243.549 18.2524 0.899 143.755 98.945
-726.696 242.554 18.2609 0.895 143.753 98.941
-726.798 241.559 18.2695 0.891 143.751 98.938
-726.901 240.565 18.278 0.891 143.751 98.938
-727.004 239.57 18.2865 0.891 143.751 98.938
-727.106 238.575 18.2951 0.891 143.751 98.938
-727.209 237.581 18.3036 0.891 143.751 98.938
-727.311 236.586 18.3121 0.891 143.751 98.938
-727.414 235.591 18.3207 0.891 143.751 98.938
-727.516 234.596 18.3292 0.891 143.751 98.938
-727.619 233.602 18.3378 0.891 143.751 98.938
-727.721 232.607 18.3463 0.891 143.751 98.938
-727.824 231.612 18.3548 0.891 143.751 98.938
-727.927 230.618 18.3634 0.891 143.751 98.938
-728.029 229.623 18.3719 0.891 143.751 98.938
-728.132 228.628 18.3804 0.891 143.751 98.938
-728.234 227.634 18.389 0.891 143.751 98.938
-728.337 226.639 18.3975 0.891 143.751 98.938
-728.439 225.644 18.4061 0.891 143.751 98.938
30
-710.957 264.24 17.9306 -24.519 143.388 78.37
-725.858 265.964 17.9306 0.878 143.774 98.937
-725.973 264.971 17.9356 0.878 143.774 98.937
-726.088 263.977 17.9405 0.878 143.774 98.937
-726.203 262.984 17.9455 0.878 143.774 98.937
-726.318 261.99 17.9505 0.878 143.774 98.937
-726.433 260.997 17.9554 0.878 143.774 98.937
-726.548 260.004 17.9604 0.878 143.774 98.937
-726.662 259.01 17.9653 0.878 143.774 98.937
-726.777 258.017 17.9703 0.878 143.774 98.937
-726.892 257.024 17.9753 0.878 143.774 98.937
-727.007 256.03 17.9802 0.878 143.774 98.937
-727.122 255.037 17.9852 0.882 143.771 98.94
-727.237 254.044 17.9902 0.888 143.767 98.945
-727.352 253.05 17.9951 0.891 143.767 98.949
-727.467 252.057 18.0001 0.89 143.765 98.945
-727.582 251.063 18.0051 0.89 143.765 98.945
-727.697 250.07 18.01 0.889 143.764 98.943
-727.812 249.077 18.015 0.887 143.76 98.935
-727.926 248.083 18.02 0.89 143.756 98.932
-728.041 247.09 18.0249 0.89 143.756 98.932
-728.156 246.097 18.0299 0.896 143.756 98.938
-728.271 245.103 18.0348 0.9 143.756 98.946
-728.386 244.11 18.0398 0.899 143.755 98.945
-728.501 243.117 18.0448 0.893 143.754 98.94
-728.616 242.123 18.0497 0.89 143.751 98.937
-728.731 241.13 18.0547 0.89 143.751 98.937
-728.846 240.136 18.0597 0.89 143.751 98.937
-728.961 239.143 18.0646 0.89 143.751 98.937
-729.076 238.15 18.0696 0.89 143.751 98.937
-729.19 237.156 18.0746 0.89 143.751 98.937
-729.305 236.163 18.0795 0.89 143.751 98.937
-729.42 235.17 18.0845 0.89 143.751 98.937
-729.535 234.176 18.0894 0.89 143.751 98.937
-729.65 233.183 18.0944 0.89 143.751 98.937
-729.765 232.19 18.0994 0.89 143.751 98.937
-729.88 231.196 18.1043 0.89 143.751 98.937
-729.995 230.203 18.1093 0.89 143.751 98.937
-730.11 229.209 18.1143 0.89 143.751 98.937
-730.225 228.216 18.1192 0.89 143.751 98.937
-730.34 227.223 18.1242 0.89 143.751 98.937
-730.454 226.229 18.1292 0.89 143.751 98.937
-730.569 225.236 18.1341 0.89 143.751 98.937
-730.684 224.243 18.1391 0.89 143.751 98.937
-730.799 223.249 18.144 0.89 143.751 98.937
-730.914 222.256 18.149 0.89 143.751 98.937
-731.029 221.263 18.154 0.89 143.751 98.937
31
-711.235 267.116 17.727 -24.519 143.388 78.37
-726.152 268.683 17.727 0.881 143.785 98.944
-726.257 267.689 17.7334 0.881 143.785 98.944
-726.361 266.694 17.7398 0.881 143.785 98.944
-726.466 265.7 17.7462 0.881 143.785 98.944
-726.57 264.705 17.7526 0.881 143.785 98.944
-726.675 263.711 17.759 0.881 143.785 98.944
-726.779 262.716 17.7653 0.881 143.785 98.944
-726.884 261.722 17.7717 0.881 143.785 98.944
-726.988 260.727 17.7781 0.881 143.785 98.944
-727.093 259.733 17.7845 0.881 143.785 98.944
-727.197 258.738 17.7909 0.881 143.785 98.944
-727.302 257.744 17.7973 0.876 143.778 98.938
-727.406 256.749 17.8037 0.876 143.778 98.938
-727.511 255.755 17.8101 0.878 143.774 98.938
-727.615 254.76 17.8165 0.884 143.771 98.943
-727.72 253.766 17.8229 0.888 143.767 98.946
-727.824 252.771 17.8293 0.891 143.767 98.947
-727.929 251.777 17.8357 0.891 143.767 98.947
-728.033 250.782 17.842 0.89 143.764 98.945
-728.138 249.788 17.8484 0.888 143.762 98.939
-728.242 248.793 17.8548 0.888 143.759 98.932
-728.347 247.799 17.8612 0.89 143.757 98.933
-728.451 246.804 17.8676 0.896 143.756 98.938
-728.556 245.81 17.874 0.896 143.756 98.938
-728.66 244.815 17.8804 0.9 143.756 98.945
-728.765 243.821 17.8868 0.897 143.754 98.943
-728.869 242.826 17.8932 0.891 143.752 98.937
-728.974 241.832 17.8996 0.891 143.752 98.937
-729.078 240.837 17.906 0.891 143.752 98.937
-729.183 239.843 17.9124 0.891 143.752 98.937
-729.287 238.848 17.9187 0.891 143.752 98.937
-729.392 237.854 17.9251 0.891 143.752 98.937
-729.496 236.859 17.9315 0.891 143.752 98.937
-729.601 235.865 17.9379 0.891 143.752 98.937
-729.705 234.87 17.9443 0.891 143.752 98.937
-729.81 233.876 17.9507 0.891 143.752 98.937
-729.914 232.881 17.9571 0.891 143.752 98.937
-730.019 231.887 17.9635 0.891 143.752 98.937
-730.123 230.892 17.9699 0.891 143.752 98.937
-730.228 229.898 17.9763 0.891 143.752 98.937
-730.332 228.903 17.9827 0.891 143.752 98.937
-730.437 227.909 17.9891 0.891 143.752 98.937
-730.541 226.914 17.9954 0.891 143.752 98.937
-730.646 225.92 18.0018 0.891 143.752 98.937
-730.75 224.925 18.0082 0.891 143.752 98.937
-730.855 223.931 18.0146 0.891 143.752 98.937
32
-710.082 264.317 17.1916 -24.519 143.388 78.37
-724.989 265.978 17.1916 0.878 143.774 98.936
-725.1 264.984 17.194 0.878 143.774 98.936
-725.211 263.99 17.1965 0.878 143.774 98.936
-725.322 262.996 17.1989 0.878 143.774 98.936
-725.432 262.002 17.2014 0.878 143.774 98.936
-725.543 261.008 17.2039 0.878 143.774 98.936
-725.654 260.015 17.2063 0.878 143.774 98.936
-725.765 259.021 17.2088 0.878 143.774 98.936
-725.875 258.027 17.2112 0.878 143.774 98.936
-725.986 257.033 17.2137 0.878 143.774 98.936
-726.097 256.039 17.2161 0.878 143.774 98.936
-726.208 255.045 17.2186 0.883 143.77 98.938
-726.318 254.051 17.2211 0.887 143.768 98.943
-726.429 253.058 17.2235 0.89 143.766 98.945
-726.54 252.064 17.226 0.89 143.765 98.943
-726.651 251.07 17.2284 0.888 143.765 98.943
-726.761 250.076 17.2309 0.888 143.765 98.943
-726.872 249.082 17.2334 0.886 143.761 98.935
-726.983 248.088 17.2358 0.888 143.758 98.931
-727.094 247.095 17.2383 0.893 143.757 98.936
-727.204 246.101 17.2407 0.893 143.757 98.936
-727.315 245.107 17.2432 0.898 143.757 98.944
-727.426 244.113 17.2456 0.898 143.755 98.948
-727.536 243.119 17.2481 0.891 143.753 98.941
-727.647 242.125 17.2506 0.888 143.75 98.939
-727.758 241.131 17.253 0.888 143.75 98.939
-727.869 240.138 17.2555 0.888 143.75 98.939
-727.979 239.144 17.2579 0.888 143.75 98.939
-728.09 238.15 17.2604 0.888 143.75 98.939
-728.201 237.156 17.2629 0.888 143.75 98.939
-728.312 236.162 17.2653 0.888 143.75 98.939
-728.422 235.168 17.2678 0.888 143.75 98.939
-728.533 234.175 17.2702 0.888 143.75 98.939
-728.644 233.181 17.2727 0.888 143.75 98.939
-728.755 232.187 17.2751 0.888 143.75 98.939
-728.865 231.193 17.2776 0.888 143.75 98.939
-728.976 230.199 17.2801 0.888 143.75 98.939
-729.087 229.205 17.2825 0.888 143.75 98.939
-729.198 228.211 17.285 0.888 143.75 98.939
-729.308 227.218 17.2874 0.888 143.75 98.939
-729.419 226.224 17.2899 0.888 143.75 98.939
-729.53 225.23 17.2923 0.888 143.75 98.939
-729.641 224.236 17.2948 0.888 143.75 98.939
-729.751 223.242 17.2973 0.888 143.75 98.939
-729.862 222.248 17.2997 0.888 143.75 98.939
-729.973 221.255 17.3022 0.888 143.75 98.939
