1
-1300.04 484.937 -98.101 85.779 134.063 59.75
-1299.18 485.448 -98.1536 85.779 134.063 59.75
-1298.32 485.959 -98.2061 85.779 134.063 59.75
-1297.46 486.469 -98.2586 85.778 134.06 59.749
-1296.6 486.98 -98.3111 85.775 134.061 59.751
-1295.74 487.491 -98.3636 85.769 134.061 59.747
-1294.89 488.002 -98.4162 85.768 134.065 59.75
-1294.03 488.513 -98.4687 85.768 134.065 59.75
-1293.17 489.023 -98.5212 85.766 134.068 59.747
-1292.31 489.534 -98.5737 85.771 134.066 59.745
-1291.45 490.045 -98.6262 85.775 134.065 59.746
-1290.6 490.556 -98.6788 85.775 134.065 59.746
-1289.74 491.066 -98.7313 85.77 134.064 59.747
-1288.88 491.577 -98.7838 85.767 134.064 59.747
-1288.02 492.088 -98.8363 85.773 134.066 59.75
-1287.16 492.599 -98.8889 85.78 134.066 59.754
-1286.31 493.109 -98.9414 85.782 134.061 59.749
-1285.45 493.62 -98.9939 85.782 134.061 59.749
-1284.59 494.131 -99.0464 85.782 134.06 59.748
-1283.73 494.642 -99.0989 85.782 134.06 59.748
-1282.87 495.153 -99.1515 85.782 134.06 59.748
-1282.02 495.663 -99.204 85.782 134.06 59.748
-1281.16 496.174 -99.2565 85.782 134.06 59.748
-1280.3 496.685 -99.309 85.782 134.06 59.748
-1279.44 497.196 -99.3615 85.782 134.06 59.748
-1278.58 497.706 -99.4141 85.782 134.06 59.748
-1277.72 498.217 -99.4666 85.782 134.06 59.748
-1276.87 498.728 -99.5191 85.782 134.06 59.748
-1276.01 499.239 -99.5716 85.782 134.06 59.748
-1275.15 499.749 -99.6241 85.768 134.061 59.747
-1274.29 500.26 -99.6767 85.768 134.061 59.747
-1273.43 500.771 -99.7292 85.768 134.061 59.747
-1272.58 501.282 -99.7817 85.768 134.061 59.747
-1271.72 501.793 -99.8342 85.768 134.061 59.747
-1270.86 502.303 -99.8867 85.768 134.061 59.747
-1270 502.814 -99.9393 85.768 134.061 59.747
-1269.14 503.325 -99.9918 85.768 134.061 59.747
-1268.29 503.836 -100.044 85.768 134.061 59.747
-1267.43 504.346 -100.097 85.768 134.061 59.747
-1266.57 504.857 -100.149 85.768 134.061 59.747
-1265.71 505.368 -100.202 85.768 134.061 59.747
-1264.85 505.879 -100.254 85.768 134.061 59.747
-1263.99 506.39 -100.307 85.768 134.061 59.747
-1263.14 506.9 -100.359 85.768 134.061 59.747
-1262.28 507.411 -100.412 85.768 134.061 59.747
-1261.42 507.922 -100.464 85.768 134.061 59.747
-1260.56 508.433 -100.517 85.768 134.061 59.747
-1259.7 508.943 -100.57 85.768 134.061 59.747
-1258.85 509.454 -100.622 85.768 134.061 59.747
-1257.99 509.965 -100.675 85.768 134.061 59.747
-1257.13 510.476 -100.727 85.768 134.061 59.747
2
-1300.58 484.055 -98.4331 85.778 134.06 59.747
-1299.68 484.487 -98.4518 85.778 134.06 59.747
-1298.77 484.92 -98.4706 85.778 134.06 59.747
-1297.87 485.352 -98.4893 85.778 134.06 59.747
-1296.97 485.784 -98.5081 85.778 134.06 59.747
-1296.07 486.217 -98.5268 85.771 134.059 59.747
-1295.17 486.649 -98.5455 85.771 134.059 59.747
-1294.27 487.081 -98.5643 85.769 134.063 59.75
-1293.37 487.514 -98.583 85.768 134.067 59.751
-1292.46 487.946 -98.6018 85.769 134.066 59.745
-1291.56 488.378 -98.6205 85.773 134.066 59.745
-1290.66 488.811 -98.6392 85.773 134.066 59.745
-1289.76 489.243 -98.658 85.772 134.065 59.744
-1288.86 489.675 -98.6767 85.767 134.064 59.745
-1287.96 490.108 -98.6955 85.765 134.064 59.745
-1287.06 490.54 -98.7142 85.775 134.067 59.752
-1286.15 490.973 -98.733 85.775 134.067 59.752
-1285.25 491.405 -98.7517 85.785 134.06 59.749
-1284.35 491.837 -98.7704 85.785 134.06 59.749
-1283.45 492.27 -98.7892 85.779 134.06 59.748
-1282.55 492.702 -98.8079 85.779 134.06 59.748
-1281.65 493.134 -98.8267 85.779 134.06 59.748
-1280.74 493.567 -98.8454 85.779 134.06 59.748
-1279.84 493.999 -98.8642 85.779 134.06 59.748
-1278.94 494.431 -98.8829 85.779 134.06 59.748
-1278.04 494.864 -98.9016 85.781 134.066 59.753
-1277.14 495.296 -98.9204 85.781 134.066 59.753
-1276.24 495.728 -98.9391 85.781 134.066 59.753
-1275.34 496.161 -98.9579 85.781 134.066 59.753
-1274.43 496.593 -98.9766 85.78 134.064 59.75
-1273.53 497.025 -98.9953 85.78 134.064 59.75
-1272.63 497.458 -99.0141 85.78 134.064 59.75
-1271.73 497.89 -99.0328 85.776 134.064 59.752
-1270.83 498.322 -99.0516 85.776 134.064 59.752
-1269.93 498.755 -99.0703 85.776 134.064 59.752
-1269.03 499.187 -99.0891 85.776 134.064 59.752
-1268.12 499.619 -99.1078 85.776 134.064 59.752
-1267.22 500.052 -99.1265 85.768 134.061 59.747
-1266.32 500.484 -99.1453 85.768 134.061 59.747
-1265.42 500.917 -99.164 85.768 134.061 59.747
-1264.52 501.349 -99.1828 85.768 134.061 59.747
-1263.62 501.781 -99.2015 85.768 134.061 59.747
-1262.71 502.214 -99.2202 85.768 134.061 59.747
-1261.81 502.646 -99.239 85.768 134.061 59.747
-1260.91 503.078 -99.2577 85.768 134.061 59.747
-1260.01 503.511 -99.2765 85.768 134.061 59.747
-1259.11 503.943 -99.2952 85.768 134.061 59.747
-1258.21 504.375 -99.314 85.768 134.061 59.747
-1257.31 504.808 -99.3327 85.768 134.061 59.747
-1256.4 505.24 -99.3514 85.768 134.061 59.747
-1255.5 505.672 -99.3702 85.768 134.061 59.747
3
-1303.2 490.117 -98.9793 85.78 134.065 59.751
-1302.32 490.59 -99.0005 85.78 134.065 59.751
-1301.44 491.064 -99.0217 85.78 134.065 59.751
-1300.56 491.538 -99.0429 85.779 134.062 59.75
-1299.68 492.011 -99.0641 85.779 134.062 59.75
-1298.8 492.485 -99.0853 85.777 134.06 59.749
-1297.92 492.958 -99.1065 85.771 134.061 59.749
-1297.04 493.432 -99.1277 85.771 134.061 59.749
-1296.16 493.906 -99.1489 85.77 134.063 59.75
-1295.28 494.379 -99.1701 85.767 134.067 59.75
-1294.4 494.853 -99.1913 85.769 134.066 59.745
-1293.52 495.327 -99.2125 85.774 134.066 59.747
-1292.64 495.8 -99.2337 85.774 134.066 59.747
-1291.76 496.274 -99.2549 85.772 134.065 59.746
-1290.88 496.748 -99.2761 85.768 134.065 59.748
-1290 497.221 -99.2973 85.77 134.065 59.748
-1289.12 497.695 -99.3185 85.77 134.065 59.748
-1288.24 498.169 -99.3397 85.777 134.066 59.753
-1287.35 498.642 -99.3609 85.777 134.066 59.753
-1286.47 499.116 -99.3821 85.777 134.066 59.753
-1285.59 499.59 -99.4033 85.777 134.066 59.753
-1284.71 500.063 -99.4245 85.777 134.066 59.753
-1283.83 500.537 -99.4457 85.777 134.066 59.753
-1282.95 501.011 -99.4669 85.777 134.066 59.753
-1282.07 501.484 -99.4881 85.777 134.066 59.753
-1281.19 501.958 -99.5093 85.777 134.066 59.753
-1280.31 502.432 -99.5305 85.777 134.066 59.753
-1279.43 502.905 -99.5517 85.777 134.066 59.753
-1278.55 503.379 -99.5729 85.777 134.066 59.753
-1277.67 503.852 -99.5941 85.768 134.063 59.75
-1276.79 504.326 -99.6153 85.768 134.063 59.75
-1275.91 504.8 -99.6365 85.768 134.063 59.75
-1275.03 505.273 -99.6577 85.768 134.063 59.75
-1274.15 505.747 -99.6789 85.768 134.063 59.75
-1273.27 506.221 -99.7001 85.768 134.063 59.75
-1272.39 506.694 -99.7213 85.768 134.063 59.75
-1271.51 507.168 -99.7425 85.768 134.063 59.75
-1270.63 507.642 -99.7637 85.768 134.063 59.75
-1269.75 508.115 -99.7849 85.768 134.063 59.75
-1268.86 508.589 -99.8061 85.768 134.063 59.75
-1267.98 509.063 -99.8273 85.768 134.063 59.75
-1267.1 509.536 -99.8485 85.768 134.063 59.75
-1266.22 510.01 -99.8697 85.768 134.063 59.75
-1265.34 510.484 -99.8909 85.768 134.063 59.75
-1264.46 510.957 -99.9121 85.768 134.063 59.75
-1263.58 511.431 -99.9333 85.768 134.063 59.75
-1262.7 511.905 -99.9545 85.768 134.063 59.75
-1261.82 512.378 -99.9757 85.768 134.063 59.75
-1260.94 512.852 -99.9969 85.768 134.063 59.75
-1260.06 513.325 -100.018 85.768 134.063 59.75
-1259.18 513.799 -100.039 85.768 134.063 59.75
4
-1298.79 482.931 -98.8888 85.776 134.06 59.75
-1297.96 483.487 -98.9078 85.776 134.06 59.75
-1297.13 484.043 -98.9267 85.776 134.06 59.75
-1296.3 484.599 -98.9456 85.776 134.06 59.75
-1295.46 485.155 -98.9646 85.771 134.06 59.748
-1294.63 485.711 -98.9835 85.771 134.06 59.748
-1293.8 486.268 -99.0024 85.77 134.062 59.748
-1292.97 486.824 -99.0213 85.768 134.067 59.751
-1292.14 487.38 -99.0403 85.767 134.068 59.747
-1291.31 487.936 -99.0592 85.773 134.066 59.745
-1290.48 488.492 -99.0781 85.774 134.065 59.746
-1289.65 489.048 -99.0971 85.774 134.065 59.746
-1288.82 489.604 -99.116 85.769 134.064 59.747
-1287.99 490.16 -99.1349 85.766 134.064 59.746
-1287.16 490.717 -99.1538 85.772 134.066 59.75
-1286.33 491.273 -99.1728 85.778 134.066 59.753
-1285.49 491.829 -99.1917 85.778 134.066 59.753
-1284.66 492.385 -99.2106 85.783 134.061 59.749
-1283.83 492.941 -99.2296 85.777 134.06 59.747
-1283 493.497 -99.2485 85.777 134.06 59.747
-1282.17 494.053 -99.2674 85.777 134.06 59.747
-1281.34 494.609 -99.2863 85.777 134.06 59.747
-1280.51 495.166 -99.3053 85.777 134.06 59.747
-1279.68 495.722 -99.3242 85.777 134.06 59.747
-1278.85 496.278 -99.3431 85.777 134.06 59.747
-1278.02 496.834 -99.3621 85.777 134.06 59.747
-1277.19 497.39 -99.381 85.777 134.06 59.747
-1276.35 497.946 -99.3999 85.777 134.06 59.747
-1275.52 498.502 -99.4188 85.777 134.06 59.747
-1274.69 499.059 -99.4378 85.777 134.06 59.747
-1273.86 499.615 -99.4567 85.777 134.06 59.747
-1273.03 500.171 -99.4756 85.777 134.06 59.747
-1272.2 500.727 -99.4945 85.777 134.06 59.747
-1271.37 501.283 -99.5135 85.777 134.06 59.747
-1270.54 501.839 -99.5324 85.777 134.06 59.747
-1269.71 502.395 -99.5513 85.777 134.06 59.747
-1268.88 502.951 -99.5703 85.777 134.06 59.747
-1268.05 503.508 -99.5892 85.777 134.06 59.747
-1267.21 504.064 -99.6081 85.777 134.06 59.747
-1266.38 504.62 -99.627 85.777 134.06 59.747
-1265.55 505.176 -99.646 85.777 134.06 59.747
-1264.72 505.732 -99.6649 85.777 134.06 59.747
-1263.89 506.288 -99.6838 85.777 134.06 59.747
-1263.06 506.844 -99.7028 85.777 134.06 59.747
-1262.23 507.4 -99.7217 85.777 134.06 59.747
-1261.4 507.957 -99.7406 85.777 134.06 59.747
-1260.57 508.513 -99.7595 85.777 134.06 59.747
-1259.74 509.069 -99.7785 85.777 134.06 59.747
-1258.91 509.625 -99.7974 85.777 134.06 59.747
-1258.08 510.181 -99.8163 85.777 134.06 59.747
-1257.24 510.737 -99.8353 85.777 134.06 59.747
