1
-966.693 440.306 -99.9528 122.023 135.312 90.315
-967.56 439.763 -99.9429 122.023 135.312 90.315
-968.429 439.224 -99.9331 121.94 135.344 90.355
-969.3 438.69 -99.9233 121.748 135.328 90.374
-970.172 438.161 -99.9135 121.516 135.342 90.405
-971.046 437.636 -99.9038 121.284 135.35 90.428
-971.921 437.116 -99.8941 121.082 135.345 90.45
-972.798 436.6 -99.8844 120.836 135.344 90.484
-973.676 436.089 -99.8748 120.614 135.351 90.517
-974.556 435.582 -99.8652 120.422 135.358 90.543
-975.437 435.08 -99.8557 120.166 135.362 90.568
-976.32 434.582 -99.8462 119.947 135.362 90.596
-977.204 434.089 -99.8367 119.749 135.366 90.625
-978.09 433.601 -99.8273 119.46 135.373 90.656
-978.977 433.117 -99.8179 119.164 135.381 90.688
-979.866 432.638 -99.8085 119.164 135.381 90.688
-980.757 432.163 -99.7992 118.898 135.388 90.725
-981.649 431.692 -99.7899 118.632 135.392 90.756
-982.542 431.227 -99.7806 118.396 135.396 90.784
-983.437 430.766 -99.7714 118.22 135.393 90.805
-984.334 430.309 -99.7622 118.016 135.39 90.829
-985.232 429.857 -99.753 117.689 135.401 90.879
-986.132 429.409 -99.7439 117.478 135.41 90.905
-987.033 428.966 -99.7348 117.268 135.418 90.931
-987.936 428.528 -99.7258 116.996 135.427 90.966
-988.84 428.094 -99.7168 116.996 135.427 90.966
-989.745 427.665 -99.7078 116.585 135.431 91.013
-990.653 427.24 -99.6989 116.41 135.434 91.04
-991.561 426.82 -99.69 116.239 135.439 91.067
-992.472 426.404 -99.6811 115.973 135.445 91.105
-993.384 425.993 -99.6723 115.973 135.445 91.105
-994.297 425.586 -99.6635 115.7 135.454 91.142
-995.212 425.184 -99.6548 115.461 135.462 91.171
-996.128 424.787 -99.646 115.19 135.474 91.206
-997.046 424.394 -99.6374 114.897 135.481 91.241
-997.966 424.006 -99.6287 114.722 135.483 91.264
-998.886 423.622 -99.6201 114.513 135.489 91.292
-999.809 423.242 -99.6115 114.275 135.497 91.324
-1000.73 422.868 -99.603 114.071 135.503 91.352
-1001.66 422.497 -99.5945 113.864 135.511 91.383
-1002.59 422.132 -99.586 113.595 135.52 91.423
-1003.51 421.771 -99.5776 113.389 135.523 91.449
-1004.44 421.414 -99.5692 113.152 135.53 91.48
-1005.38 421.062 -99.5608 112.946 135.538 91.51
-1006.31 420.715 -99.5525 112.742 135.545 91.537
-1007.24 420.372 -99.5442 112.742 135.545 91.537
-1008.18 420.034 -99.536 112.446 135.557 91.575
-1009.12 419.7 -99.5278 112.238 135.563 91.604
-1010.06 419.371 -99.5196 112.03 135.569 91.631
-1011 419.046 -99.5114 111.762 135.578 91.662
-1011.94 418.726 -99.5033 111.499 135.586 91.697
-1012.88 418.41 -99.4953 111.293 135.595 91.723
-1013.83 418.099 -99.4872 111.057 135.603 91.753
-1014.78 417.793 -99.4792 110.821 135.608 91.787
-1015.72 417.491 -99.4713 110.584 135.619 91.815
-1016.67 417.193 -99.4633 110.584 135.619 91.815
-1017.63 416.901 -99.4554 110.288 135.634 91.855
-1018.58 416.612 -99.4476 110.053 135.642 91.887
-1019.53 416.329 -99.4398 109.813 135.653 91.924
-1020.49 416.049 -99.432 109.578 135.661 91.96
-1021.45 415.775 -99.4242 109.377 135.666 91.988
-1022.41 415.505 -99.4165 109.142 135.68 92.03
-1023.37 415.239 -99.4089 108.908 135.694 92.067
-1024.33 414.978 -99.4012 108.702 135.701 92.095
-1025.29 414.722 -99.3936 108.492 135.709 92.12
-1026.26 414.47 -99.3861 108.253 135.717 92.147
-1027.22 414.223 -99.3785 108.018 135.723 92.174
-1028.19 413.98 -99.371 107.783 135.733 92.203
-1029.16 413.742 -99.3636 107.783 135.733 92.203
-1030.13 413.508 -99.3562 107.519 135.747 92.241
-1031.11 413.279 -99.3488 107.315 135.756 92.267
-1032.08 413.054 -99.3414 107.079 135.765 92.296
-1033.06 412.834 -99.3341 106.811 135.778 92.334
-1034.03 412.619 -99.3268 106.576 135.787 92.364
-1035.01 412.408 -99.3196 106.369 135.796 92.392
-1035.99 412.201 -99.3124 106.163 135.808 92.422
-1036.98 412 -99.3052 105.96 135.817 92.454
-1037.96 411.802 -99.2981 105.723 135.831 92.487
-1038.94 411.61 -99.291 105.515 135.839 92.515
-1039.93 411.421 -99.2839 105.25 135.85 92.553
-1040.92 411.238 -99.2769 105.014 135.861 92.579
-1041.91 411.059 -99.2699 104.781 135.872 92.613
-1042.9 410.884 -99.263 104.575 135.883 92.646
-1043.89 410.714 -99.256 104.368 135.895 92.67
-1044.89 410.549 -99.2492 104.132 135.906 92.701
-1045.88 410.388 -99.2423 103.892 135.917 92.735
-1046.88 410.232 -99.2355 103.892 135.917 92.735
-1047.88 410.08 -99.2287 103.628 135.932 92.777
-1048.88 409.933 -99.222 103.397 135.946 92.812
-1049.88 409.79 -99.2153 103.167 135.958 92.848
-1050.88 409.652 -99.2086 102.936 135.971 92.877
-1051.89 409.518 -99.202 102.73 135.98 92.904
-1052.9 409.389 -99.1954 102.52 135.988 92.929
-1053.9 409.265 -99.1889 102.31 136.001 92.96
-1054.91 409.145 -99.1823 102.103 136.013 92.987
-1055.92 409.03 -99.1759 101.868 136.028 93.022
-1056.94 408.919 -99.1694 101.547 136.049 93.072
-1057.95 408.812 -99.163 101.547 136.049 93.072
-1058.97 408.711 -99.1566 101.285 136.062 93.109
-1059.98 408.614 -99.1503 101.05 136.071 93.143
-1061.83 408.402 -99.1408 100.582 136.1 93.21
-1062.83 408.344 -99.1349 100.287 136.121 93.258
-1063.84 408.292 -99.1291 100.049 136.135 93.28
-1064.84 408.243 -99.1234 100.049 136.135 93.28
-1065.85 408.2 -99.1176 99.779 136.15 93.309
-1066.85 408.161 -99.112 99.573 136.157 93.328
-1067.85 408.126 -99.1063 99.341 136.17 93.362
-1068.85 408.096 -99.1008 99.11 136.187 93.4
-1069.86 408.071 -99.0952 98.881 136.199 93.436
-1070.86 408.05 -99.0897 98.649 136.213 93.468
-1071.86 408.033 -99.0843 98.411 136.229 93.501
-1072.86 408.022 -99.0789 98.203 136.239 93.529
-1073.86 408.014 -99.0735 97.967 136.254 93.558
-1074.87 408.012 -99.0682 97.729 136.274 93.593
-1075.87 408.013 -99.0629 97.494 136.291 93.633
-1076.87 408.02 -99.0577 97.264 136.303 93.661
-1077.87 408.031 -99.0525 97.264 136.303 93.661
-1078.87 408.046 -99.0474 96.85 136.326 93.717
-1079.87 408.066 -99.0423 96.85 136.326 93.717
-1080.87 408.09 -99.0373 96.616 136.34 93.751
-1081.87 408.12 -99.0323 96.379 136.359 93.786
-1082.87 408.153 -99.0273 96.112 136.38 93.828
-1083.87 408.191 -99.0224 95.845 136.397 93.861
-1084.86 408.234 -99.0176 95.604 136.412 93.895
-1085.86 408.281 -99.0127 95.369 136.427 93.928
-1086.86 408.333 -99.008 95.166 136.445 93.96
-1087.86 408.389 -99.0032 94.968 136.464 93.998
-1088.86 408.45 -98.9986 94.739 136.48 94.034
-1089.85 408.516 -98.9939 94.739 136.48 94.034
-1090.85 408.586 -98.9893 94.479 136.493 94.068
-1091.85 408.66 -98.9848 94.279 136.505 94.096
-1092.85 408.739 -98.9803 94.089 136.515 94.123
-1093.84 408.823 -98.9758 93.653 136.554 94.186
-1094.84 408.911 -98.9714 93.452 136.566 94.208
-1095.84 409.003 -98.9671 93.236 136.58 94.24
-1096.83 409.101 -98.9627 93.014 136.59 94.269
-1097.83 409.202 -98.9585 92.836 136.606 94.297
-1098.82 409.309 -98.9542 92.669 136.618 94.368
-1099.82 409.42 -98.9501 92.606 136.616 94.455
-1100.81 409.535 -98.9459 92.598 136.609 94.569
-1101.81 409.655 -98.9418 92.6 136.608 94.717
-1102.8 409.779 -98.9378 92.6 136.608 94.717
-1103.8 409.908 -98.9338 92.607 136.604 94.902
-1104.79 410.042 -98.9298 92.616 136.598 95.092
-1105.78 410.18 -98.9259 92.627 136.59 95.274
-1106.78 410.323 -98.922 92.627 136.59 95.274
-1107.77 410.47 -98.9182 92.645 136.579 95.451
-1108.76 410.622 -98.9144 92.661 136.572 95.595
-1109.76 410.778 -98.9107 92.676 136.562 95.754
-1110.75 410.939 -98.907 92.676 136.562 95.754
-1111.74 411.104 -98.9033 92.693 136.554 95.953
-1115.32 410.933 -98.8721 92.74 136.528 96.415
-1116.31 411.113 -98.8678 92.758 136.52 96.604
-1117.3 411.297 -98.8636 92.758 136.52 96.604
-1118.29 411.486 -98.8594 92.772 136.512 96.769
-1119.27 411.68 -98.8553 92.784 136.505 96.907
-1120.26 411.879 -98.8513 92.797 136.495 97.086
-1121.24 412.082 -98.8473 92.809 136.483 97.236
-1122.22 412.29 -98.8434 92.821 136.477 97.39
-1123.21 412.503 -98.8396 92.821 136.477 97.39
-1124.18 412.72 -98.8358 92.841 136.466 97.573
-1125.16 412.942 -98.832 92.861 136.459 97.743
-1126.14 413.169 -98.8284 92.861 136.459 97.743
-1127.11 413.4 -98.8248 92.877 136.451 97.91
-1128.09 413.636 -98.8212 92.891 136.444 98.077
-1129.06 413.877 -98.8177 92.906 136.438 98.273
-1130.03 414.122 -98.8143 92.92 136.43 98.432
-1131 414.373 -98.8109 92.92 136.43 98.432
-1131.97 414.627 -98.8076 92.93 136.422 98.596
-1132.93 414.887 -98.8044 92.942 136.414 98.731
-1133.9 415.151 -98.8012 92.96 136.406 98.897
-1134.86 415.42 -98.7981 92.978 136.397 99.062
-1135.82 415.694 -98.795 92.978 136.397 99.062
-1136.78 415.972 -98.792 92.993 136.388 99.221
-1137.74 416.256 -98.789 93.006 136.38 99.383
-1138.7 416.543 -98.7862 93.022 136.371 99.563
-1139.65 416.836 -98.7833 93.022 136.371 99.563
-1140.61 417.133 -98.7806 93.035 136.366 99.711
-1141.56 417.435 -98.7779 93.047 136.36 99.858
-1142.51 417.741 -98.7752 93.059 136.351 100.023
-1143.46 418.053 -98.7726 93.07 136.345 100.172
-1144.41 418.369 -98.7701 93.085 136.336 100.337
-1145.35 418.689 -98.7677 93.1 136.33 100.484
-1146.3 419.015 -98.7653 93.1 136.33 100.484
-1147.24 419.345 -98.7629 93.118 136.322 100.644
-1148.18 419.68 -98.7606 93.131 136.313 100.805
-1149.13 420.019 -98.7584 93.142 136.306 100.947
-1150.06 420.363 -98.7563 93.157 136.296 101.106
-1151 420.712 -98.7542 93.17 136.288 101.248
-1151.94 421.066 -98.7521 93.17 136.288 101.248
-1152.87 421.424 -98.7502 93.184 136.279 101.433
-1153.81 421.787 -98.7482 93.196 136.272 101.574
-1154.74 422.155 -98.7464 93.213 136.263 101.739
-1155.67 422.527 -98.7446 93.213 136.263 101.739
-1156.6 422.904 -98.7429 93.232 136.254 101.927
-1157.52 423.286 -98.7412 93.245 136.246 102.097
-1158.45 423.672 -98.7396 93.258 136.239 102.264
-1159.38 424.064 -98.738 93.274 136.231 102.455
-1160.3 424.459 -98.7365 93.274 136.231 102.455
-1161.22 424.86 -98.7351 93.29 136.22 102.633
-1162.14 425.265 -98.7337 93.303 136.212 102.796
-1163.06 425.675 -98.7324 93.315 136.205 102.939
-1163.97 426.09 -98.7312 93.315 136.205 102.939
-1164.89 426.509 -98.73 93.329 136.197 103.102
-1165.8 426.933 -98.7289 93.344 136.192 103.248
-1168.39 427.519 -98.718 93.376 136.174 103.567
-1169.31 427.971 -98.7167 93.387 136.167 103.712
-1170.22 428.427 -98.7154 93.4 136.159 103.874
-1171.13 428.885 -98.7142 93.415 136.154 104.023
-1172.04 429.348 -98.713 93.428 136.146 104.188
-1172.95 429.813 -98.7119 93.428 136.146 104.188
-1173.85 430.282 -98.7109 93.44 136.139 104.352
-1174.75 430.754 -98.71 93.451 136.134 104.504
-1175.65 431.229 -98.7091 93.467 136.127 104.648
-1176.55 431.708 -98.7082 93.485 136.118 104.813
-1177.44 432.19 -98.7075 93.498 136.111 104.956
-1178.33 432.675 -98.7068 93.508 136.102 105.087
-1179.22 433.163 -98.7061 93.52 136.095 105.231
-1180.1 433.655 -98.7056 93.531 136.089 105.377
-1180.98 434.15 -98.7051 93.531 136.089 105.377
-1181.86 434.648 -98.7046 93.548 136.081 105.539
-1182.74 435.15 -98.7042 93.563 136.073 105.704
-1183.61 435.655 -98.7039 93.573 136.063 105.838
-1184.48 436.163 -98.7037 93.585 136.053 105.98
-1185.35 436.674 -98.7035 93.602 136.047 106.154
-1186.21 437.189 -98.7034 93.602 136.047 106.154
-1187.08 437.707 -98.7033 93.618 136.04 106.297
-1187.94 438.228 -98.7033 93.633 136.037 106.453
-1188.79 438.753 -98.7034 93.645 136.031 106.597
-1189.65 439.281 -98.7035 93.654 136.022 106.731
-1190.5 439.812 -98.7038 93.668 136.015 106.904
-1191.35 440.346 -98.704 93.682 136.007 107.047
-1192.2 440.884 -98.7044 93.682 136.007 107.047
-1193.04 441.425 -98.7048 93.697 135.998 107.209
-1193.88 441.969 -98.7052 93.711 135.989 107.392
-1194.72 442.516 -98.7057 93.723 135.978 107.542
-1195.55 443.067 -98.7063 93.723 135.978 107.542
-1196.39 443.621 -98.707 93.742 135.97 107.711
-1197.22 444.179 -98.7077 93.758 135.962 107.88
-1198.04 444.739 -98.7085 93.77 135.953 108.021
-1198.87 445.303 -98.7094 93.782 135.947 108.166
-1199.69 445.871 -98.7103 93.782 135.947 108.166
-1200.51 446.441 -98.7113 93.795 135.941 108.311
-1201.33 447.015 -98.7123 93.812 135.932 108.517
-1202.14 447.592 -98.7134 93.812 135.932 108.517
-1202.95 448.172 -98.7146 93.83 135.925 108.734
-1203.76 448.756 -98.7158 93.841 135.918 108.875
-1204.56 449.343 -98.7171 93.857 135.91 109.063
-1205.37 449.933 -98.7185 93.857 135.91 109.063
-1206.17 450.526 -98.72 93.872 135.9 109.223
-1206.96 451.123 -98.7215 93.894 135.889 109.429
-1207.76 451.723 -98.723 93.894 135.889 109.429
-1208.55 452.327 -98.7246 93.911 135.881 109.609
-1209.34 452.933 -98.7263 93.921 135.874 109.75
-1210.13 453.543 -98.7281 93.921 135.874 109.75
-1210.91 454.156 -98.7299 93.936 135.865 109.931
-1211.69 454.773 -98.7318 93.936 135.865 109.931
-1212.47 455.392 -98.7338 93.964 135.848 110.253
-1213.24 456.015 -98.7358 93.978 135.84 110.42
-1214.02 456.642 -98.7379 93.978 135.84 110.42
-1214.79 457.271 -98.74 93.992 135.831 110.584
-1215.55 457.904 -98.7422 94.009 135.825 110.761
-1216.32 458.54 -98.7445 94.009 135.825 110.761
-1217.08 459.18 -98.7468 94.026 135.815 110.921
-1217.84 459.823 -98.7493 94.042 135.808 111.097
-1218.6 460.469 -98.7517 94.055 135.799 111.257
-1219.35 461.118 -98.7543 94.055 135.799 111.257
-1220.1 461.77 -98.7569 94.07 135.791 111.44
-1220.85 462.426 -98.7595 94.086 135.782 111.619
-1221.59 463.085 -98.7623 94.102 135.773 111.778
-1222.34 463.748 -98.7651 94.102 135.773 111.778
-1223.08 464.414 -98.7679 94.113 135.765 111.916
-1223.81 465.083 -98.7708 94.125 135.757 112.054
-1224.55 465.755 -98.7738 94.14 135.748 112.24
-1225.28 466.43 -98.7769 94.155 135.741 112.386
-1226.01 467.109 -98.78 94.155 135.741 112.386
-1226.74 467.791 -98.7832 94.175 135.731 112.575
-1227.46 468.477 -98.7864 94.175 135.731 112.575
-1228.18 469.165 -98.7897 94.194 135.723 112.765
-1228.9 469.857 -98.7931 94.207 135.718 112.942
-1229.62 470.553 -98.7966 94.22 135.711 113.129
-1230.33 471.251 -98.8001 94.22 135.711 113.129
-1231.04 471.953 -98.8036 94.233 135.705 113.292
-1231.75 472.658 -98.8073 94.246 135.695 113.442
-1232.45 473.366 -98.811 94.26 135.687 113.589
-1233.15 474.078 -98.8147 94.274 135.679 113.753
-1233.85 474.793 -98.8186 94.274 135.679 113.753
-1234.55 475.511 -98.8225 94.285 135.671 113.891
-1235.24 476.233 -98.8264 94.301 135.664 114.06
-1235.93 476.958 -98.8305 94.315 135.656 114.201
-1236.62 477.686 -98.8346 94.328 135.647 114.338
-1237.31 478.417 -98.8387 94.328 135.647 114.338
-1237.99 479.152 -98.8429 94.344 135.639 114.529
-1238.67 479.889 -98.8472 94.359 135.629 114.707
-1239.35 480.631 -98.8516 94.375 135.624 114.881
-1240.02 481.375 -98.856 94.375 135.624 114.881
-1240.69 482.123 -98.8605 94.391 135.615 115.065
-1241.36 482.874 -98.865 94.406 135.606 115.23
-1242.03 483.628 -98.8696 94.421 135.601 115.387
-1242.69 484.386 -98.8743 94.421 135.601 115.387
-1243.36 485.147 -98.879 94.432 135.592 115.522
-1244.01 485.911 -98.8838 94.445 135.584 115.668
-1244.67 486.678 -98.8887 94.461 135.576 115.834
-1245.32 487.449 -98.8936 94.477 135.565 115.987
-1245.97 488.223 -98.8986 94.477 135.565 115.987
-1246.62 489.001 -98.9037 94.49 135.557 116.128
-1247.27 489.781 -98.9088 94.504 135.551 116.318
-1247.91 490.565 -98.914 94.514 135.543 116.471
-1248.55 491.352 -98.9192 94.524 135.537 116.619
-1249.18 492.143 -98.9246 94.537 135.528 116.756
-1249.82 492.936 -98.9299 94.537 135.528 116.756
-1250.45 493.733 -98.9354 94.551 135.519 116.891
-1251.08 494.534 -98.9409 94.568 135.514 117.076
-1251.7 495.337 -98.9465 94.579 135.507 117.217
-1252.33 496.144 -98.9521 94.594 135.502 117.392
-1252.95 496.954 -98.9578 94.594 135.502 117.392
-1253.56 497.768 -98.9636 94.609 135.496 117.54
-1254.18 498.584 -98.9695 94.622 135.488 117.674
-1254.79 499.404 -98.9754 94.645 135.479 117.853
-1255.4 500.228 -98.9813 94.645 135.479 117.853
-1256.01 501.054 -98.9874 94.659 135.472 117.989
-1256.61 501.884 -98.9935 94.668 135.464 118.111
-1257.21 502.717 -98.9996 94.668 135.464 118.111
-1257.81 503.554 -99.0058 94.668 135.464 118.111
-1258.41 504.393 -99.0121 94.668 135.464 118.111
-1259 505.236 -99.0185 94.668 135.464 118.111
-1259.59 506.082 -99.0249 94.668 135.464 118.111
2
-966.089 440.938 -99.5481 122.023 135.311 90.314
-966.957 440.397 -99.5421 122.023 135.311 90.314
-967.826 439.861 -99.536 122.023 135.311 90.314
-968.697 439.329 -99.53 121.954 135.346 90.355
-969.57 438.801 -99.524 121.76 135.327 90.373
-970.444 438.278 -99.518 121.558 135.34 90.402
-971.319 437.76 -99.512 121.336 135.35 90.425
-972.196 437.246 -99.506 121.14 135.346 90.445
-973.075 436.736 -99.5 120.727 135.347 90.502
-973.955 436.231 -99.4941 120.727 135.347 90.502
-974.836 435.731 -99.4882 120.297 135.361 90.555
-975.72 435.235 -99.4822 120.297 135.361 90.555
-976.604 434.744 -99.4763 120.03 135.363 90.588
-977.49 434.257 -99.4705 119.576 135.37 90.647
-978.378 433.775 -99.4646 119.576 135.37 90.647
-979.267 433.297 -99.4588 119.345 135.375 90.672
-980.158 432.824 -99.4529 119.047 135.384 90.704
-981.05 432.355 -99.4471 118.78 135.389 90.738
-981.944 431.891 -99.4413 118.573 135.392 90.763
-982.839 431.431 -99.4355 118.366 135.395 90.787
-983.735 430.976 -99.4297 118.161 135.392 90.81
-984.634 430.525 -99.424 117.956 135.392 90.84
-985.533 430.079 -99.4183 117.719 135.399 90.872
-986.435 429.638 -99.4125 117.479 135.41 90.905
-987.337 429.201 -99.4068 117.239 135.419 90.936
-988.242 428.768 -99.4011 116.996 135.428 90.967
-989.147 428.34 -99.3955 116.759 135.431 90.992
-990.055 427.916 -99.3898 116.554 135.431 91.015
-990.964 427.497 -99.3842 116.352 135.436 91.05
-991.874 427.083 -99.3785 116.179 135.441 91.076
-992.786 426.673 -99.3729 115.974 135.445 91.104
-993.699 426.268 -99.3673 115.7 135.454 91.141
-994.614 425.867 -99.3617 115.491 135.461 91.166
-995.53 425.47 -99.3562 115.25 135.472 91.198
-996.448 425.078 -99.3506 115.013 135.48 91.227
-997.368 424.691 -99.3451 115.013 135.48 91.227
-998.289 424.308 -99.3396 114.808 135.482 91.251
-999.211 423.93 -99.3341 114.572 135.486 91.283
-1000.13 423.556 -99.3286 114.366 135.492 91.314
-1001.06 423.187 -99.3231 114.13 135.501 91.344
-1001.99 422.822 -99.3177 113.924 135.51 91.376
-1002.92 422.462 -99.3122 113.686 135.519 91.413
-1003.85 422.106 -99.3068 113.447 135.525 91.444
-1004.78 421.755 -99.3014 113.24 135.527 91.467
-1005.71 421.408 -99.296 112.975 135.536 91.506
-1006.64 421.066 -99.2906 112.742 135.546 91.538
-1007.58 420.729 -99.2853 112.475 135.557 91.573
-1008.52 420.396 -99.2799 112.267 135.562 91.599
-1009.46 420.067 -99.2746 111.999 135.569 91.632
-1010.4 419.743 -99.2693 111.79 135.577 91.659
-1011.34 419.423 -99.264 111.587 135.584 91.683
-1012.28 419.108 -99.2587 111.587 135.584 91.683
-1013.23 418.798 -99.2534 111.354 135.593 91.715
-1014.18 418.492 -99.2482 111.088 135.603 91.751
-1015.12 418.19 -99.243 110.822 135.608 91.788
-1016.07 417.894 -99.2377 110.555 135.62 91.819
-1017.02 417.601 -99.2325 110.347 135.631 91.846
-1017.98 417.313 -99.2274 110.14 135.639 91.876
-1018.93 417.03 -99.2222 109.903 135.648 91.91
-1019.89 416.751 -99.217 109.696 135.657 91.943
-1020.84 416.477 -99.2119 109.434 135.665 91.98
-1021.8 416.207 -99.2068 109.434 135.665 91.98
-1022.76 415.942 -99.2017 109.169 135.679 92.024
-1023.73 415.681 -99.1966 108.907 135.693 92.065
-1024.69 415.425 -99.1915 108.702 135.701 92.094
-1025.65 415.173 -99.1864 108.492 135.709 92.12
-1026.62 414.926 -99.1814 108.283 135.717 92.146
-1027.59 414.683 -99.1764 108.047 135.722 92.172
-1028.56 414.445 -99.1714 107.839 135.73 92.194
-1029.53 414.211 -99.1664 107.605 135.742 92.225
-1030.5 413.982 -99.1614 107.401 135.752 92.256
-1031.47 413.758 -99.1564 107.166 135.762 92.284
-1032.45 413.537 -99.1515 106.96 135.771 92.313
-1033.43 413.322 -99.1465 106.752 135.779 92.343
-1034.4 413.111 -99.1416 106.457 135.791 92.379
-1035.38 412.904 -99.1367 106.457 135.791 92.379
-1036.37 412.702 -99.1318 106.163 135.808 92.423
-1037.35 412.505 -99.127 105.96 135.817 92.452
-1038.33 412.312 -99.1221 105.693 135.831 92.49
-1039.32 412.124 -99.1173 105.457 135.842 92.524
-1040.31 411.94 -99.1125 105.22 135.851 92.557
-1041.3 411.76 -99.1076 104.983 135.862 92.585
-1042.29 411.585 -99.1029 104.722 135.876 92.626
-1043.28 411.415 -99.0981 104.722 135.876 92.626
-1044.27 411.249 -99.0933 104.487 135.889 92.654
-1045.27 411.088 -99.0886 104.191 135.905 92.696
-1046.26 410.931 -99.0838 103.952 135.915 92.728
-1047.26 410.779 -99.0791 103.746 135.926 92.758
-1048.26 410.631 -99.0744 103.515 135.94 92.795
-1049.26 410.488 -99.0698 103.253 135.955 92.835
-1050.26 410.349 -99.0651 103.082 135.963 92.859
-1051.27 410.215 -99.0604 102.818 135.976 92.889
-1052.27 410.085 -99.0558 102.609 135.987 92.921
-1053.28 409.96 -99.0512 102.371 135.996 92.952
-1054.29 409.84 -99.0466 102.161 136.009 92.979
-1055.3 409.724 -99.042 101.897 136.028 93.019
-1056.31 409.612 -99.0374 101.663 136.042 93.054
-1057.33 409.505 -99.0329 101.459 136.054 93.082
-1058.34 409.403 -99.0283 101.285 136.062 93.109
-1060.02 409.2 -99.0207 101.049 136.071 93.142
-1061.03 409.141 -99.0163 100.842 136.082 93.171
-1062.03 409.087 -99.0119 100.671 136.092 93.193
-1063.03 409.037 -99.0075 100.462 136.11 93.23
-1064.04 408.992 -99.0032 100.167 136.128 93.268
-1065.04 408.951 -98.9989 99.961 136.139 93.288
-1066.04 408.915 -98.9946 99.69 136.151 93.315
-1067.04 408.884 -98.9903 99.428 136.163 93.346
-1068.05 408.857 -98.9861 99.225 136.178 93.382
-1069.05 408.835 -98.9818 99.023 136.192 93.413
-1070.05 408.818 -98.9776 98.797 136.205 93.45
-1071.05 408.805 -98.9734 98.591 136.217 93.476
-1072.05 408.797 -98.9693 98.349 136.231 93.506
-1073.05 408.794 -98.9651 98.143 136.242 93.535
-1074.05 408.795 -98.961 97.939 136.255 93.561
-1075.05 408.801 -98.9569 97.73 136.275 93.594
-1076.05 408.812 -98.9528 97.525 136.289 93.629
-1077.05 408.827 -98.9487 97.324 136.3 93.659
-1078.05 408.847 -98.9447 97.086 136.314 93.684
-1079.05 408.871 -98.9407 96.852 136.326 93.717
-1080.05 408.9 -98.9367 96.645 136.338 93.747
-1081.05 408.934 -98.9327 96.438 136.353 93.776
-1082.05 408.973 -98.9287 96.201 136.374 93.817
-1083.04 409.016 -98.9248 95.964 136.39 93.845
-1084.04 409.063 -98.9209 95.725 136.405 93.877
-1085.04 409.116 -98.917 95.515 136.418 93.907
-1086.04 409.173 -98.9131 95.283 136.435 93.944
-1087.03 409.235 -98.9093 95.283 136.435 93.944
-1088.03 409.301 -98.9054 95.051 136.457 93.981
-1089.03 409.372 -98.9016 94.852 136.471 94.018
-1090.02 409.448 -98.8978 94.651 136.484 94.044
-1091.02 409.528 -98.8941 94.392 136.5 94.079
-1092.02 409.613 -98.8903 94.197 136.508 94.108
-1093.01 409.703 -98.8866 93.983 136.522 94.141
-1094.01 409.797 -98.8829 93.727 136.548 94.176
-1095 409.896 -98.8792 93.539 136.561 94.2
-1096 409.999 -98.8756 93.351 136.571 94.223
-1096.99 410.108 -98.8719 93.161 136.583 94.249
-1097.99 410.221 -98.8683 92.943 136.595 94.277
-1098.98 410.338 -98.8647 92.741 136.612 94.318
-1099.97 410.46 -98.8611 92.624 136.617 94.415
-1100.97 410.587 -98.8576 92.598 136.611 94.526
-1101.96 410.719 -98.854 92.6 136.608 94.665
-1102.95 410.855 -98.8505 92.604 136.606 94.826
-1103.95 410.995 -98.847 92.612 136.601 94.995
-1104.94 411.141 -98.8435 92.617 136.596 95.132
-1105.93 411.291 -98.8401 92.617 136.596 95.132
-1106.92 411.446 -98.8367 92.629 136.589 95.291
-1107.91 411.605 -98.8332 92.642 136.58 95.429
-1108.91 411.769 -98.8299 92.662 136.571 95.614
-1109.9 411.938 -98.8265 92.679 136.56 95.795
-1113.56 411.917 -98.7905 92.712 136.544 96.144
-1114.55 412.1 -98.7863 92.734 136.534 96.36
-1115.54 412.288 -98.7821 92.75 136.522 96.515
-1116.53 412.481 -98.778 92.75 136.522 96.515
-1117.52 412.678 -98.7739 92.766 136.517 96.692
-1118.5 412.879 -98.7699 92.778 136.508 96.828
-1119.48 413.085 -98.7659 92.789 136.501 96.967
-1120.46 413.296 -98.762 92.8 136.492 97.124
-1121.44 413.511 -98.7581 92.813 136.481 97.279
-1122.42 413.73 -98.7543 92.813 136.481 97.279
-1123.4 413.954 -98.7506 92.813 136.481 97.279
-1124.37 414.183 -98.7469 92.813 136.481 97.279
-1125.35 414.416 -98.7433 92.813 136.481 97.279
-1126.32 414.654 -98.7397 92.813 136.481 97.279
-1127.29 414.897 -98.7362 92.933 136.421 98.618
-1128.26 415.143 -98.7327 92.933 136.421 98.618
-1129.23 415.395 -98.7293 92.933 136.421 98.618
-1130.2 415.651 -98.7259 92.933 136.421 98.618
-1131.16 415.911 -98.7226 92.933 136.421 98.618
-1132.12 416.176 -98.7194 92.933 136.421 98.618
-1133.09 416.446 -98.7162 92.953 136.408 98.832
-1134.05 416.72 -98.7131 92.97 136.402 98.981
-1135.01 416.999 -98.71 92.97 136.402 98.981
-1135.96 417.282 -98.707 92.985 136.394 99.121
-1136.92 417.57 -98.704 92.996 136.386 99.264
-1137.88 417.862 -98.7011 93.013 136.377 99.444
-1138.83 418.159 -98.6983 93.026 136.369 99.604
-1139.78 418.461 -98.6955 93.026 136.369 99.604
-1140.73 418.766 -98.6927 93.039 136.363 99.775
-1141.68 419.077 -98.6901 93.052 136.355 99.939
-1142.63 419.392 -98.6874 93.064 136.349 100.088
-1143.57 419.712 -98.6849 93.08 136.34 100.278
-1144.52 420.036 -98.6823 93.08 136.34 100.278
-1145.46 420.364 -98.6799 93.097 136.332 100.444
-1146.4 420.698 -98.6775 93.117 136.323 100.625
-1147.35 421.035 -98.6751 93.117 136.323 100.625
-1148.28 421.378 -98.6728 93.131 136.314 100.807
-1149.22 421.725 -98.6706 93.142 136.306 100.946
-1150.16 422.076 -98.6684 93.156 136.297 101.087
-1151.09 422.432 -98.6663 93.169 136.29 101.228
-1152.03 422.792 -98.6642 93.181 136.28 101.391
-1152.96 423.157 -98.6622 93.194 136.272 101.553
-1153.89 423.527 -98.6602 93.194 136.272 101.553
-1154.82 423.901 -98.6583 93.211 136.264 101.718
-1155.74 424.28 -98.6565 93.226 136.256 101.864
-1156.67 424.663 -98.6547 93.238 136.249 102.01
-1157.59 425.051 -98.653 93.251 136.243 102.181
-1158.52 425.443 -98.6513 93.251 136.243 102.181
-1159.44 425.84 -98.6496 93.268 136.235 102.372
-1160.36 426.241 -98.6481 93.281 136.228 102.538
-1161.28 426.647 -98.6466 93.294 136.219 102.677
-1162.19 427.058 -98.6451 93.304 136.211 102.816
-1163.11 427.473 -98.6437 93.318 136.203 102.981
-1164.02 427.892 -98.6424 93.318 136.203 102.981
-1166.76 428.544 -98.6343 93.35 136.19 103.307
-1167.68 428.987 -98.6327 93.369 136.179 103.484
-1168.6 429.433 -98.6312 93.384 136.169 103.67
-1169.52 429.882 -98.6297 93.398 136.16 103.851
-1170.43 430.334 -98.6283 93.398 136.16 103.851
-1171.34 430.79 -98.6269 93.398 136.16 103.851
-1172.25 431.249 -98.6256 93.437 136.14 104.31
-1173.16 431.711 -98.6244 93.437 136.14 104.31
-1174.06 432.177 -98.6232 93.452 136.133 104.504
-1174.96 432.646 -98.6221 93.467 136.127 104.651
-1175.86 433.119 -98.621 93.484 136.119 104.793
-1176.76 433.594 -98.62 93.484 136.119 104.793
-1177.65 434.073 -98.6191 93.496 136.113 104.938
-1178.54 434.556 -98.6182 93.506 136.103 105.068
-1179.43 435.042 -98.6174 93.519 136.095 105.23
-1180.31 435.531 -98.6166 93.535 136.087 105.416
-1181.19 436.023 -98.6159 93.535 136.087 105.416
-1182.07 436.519 -98.6153 93.553 136.077 105.598
-1182.95 437.018 -98.6147 93.567 136.069 105.763
-1183.82 437.52 -98.6142 93.582 136.056 105.936
-1184.69 438.025 -98.6137 93.582 136.056 105.936
-1185.56 438.534 -98.6133 93.595 136.049 106.089
-1186.43 439.047 -98.613 93.614 136.041 106.275
-1187.29 439.562 -98.6127 93.633 136.036 106.452
-1188.15 440.081 -98.6125 93.633 136.036 106.452
-1189.01 440.604 -98.6124 93.647 136.029 106.637
-1189.86 441.129 -98.6123 93.659 136.019 106.793
-1190.71 441.658 -98.6122 93.673 136.014 106.948
-1191.56 442.19 -98.6123 93.688 136.004 107.108
-1192.41 442.726 -98.6123 93.688 136.004 107.108
-1193.25 443.265 -98.6125 93.7 135.997 107.252
-1194.09 443.807 -98.6127 93.714 135.987 107.432
-1194.93 444.352 -98.613 93.714 135.987 107.432
-1195.77 444.901 -98.6133 93.758 135.961 107.879
-1196.6 445.453 -98.6137 93.758 135.961 107.879
-1197.43 446.009 -98.6141 93.758 135.961 107.879
-1198.26 446.568 -98.6147 93.772 135.952 108.04
-1199.08 447.13 -98.6152 93.786 135.945 108.206
-1199.9 447.695 -98.6159 93.798 135.94 108.35
-1200.72 448.264 -98.6165 93.812 135.932 108.518
-1201.54 448.836 -98.6173 93.812 135.932 108.518
-1202.35 449.412 -98.6181 93.824 135.928 108.673
-1203.16 449.99 -98.619 93.838 135.918 108.853
-1203.97 450.573 -98.6199 93.853 135.912 109.024
-1204.78 451.158 -98.6209 93.853 135.912 109.024
-1205.58 451.747 -98.622 93.868 135.903 109.183
-1206.38 452.339 -98.6231 93.885 135.894 109.345
-1207.18 452.934 -98.6243 93.902 135.886 109.509
-1207.97 453.533 -98.6255 93.902 135.886 109.509
-1208.76 454.135 -98.6268 93.916 135.878 109.667
-1209.55 454.74 -98.6281 93.927 135.87 109.83
-1210.34 455.349 -98.6296 93.938 135.863 109.968
-1211.12 455.961 -98.631 93.938 135.863 109.968
-1211.9 456.576 -98.6326 93.955 135.852 110.147
-1212.68 457.195 -98.6342 93.969 135.844 110.315
-1213.46 457.817 -98.6358 93.985 135.835 110.502
-1214.23 458.442 -98.6375 93.985 135.835 110.502
-1215 459.071 -98.6393 93.997 135.828 110.65
-1215.77 459.703 -98.6412 94.015 135.823 110.804
-1216.53 460.338 -98.6431 94.029 135.814 110.942
-1217.29 460.977 -98.645 94.029 135.814 110.942
-1218.05 461.619 -98.647 94.049 135.805 111.18
-1218.81 462.264 -98.6491 94.058 135.796 111.313
-1219.56 462.912 -98.6513 94.074 135.789 111.48
-1220.32 463.564 -98.6535 94.074 135.789 111.48
-1221.06 464.22 -98.6557 94.087 135.781 111.638
-1221.81 464.878 -98.658 94.101 135.773 111.777
-1222.55 465.54 -98.6604 94.114 135.764 111.935
-1223.29 466.205 -98.6629 94.126 135.756 112.075
-1224.03 466.874 -98.6654 94.126 135.756 112.075
-1224.76 467.545 -98.6679 94.138 135.748 112.216
-1225.5 468.221 -98.6706 94.153 135.742 112.365
-1226.22 468.899 -98.6732 94.167 135.734 112.511
-1226.95 469.581 -98.676 94.185 135.726 112.676
-1227.67 470.266 -98.6788 94.185 135.726 112.676
-1228.4 470.955 -98.6817 94.2 135.721 112.856
-1229.11 471.646 -98.6846 94.21 135.716 113.002
-1229.83 472.341 -98.6876 94.221 135.711 113.149
-1230.54 473.04 -98.6906 94.235 135.703 113.331
-1231.25 473.742 -98.6937 94.248 135.694 113.463
-1231.96 474.447 -98.6969 94.248 135.694 113.463
-1232.66 475.155 -98.7001 94.263 135.686 113.633
-1233.37 475.867 -98.7034 94.278 135.677 113.792
-1234.07 476.582 -98.7068 94.292 135.668 113.954
-1234.76 477.3 -98.7102 94.292 135.668 113.954
-1235.46 478.022 -98.7136 94.305 135.662 114.1
-1236.15 478.747 -98.7172 94.32 135.652 114.258
-1236.83 479.475 -98.7208 94.335 135.644 114.423
-1237.52 480.207 -98.7244 94.335 135.644 114.423
-1238.2 480.942 -98.7281 94.35 135.636 114.589
-1238.88 481.68 -98.7319 94.364 135.627 114.77
-1239.56 482.422 -98.7357 94.378 135.622 114.921
-1240.23 483.167 -98.7396 94.392 135.614 115.086
-1240.91 483.915 -98.7436 94.392 135.614 115.086
-1241.58 484.667 -98.7476 94.408 135.606 115.254
-1242.24 485.422 -98.7517 94.422 135.6 115.407
-1242.91 486.18 -98.7558 94.436 135.589 115.565
-1243.57 486.942 -98.76 94.453 135.58 115.753
-1244.23 487.707 -98.7642 94.453 135.58 115.753
-1244.88 488.475 -98.7686 94.466 135.571 115.892
-1245.53 489.246 -98.7729 94.466 135.571 115.892
-1246.18 490.021 -98.7774 94.504 135.552 116.317
-1246.83 490.8 -98.7819 94.504 135.552 116.317
-1247.48 491.581 -98.7864 94.516 135.541 116.511
-1248.12 492.366 -98.791 94.516 135.541 116.511
-1248.76 493.154 -98.7957 94.528 135.535 116.659
-1249.39 493.946 -98.8005 94.54 135.525 116.791
-1250.03 494.74 -98.8052 94.558 135.517 116.962
-1250.66 495.539 -98.8101 94.575 135.511 117.139
-1251.29 496.34 -98.815 94.575 135.511 117.139
-1251.91 497.145 -98.82 94.592 135.502 117.35
-1252.53 497.953 -98.825 94.592 135.502 117.35
-1253.15 498.764 -98.8301 94.612 135.494 117.561
-1253.77 499.579 -98.8353 94.63 135.484 117.734
-1254.39 500.397 -98.8405 94.63 135.484 117.734
-1255 501.219 -98.8458 94.649 135.478 117.889
-1255.61 502.044 -98.8511 94.662 135.47 118.034
-1256.21 502.872 -98.8566 94.671 135.46 118.175
-1256.82 503.703 -98.862 94.671 135.46 118.175
-1257.42 504.538 -98.8675 94.671 135.46 118.175
-1258.02 505.376 -98.8731 94.671 135.46 118.175
-1258.61 506.217 -98.8788 94.671 135.46 118.175
3
-966.148 441.149 -100.176 122.023 135.311 90.314
-967.013 440.58 -100.161 122.023 135.311 90.314
-967.88 440.016 -100.147 122.023 135.311 90.314
-968.748 439.458 -100.133 121.954 135.345 90.355
-969.617 438.903 -100.118 121.77 135.327 90.371
-970.488 438.354 -100.104 121.367 135.35 90.422
-971.36 437.81 -100.09 121.367 135.35 90.422
-972.234 437.27 -100.076 120.918 135.343 90.473
-973.109 436.735 -100.062 120.704 135.347 90.504
-973.986 436.205 -100.048 120.495 135.354 90.535
-974.864 435.68 -100.035 120.272 135.361 90.557
-975.743 435.159 -100.021 120.058 135.363 90.585
-976.624 434.644 -100.008 120.058 135.363 90.585
-977.506 434.133 -99.9942 119.605 135.37 90.644
-978.39 433.627 -99.9809 119.373 135.376 90.667
-979.275 433.125 -99.9677 119.373 135.376 90.667
-980.161 432.629 -99.9546 119.046 135.385 90.705
-981.049 432.137 -99.9415 118.839 135.389 90.73
-981.939 431.651 -99.9286 118.603 135.392 90.76
-982.829 431.168 -99.9158 118.338 135.394 90.792
-983.722 430.691 -99.903 118.104 135.391 90.816
-984.615 430.219 -99.8904 117.898 135.393 90.849
-985.51 429.751 -99.8778 117.688 135.4 90.875
-986.407 429.288 -99.8653 117.447 135.411 90.907
-987.305 428.83 -99.8529 117.238 135.42 90.935
-988.204 428.377 -99.8407 117.026 135.427 90.963
-989.105 427.929 -99.8285 116.819 135.43 90.987
-990.007 427.485 -99.8164 116.585 135.43 91.012
-990.911 427.046 -99.8044 116.353 135.435 91.05
-991.816 426.612 -99.7925 116.121 135.442 91.086
-992.722 426.183 -99.7807 115.913 135.447 91.112
-993.63 425.758 -99.769 115.701 135.455 91.143
-994.539 425.339 -99.7573 115.49 135.462 91.168
-995.45 424.924 -99.7458 115.219 135.473 91.202
-996.362 424.514 -99.7344 115.219 135.473 91.202
-997.276 424.109 -99.723 114.954 135.481 91.235
-998.191 423.708 -99.7118 114.691 135.484 91.267
-999.107 423.313 -99.7007 114.483 135.491 91.296
-1000.03 422.922 -99.6896 114.217 135.498 91.331
-1000.94 422.536 -99.6786 113.983 135.506 91.365
-1001.87 422.154 -99.6678 113.774 135.515 91.399
-1002.79 421.778 -99.657 113.566 135.522 91.428
-1003.71 421.406 -99.6463 113.301 135.527 91.461
-1004.64 421.04 -99.6357 113.092 135.532 91.489
-1005.56 420.678 -99.6252 112.886 135.541 91.516
-1006.49 420.32 -99.6148 112.624 135.551 91.551
-1007.42 419.968 -99.6045 112.624 135.551 91.551
-1008.35 419.62 -99.5943 112.416 135.557 91.579
-1009.28 419.278 -99.5842 112.208 135.563 91.607
-1010.22 418.94 -99.5742 111.939 135.571 91.641
-1011.15 418.606 -99.5643 111.674 135.581 91.673
-1012.09 418.278 -99.5545 111.5 135.586 91.697
-1013.03 417.954 -99.5447 111.295 135.596 91.724
-1013.96 417.636 -99.5351 111.028 135.604 91.759
-1014.91 417.322 -99.5255 110.763 135.61 91.792
-1015.85 417.012 -99.5161 110.495 135.623 91.825
-1016.79 416.708 -99.5067 110.495 135.623 91.825
-1017.74 416.408 -99.4975 110.258 135.635 91.858
-1018.68 416.114 -99.4883 110.024 135.643 91.893
-1019.63 415.824 -99.4792 109.815 135.653 91.924
-1020.58 415.539 -99.4702 109.58 135.661 91.96
-1021.53 415.258 -99.4613 109.319 135.669 92.001
-1022.48 414.983 -99.4525 109.083 135.684 92.041
-1023.44 414.712 -99.4438 108.82 135.697 92.081
-1024.39 414.446 -99.4352 108.82 135.697 92.081
-1025.35 414.185 -99.4267 108.581 135.706 92.109
-1026.3 413.928 -99.4183 108.371 135.713 92.131
-1027.26 413.677 -99.41 108.134 135.72 92.161
-1028.22 413.43 -99.4018 107.868 135.729 92.188
-1029.19 413.188 -99.3936 107.634 135.74 92.221
-1030.15 412.951 -99.3856 107.373 135.752 92.256
-1031.11 412.718 -99.3776 107.166 135.762 92.283
-1032.08 412.491 -99.3698 106.93 135.772 92.318
-1033.05 412.268 -99.362 106.723 135.779 92.347
-1034.02 412.05 -99.3544 106.486 135.789 92.375
-1034.99 411.837 -99.3468 106.28 135.801 92.406
-1035.96 411.629 -99.3393 106.046 135.814 92.441
-1036.93 411.425 -99.3319 106.046 135.814 92.441
-1037.91 411.226 -99.3247 105.811 135.826 92.472
-1038.89 411.032 -99.3175 105.575 135.836 92.504
-1039.86 410.843 -99.3104 105.338 135.846 92.54
-1040.84 410.659 -99.3034 105.13 135.855 92.565
-1041.82 410.479 -99.2965 104.927 135.864 92.592
-1042.8 410.305 -99.2896 104.722 135.877 92.625
-1043.79 410.135 -99.2829 104.398 135.894 92.666
-1044.77 409.97 -99.2763 104.102 135.908 92.705
-1045.76 409.809 -99.2698 104.102 135.908 92.705
-1046.75 409.654 -99.2633 103.834 135.92 92.744
-1047.74 409.503 -99.257 103.629 135.933 92.778
-1048.73 409.357 -99.2507 103.397 135.947 92.814
-1049.72 409.216 -99.2446 103.225 135.955 92.837
-1050.71 409.08 -99.2385 102.965 135.97 92.875
-1051.71 408.948 -99.2325 102.73 135.98 92.905
-1052.7 408.821 -99.2267 102.46 135.991 92.941
-1053.7 408.699 -99.2209 102.249 136.004 92.967
-1054.7 408.582 -99.2152 102.013 136.018 92.998
-1055.7 408.47 -99.2096 101.779 136.034 93.035
-1056.7 408.362 -99.2041 101.546 136.049 93.071
-1057.71 408.26 -99.1987 101.546 136.049 93.071
-1058.71 408.162 -99.1934 101.313 136.06 93.103
-1059.72 408.069 -99.1882 101.106 136.069 93.135
-1060.73 407.98 -99.1831 100.902 136.079 93.162
-1061.73 407.897 -99.1781 100.699 136.092 93.191
-1062.74 407.818 -99.1731 100.461 136.11 93.229
-1063.76 407.744 -99.1683 100.257 136.122 93.257
-1064.77 407.675 -99.1636 100.048 136.135 93.278
-1065.79 407.611 -99.1589 99.779 136.15 93.307
-1066.8 407.551 -99.1544 99.544 136.159 93.333
-1067.82 407.497 -99.1499 99.34 136.17 93.36
-1068.84 407.447 -99.1455 99.051 136.191 93.409
-1069.86 407.402 -99.1413 98.854 136.202 93.443
-1070.88 407.361 -99.1371 98.651 136.213 93.468
-1071.9 407.326 -99.133 98.412 136.228 93.501
-1072.93 407.295 -99.129 98.173 136.24 93.531
-1073.95 407.269 -99.1251 97.967 136.253 93.558
-1074.98 407.248 -99.1213 97.73 136.274 93.594
-1076.01 407.232 -99.1176 97.497 136.291 93.636
-1077.04 407.22 -99.114 97.238 136.304 93.667
-1078.07 407.214 -99.1105 97.238 136.304 93.667
-1079.11 407.212 -99.1071 96.997 136.32 93.696
-1081.16 406.976 -99.1209 96.557 136.343 93.759
-1082.17 407.021 -99.1165 96.288 136.368 93.801
-1083.17 407.071 -99.1122 96.083 136.383 93.832
-1084.18 407.125 -99.1079 95.815 136.399 93.865
-1085.18 407.184 -99.1037 95.603 136.412 93.893
-1086.18 407.247 -99.0996 95.396 136.426 93.924
-1087.19 407.315 -99.0955 95.165 136.445 93.96
-1088.19 407.387 -99.0914 94.968 136.463 94
-1089.19 407.464 -99.0875 94.797 136.476 94.03
-1090.19 407.545 -99.0835 94.597 136.487 94.056
-1091.19 407.63 -99.0796 94.281 136.506 94.099
-1092.19 407.72 -99.0758 94.062 136.517 94.127
-1093.18 407.814 -99.0721 93.851 136.534 94.156
-1094.18 407.913 -99.0684 93.654 136.555 94.188
-1095.17 408.016 -99.0647 93.455 136.567 94.212
-1096.17 408.124 -99.0611 93.275 136.577 94.236
-1097.16 408.236 -99.0576 93.059 136.589 94.261
-1098.16 408.353 -99.0541 92.883 136.602 94.29
-1099.15 408.474 -99.0506 92.707 136.614 94.334
-1100.14 408.599 -99.0473 92.619 136.617 94.421
-1101.13 408.729 -99.0439 92.598 136.611 94.54
-1102.12 408.864 -99.0407 92.6 136.608 94.666
-1103.11 409.002 -99.0375 92.604 136.607 94.809
-1104.1 409.146 -99.0343 92.61 136.602 94.941
-1105.09 409.293 -99.0312 92.616 136.597 95.092
-1106.07 409.446 -99.0282 92.625 136.592 95.236
-1107.06 409.602 -99.0252 92.638 136.582 95.388
-1108.05 409.763 -99.0223 92.655 136.577 95.535
-1109.03 409.929 -99.0194 92.655 136.577 95.535
-1110.01 410.099 -99.0166 92.669 136.567 95.672
-1111 410.273 -99.0138 92.682 136.558 95.839
-1111.98 410.452 -99.0111 92.706 136.547 96.077
-1112.96 410.635 -99.0084 92.706 136.547 96.077
-1113.94 410.823 -99.0059 92.722 136.541 96.235
-1114.92 411.015 -99.0033 92.737 136.532 96.379
-1115.9 411.212 -99.0008 92.75 136.522 96.515
-1116.88 411.413 -98.9984 92.767 136.517 96.691
-1117.85 411.618 -98.996 92.767 136.517 96.691
-1118.83 411.828 -98.9937 92.781 136.507 96.867
-1119.81 412.043 -98.9914 92.796 136.495 97.086
-1120.78 412.262 -98.9892 92.796 136.495 97.086
-1121.75 412.485 -98.9871 92.81 136.482 97.256
-1122.73 412.713 -98.985 92.823 136.476 97.408
-1123.7 412.945 -98.9829 92.837 136.468 97.533
-1124.67 413.181 -98.981 92.856 136.46 97.698
-1125.64 413.422 -98.979 92.872 136.454 97.849
-1126.61 413.668 -98.9772 92.872 136.454 97.849
-1127.58 413.918 -98.9753 92.886 136.445 98.012
-1128.55 414.172 -98.9736 92.898 136.441 98.187
-1129.52 414.431 -98.9719 92.914 136.434 98.352
-1130.48 414.695 -98.9702 92.927 136.426 98.539
-1131.45 414.962 -98.9686 92.927 136.426 98.539
-1132.42 415.235 -98.9671 92.937 136.417 98.673
-1133.38 415.511 -98.9656 92.952 136.408 98.831
-1134.34 415.792 -98.9642 92.973 136.4 99.021
-1135.31 416.078 -98.9628 92.973 136.4 99.021
-1136.27 416.368 -98.9615 92.988 136.39 99.179
-1137.23 416.662 -98.9602 93 136.383 99.323
-1138.19 416.961 -98.959 93.017 136.374 99.503
-1139.15 417.265 -98.9578 93.028 136.367 99.644
-1140.11 417.572 -98.9567 93.042 136.361 99.815
-1141.07 417.885 -98.9557 93.042 136.361 99.815
-1142.02 418.201 -98.9547 93.055 136.353 99.98
-1145.9 417.648 -98.9623 93.107 136.328 100.546
-1146.86 418.015 -98.9612 93.107 136.328 100.546
-1147.82 418.384 -98.9602 93.121 136.32 100.684
-1148.78 418.757 -98.9592 93.133 136.313 100.827
-1149.73 419.133 -98.9582 93.143 136.305 100.966
-1150.68 419.513 -98.9573 93.159 136.295 101.126
-1151.63 419.896 -98.9565 93.176 136.284 101.329
-1152.58 420.282 -98.9556 93.176 136.284 101.329
-1153.52 420.671 -98.9549 93.19 136.274 101.512
-1154.46 421.064 -98.9541 93.206 136.266 101.676
-1155.4 421.459 -98.9534 93.221 136.258 101.822
-1156.34 421.859 -98.9528 93.221 136.258 101.822
-1157.27 422.261 -98.9522 93.236 136.251 101.99
-1158.21 422.667 -98.9516 93.251 136.243 102.181
-1159.14 423.076 -98.9511 93.263 136.236 102.328
-1160.06 423.488 -98.9506 93.276 136.23 102.476
-1160.99 423.904 -98.9502 93.289 136.222 102.618
-1161.91 424.323 -98.9498 93.301 136.213 102.776
-1162.83 424.745 -98.9495 93.301 136.213 102.776
-1163.75 425.17 -98.9492 93.314 136.205 102.94
-1164.67 425.599 -98.9489 93.328 136.198 103.101
-1165.58 426.031 -98.9487 93.346 136.191 103.267
-1166.49 426.466 -98.9485 93.36 136.184 103.405
-1167.4 426.905 -98.9484 93.36 136.184 103.405
-1168.3 427.347 -98.9483 93.375 136.176 103.546
-1169.21 427.792 -98.9482 93.385 136.168 103.691
-1170.11 428.24 -98.9482 93.399 136.16 103.853
-1171.01 428.692 -98.9483 93.413 136.155 104.001
-1171.9 429.147 -98.9484 93.427 136.147 104.169
-1172.8 429.605 -98.9485 93.427 136.147 104.169
-1173.69 430.067 -98.9487 93.44 136.139 104.353
-1174.58 430.532 -98.9489 93.454 136.133 104.525
-1175.46 431 -98.9492 93.47 136.126 104.669
-1176.35 431.471 -98.9495 93.488 136.118 104.836
-1177.23 431.946 -98.9498 93.488 136.118 104.836
-1178.11 432.424 -98.9502 93.499 136.11 104.976
-1178.98 432.905 -98.9506 93.513 136.099 105.146
-1179.86 433.39 -98.9511 93.525 136.093 105.294
-1180.73 433.878 -98.9516 93.525 136.093 105.294
-1181.6 434.369 -98.9522 93.546 136.082 105.518
-1182.47 434.863 -98.9528 93.561 136.073 105.682
-1183.33 435.361 -98.9535 93.574 136.062 105.837
-1184.19 435.862 -98.9541 93.574 136.062 105.837
-1185.05 436.366 -98.9549 93.587 136.052 106.001
-1185.91 436.874 -98.9557 93.602 136.046 106.151
-1186.77 437.385 -98.9565 93.62 136.04 106.32
-1187.62 437.899 -98.9574 93.637 136.035 106.495
-1188.47 438.416 -98.9583 93.637 136.035 106.495
-1189.32 438.937 -98.9592 93.647 136.029 106.638
-1190.16 439.461 -98.9602 93.664 136.017 106.861
-1191.01 439.988 -98.9612 93.678 136.01 107.008
-1191.85 440.519 -98.9623 93.678 136.01 107.008
-1192.69 441.052 -98.9635 93.696 135.999 107.191
-1193.52 441.59 -98.9646 93.71 135.99 107.373
-1194.35 442.13 -98.9658 93.72 135.98 107.504
-1195.19 442.674 -98.9671 93.72 135.98 107.504
-1196.01 443.221 -98.9684 93.737 135.971 107.663
-1196.84 443.771 -98.9697 93.757 135.962 107.879
-1197.66 444.324 -98.9711 93.757 135.962 107.879
-1198.49 444.881 -98.9725 93.772 135.952 108.039
-1199.3 445.441 -98.974 93.791 135.944 108.272
-1200.12 446.005 -98.9755 93.791 135.944 108.272
-1200.93 446.572 -98.9771 93.809 135.934 108.474
-1201.75 447.141 -98.9787 93.822 135.929 108.632
-1202.56 447.715 -98.9803 93.822 135.929 108.632
-1203.36 448.291 -98.982 93.836 135.92 108.813
-1204.17 448.871 -98.9838 93.852 135.912 109.003
-1204.97 449.454 -98.9855 93.852 135.912 109.003
-1205.77 450.041 -98.9874 93.868 135.902 109.183
-1206.57 450.63 -98.9892 93.884 135.895 109.328
-1207.36 451.223 -98.9911 93.899 135.887 109.47
-1208.15 451.819 -98.9931 93.912 135.88 109.609
-1208.94 452.419 -98.9951 93.912 135.88 109.609
-1209.73 453.022 -98.9971 93.923 135.872 109.769
-1210.52 453.628 -98.9992 93.935 135.864 109.928
-1211.3 454.237 -99.0013 93.949 135.856 110.087
-1212.08 454.85 -99.0035 93.962 135.848 110.23
-1212.86 455.466 -99.0057 93.962 135.848 110.23
-1213.63 456.085 -99.0079 93.976 135.841 110.399
-1214.41 456.708 -99.0102 93.992 135.831 110.585
-1215.18 457.334 -99.0125 94.011 135.823 110.781
-1215.94 457.963 -99.0149 94.011 135.823 110.781
-1216.71 458.595 -99.0173 94.029 135.813 110.942
-1217.47 459.231 -99.0198 94.042 135.808 111.096
-1218.23 459.87 -99.0223 94.042 135.808 111.096
-1218.99 460.512 -99.0249 94.057 135.799 111.276
-1219.75 461.157 -99.0275 94.068 135.793 111.418
-1220.5 461.806 -99.0301 94.082 135.785 111.58
-1221.25 462.458 -99.0328 94.095 135.776 111.717
-1222 463.114 -99.0355 94.108 135.768 111.853
-1222.75 463.772 -99.0383 94.108 135.768 111.853
-1223.49 464.434 -99.0411 94.123 135.758 112.034
-1224.24 465.099 -99.044 94.133 135.75 112.172
-1224.98 465.768 -99.0469 94.148 135.743 112.322
-1225.71 466.44 -99.0498 94.148 135.743 112.322
-1226.45 467.115 -99.0528 94.168 135.734 112.511
-1227.18 467.793 -99.0558 94.186 135.725 112.677
-1227.91 468.475 -99.0589 94.186 135.725 112.677
-1228.64 469.16 -99.062 94.201 135.721 112.855
-1229.36 469.848 -99.0652 94.211 135.715 113.002
-1230.08 470.539 -99.0684 94.221 135.711 113.149
-1230.8 471.234 -99.0716 94.234 135.704 113.312
-1231.52 471.932 -99.0749 94.248 135.694 113.463
-1232.24 472.634 -99.0782 94.248 135.694 113.463
-1232.95 473.338 -99.0816 94.267 135.683 113.673
-1233.66 474.046 -99.085 94.282 135.674 113.831
-1234.37 474.757 -99.0885 94.282 135.674 113.831
-1235.07 475.472 -99.092 94.293 135.667 113.974
-1235.78 476.19 -99.0956 94.306 135.661 114.119
-1236.48 476.911 -99.0991 94.323 135.65 114.276
-1237.18 477.635 -99.1028 94.323 135.65 114.276
-1237.87 478.363 -99.1065 94.337 135.643 114.443
-1238.56 479.094 -99.1102 94.351 135.634 114.607
-1239.26 479.828 -99.1139 94.363 135.628 114.749
-1239.94 480.565 -99.1178 94.376 135.623 114.9
-1240.63 481.306 -99.1216 94.391 135.615 115.064
-1241.31 482.05 -99.1255 94.391 135.615 115.064
-1242 482.798 -99.1294 94.406 135.606 115.232
-1242.67 483.548 -99.1334 94.422 135.6 115.408
-1243.35 484.302 -99.1374 94.422 135.6 115.408
-1244.03 485.059 -99.1415 94.436 135.59 115.565
-1244.7 485.82 -99.1456 94.451 135.582 115.733
-1245.37 486.584 -99.1498 94.467 135.572 115.893
-1246.03 487.351 -99.154 94.467 135.572 115.893
-1246.7 488.121 -99.1582 94.482 135.561 116.043
-1247.36 488.895 -99.1625 94.497 135.556 116.214
-1248.02 489.671 -99.1668 94.506 135.549 116.354
-1248.68 490.452 -99.1712 94.516 135.541 116.511
-1249.33 491.235 -99.1756 94.516 135.541 116.511
-1249.98 492.022 -99.1801 94.527 135.534 116.659
-1250.63 492.812 -99.1846 94.542 135.524 116.809
-1251.28 493.605 -99.1891 94.563 135.516 117.009
-1251.93 494.402 -99.1937 94.563 135.516 117.009
-1252.57 495.202 -99.1983 94.578 135.508 117.178
-1253.21 496.005 -99.203 94.592 135.503 117.35
-1253.85 496.811 -99.2077 94.592 135.503 117.35
-1254.48 497.621 -99.2125 94.611 135.494 117.56
-1255.12 498.434 -99.2173 94.627 135.486 117.715
-1255.75 499.25 -99.2221 94.627 135.486 117.715
-1256.38 500.07 -99.227 94.647 135.478 117.87
-1257 500.893 -99.232 94.661 135.471 118.005
-1257.63 501.719 -99.2369 94.67 135.462 118.134
-1258.25 502.549 -99.242 94.67 135.462 118.134
-1258.87 503.381 -99.247 94.67 135.462 118.134
-1259.48 504.217 -99.2521 94.67 135.462 118.134
-1260.1 505.057 -99.2573 94.67 135.462 118.134
-1260.71 505.899 -99.2625 94.67 135.462 118.134
-1261.32 506.745 -99.2677 94.67 135.462 118.134
-1261.92 507.594 -99.273 94.67 135.462 118.134
-1262.53 508.447 -99.2783 94.67 135.462 118.134
4
-967.392 440.827 -100.338 122.022 135.311 90.315
-968.251 440.273 -100.323 122.022 135.311 90.315
-969.111 439.723 -100.308 121.965 135.347 90.353
-969.974 439.178 -100.294 121.769 135.326 90.37
-970.837 438.638 -100.28 121.335 135.352 90.424
-971.703 438.103 -100.266 121.335 135.352 90.424
-972.57 437.572 -100.252 121.102 135.345 90.448
-973.439 437.047 -100.238 120.877 135.344 90.48
-974.31 436.526 -100.224 120.447 135.357 90.542
-975.182 436.01 -100.21 120.447 135.357 90.542
-976.055 435.498 -100.196 120.14 135.363 90.574
-976.931 434.992 -100.183 119.92 135.362 90.601
-977.808 434.49 -100.169 119.72 135.366 90.63
-978.687 433.993 -100.156 119.516 135.371 90.651
-979.567 433.501 -100.143 119.284 135.377 90.676
-980.449 433.013 -100.13 118.987 135.387 90.714
-981.333 432.53 -100.116 118.781 135.39 90.739
-982.219 432.052 -100.104 118.575 135.393 90.765
-983.106 431.579 -100.091 118.31 135.394 90.797
-983.994 431.111 -100.078 118.104 135.39 90.817
-984.885 430.647 -100.065 117.898 135.393 90.849
-985.777 430.188 -100.053 117.659 135.402 90.881
-986.67 429.734 -100.04 117.447 135.413 90.91
-987.566 429.285 -100.028 117.238 135.42 90.934
-988.463 428.84 -100.016 116.996 135.427 90.965
-989.362 428.401 -100.004 116.79 135.43 90.989
-990.262 427.966 -99.9915 116.584 135.431 91.013
-991.164 427.535 -99.9796 116.352 135.435 91.05
-992.067 427.11 -99.9678 116.149 135.44 91.079
-992.973 426.689 -99.9561 115.943 135.446 91.108
-993.88 426.273 -99.9444 115.731 135.453 91.138
-994.788 425.862 -99.9329 115.52 135.46 91.165
-995.699 425.456 -99.9215 115.281 135.47 91.195
-996.61 425.054 -99.9102 114.982 135.48 91.231
-997.524 424.657 -99.8989 114.982 135.48 91.231
-998.439 424.265 -99.8878 114.691 135.483 91.267
-999.356 423.878 -99.8768 114.453 135.49 91.3
-1000.27 423.495 -99.8659 114.187 135.5 91.334
-1001.19 423.118 -99.8551 113.982 135.507 91.364
-1002.12 422.745 -99.8444 113.744 135.516 91.402
-1003.04 422.377 -99.8338 113.537 135.523 91.431
-1003.97 422.013 -99.8233 113.331 135.526 91.459
-1004.89 421.654 -99.8129 113.122 135.531 91.485
-1005.82 421.301 -99.8026 112.916 135.539 91.512
-1006.75 420.951 -99.7924 112.713 135.547 91.542
-1007.68 420.607 -99.7823 112.475 135.557 91.573
-1008.62 420.268 -99.7723 112.267 135.562 91.601
-1009.55 419.933 -99.7624 112.059 135.567 91.626
-1010.49 419.603 -99.7526 111.82 135.576 91.655
-1011.43 419.278 -99.7429 111.617 135.582 91.68
-1012.37 418.957 -99.7333 111.384 135.591 91.713
-1013.31 418.641 -99.7238 111.149 135.601 91.746
-1014.25 418.33 -99.7145 110.941 135.607 91.771
-1015.2 418.024 -99.7052 110.941 135.607 91.771
-1016.14 417.723 -99.696 110.705 135.613 91.801
-1017.09 417.426 -99.6869 110.467 135.624 91.831
-1018.04 417.135 -99.6779 110.23 135.636 91.863
-1018.99 416.847 -99.6691 109.996 135.644 91.896
-1019.95 416.565 -99.6603 109.785 135.654 91.928
-1020.9 416.288 -99.6516 109.578 135.662 91.958
-1021.86 416.015 -99.6431 109.405 135.666 91.984
-1022.82 415.747 -99.6346 109.169 135.679 92.023
-1023.78 415.484 -99.6262 108.935 135.693 92.061
-1024.74 415.225 -99.618 108.732 135.7 92.088
-1025.7 414.972 -99.6098 108.521 135.708 92.117
-1026.67 414.723 -99.6018 108.311 135.715 92.141
-1027.63 414.479 -99.5938 108.075 135.721 92.17
-1028.6 414.239 -99.5859 107.839 135.73 92.195
-1029.57 414.005 -99.5782 107.605 135.742 92.225
-1030.54 413.775 -99.5705 107.372 135.753 92.258
-1031.52 413.55 -99.563 107.137 135.762 92.286
-1032.49 413.33 -99.5556 106.9 135.774 92.323
-1033.47 413.114 -99.5482 106.694 135.781 92.352
-1034.45 412.904 -99.541 106.485 135.789 92.374
-1035.43 412.698 -99.5338 106.28 135.8 92.406
-1036.41 412.496 -99.5268 106.077 135.811 92.436
-1037.39 412.3 -99.5198 105.871 135.823 92.468
-1038.38 412.108 -99.513 105.605 135.836 92.503
-1039.36 411.922 -99.5063 105.398 135.844 92.531
-1040.35 411.74 -99.4997 105.13 135.855 92.566
-1041.34 411.562 -99.4931 104.927 135.863 92.59
-1042.33 411.39 -99.4867 104.693 135.877 92.628
-1043.32 411.222 -99.4804 104.693 135.877 92.628
-1044.32 411.059 -99.4741 104.427 135.893 92.663
-1045.32 410.901 -99.468 104.133 135.906 92.701
-1046.31 410.747 -99.462 103.893 135.917 92.736
-1047.31 410.599 -99.4561 103.658 135.931 92.774
-1048.31 410.455 -99.4503 103.427 135.944 92.807
-1049.32 410.316 -99.4446 103.427 135.944 92.807
-1050.32 410.181 -99.4389 103.168 135.959 92.849
-1051.33 410.052 -99.4334 102.966 135.97 92.876
-1052.34 409.927 -99.428 102.7 135.982 92.907
-1053.35 409.807 -99.4227 102.402 135.995 92.948
-1054.36 409.692 -99.4175 102.19 136.008 92.977
-1055.37 409.581 -99.4124 101.926 136.026 93.014
-1056.38 409.476 -99.4074 101.692 136.039 93.05
-1057.4 409.375 -99.4025 101.488 136.051 93.078
-1058.42 409.279 -99.3977 101.225 136.065 93.117
-1060.33 408.961 -99.4066 100.962 136.077 93.157
-1061.33 408.9 -99.4011 100.756 136.088 93.182
-1062.33 408.843 -99.3956 100.521 136.104 93.215
-1063.33 408.791 -99.3902 100.314 136.119 93.251
-1064.33 408.743 -99.3849 100.107 136.131 93.269
-1065.34 408.699 -99.3796 99.899 136.143 93.297
-1066.34 408.66 -99.3744 99.659 136.152 93.318
-1067.34 408.625 -99.3692 99.427 136.164 93.346
-1068.34 408.595 -99.3641 99.255 136.175 93.376
-1069.34 408.569 -99.3591 99.052 136.191 93.409
-1070.34 408.547 -99.3541 98.855 136.202 93.442
-1071.34 408.53 -99.3492 98.561 136.219 93.482
-1072.34 408.517 -99.3443 98.289 136.234 93.513
-1073.34 408.509 -99.3395 98.025 136.248 93.547
-1074.34 408.505 -99.3348 98.025 136.248 93.547
-1075.33 408.506 -99.3301 97.788 136.268 93.58
-1076.33 408.511 -99.3255 97.552 136.287 93.624
-1077.33 408.52 -99.321 97.323 136.3 93.657
-1078.33 408.534 -99.3165 97.087 136.314 93.683
-1079.33 408.553 -99.312 96.881 136.325 93.715
-1080.33 408.575 -99.3077 96.617 136.34 93.753
-1081.32 408.602 -99.3033 96.409 136.357 93.782
-1082.32 408.634 -99.2991 96.2 136.373 93.816
-1083.32 408.67 -99.2949 95.992 136.388 93.843
-1084.32 408.711 -99.2908 95.723 136.405 93.878
-1085.31 408.755 -99.2867 95.514 136.417 93.908
-1086.31 408.805 -99.2827 95.225 136.439 93.953
-1087.31 408.858 -99.2787 95.225 136.439 93.953
-1088.3 408.917 -99.2748 94.997 136.461 93.994
-1089.3 408.979 -99.271 94.739 136.48 94.037
-1090.3 409.046 -99.2672 94.511 136.492 94.067
-1091.29 409.118 -99.2635 94.252 136.506 94.103
-1092.29 409.193 -99.2599 94.063 136.516 94.128
-1093.28 409.274 -99.2563 93.726 136.549 94.177
-1094.28 409.358 -99.2528 93.726 136.549 94.177
-1095.27 409.447 -99.2493 93.538 136.562 94.201
-1096.27 409.541 -99.2459 93.106 136.586 94.253
-1097.26 409.639 -99.2426 92.931 136.596 94.279
-1098.26 409.741 -99.2393 92.751 136.611 94.315
-1099.25 409.848 -99.236 92.622 136.617 94.413
-1100.24 409.96 -99.2329 92.622 136.617 94.413
-1101.24 410.075 -99.2298 92.598 136.611 94.54
-1102.23 410.195 -99.2267 92.6 136.609 94.701
-1103.23 410.32 -99.2238 92.605 136.605 94.864
-1104.22 410.449 -99.2208 92.612 136.6 94.995
-1105.21 410.582 -99.218 92.622 136.593 95.194
-1106.2 410.72 -99.2152 92.622 136.593 95.194
-1107.2 410.862 -99.2124 92.632 136.585 95.328
-1108.19 411.009 -99.2097 92.65 136.578 95.492
-1109.18 411.16 -99.2071 92.667 136.568 95.652
-1110.17 411.315 -99.2046 92.682 136.558 95.84
-1114.14 411.256 -99.1968 92.733 136.536 96.343
-1115.13 411.434 -99.1925 92.733 136.536 96.343
-1116.12 411.617 -99.1882 92.748 136.524 96.495
-1117.11 411.804 -99.184 92.762 136.519 96.649
-1118.09 411.996 -99.1799 92.776 136.51 96.81
-1119.08 412.192 -99.1758 92.789 136.501 96.966
-1120.06 412.393 -99.1718 92.789 136.501 96.966
-1121.04 412.599 -99.1678 92.801 136.49 97.141
-1122.02 412.809 -99.1639 92.813 136.481 97.277
-1123 413.023 -99.1601 92.826 136.475 97.432
-1123.98 413.243 -99.1563 92.842 136.466 97.572
-1124.95 413.467 -99.1526 92.864 136.458 97.766
-1125.93 413.695 -99.1489 92.864 136.458 97.766
-1126.9 413.928 -99.1453 92.881 136.449 97.95
-1127.87 414.166 -99.1418 92.892 136.443 98.098
-1128.84 414.408 -99.1383 92.905 136.438 98.273
-1129.81 414.655 -99.1349 92.905 136.438 98.273
-1130.78 414.907 -99.1315 92.92 136.43 98.433
-1131.74 415.163 -99.1282 92.933 136.421 98.619
-1132.71 415.424 -99.1249 92.951 136.409 98.81
-1133.67 415.689 -99.1217 92.951 136.409 98.81
-1134.63 415.959 -99.1186 92.967 136.403 98.961
-1135.59 416.234 -99.1155 92.983 136.394 99.12
-1136.55 416.513 -99.1124 92.998 136.385 99.283
-1137.5 416.797 -99.1095 92.998 136.385 99.283
-1138.46 417.085 -99.1066 93.013 136.377 99.445
-1139.41 417.378 -99.1037 93.027 136.368 99.625
-1140.36 417.676 -99.1009 93.04 136.363 99.775
-1141.31 417.978 -99.0982 93.05 136.357 99.918
-1142.26 418.284 -99.0955 93.061 136.35 100.067
-1143.21 418.596 -99.0929 93.075 136.342 100.237
-1144.16 418.912 -99.0903 93.075 136.342 100.237
-1145.1 419.232 -99.0878 93.091 136.334 100.383
-1146.05 419.558 -99.0854 93.11 136.326 100.567
-1146.99 419.887 -99.083 93.125 136.317 100.723
-1147.93 420.222 -99.0806 93.125 136.317 100.723
-1148.87 420.561 -99.0784 93.137 136.311 100.87
-1149.8 420.904 -99.0762 93.149 136.302 101.006
-1150.74 421.252 -99.074 93.162 136.294 101.148
-1151.68 421.605 -99.0719 93.173 136.285 101.287
-1152.61 421.963 -99.0699 93.186 136.277 101.452
-1153.54 422.325 -99.0679 93.198 136.27 101.594
-1154.47 422.691 -99.066 93.198 136.27 101.594
-1155.4 423.062 -99.0641 93.218 136.261 101.782
-1156.33 423.438 -99.0623 93.231 136.254 101.927
-1157.25 423.819 -99.0605 93.243 136.247 102.076
-1158.18 424.204 -99.0588 93.255 136.24 102.244
-1159.1 424.593 -99.0572 93.255 136.24 102.244
-1160.02 424.987 -99.0556 93.272 136.232 102.435
-1160.94 425.386 -99.0541 93.287 136.223 102.599
-1161.86 425.79 -99.0527 93.302 136.213 102.777
-1162.78 426.198 -99.0512 93.302 136.213 102.777
-1163.69 426.61 -99.0499 93.317 136.203 102.961
-1164.61 427.027 -99.0486 93.331 136.196 103.122
-1165.52 427.449 -99.0474 93.348 136.19 103.288
-1166.43 427.875 -99.0462 93.348 136.19 103.288
-1169.07 428.644 -99.019 93.388 136.166 103.731
-1169.98 429.098 -99.0171 93.399 136.16 103.873
-1170.89 429.555 -99.0153 93.415 136.153 104.043
-1171.8 430.015 -99.0136 93.415 136.153 104.043
-1172.71 430.478 -99.012 93.428 136.145 104.207
-1173.62 430.945 -99.0104 93.439 136.139 104.352
-1174.52 431.415 -99.0089 93.453 136.133 104.525
-1175.42 431.889 -99.0075 93.47 136.126 104.67
-1176.31 432.365 -99.0062 93.47 136.126 104.67
-1177.21 432.845 -99.005 93.49 136.117 104.857
-1178.1 433.329 -99.0038 93.503 136.108 105.015
-1178.98 433.815 -99.0028 93.514 136.098 105.166
-1179.87 434.305 -99.0018 93.527 136.092 105.334
-1180.75 434.798 -99.0009 93.527 136.092 105.334
-1181.63 435.295 -99.0001 93.542 136.083 105.496
-1182.51 435.795 -98.9993 93.559 136.074 105.681
-1183.38 436.298 -98.9987 93.574 136.061 105.855
-1184.25 436.805 -98.9981 93.574 136.061 105.855
-1185.12 437.314 -98.9976 93.587 136.053 106.001
-1185.98 437.827 -98.9972 93.602 136.047 106.153
-1186.85 438.344 -98.9969 93.62 136.04 106.319
-1187.71 438.863 -98.9966 93.636 136.036 106.475
-1188.56 439.386 -98.9964 93.648 136.03 106.619
-1189.42 439.913 -98.9963 93.648 136.03 106.619
-1190.27 440.442 -98.9963 93.657 136.021 106.754
-1191.12 440.975 -98.9964 93.669 136.015 106.905
-1191.97 441.511 -98.9966 93.685 136.005 107.087
-1192.81 442.051 -98.9968 93.703 135.994 107.291
-1193.65 442.594 -98.9971 93.703 135.994 107.291
-1194.49 443.14 -98.9975 93.714 135.985 107.45
-1195.32 443.689 -98.998 93.729 135.974 107.599
-1196.15 444.242 -98.9986 93.729 135.974 107.599
-1196.98 444.798 -98.9992 93.748 135.966 107.776
-1197.81 445.358 -98.9999 93.761 135.958 107.917
-1198.63 445.92 -99.0008 93.778 135.949 108.103
-1199.46 446.486 -99.0016 93.778 135.949 108.103
-1200.27 447.055 -99.0026 93.795 135.942 108.293
-1201.09 447.628 -99.0037 93.805 135.935 108.431
-1201.9 448.204 -99.0048 93.821 135.93 108.61
-1202.71 448.783 -99.006 93.834 135.921 108.793
-1203.52 449.366 -99.0073 93.834 135.921 108.793
-1204.33 449.951 -99.0087 93.846 135.915 108.94
-1205.13 450.54 -99.0102 93.858 135.909 109.083
-1205.93 451.133 -99.0117 93.875 135.899 109.245
-1206.72 451.729 -99.0133 93.875 135.899 109.245
-1207.52 452.328 -99.015 93.892 135.89 109.409
-1208.31 452.93 -99.0168 93.91 135.881 109.591
-1209.09 453.536 -99.0187 93.924 135.873 109.769
-1209.88 454.144 -99.0206 93.924 135.873 109.769
-1210.66 454.757 -99.0227 93.938 135.864 109.948
-1211.44 455.372 -99.0248 93.951 135.854 110.107
-1212.22 455.991 -99.027 93.951 135.854 110.107
-1212.99 456.613 -99.0292 93.968 135.845 110.294
-1213.76 457.239 -99.0316 93.984 135.836 110.482
-1214.53 457.867 -99.034 93.984 135.836 110.482
-1215.3 458.5 -99.0366 93.998 135.829 110.651
-1216.06 459.135 -99.0392 94.017 135.822 110.824
-1216.82 459.774 -99.0418 94.033 135.812 110.986
-1217.58 460.416 -99.0446 94.033 135.812 110.986
-1218.33 461.061 -99.0475 94.047 135.806 111.14
-1219.09 461.709 -99.0504 94.06 135.796 111.316
-1219.83 462.361 -99.0534 94.076 135.79 111.482
-1220.58 463.017 -99.0565 94.087 135.783 111.621
-1221.32 463.675 -99.0597 94.087 135.783 111.621
-1222.07 464.337 -99.0629 94.1 135.774 111.757
-1222.8 465.002 -99.0663 94.112 135.766 111.894
-1223.54 465.67 -99.0697 94.124 135.757 112.053
-1224.27 466.342 -99.0732 94.137 135.75 112.195
-1225 467.017 -99.0767 94.151 135.743 112.344
-1225.73 467.696 -99.0804 94.151 135.743 112.344
-1226.45 468.377 -99.0842 94.166 135.735 112.492
-1227.17 469.062 -99.088 94.184 135.727 112.657
-1227.89 469.75 -99.0919 94.199 135.722 112.812
-1228.61 470.442 -99.0959 94.21 135.717 112.984
-1229.32 471.137 -99.0999 94.21 135.717 112.984
-1230.03 471.835 -99.1041 94.221 135.712 113.129
-1230.74 472.536 -99.1083 94.23 135.706 113.272
-1231.44 473.241 -99.1126 94.242 135.698 113.405
-1232.15 473.949 -99.117 94.258 135.688 113.567
-1232.85 474.661 -99.1215 94.271 135.682 113.714
-1233.54 475.375 -99.1261 94.287 135.671 113.891
-1234.24 476.093 -99.1307 94.287 135.671 113.891
-1234.93 476.815 -99.1354 94.3 135.665 114.04
-1235.62 477.539 -99.1402 94.32 135.654 114.24
-1236.3 478.267 -99.1451 94.32 135.654 114.24
-1236.98 478.998 -99.1501 94.333 135.645 114.381
-1237.66 479.733 -99.1551 94.345 135.638 114.527
-1238.34 480.471 -99.1603 94.359 135.629 114.706
-1239.02 481.212 -99.1655 94.359 135.629 114.706
-1239.69 481.956 -99.1708 94.373 135.624 114.857
-1240.36 482.704 -99.1761 94.385 135.618 115.004
-1241.02 483.455 -99.1816 94.399 135.609 115.165
-1241.69 484.21 -99.1871 94.415 135.603 115.322
-1242.35 484.967 -99.1927 94.427 135.596 115.466
-1243 485.728 -99.1984 94.427 135.596 115.466
-1243.66 486.493 -99.2042 94.441 135.586 115.626
-1244.31 487.26 -99.2101 94.457 135.578 115.794
-1244.96 488.031 -99.216 94.457 135.578 115.794
-1245.61 488.805 -99.2221 94.475 135.566 115.969
-1246.25 489.583 -99.2282 94.488 135.559 116.107
-1246.89 490.363 -99.2343 94.5 135.554 116.256
-1247.53 491.148 -99.2406 94.509 135.546 116.411
-1248.17 491.935 -99.247 94.509 135.546 116.411
-1248.8 492.726 -99.2534 94.52 135.539 116.575
-1249.43 493.52 -99.2599 94.536 135.528 116.753
-1250.06 494.317 -99.2665 94.55 135.519 116.892
-1250.68 495.118 -99.2732 94.55 135.519 116.892
-1251.3 495.922 -99.2799 94.568 135.514 117.075
-1251.92 496.729 -99.2868 94.582 135.505 117.238
-1252.54 497.539 -99.2937 94.595 135.501 117.393
-1253.15 498.353 -99.3007 94.609 135.495 117.54
-1253.76 499.17 -99.3078 94.609 135.495 117.54
-1254.37 499.991 -99.315 94.623 135.487 117.676
-1254.98 500.815 -99.3222 94.646 135.479 117.853
-1255.58 501.642 -99.3295 94.66 135.472 117.989
-1256.18 502.472 -99.337 94.668 135.464 118.111
-1256.77 503.306 -99.3445 94.668 135.464 118.111
