1
-770.398 371.868 59.1324 -3.735 144.798 70.607
-781.938 358.053 59.1324 49.447 143.255 85.44
-781.17 357.412 59.1191 49.447 143.255 85.44
-780.403 356.771 59.1058 49.447 143.255 85.44
-779.635 356.13 59.0925 49.447 143.255 85.44
-778.868 355.489 59.0791 49.447 143.255 85.44
-778.101 354.848 59.0658 49.447 143.255 85.44
-777.333 354.207 59.0525 49.447 143.255 85.44
-776.566 353.566 59.0392 49.447 143.255 85.44
-775.798 352.925 59.0259 49.447 143.255 85.44
-775.031 352.284 59.0126 49.447 143.255 85.44
-774.264 351.643 58.9992 49.515 143.265 85.487
-773.496 351.002 58.9859 49.515 143.265 85.487
-772.729 350.361 58.9726 49.515 143.265 85.487
-771.961 349.72 58.9593 49.513 143.269 85.487
-771.194 349.079 58.946 49.509 143.272 85.488
-770.427 348.438 58.9326 49.507 143.274 85.488
-769.659 347.797 58.9193 49.504 143.276 85.485
-768.892 347.156 58.906 49.504 143.276 85.485
-768.124 346.515 58.8927 49.503 143.276 85.481
-767.357 345.873 58.8794 49.503 143.275 85.477
-766.59 345.232 58.8661 49.502 143.28 85.478
-765.822 344.591 58.8527 49.502 143.28 85.478
-765.055 343.95 58.8394 49.503 143.281 85.477
-764.287 343.309 58.8261 49.506 143.284 85.478
-763.52 342.668 58.8128 49.506 143.284 85.478
-762.753 342.027 58.7995 49.506 143.287 85.48
-761.985 341.386 58.7861 49.51 143.289 85.481
-761.218 340.745 58.7728 49.513 143.291 85.479
-760.451 340.104 58.7595 49.513 143.291 85.479
-759.683 339.463 58.7462 49.512 143.29 85.474
-758.916 338.822 58.7329 49.513 143.294 85.479
-758.148 338.181 58.7196 49.51 143.293 85.477
-757.381 337.54 58.7062 49.506 143.296 85.481
-756.614 336.899 58.6929 49.506 143.296 85.481
-755.846 336.258 58.6796 49.503 143.298 85.478
-755.079 335.617 58.6663 49.503 143.298 85.478
-754.311 334.976 58.653 49.503 143.298 85.478
-753.544 334.335 58.6396 49.503 143.298 85.478
-752.777 333.694 58.6263 49.503 143.298 85.478
-752.009 333.053 58.613 49.503 143.298 85.478
-751.242 332.412 58.5997 49.503 143.298 85.478
-750.474 331.771 58.5864 49.503 143.298 85.478
-749.707 331.13 58.5731 49.503 143.298 85.478
-748.94 330.489 58.5597 49.503 143.298 85.478
-748.172 329.848 58.5464 49.503 143.298 85.478
-747.405 329.207 58.5331 49.503 143.298 85.478
2
-772.009 370.385 58.8152 -3.735 144.798 70.607
-783.968 356.932 58.8152 49.5 143.26 85.475
-783.22 356.268 58.8162 49.5 143.26 85.475
-782.473 355.604 58.8172 49.5 143.26 85.475
-781.726 354.939 58.8182 49.5 143.26 85.475
-780.978 354.275 58.8192 49.5 143.26 85.475
-780.231 353.61 58.8202 49.5 143.26 85.475
-779.483 352.946 58.8212 49.5 143.26 85.475
-778.736 352.282 58.8222 49.5 143.26 85.475
-777.989 351.617 58.8232 49.5 143.26 85.475
-777.241 350.953 58.8242 49.5 143.26 85.475
-776.494 350.289 58.8252 49.5 143.26 85.475
-775.746 349.624 58.8262 49.5 143.26 85.475
-774.999 348.96 58.8272 49.506 143.263 85.48
-774.252 348.295 58.8282 49.506 143.263 85.48
-773.504 347.631 58.8292 49.505 143.265 85.481
-772.757 346.967 58.8302 49.503 143.269 85.483
-772.009 346.302 58.8312 49.501 143.27 85.484
-771.262 345.638 58.8322 49.501 143.272 85.483
-770.514 344.974 58.8332 49.501 143.272 85.48
-769.767 344.309 58.8343 49.499 143.273 85.476
-769.02 343.645 58.8353 49.499 143.275 85.474
-768.272 342.98 58.8363 49.5 143.278 85.474
-767.525 342.316 58.8373 49.502 143.278 85.474
-766.777 341.652 58.8383 49.502 143.278 85.474
-766.03 340.987 58.8393 49.507 143.282 85.478
-765.283 340.323 58.8403 49.507 143.284 85.478
-764.535 339.659 58.8413 49.506 143.286 85.478
-763.788 338.994 58.8423 49.507 143.287 85.476
-763.04 338.33 58.8433 49.51 143.288 85.472
-762.293 337.665 58.8443 49.51 143.288 85.472
-761.546 337.001 58.8453 49.511 143.289 85.472
-760.798 336.337 58.8463 49.513 143.293 85.475
-760.051 335.672 58.8473 49.513 143.293 85.475
-759.303 335.008 58.8483 49.513 143.297 85.482
-758.556 334.344 58.8493 49.51 143.297 85.481
-757.809 333.679 58.8503 49.506 143.298 85.478
-757.061 333.015 58.8513 49.506 143.298 85.478
-756.314 332.351 58.8523 49.506 143.298 85.478
-755.566 331.686 58.8533 49.506 143.298 85.478
-754.819 331.022 58.8543 49.506 143.298 85.478
-754.072 330.357 58.8553 49.506 143.298 85.478
-753.324 329.693 58.8563 49.506 143.298 85.478
-752.577 329.029 58.8573 49.506 143.298 85.478
-751.829 328.364 58.8583 49.506 143.298 85.478
-751.082 327.7 58.8593 49.506 143.298 85.478
-750.335 327.036 58.8603 49.506 143.298 85.478
3
-772.663 372.669 59.035 -3.735 144.798 70.607
-784.585 359.183 59.035 49.446 143.252 85.438
-783.836 358.521 59.0302 49.446 143.252 85.438
-783.087 357.859 59.0254 49.446 143.252 85.438
-782.338 357.196 59.0206 49.446 143.252 85.438
-781.589 356.534 59.0158 49.446 143.252 85.438
-780.839 355.872 59.011 49.446 143.252 85.438
-780.09 355.209 59.0062 49.446 143.252 85.438
-779.341 354.547 59.0014 49.446 143.252 85.438
-778.592 353.885 58.9966 49.446 143.252 85.438
-777.843 353.222 58.9918 49.446 143.252 85.438
-777.094 352.56 58.987 49.446 143.252 85.438
-776.344 351.898 58.9822 49.446 143.252 85.438
-775.595 351.235 58.9774 49.48 143.26 85.473
-774.846 350.573 58.9726 49.495 143.257 85.472
-774.097 349.911 58.9678 49.498 143.261 85.475
-773.348 349.248 58.963 49.5 143.268 85.478
-772.598 348.586 58.9582 49.5 143.268 85.478
-771.849 347.924 58.9534 49.501 143.272 85.48
-771.1 347.261 58.9487 49.498 143.273 85.48
-770.351 346.599 58.9439 49.498 143.276 85.48
-769.602 345.936 58.9391 49.498 143.277 85.478
-768.853 345.274 58.9343 49.498 143.276 85.474
-768.103 344.612 58.9295 49.499 143.277 85.474
-767.354 343.949 58.9247 49.501 143.28 85.476
-766.605 343.287 58.9199 49.503 143.28 85.476
-765.856 342.625 58.9151 49.503 143.282 85.476
-765.107 341.962 58.9103 49.502 143.283 85.475
-764.357 341.3 58.9055 49.503 143.285 85.476
-763.608 340.638 58.9007 49.503 143.285 85.476
-762.859 339.975 58.8959 49.507 143.286 85.478
-762.11 339.313 58.8911 49.51 143.288 85.479
-761.361 338.651 58.8863 49.508 143.289 85.472
-760.612 337.988 58.8815 49.506 143.291 85.474
-759.862 337.326 58.8767 49.51 143.295 85.478
-759.113 336.664 58.8719 49.515 143.298 85.486
-758.364 336.001 58.8671 49.517 143.299 85.488
-757.615 335.339 58.8623 49.515 143.299 85.486
-756.866 334.677 58.8575 49.515 143.299 85.486
-756.116 334.014 58.8527 49.508 143.302 85.48
-755.367 333.352 58.8479 49.508 143.302 85.48
-754.618 332.69 58.8431 49.508 143.302 85.48
-753.869 332.027 58.8383 49.508 143.302 85.48
-753.12 331.365 58.8335 49.508 143.302 85.48
-752.371 330.702 58.8287 49.508 143.302 85.48
-751.621 330.04 58.8239 49.508 143.302 85.48
-750.872 329.378 58.8191 49.508 143.302 85.48
4
-772.272 373.807 59.298 -3.735 144.798 70.607
-784.274 360.393 59.298 49.444 143.252 85.438
-783.529 359.726 59.3003 49.444 143.252 85.438
-782.784 359.06 59.3026 49.444 143.252 85.438
-782.038 358.393 59.3049 49.444 143.252 85.438
-781.293 357.726 59.3072 49.444 143.252 85.438
-780.548 357.059 59.3096 49.444 143.252 85.438
-779.803 356.392 59.3119 49.444 143.252 85.438
-779.057 355.726 59.3142 49.444 143.252 85.438
-778.312 355.059 59.3165 49.444 143.252 85.438
-777.567 354.392 59.3189 49.444 143.252 85.438
-776.822 353.725 59.3212 49.444 143.252 85.438
-776.076 353.058 59.3235 49.444 143.252 85.438
-775.331 352.392 59.3258 49.444 143.252 85.438
-774.586 351.725 59.3281 49.48 143.26 85.472
-773.841 351.058 59.3305 49.494 143.258 85.473
-773.096 350.391 59.3328 49.498 143.263 85.475
-772.35 349.724 59.3351 49.499 143.269 85.478
-771.605 349.058 59.3374 49.498 143.27 85.478
-770.86 348.391 59.3397 49.498 143.271 85.477
-770.115 347.724 59.3421 49.498 143.271 85.477
-769.369 347.057 59.3444 49.499 143.275 85.476
-768.624 346.39 59.3467 49.497 143.276 85.474
-767.879 345.724 59.349 49.498 143.276 85.47
-767.134 345.057 59.3514 49.499 143.279 85.471
-766.388 344.39 59.3537 49.502 143.28 85.472
-765.643 343.723 59.356 49.502 143.28 85.472
-764.898 343.056 59.3583 49.503 143.281 85.472
-764.153 342.39 59.3606 49.502 143.283 85.472
-763.407 341.723 59.363 49.503 143.284 85.473
-762.662 341.056 59.3653 49.507 143.286 85.475
-761.917 340.389 59.3676 49.51 143.289 85.477
-761.172 339.722 59.3699 49.509 143.29 85.47
-760.427 339.056 59.3722 49.508 143.29 85.472
-759.681 338.389 59.3746 49.508 143.29 85.472
-758.936 337.722 59.3769 49.511 143.294 85.475
-758.191 337.055 59.3792 49.514 143.297 85.483
-757.446 336.388 59.3815 49.516 143.299 85.488
-756.7 335.722 59.3838 49.512 143.299 85.483
-755.955 335.055 59.3862 49.507 143.302 85.478
-755.21 334.388 59.3885 49.507 143.302 85.478
-754.465 333.721 59.3908 49.507 143.302 85.478
-753.719 333.054 59.3931 49.507 143.302 85.478
-752.974 332.388 59.3955 49.507 143.302 85.478
-752.229 331.721 59.3978 49.507 143.302 85.478
-751.484 331.054 59.4001 49.507 143.302 85.478
-750.738 330.387 59.4024 49.507 143.302 85.478
