1
-957.546 387.865 420.964 -117.134 111.461 -100.405
-958.466 387.426 420.968 -117.134 111.461 -100.405
-959.386 386.99 420.972 -117.134 111.461 -100.405
-960.307 386.558 420.976 -117.134 111.461 -100.405
-961.229 386.13 420.981 -117.134 111.461 -100.405
-962.152 385.705 420.985 -117.134 111.461 -100.405
-963.076 385.284 420.989 -117.134 111.461 -100.405
-964 384.867 420.993 -117.134 111.461 -100.405
-964.926 384.452 420.997 -117.134 111.461 -100.405
-965.852 384.042 421.001 -117.134 111.461 -100.405
-966.779 383.635 421.005 -117.312 111.459 -100.382
-967.707 383.232 421.009 -117.312 111.459 -100.382
-968.636 382.832 421.013 -117.467 111.457 -100.36
-969.566 382.436 421.017 -117.624 111.454 -100.341
-970.497 382.043 421.021 -117.624 111.454 -100.341
-971.428 381.654 421.025 -117.8 111.448 -100.315
-972.361 381.268 421.029 -117.8 111.448 -100.315
-973.294 380.886 421.033 -117.959 111.441 -100.295
-974.228 380.508 421.037 -118.094 111.435 -100.273
-975.163 380.133 421.04 -118.274 111.431 -100.252
-976.099 379.762 421.044 -118.274 111.431 -100.252
-977.035 379.394 421.048 -118.437 111.428 -100.233
-977.973 379.03 421.052 -118.578 111.423 -100.217
-978.911 378.669 421.055 -118.578 111.423 -100.217
-979.85 378.312 421.059 -118.752 111.415 -100.2
-980.791 377.959 421.062 -118.752 111.415 -100.2
-981.731 377.609 421.066 -118.903 111.413 -100.18
-982.673 377.263 421.07 -119.082 111.415 -100.16
-983.616 376.92 421.073 -119.207 111.414 -100.149
-984.56 376.581 421.077 -119.207 111.414 -100.149
-985.504 376.245 421.08 -119.448 111.404 -100.127
-986.449 375.913 421.084 -119.448 111.404 -100.127
-987.395 375.584 421.087 -119.448 111.404 -100.127
-988.342 375.259 421.09 -119.618 111.392 -100.099
-989.29 374.938 421.094 -119.774 111.389 -100.077
-990.239 374.62 421.097 -119.94 111.388 -100.056
-991.189 374.306 421.1 -119.94 111.388 -100.056
-992.139 373.995 421.103 -120.083 111.387 -100.042
-993.09 373.688 421.107 -120.083 111.387 -100.042
-994.043 373.384 421.11 -120.239 111.381 -100.024
-994.996 373.084 421.113 -120.386 111.377 -100.002
-995.949 372.788 421.116 -120.54 111.373 -99.983
-996.904 372.495 421.119 -120.54 111.373 -99.983
-997.86 372.206 421.122 -120.685 111.371 -99.972
-998.816 371.92 421.125 -120.811 111.37 -99.962
-999.774 371.638 421.128 -120.811 111.37 -99.962
-1000.73 371.359 421.131 -120.993 111.362 -99.942
-1001.69 371.084 421.134 -121.145 111.353 -99.922
-1002.65 370.812 421.137 -121.145 111.353 -99.922
-1003.61 370.545 421.14 -121.294 111.348 -99.898
-1004.57 370.28 421.143 -121.435 111.347 -99.883
-1005.54 370.019 421.146 -121.56 111.348 -99.869
-1006.5 369.762 421.149 -121.704 111.346 -99.855
-1007.46 369.508 421.152 -121.704 111.346 -99.855
-1008.43 369.258 421.154 -121.863 111.337 -99.84
-1009.39 369.012 421.157 -121.863 111.337 -99.84
-1010.36 368.769 421.16 -122.036 111.329 -99.82
-1011.33 368.529 421.163 -122.211 111.325 -99.804
-1012.3 368.293 421.165 -122.211 111.325 -99.804
-1013.27 368.061 421.168 -122.415 111.325 -99.784
-1014.24 367.832 421.17 -122.415 111.325 -99.784
-1015.21 367.607 421.173 -122.556 111.322 -99.766
-1016.18 367.385 421.175 -122.715 111.314 -99.746
-1017.15 367.167 421.178 -122.715 111.314 -99.746
-1018.13 366.953 421.18 -122.868 111.306 -99.721
-1019.1 366.742 421.183 -123.001 111.303 -99.698
-1020.08 366.534 421.185 -123.001 111.303 -99.698
-1021.05 366.331 421.188 -123.226 111.298 -99.673
-1022.03 366.13 421.19 -123.226 111.298 -99.673
-1023.01 365.934 421.192 -123.368 111.295 -99.656
-1023.99 365.741 421.195 -123.529 111.289 -99.639
-1024.97 365.551 421.197 -123.529 111.289 -99.639
-1025.95 365.365 421.199 -123.684 111.283 -99.621
-1026.93 365.182 421.201 -123.838 111.279 -99.602
-1027.91 365.004 421.204 -123.994 111.275 -99.583
-1028.89 364.828 421.206 -123.994 111.275 -99.583
-1029.88 364.657 421.208 -124.138 111.274 -99.568
-1030.86 364.488 421.21 -124.279 111.271 -99.551
-1031.85 364.324 421.212 -124.279 111.271 -99.551
-1032.84 364.163 421.214 -124.457 111.263 -99.528
-1033.82 364.005 421.216 -124.457 111.263 -99.528
-1034.81 363.851 421.218 -124.614 111.257 -99.51
-1035.8 363.701 421.22 -124.807 111.251 -99.484
-1036.79 363.554 421.222 -124.807 111.251 -99.484
-1037.78 363.411 421.224 -124.949 111.246 -99.47
-1038.77 363.271 421.226 -125.093 111.247 -99.459
-1039.77 363.135 421.227 -125.093 111.247 -99.459
-1040.76 363.002 421.229 -125.291 111.243 -99.442
-1041.76 362.873 421.231 -125.291 111.243 -99.442
-1042.75 362.748 421.233 -125.426 111.237 -99.422
-1043.75 362.626 421.234 -125.562 111.233 -99.409
-1044.74 362.508 421.236 -125.699 111.23 -99.395
-1045.74 362.393 421.238 -125.839 111.227 -99.377
-1046.74 362.282 421.239 -125.839 111.227 -99.377
-1047.74 362.174 421.241 -125.983 111.222 -99.359
-1048.74 362.07 421.243 -126.126 111.217 -99.342
-1049.74 361.97 421.244 -126.263 111.212 -99.326
-1050.74 361.873 421.246 -126.263 111.212 -99.326
-1051.75 361.779 421.247 -126.417 111.204 -99.307
-1052.75 361.69 421.249 -126.594 111.204 -99.289
-1053.76 361.603 421.25 -126.594 111.204 -99.289
-1054.76 361.521 421.251 -126.749 111.204 -99.271
-1055.77 361.442 421.253 -126.891 111.2 -99.258
-1056.77 361.366 421.254 -127.014 111.197 -99.246
-1057.78 361.294 421.255 -127.014 111.197 -99.246
-1058.79 361.226 421.257 -127.194 111.188 -99.225
-1059.8 361.161 421.258 -127.194 111.188 -99.225
-1062.44 361.063 421.255 -127.508 111.176 -99.187
-1063.44 361.015 421.256 -127.705 111.177 -99.165
-1064.44 360.97 421.258 -127.705 111.177 -99.165
-1065.44 360.929 421.26 -127.922 111.174 -99.141
-1066.44 360.892 421.261 -127.922 111.174 -99.141
-1067.45 360.858 421.263 -128.122 111.164 -99.123
-1068.45 360.828 421.264 -128.122 111.164 -99.123
-1069.45 360.802 421.266 -128.321 111.155 -99.101
-1070.45 360.779 421.267 -128.321 111.155 -99.101
-1071.45 360.761 421.269 -128.481 111.155 -99.086
-1072.45 360.746 421.27 -128.662 111.156 -99.067
-1073.45 360.734 421.272 -128.662 111.156 -99.067
-1074.45 360.727 421.273 -128.796 111.152 -99.046
-1075.45 360.723 421.275 -128.968 111.143 -99.02
-1076.45 360.723 421.276 -128.968 111.143 -99.02
-1077.45 360.726 421.278 -129.13 111.138 -99.004
-1078.45 360.734 421.279 -129.272 111.133 -98.987
-1079.45 360.745 421.28 -129.272 111.133 -98.987
-1080.45 360.759 421.282 -129.433 111.127 -98.971
-1081.45 360.778 421.283 -129.574 111.124 -98.961
-1082.45 360.8 421.284 -129.574 111.124 -98.961
-1083.45 360.826 421.286 -129.751 111.122 -98.946
-1084.45 360.855 421.287 -129.904 111.116 -98.927
-1085.44 360.888 421.288 -129.904 111.116 -98.927
-1086.44 360.925 421.29 -130.04 111.114 -98.906
-1087.44 360.966 421.291 -130.223 111.109 -98.882
-1088.44 361.01 421.292 -130.223 111.109 -98.882
-1089.44 361.058 421.293 -130.386 111.103 -98.862
-1090.44 361.11 421.295 -130.386 111.103 -98.862
-1091.43 361.166 421.296 -130.565 111.098 -98.843
-1092.43 361.225 421.297 -130.702 111.092 -98.826
-1093.43 361.288 421.298 -130.839 111.086 -98.809
-1094.43 361.355 421.299 -130.839 111.086 -98.809
-1095.42 361.425 421.3 -130.977 111.082 -98.798
-1096.42 361.499 421.302 -131.155 111.08 -98.776
-1097.42 361.577 421.303 -131.155 111.08 -98.776
-1098.42 361.658 421.304 -131.319 111.077 -98.76
-1099.41 361.744 421.305 -131.456 111.075 -98.74
-1100.41 361.833 421.306 -131.456 111.075 -98.74
-1101.41 361.925 421.307 -131.591 111.068 -98.719
-1102.4 362.022 421.308 -131.747 111.06 -98.697
-1103.4 362.122 421.309 -131.747 111.06 -98.697
-1104.39 362.226 421.31 -131.931 111.055 -98.678
-1105.39 362.333 421.311 -132.073 111.053 -98.665
-1106.39 362.444 421.312 -132.073 111.053 -98.665
-1107.38 362.559 421.313 -132.251 111.048 -98.647
-1108.38 362.678 421.314 -132.426 111.044 -98.629
-1109.37 362.8 421.315 -132.426 111.044 -98.629
-1112.46 363.178 421.344 -132.742 111.034 -98.594
-1113.46 363.311 421.346 -132.925 111.032 -98.575
-1114.45 363.449 421.347 -133.066 111.028 -98.56
-1115.44 363.59 421.349 -133.066 111.028 -98.56
-1116.43 363.735 421.35 -133.224 111.022 -98.545
-1117.43 363.883 421.352 -133.362 111.017 -98.532
-1118.42 364.035 421.353 -133.362 111.017 -98.532
-1119.4 364.191 421.355 -133.516 111.015 -98.515
-1120.39 364.35 421.356 -133.691 111.01 -98.493
-1121.38 364.513 421.357 -133.815 111.007 -98.481
-1122.37 364.68 421.358 -133.815 111.007 -98.481
-1123.35 364.851 421.359 -133.981 111.003 -98.468
-1124.34 365.025 421.36 -133.981 111.003 -98.468
-1125.32 365.203 421.361 -134.157 110.997 -98.45
-1126.3 365.384 421.362 -134.31 110.99 -98.427
-1127.29 365.569 421.362 -134.31 110.99 -98.427
-1128.27 365.758 421.363 -134.511 110.984 -98.403
-1129.25 365.951 421.364 -134.511 110.984 -98.403
-1130.23 366.147 421.364 -134.671 110.981 -98.386
-1131.21 366.347 421.364 -134.847 110.979 -98.366
-1132.19 366.55 421.365 -134.847 110.979 -98.366
-1133.16 366.757 421.365 -134.986 110.976 -98.352
-1134.14 366.968 421.365 -135.123 110.967 -98.335
-1135.12 367.183 421.365 -135.262 110.961 -98.32
-1136.09 367.401 421.365 -135.262 110.961 -98.32
-1137.07 367.623 421.365 -135.422 110.959 -98.303
-1138.04 367.849 421.365 -135.585 110.958 -98.289
-1139.01 368.078 421.365 -135.585 110.958 -98.289
-1139.99 368.311 421.364 -135.721 110.957 -98.274
-1140.96 368.548 421.364 -135.878 110.951 -98.254
-1141.93 368.788 421.363 -136.014 110.947 -98.237
-1142.9 369.032 421.363 -136.014 110.947 -98.237
-1143.87 369.28 421.362 -136.151 110.94 -98.221
-1144.83 369.531 421.362 -136.29 110.939 -98.207
-1145.8 369.786 421.361 -136.453 110.935 -98.19
-1146.77 370.045 421.36 -136.453 110.935 -98.19
-1147.73 370.307 421.359 -136.658 110.927 -98.167
-1148.7 370.574 421.358 -136.658 110.927 -98.167
-1149.66 370.843 421.357 -136.796 110.921 -98.152
-1150.63 371.117 421.356 -136.988 110.917 -98.133
-1151.59 371.394 421.355 -136.988 110.917 -98.133
-1152.55 371.675 421.353 -137.165 110.916 -98.113
-1153.51 371.959 421.352 -137.288 110.915 -98.102
-1154.47 372.247 421.35 -137.288 110.915 -98.102
-1155.43 372.539 421.349 -137.411 110.909 -98.09
-1156.39 372.835 421.347 -137.552 110.901 -98.072
-1158.62 373.48 421.363 -137.825 110.891 -98.037
-1159.57 373.792 421.361 -137.825 110.891 -98.037
-1160.52 374.108 421.36 -138.001 110.888 -98.015
-1161.47 374.427 421.358 -138.162 110.886 -97.996
-1162.42 374.75 421.356 -138.162 110.886 -97.996
-1163.37 375.076 421.354 -138.322 110.882 -97.98
-1164.32 375.406 421.352 -138.462 110.876 -97.966
-1165.26 375.739 421.35 -138.599 110.87 -97.951
-1166.2 376.076 421.348 -138.599 110.87 -97.951
-1167.14 376.416 421.345 -138.795 110.864 -97.928
-1168.08 376.759 421.343 -138.795 110.864 -97.928
-1169.02 377.106 421.34 -138.975 110.858 -97.906
-1169.96 377.457 421.337 -139.113 110.856 -97.889
-1170.89 377.81 421.335 -139.113 110.856 -97.889
-1171.83 378.168 421.332 -139.265 110.854 -97.874
-1172.76 378.529 421.328 -139.451 110.848 -97.852
-1173.69 378.893 421.325 -139.451 110.848 -97.852
-1174.62 379.261 421.322 -139.584 110.842 -97.839
-1175.55 379.632 421.318 -139.738 110.837 -97.825
-1176.47 380.006 421.315 -139.738 110.837 -97.825
-1177.4 380.385 421.311 -139.919 110.838 -97.81
-1178.32 380.766 421.307 -140.115 110.842 -97.797
-1179.25 381.151 421.303 -140.115 110.842 -97.797
-1180.17 381.54 421.299 -140.302 110.844 -97.783
-1181.09 381.932 421.295 -140.497 110.842 -97.769
-1182 382.327 421.291 -140.677 110.843 -97.756
-1182.92 382.726 421.286 -140.677 110.843 -97.756
-1183.83 383.128 421.282 -140.894 110.846 -97.738
-1184.75 383.534 421.277 -141.118 110.852 -97.726
-1185.66 383.943 421.272 -141.118 110.852 -97.726
-1186.57 384.356 421.267 -141.317 110.851 -97.711
-1187.48 384.772 421.262 -141.516 110.852 -97.699
-1188.39 385.192 421.257 -141.516 110.852 -97.699
-1189.29 385.615 421.252 -141.744 110.857 -97.686
-1190.2 386.042 421.247 -142.031 110.864 -97.672
-1191.1 386.472 421.241 -142.031 110.864 -97.672
-1192 386.905 421.236 -142.257 110.872 -97.661
-1192.9 387.342 421.23 -142.257 110.872 -97.661
-1193.8 387.783 421.224 -142.512 110.874 -97.643
-1194.7 388.226 421.218 -142.713 110.876 -97.63
-1195.6 388.674 421.212 -142.713 110.876 -97.63
-1196.49 389.125 421.206 -142.941 110.882 -97.614
-1197.38 389.579 421.199 -142.941 110.882 -97.614
-1198.27 390.037 421.193 -143.252 110.884 -97.596
-1199.16 390.498 421.186 -143.453 110.888 -97.582
-1200.05 390.962 421.18 -143.453 110.888 -97.582
-1200.94 391.431 421.173 -143.652 110.892 -97.569
-1203.9 392.873 421.135 -144.109 110.902 -97.539
-1204.78 393.35 421.129 -144.452 110.905 -97.518
-1205.66 393.831 421.122 -144.452 110.905 -97.518
-1206.54 394.314 421.116 -144.452 110.905 -97.518
-1207.42 394.801 421.109 -144.713 110.908 -97.502
-1208.29 395.291 421.102 -144.91 110.913 -97.492
-1209.16 395.784 421.096 -144.91 110.913 -97.492
-1210.03 396.28 421.089 -145.132 110.918 -97.478
-1210.9 396.779 421.082 -145.422 110.921 -97.458
-1211.76 397.281 421.075 -145.422 110.921 -97.458
-1212.63 397.786 421.069 -145.653 110.924 -97.446
-1213.49 398.295 421.062 -145.653 110.924 -97.446
-1214.35 398.806 421.055 -145.908 110.924 -97.431
-1215.21 399.321 421.048 -145.908 110.924 -97.431
-1216.06 399.839 421.041 -146.225 110.931 -97.411
-1216.92 400.36 421.034 -146.225 110.931 -97.411
-1217.77 400.883 421.027 -146.423 110.937 -97.398
-1218.62 401.411 421.02 -146.647 110.94 -97.382
-1219.46 401.941 421.013 -146.845 110.942 -97.368
-1220.31 402.474 421.006 -146.845 110.942 -97.368
-1221.15 403.01 420.999 -147.049 110.944 -97.356
-1221.99 403.55 420.992 -147.25 110.945 -97.342
-1222.83 404.092 420.985 -147.25 110.945 -97.342
-1223.67 404.638 420.978 -147.451 110.948 -97.33
-1224.51 405.187 420.971 -147.679 110.952 -97.32
-1225.34 405.738 420.964 -147.679 110.952 -97.32
-1226.17 406.293 420.956 -147.932 110.959 -97.305
-1227 406.852 420.949 -148.163 110.961 -97.289
-1227.83 407.413 420.942 -148.163 110.961 -97.289
-1228.65 407.977 420.934 -148.363 110.963 -97.276
-1229.47 408.544 420.927 -148.56 110.965 -97.262
-1230.29 409.115 420.92 -148.56 110.965 -97.262
-1231.11 409.688 420.912 -148.819 110.968 -97.248
-1231.93 410.265 420.905 -148.819 110.968 -97.248
-1232.74 410.845 420.897 -149.054 110.971 -97.235
-1233.56 411.428 420.89 -149.277 110.976 -97.223
-1234.37 412.014 420.882 -149.474 110.979 -97.209
-1235.18 412.603 420.875 -149.474 110.979 -97.209
-1235.98 413.195 420.867 -149.702 110.985 -97.191
-1236.79 413.79 420.86 -149.905 110.985 -97.177
-1237.59 414.389 420.852 -149.905 110.985 -97.177
-1238.39 414.99 420.844 -150.132 110.986 -97.165
-1239.19 415.595 420.837 -150.33 110.989 -97.151
-1239.99 416.203 420.829 -150.33 110.989 -97.151
-1240.78 416.813 420.821 -150.534 110.994 -97.138
-1241.57 417.427 420.813 -150.733 111 -97.128
-1242.36 418.044 420.806 -150.733 111 -97.128
-1243.15 418.664 420.798 -150.959 111.005 -97.115
-1245.33 420.276 420.784 -151.445 111.01 -97.083
-1246.11 420.916 420.776 -151.445 111.01 -97.083
-1246.89 421.559 420.768 -151.645 111.012 -97.07
-1247.67 422.204 420.76 -151.844 111.014 -97.058
-1248.44 422.851 420.752 -152.075 111.016 -97.044
-1249.21 423.501 420.744 -152.075 111.016 -97.044
-1249.98 424.153 420.736 -152.302 111.019 -97.031
-1250.75 424.808 420.728 -152.302 111.019 -97.031
-1251.51 425.464 420.72 -152.588 111.025 -97.012
-1252.27 426.123 420.712 -152.814 111.026 -96.994
-1253.03 426.785 420.704 -152.814 111.026 -96.994
-1253.79 427.448 420.696 -153.071 111.029 -96.977
-1254.54 428.114 420.687 -153.071 111.029 -96.977
-1255.29 428.782 420.679 -153.274 111.032 -96.965
-1256.04 429.453 420.671 -153.502 111.035 -96.953
-1256.78 430.126 420.663 -153.502 111.035 -96.953
-1257.53 430.801 420.654 -153.785 111.038 -96.934
-1258.27 431.479 420.646 -153.785 111.038 -96.934
-1259 432.158 420.637 -154.074 111.045 -96.92
-1259.74 432.841 420.629 -154.074 111.045 -96.92
-1260.47 433.525 420.621 -154.33 111.047 -96.904
-1261.2 434.212 420.612 -154.557 111.048 -96.889
-1261.93 434.901 420.604 -154.557 111.048 -96.889
-1262.65 435.592 420.595 -154.789 111.053 -96.876
-1263.37 436.286 420.587 -155.017 111.059 -96.864
-1264.09 436.982 420.578 -155.017 111.059 -96.864
-1264.81 437.68 420.57 -155.274 111.062 -96.849
-1265.52 438.381 420.561 -155.274 111.062 -96.849
-1266.23 439.084 420.552 -155.533 111.064 -96.835
-1266.94 439.789 420.544 -155.533 111.064 -96.835
-1267.64 440.497 420.535 -155.789 111.067 -96.819
-1268.35 441.206 420.526 -156.072 111.07 -96.803
-1269.05 441.919 420.518 -156.072 111.07 -96.803
-1269.75 442.633 420.509 -156.272 111.071 -96.79
-1270.44 443.35 420.5 -156.272 111.071 -96.79
-1271.13 444.069 420.491 -156.502 111.075 -96.774
-1271.82 444.791 420.482 -156.732 111.08 -96.761
-1272.51 445.514 420.474 -156.732 111.08 -96.761
-1273.19 446.24 420.465 -156.93 111.082 -96.75
-1273.87 446.969 420.456 -157.187 111.088 -96.736
-1274.55 447.699 420.447 -157.187 111.088 -96.736
-1275.23 448.432 420.438 -157.445 111.092 -96.72
-1275.9 449.168 420.429 -157.445 111.092 -96.72
-1276.57 449.905 420.42 -157.671 111.092 -96.709
-1277.24 450.645 420.411 -157.869 111.096 -96.701
-1277.91 451.388 420.402 -157.869 111.096 -96.701
-1278.57 452.132 420.393 -158.129 111.103 -96.688
-1279.23 452.879 420.384 -158.332 111.106 -96.675
-1279.89 453.628 420.374 -158.532 111.106 -96.664
-1280.55 454.38 420.365 -158.532 111.106 -96.664
-1281.2 455.134 420.356 -158.761 111.109 -96.652
-1281.85 455.89 420.347 -158.96 111.114 -96.639
-1282.49 456.648 420.338 -158.96 111.114 -96.639
-1283.14 457.409 420.328 -159.189 111.116 -96.623
-1283.78 458.172 420.319 -159.387 111.115 -96.611
-1284.42 458.937 420.31 -159.387 111.115 -96.611
-1285.06 459.705 420.301 -159.644 111.118 -96.595
-1285.69 460.475 420.291 -159.644 111.118 -96.595
-1286.32 461.248 420.282 -159.898 111.125 -96.579
-1286.95 462.022 420.272 -160.098 111.124 -96.565
-1287.58 462.799 420.263 -160.098 111.124 -96.565
-1288.2 463.578 420.253 -160.298 111.125 -96.551
-1288.82 464.36 420.244 -160.531 111.128 -96.534
-1289.44 465.144 420.234 -160.531 111.128 -96.534
-1290.05 465.93 420.225 -160.76 111.131 -96.519
-1290.67 466.719 420.215 -161.016 111.132 -96.501
-1291.28 467.509 420.206 -161.016 111.132 -96.501
-1291.88 468.303 420.196 -161.303 111.137 -96.482
-1292.49 469.098 420.187 -161.303 111.137 -96.482
-1293.09 469.896 420.177 -161.531 111.139 -96.468
-1293.69 470.696 420.167 -161.757 111.14 -96.455
-1294.29 471.498 420.157 -161.757 111.14 -96.455
-1294.88 472.303 420.148 -162.015 111.145 -96.446
-1295.47 473.11 420.138 -162.015 111.145 -96.446
-1296.06 473.919 420.128 -162.215 111.15 -96.436
-1296.65 474.731 420.118 -162.473 111.151 -96.421
-1297.23 475.545 420.109 -162.473 111.151 -96.421
-1297.81 476.361 420.099 -162.73 111.155 -96.411
-1298.39 477.18 420.089 -162.73 111.155 -96.411
-1298.97 478.001 420.079 -162.962 111.16 -96.398
-1299.54 478.824 420.069 -163.245 111.163 -96.383
-1300.11 479.649 420.059 -163.245 111.163 -96.383
-1300.68 480.477 420.049 -163.471 111.165 -96.371
-1301.24 481.307 420.039 -163.471 111.165 -96.371
-1301.8 482.14 420.029 -163.703 111.168 -96.356
-1302.36 482.975 420.019 -163.904 111.17 -96.343
-1302.92 483.812 420.009 -163.904 111.17 -96.343
-1303.48 484.651 419.999 -164.158 111.172 -96.328
-1304.03 485.493 419.988 -164.386 111.179 -96.316
-1304.58 486.337 419.978 -164.386 111.179 -96.316
-1305.12 487.183 419.968 -164.648 111.182 -96.303
-1305.67 488.032 419.958 -164.876 111.183 -96.288
-1306.21 488.883 419.948 -164.876 111.183 -96.288
-1306.75 489.736 419.937 -165.131 111.185 -96.274
-1307.28 490.592 419.927 -165.131 111.185 -96.274
-1307.82 491.45 419.917 -165.333 111.19 -96.267
-1308.35 492.31 419.906 -165.585 111.193 -96.254
-1308.87 493.173 419.896 -165.585 111.193 -96.254
-1309.4 494.037 419.886 -165.823 111.196 -96.238
-1309.92 494.905 419.875 -166.065 111.2 -96.222
-1310.44 495.774 419.865 -166.065 111.2 -96.222
-1310.96 496.646 419.854 -166.065 111.2 -96.222
-1311.47 497.52 419.844 -166.065 111.2 -96.222
-1311.99 498.396 419.833 -166.065 111.2 -96.222
2
-957.391 385.398 420.747 -116.931 111.47 -100.435
-958.314 384.973 420.753 -116.931 111.47 -100.435
-959.237 384.552 420.759 -116.931 111.47 -100.435
-960.161 384.135 420.765 -116.931 111.47 -100.435
-961.086 383.72 420.771 -116.931 111.47 -100.435
-962.012 383.309 420.777 -116.931 111.47 -100.435
-962.939 382.902 420.783 -116.931 111.47 -100.435
-963.866 382.498 420.789 -116.931 111.47 -100.435
-964.795 382.098 420.795 -116.931 111.47 -100.435
-965.724 381.701 420.8 -116.931 111.47 -100.435
-966.654 381.307 420.806 -117.097 111.463 -100.411
-967.585 380.917 420.811 -117.233 111.46 -100.392
-968.516 380.53 420.817 -117.371 111.458 -100.373
-969.449 380.147 420.822 -117.371 111.458 -100.373
-970.382 379.768 420.828 -117.526 111.455 -100.352
-971.316 379.391 420.833 -117.702 111.453 -100.328
-972.251 379.018 420.839 -117.702 111.453 -100.328
-973.187 378.649 420.844 -117.86 111.445 -100.307
-974.123 378.283 420.849 -118.018 111.438 -100.288
-975.061 377.921 420.854 -118.018 111.438 -100.288
-975.999 377.561 420.859 -118.174 111.435 -100.263
-976.938 377.206 420.864 -118.356 111.43 -100.243
-977.878 376.854 420.869 -118.356 111.43 -100.243
-978.818 376.505 420.874 -118.519 111.426 -100.225
-979.76 376.16 420.879 -118.519 111.426 -100.225
-980.702 375.818 420.884 -118.676 111.419 -100.208
-981.645 375.48 420.889 -118.847 111.414 -100.188
-982.589 375.145 420.894 -118.847 111.414 -100.188
-983.534 374.813 420.898 -119.002 111.414 -100.169
-984.479 374.485 420.903 -119.145 111.415 -100.154
-985.426 374.161 420.907 -119.145 111.415 -100.154
-986.373 373.84 420.912 -119.309 111.413 -100.14
-987.321 373.522 420.916 -119.309 111.413 -100.14
-988.27 373.208 420.921 -119.467 111.403 -100.123
-989.22 372.897 420.925 -119.6 111.393 -100.102
-990.17 372.59 420.93 -119.734 111.388 -100.081
-991.121 372.286 420.934 -119.898 111.387 -100.06
-992.073 371.985 420.938 -119.898 111.387 -100.06
-993.026 371.688 420.942 -120.042 111.387 -100.046
-993.98 371.395 420.946 -120.181 111.385 -100.032
-994.935 371.105 420.95 -120.181 111.385 -100.032
-995.89 370.818 420.954 -120.349 111.378 -100.007
-996.847 370.535 420.958 -120.481 111.374 -99.989
-997.804 370.255 420.962 -120.621 111.372 -99.976
-998.761 369.979 420.966 -120.621 111.372 -99.976
-999.72 369.706 420.97 -120.769 111.371 -99.965
-1000.68 369.437 420.974 -120.914 111.366 -99.951
-1001.64 369.171 420.977 -120.914 111.366 -99.951
-1002.6 368.909 420.981 -121.071 111.358 -99.933
-1003.56 368.65 420.984 -121.219 111.35 -99.908
-1004.53 368.394 420.988 -121.219 111.35 -99.908
-1005.49 368.142 420.991 -121.414 111.347 -99.886
-1006.45 367.893 420.995 -121.601 111.348 -99.865
-1007.42 367.648 420.998 -121.601 111.348 -99.865
-1008.39 367.406 421.002 -121.745 111.344 -99.852
-1009.35 367.168 421.005 -121.745 111.344 -99.852
-1010.32 366.933 421.008 -121.903 111.335 -99.835
-1011.29 366.702 421.011 -122.055 111.329 -99.819
-1012.26 366.474 421.014 -122.055 111.329 -99.819
-1013.23 366.249 421.017 -122.19 111.325 -99.806
-1014.2 366.028 421.02 -122.394 111.325 -99.784
-1015.17 365.811 421.023 -122.394 111.325 -99.784
-1016.14 365.597 421.026 -122.537 111.323 -99.769
-1017.12 365.386 421.029 -122.677 111.316 -99.753
-1018.09 365.179 421.032 -122.677 111.316 -99.753
-1019.07 364.975 421.035 -122.849 111.307 -99.723
-1020.04 364.774 421.037 -123.001 111.303 -99.698
-1021.02 364.577 421.04 -123.001 111.303 -99.698
-1022 364.384 421.043 -123.162 111.298 -99.678
-1022.98 364.194 421.045 -123.162 111.298 -99.678
-1023.95 364.007 421.048 -123.388 111.295 -99.653
-1024.93 363.824 421.05 -123.388 111.295 -99.653
-1025.92 363.645 421.052 -123.567 111.288 -99.635
-1026.9 363.468 421.055 -123.567 111.288 -99.635
-1027.88 363.296 421.057 -123.76 111.281 -99.611
-1028.86 363.126 421.059 -123.896 111.277 -99.596
-1029.85 362.961 421.061 -124.075 111.273 -99.574
-1030.83 362.798 421.064 -124.075 111.273 -99.574
-1031.82 362.639 421.066 -124.238 111.273 -99.555
-1032.8 362.484 421.068 -124.238 111.273 -99.555
-1033.79 362.332 421.07 -124.437 111.264 -99.53
-1034.78 362.183 421.071 -124.437 111.264 -99.53
-1035.77 362.038 421.073 -124.595 111.258 -99.513
-1036.76 361.896 421.075 -124.768 111.251 -99.49
-1037.75 361.758 421.077 -124.768 111.251 -99.49
-1038.74 361.623 421.079 -124.928 111.246 -99.473
-1039.73 361.492 421.08 -125.052 111.246 -99.462
-1040.73 361.364 421.082 -125.212 111.245 -99.449
-1041.72 361.239 421.083 -125.212 111.245 -99.449
-1042.72 361.118 421.085 -125.349 111.239 -99.435
-1043.71 361.001 421.086 -125.523 111.233 -99.411
-1044.71 360.887 421.088 -125.523 111.233 -99.411
-1045.71 360.776 421.089 -125.679 111.232 -99.397
-1046.7 360.669 421.09 -125.818 111.227 -99.379
-1047.7 360.565 421.092 -125.818 111.227 -99.379
-1048.7 360.465 421.093 -125.941 111.223 -99.364
-1049.7 360.368 421.094 -126.085 111.219 -99.347
-1050.7 360.274 421.095 -126.263 111.212 -99.326
-1051.71 360.184 421.096 -126.263 111.212 -99.326
-1052.71 360.098 421.097 -126.397 111.206 -99.31
-1053.71 360.015 421.098 -126.554 111.203 -99.293
-1054.72 359.935 421.099 -126.554 111.203 -99.293
-1055.72 359.859 421.099 -126.729 111.204 -99.273
-1056.73 359.786 421.1 -126.911 111.2 -99.257
-1057.74 359.717 421.101 -126.911 111.2 -99.257
-1058.75 359.651 421.102 -127.095 111.195 -99.239
-1061.35 359.57 421.091 -127.27 111.185 -99.217
-1062.35 359.521 421.092 -127.407 111.178 -99.2
-1063.36 359.476 421.093 -127.568 111.176 -99.182
-1064.36 359.434 421.094 -127.568 111.176 -99.182
-1065.36 359.397 421.095 -127.784 111.177 -99.157
-1066.36 359.363 421.096 -127.784 111.177 -99.157
-1067.36 359.332 421.096 -127.941 111.174 -99.14
-1068.35 359.306 421.097 -128.103 111.165 -99.125
-1069.35 359.283 421.098 -128.103 111.165 -99.125
-1070.35 359.264 421.099 -128.262 111.159 -99.109
-1071.35 359.249 421.099 -128.42 111.155 -99.092
-1072.35 359.238 421.1 -128.42 111.155 -99.092
-1073.35 359.23 421.1 -128.563 111.155 -99.079
-1074.35 359.226 421.101 -128.758 111.153 -99.052
-1075.35 359.226 421.101 -128.758 111.153 -99.052
-1076.35 359.23 421.102 -128.89 111.148 -99.03
-1077.35 359.237 421.102 -129.028 111.141 -99.014
-1078.34 359.248 421.103 -129.151 111.137 -99.001
-1079.34 359.263 421.103 -129.151 111.137 -99.001
-1080.34 359.282 421.103 -129.312 111.131 -98.984
-1081.34 359.304 421.103 -129.453 111.126 -98.97
-1082.34 359.331 421.104 -129.453 111.126 -98.97
-1083.33 359.36 421.104 -129.654 111.125 -98.956
-1084.33 359.394 421.104 -129.654 111.125 -98.956
-1085.33 359.432 421.104 -129.789 111.12 -98.941
-1086.33 359.473 421.104 -129.922 111.116 -98.923
-1087.32 359.518 421.104 -130.079 111.113 -98.901
-1088.32 359.566 421.104 -130.222 111.109 -98.881
-1089.32 359.619 421.104 -130.222 111.109 -98.881
-1090.31 359.675 421.104 -130.346 111.104 -98.867
-1091.31 359.735 421.104 -130.507 111.1 -98.849
-1092.31 359.799 421.104 -130.507 111.1 -98.849
-1093.3 359.866 421.104 -130.684 111.093 -98.828
-1094.3 359.937 421.104 -130.819 111.086 -98.811
-1095.3 360.012 421.103 -130.819 111.086 -98.811
-1096.29 360.091 421.103 -130.976 111.082 -98.797
-1097.29 360.174 421.103 -131.114 111.08 -98.781
-1098.28 360.26 421.102 -131.277 111.078 -98.763
-1099.28 360.35 421.102 -131.277 111.078 -98.763
-1100.27 360.444 421.102 -131.477 111.074 -98.738
-1101.27 360.541 421.101 -131.477 111.074 -98.738
-1102.26 360.643 421.101 -131.649 111.064 -98.711
-1103.26 360.748 421.1 -131.649 111.064 -98.711
-1104.25 360.856 421.099 -131.808 111.057 -98.69
-1105.25 360.969 421.099 -131.972 111.054 -98.674
-1106.24 361.085 421.098 -131.972 111.054 -98.674
-1107.24 361.205 421.097 -132.113 111.052 -98.66
-1109.93 361.499 421.105 -132.407 111.045 -98.63
-1110.92 361.634 421.105 -132.543 111.041 -98.614
-1111.92 361.773 421.104 -132.722 111.035 -98.596
-1112.91 361.915 421.103 -132.722 111.035 -98.596
-1113.9 362.061 421.103 -132.885 111.032 -98.58
-1114.89 362.211 421.102 -132.885 111.032 -98.58
-1115.88 362.364 421.101 -133.025 111.029 -98.566
-1116.86 362.521 421.1 -133.245 111.02 -98.542
-1117.85 362.681 421.099 -133.245 111.02 -98.542
-1118.84 362.846 421.098 -133.401 111.015 -98.529
-1119.82 363.014 421.097 -133.535 111.014 -98.511
-1120.81 363.185 421.096 -133.535 111.014 -98.511
-1121.79 363.36 421.095 -133.69 111.01 -98.493
-1122.77 363.539 421.094 -133.836 111.007 -98.478
-1123.75 363.722 421.093 -133.961 111.004 -98.469
-1124.74 363.908 421.092 -133.961 111.004 -98.469
-1125.72 364.098 421.091 -134.1 111 -98.456
-1126.7 364.292 421.09 -134.234 110.994 -98.439
-1127.67 364.489 421.088 -134.389 110.986 -98.418
-1128.65 364.69 421.087 -134.389 110.986 -98.418
-1129.63 364.894 421.086 -134.57 110.982 -98.397
-1130.6 365.102 421.084 -134.57 110.982 -98.397
-1131.58 365.314 421.083 -134.731 110.981 -98.381
-1132.55 365.53 421.082 -134.888 110.98 -98.364
-1133.53 365.749 421.08 -135.025 110.973 -98.346
-1134.5 365.972 421.079 -135.025 110.973 -98.346
-1135.47 366.198 421.077 -135.162 110.964 -98.33
-1136.44 366.428 421.076 -135.343 110.959 -98.312
-1137.42 366.662 421.074 -135.343 110.959 -98.312
-1138.39 366.899 421.072 -135.485 110.959 -98.299
-1139.35 367.141 421.071 -135.682 110.957 -98.278
-1140.32 367.385 421.069 -135.682 110.957 -98.278
-1141.29 367.634 421.067 -135.858 110.952 -98.256
-1142.26 367.886 421.065 -135.858 110.952 -98.256
-1143.22 368.142 421.064 -136.014 110.946 -98.236
-1144.19 368.401 421.062 -136.171 110.94 -98.219
-1145.15 368.664 421.06 -136.171 110.94 -98.219
-1146.11 368.931 421.058 -136.33 110.939 -98.202
-1147.08 369.201 421.056 -136.453 110.935 -98.19
-1148.04 369.475 421.054 -136.597 110.93 -98.174
-1149 369.753 421.052 -136.597 110.93 -98.174
-1149.96 370.034 421.05 -136.756 110.922 -98.155
-1150.92 370.319 421.048 -136.891 110.919 -98.141
-1151.87 370.608 421.046 -136.891 110.919 -98.141
-1152.83 370.9 421.043 -137.047 110.917 -98.126
-1153.79 371.196 421.041 -137.185 110.916 -98.111
-1154.74 371.496 421.039 -137.348 110.911 -98.094
-1155.7 371.799 421.037 -137.348 110.911 -98.094
-1158.35 372.546 421.047 -137.67 110.897 -98.056
-1159.3 372.863 421.045 -137.844 110.891 -98.034
-1160.25 373.183 421.042 -137.844 110.891 -98.034
-1161.19 373.506 421.04 -138.001 110.888 -98.014
-1162.14 373.833 421.038 -138.201 110.886 -97.992
-1163.08 374.163 421.036 -138.201 110.886 -97.992
-1164.03 374.497 421.033 -138.362 110.881 -97.974
-1164.97 374.834 421.031 -138.362 110.881 -97.974
-1165.91 375.175 421.028 -138.541 110.873 -97.958
-1166.85 375.519 421.026 -138.697 110.866 -97.941
-1167.78 375.866 421.023 -138.697 110.866 -97.941
-1168.72 376.217 421.02 -138.875 110.86 -97.919
-1169.65 376.571 421.017 -138.875 110.86 -97.919
-1170.59 376.929 421.015 -139.034 110.856 -97.897
-1171.52 377.29 421.012 -139.17 110.856 -97.884
-1172.45 377.654 421.009 -139.301 110.853 -97.87
-1173.38 378.022 421.006 -139.451 110.848 -97.852
-1174.3 378.393 421.003 -139.451 110.848 -97.852
-1175.23 378.768 420.999 -139.584 110.842 -97.84
-1176.15 379.146 420.996 -139.758 110.836 -97.823
-1177.07 379.527 420.993 -139.758 110.836 -97.823
-1177.99 379.912 420.989 -139.983 110.839 -97.806
-1178.91 380.301 420.986 -139.983 110.839 -97.806
-1179.83 380.692 420.982 -140.184 110.843 -97.792
-1180.75 381.087 420.979 -140.423 110.842 -97.775
-1181.66 381.486 420.975 -140.423 110.842 -97.775
-1182.58 381.888 420.971 -140.652 110.842 -97.759
-1183.49 382.293 420.968 -140.839 110.844 -97.743
-1184.4 382.702 420.964 -140.839 110.844 -97.743
-1185.31 383.114 420.96 -141.089 110.851 -97.728
-1186.22 383.53 420.956 -141.317 110.852 -97.712
-1187.12 383.949 420.952 -141.317 110.852 -97.712
-1188.03 384.371 420.948 -141.546 110.853 -97.698
-1188.93 384.797 420.943 -141.546 110.853 -97.698
-1189.83 385.227 420.939 -141.773 110.857 -97.684
-1190.73 385.659 420.935 -142.004 110.862 -97.672
-1191.63 386.095 420.93 -142.004 110.862 -97.672
-1192.53 386.535 420.926 -142.257 110.872 -97.66
-1193.43 386.978 420.921 -142.257 110.872 -97.66
-1194.32 387.424 420.917 -142.512 110.875 -97.645
-1195.21 387.874 420.912 -142.742 110.877 -97.627
-1196.1 388.327 420.907 -142.742 110.877 -97.627
-1196.99 388.784 420.902 -142.97 110.882 -97.613
-1197.88 389.244 420.898 -143.168 110.882 -97.603
-1198.77 389.707 420.893 -143.168 110.882 -97.603
-1199.66 390.174 420.888 -143.397 110.885 -97.585
-1200.54 390.644 420.883 -143.624 110.891 -97.571
-1201.42 391.118 420.877 -143.624 110.891 -97.571
-1204.4 392.721 420.864 -144.109 110.903 -97.538
-1205.27 393.206 420.86 -144.309 110.905 -97.528
-1206.15 393.694 420.855 -144.51 110.905 -97.513
-1207.02 394.186 420.851 -144.51 110.905 -97.513
-1207.89 394.68 420.847 -144.713 110.908 -97.502
-1208.76 395.177 420.843 -144.938 110.913 -97.489
-1209.63 395.677 420.839 -144.938 110.913 -97.489
-1210.49 396.181 420.835 -145.161 110.917 -97.476
-1211.35 396.687 420.831 -145.452 110.921 -97.458
-1212.21 397.196 420.827 -145.452 110.921 -97.458
-1213.07 397.709 420.822 -145.682 110.923 -97.444
-1213.93 398.224 420.818 -145.682 110.923 -97.444
-1214.78 398.743 420.814 -145.908 110.924 -97.43
-1215.63 399.264 420.81 -146.138 110.93 -97.415
-1216.48 399.789 420.806 -146.138 110.93 -97.415
-1217.33 400.316 420.802 -146.366 110.936 -97.401
-1218.18 400.847 420.798 -146.619 110.94 -97.385
-1219.02 401.38 420.794 -146.619 110.94 -97.385
-1219.86 401.917 420.79 -146.845 110.942 -97.368
-1220.7 402.456 420.786 -146.845 110.942 -97.368
-1221.54 402.999 420.782 -147.049 110.944 -97.356
-1222.38 403.544 420.777 -147.25 110.945 -97.342
-1223.21 404.093 420.773 -147.25 110.945 -97.342
-1224.04 404.645 420.769 -147.48 110.948 -97.327
-1224.87 405.199 420.765 -147.679 110.951 -97.319
-1225.7 405.757 420.761 -147.679 110.951 -97.319
-1226.53 406.318 420.757 -147.932 110.959 -97.306
-1227.35 406.881 420.753 -148.162 110.961 -97.29
-1228.17 407.448 420.749 -148.162 110.961 -97.29
-1228.99 408.018 420.745 -148.364 110.964 -97.278
-1229.81 408.59 420.741 -148.588 110.966 -97.261
-1230.63 409.166 420.737 -148.588 110.966 -97.261
-1231.44 409.745 420.733 -148.79 110.968 -97.249
-1232.25 410.327 420.729 -148.966 110.97 -97.24
-1233.06 410.912 420.725 -149.249 110.975 -97.224
-1233.87 411.5 420.721 -149.249 110.975 -97.224
-1234.67 412.09 420.717 -149.473 110.98 -97.21
-1235.48 412.684 420.713 -149.473 110.98 -97.21
-1236.28 413.281 420.709 -149.702 110.985 -97.192
-1237.08 413.881 420.705 -149.962 110.985 -97.174
-1237.87 414.484 420.701 -149.962 110.985 -97.174
-1238.67 415.09 420.696 -150.16 110.987 -97.164
-1239.46 415.699 420.692 -150.418 110.991 -97.144
-1240.25 416.311 420.688 -150.418 110.991 -97.144
-1241.04 416.926 420.684 -150.649 110.997 -97.132
-1241.83 417.544 420.68 -150.649 110.997 -97.132
-1242.61 418.165 420.676 -150.876 111.004 -97.12
-1243.4 418.789 420.672 -151.1 111.006 -97.106
-1244.18 419.416 420.668 -151.1 111.006 -97.106
-1244.96 420.046 420.664 -151.331 111.008 -97.089
-1247.02 421.743 420.68 -151.788 111.013 -97.063
-1247.79 422.391 420.677 -151.788 111.013 -97.063
-1248.56 423.041 420.674 -151.989 111.015 -97.052
-1249.33 423.694 420.671 -152.247 111.018 -97.035
-1250.1 424.349 420.668 -152.247 111.018 -97.035
-1250.86 425.007 420.664 -152.474 111.024 -97.02
-1251.62 425.667 420.661 -152.673 111.026 -97.006
-1252.38 426.329 420.658 -152.673 111.026 -97.006
-1253.13 426.993 420.655 -152.898 111.027 -96.989
-1253.89 427.66 420.651 -153.159 111.03 -96.971
-1254.63 428.33 420.648 -153.159 111.03 -96.971
-1255.38 429.001 420.645 -153.361 111.033 -96.961
-1256.12 429.675 420.641 -153.361 111.033 -96.961
-1256.87 430.352 420.638 -153.642 111.035 -96.944
-1257.6 431.03 420.635 -153.873 111.039 -96.93
-1258.34 431.712 420.631 -153.873 111.039 -96.93
-1259.07 432.395 420.627 -154.103 111.045 -96.92
-1259.8 433.081 420.624 -154.103 111.045 -96.92
-1260.53 433.769 420.62 -154.331 111.049 -96.906
-1261.25 434.46 420.617 -154.53 111.048 -96.891
-1261.98 435.152 420.613 -154.761 111.052 -96.878
-1262.69 435.848 420.609 -154.761 111.052 -96.878
-1263.41 436.545 420.605 -154.988 111.058 -96.865
-1264.12 437.245 420.602 -154.988 111.058 -96.865
-1264.83 437.948 420.598 -155.217 111.06 -96.852
-1265.54 438.652 420.594 -155.418 111.063 -96.842
-1266.25 439.359 420.59 -155.418 111.063 -96.842
-1266.95 440.069 420.586 -155.648 111.065 -96.829
-1267.65 440.781 420.582 -155.903 111.068 -96.813
-1268.35 441.495 420.578 -155.903 111.068 -96.813
-1269.04 442.211 420.574 -156.128 111.07 -96.799
-1269.73 442.93 420.57 -156.358 111.072 -96.785
-1270.42 443.651 420.566 -156.358 111.072 -96.785
-1271.11 444.375 420.562 -156.561 111.076 -96.771
-1271.79 445.101 420.557 -156.817 111.081 -96.756
-1272.47 445.829 420.553 -156.817 111.081 -96.756
-1273.15 446.56 420.549 -157.015 111.085 -96.746
-1273.83 447.293 420.545 -157.216 111.088 -96.734
-1274.5 448.028 420.54 -157.216 111.088 -96.734
-1275.17 448.766 420.536 -157.417 111.091 -96.723
-1275.83 449.506 420.531 -157.643 111.092 -96.711
-1276.5 450.248 420.527 -157.643 111.092 -96.711
-1277.16 450.993 420.522 -157.869 111.095 -96.702
-1277.82 451.74 420.518 -158.158 111.103 -96.687
-1278.47 452.49 420.513 -158.158 111.103 -96.687
-1279.13 453.242 420.509 -158.447 111.107 -96.67
-1279.78 453.996 420.504 -158.447 111.107 -96.67
-1280.43 454.753 420.499 -158.676 111.108 -96.657
-1281.07 455.512 420.495 -158.676 111.108 -96.657
-1281.71 456.273 420.49 -158.932 111.113 -96.64
-1282.35 457.037 420.485 -159.132 111.116 -96.627
-1282.99 457.803 420.48 -159.132 111.116 -96.627
-1283.62 458.571 420.475 -159.359 111.114 -96.611
-1284.25 459.342 420.47 -159.558 111.117 -96.599
-1284.88 460.115 420.465 -159.757 111.122 -96.588
-1285.51 460.891 420.461 -159.757 111.122 -96.588
-1286.13 461.668 420.455 -160.013 111.125 -96.571
-1286.75 462.449 420.45 -160.013 111.125 -96.571
-1287.37 463.231 420.445 -160.24 111.124 -96.554
-1287.98 464.016 420.44 -160.473 111.127 -96.538
-1288.6 464.803 420.435 -160.473 111.127 -96.538
-1289.2 465.593 420.43 -160.731 111.131 -96.52
-1289.81 466.385 420.425 -160.93 111.132 -96.507
-1290.42 467.179 420.419 -160.93 111.132 -96.507
-1291.02 467.976 420.414 -161.189 111.135 -96.49
-1291.61 468.775 420.409 -161.189 111.135 -96.49
-1292.21 469.577 420.403 -161.417 111.139 -96.476
-1292.8 470.381 420.398 -161.645 111.14 -96.461
-1293.39 471.187 420.392 -161.645 111.14 -96.461
-1293.98 471.995 420.387 -161.871 111.141 -96.45
-1294.56 472.806 420.381 -162.072 111.147 -96.442
-1295.15 473.619 420.376 -162.072 111.147 -96.442
-1295.73 474.435 420.37 -162.302 111.151 -96.432
-1296.3 475.253 420.365 -162.501 111.152 -96.418
-1296.88 476.073 420.359 -162.501 111.152 -96.418
-1297.45 476.896 420.353 -162.73 111.155 -96.411
-1298.01 477.721 420.347 -162.961 111.161 -96.397
-1298.58 478.548 420.342 -162.961 111.161 -96.397
-1299.14 479.378 420.336 -163.216 111.162 -96.385
-1299.7 480.21 420.33 -163.442 111.164 -96.37
-1300.26 481.045 420.324 -163.442 111.164 -96.37
-1300.81 481.882 420.318 -163.644 111.168 -96.36
-1301.37 482.721 420.312 -163.904 111.17 -96.343
-1301.91 483.562 420.306 -163.904 111.17 -96.343
-1302.46 484.406 420.3 -164.102 111.172 -96.331
-1303 485.253 420.294 -164.3 111.175 -96.319
-1303.55 486.101 420.288 -164.3 111.175 -96.319
-1304.08 486.952 420.282 -164.502 111.181 -96.311
-1304.62 487.806 420.276 -164.677 111.181 -96.3
-1305.15 488.661 420.269 -164.876 111.183 -96.29
-1305.68 489.519 420.263 -164.876 111.183 -96.29
-1306.21 490.38 420.257 -164.876 111.183 -96.29
-1306.73 491.243 420.25 -165.503 111.192 -96.255
-1307.25 492.108 420.244 -165.503 111.192 -96.255
-1307.77 492.975 420.238 -165.503 111.192 -96.255
-1308.29 493.845 420.231 -165.746 111.196 -96.247
-1308.8 494.717 420.225 -165.746 111.196 -96.247
-1309.31 495.592 420.218 -165.746 111.196 -96.247
-1309.82 496.469 420.212 -165.746 111.196 -96.247
-1310.32 497.348 420.205 -165.746 111.196 -96.247
-1310.83 498.23 420.198 -165.746 111.196 -96.247
-1311.33 499.114 420.192 -165.746 111.196 -96.247
3
-956.674 388.301 420.777 -116.93 111.471 -100.435
-957.595 387.871 420.786 -116.93 111.471 -100.435
-958.518 387.446 420.795 -116.93 111.471 -100.435
-959.441 387.023 420.804 -116.93 111.471 -100.435
-960.365 386.604 420.812 -116.93 111.471 -100.435
-961.29 386.189 420.821 -116.93 111.471 -100.435
-962.216 385.778 420.83 -116.93 111.471 -100.435
-963.143 385.37 420.839 -116.93 111.471 -100.435
-964.07 384.965 420.847 -116.93 111.471 -100.435
-964.999 384.564 420.856 -117.058 111.464 -100.414
-965.928 384.167 420.864 -117.212 111.46 -100.394
-966.858 383.773 420.873 -117.212 111.46 -100.394
-967.789 383.383 420.881 -117.351 111.458 -100.376
-968.721 382.996 420.889 -117.565 111.454 -100.347
-969.654 382.613 420.898 -117.565 111.454 -100.347
-970.588 382.233 420.906 -117.701 111.452 -100.328
-971.522 381.857 420.914 -117.84 111.446 -100.309
-972.457 381.485 420.922 -117.84 111.446 -100.309
-973.393 381.116 420.93 -118.037 111.437 -100.285
-974.331 380.75 420.938 -118.194 111.434 -100.26
-975.268 380.389 420.946 -118.194 111.434 -100.26
-976.207 380.03 420.954 -118.335 111.431 -100.245
-977.147 379.676 420.962 -118.518 111.426 -100.225
-978.087 379.325 420.97 -118.518 111.426 -100.225
-979.029 378.977 420.977 -118.656 111.42 -100.209
-979.971 378.633 420.985 -118.809 111.415 -100.194
-980.914 378.293 420.993 -118.809 111.415 -100.194
-981.858 377.956 421 -118.943 111.412 -100.176
-982.802 377.622 421.008 -119.103 111.414 -100.158
-983.748 377.293 421.015 -119.103 111.414 -100.158
-984.695 376.966 421.023 -119.268 111.414 -100.144
-985.642 376.644 421.03 -119.409 111.406 -100.131
-986.59 376.325 421.038 -119.409 111.406 -100.131
-987.539 376.009 421.045 -119.563 111.396 -100.109
-988.489 375.697 421.052 -119.734 111.388 -100.081
-989.44 375.389 421.059 -119.898 111.386 -100.061
-990.392 375.084 421.066 -119.898 111.386 -100.061
-991.344 374.783 421.073 -120.123 111.387 -100.038
-992.297 374.485 421.08 -120.123 111.387 -100.038
-993.252 374.191 421.087 -120.277 111.38 -100.019
-994.207 373.9 421.094 -120.277 111.38 -100.019
-995.163 373.613 421.101 -120.424 111.376 -99.996
-996.119 373.33 421.108 -120.559 111.372 -99.981
-997.077 373.05 421.115 -120.747 111.371 -99.967
-998.036 372.773 421.121 -120.747 111.371 -99.967
-998.995 372.501 421.128 -120.893 111.368 -99.954
-999.955 372.231 421.135 -120.893 111.368 -99.954
-1000.92 371.966 421.141 -121.033 111.361 -99.939
-1001.88 371.703 421.148 -121.164 111.352 -99.919
-1002.84 371.445 421.154 -121.295 111.347 -99.898
-1003.8 371.19 421.161 -121.454 111.347 -99.88
-1004.77 370.938 421.167 -121.454 111.347 -99.88
-1005.73 370.691 421.173 -121.58 111.347 -99.867
-1006.7 370.446 421.179 -121.744 111.344 -99.852
-1007.67 370.205 421.186 -121.744 111.344 -99.852
-1008.64 369.968 421.192 -121.904 111.335 -99.835
-1009.6 369.735 421.198 -122.036 111.329 -99.82
-1010.57 369.504 421.204 -122.036 111.329 -99.82
-1011.55 369.278 421.21 -122.23 111.324 -99.802
-1012.52 369.055 421.216 -122.372 111.325 -99.786
-1013.49 368.836 421.221 -122.372 111.325 -99.786
-1014.46 368.62 421.227 -122.537 111.322 -99.769
-1015.44 368.407 421.233 -122.677 111.315 -99.752
-1016.41 368.199 421.239 -122.677 111.315 -99.752
-1017.39 367.993 421.244 -122.849 111.306 -99.723
-1018.36 367.792 421.25 -123.02 111.302 -99.695
-1019.34 367.594 421.256 -123.02 111.302 -99.695
-1020.32 367.399 421.261 -123.224 111.299 -99.673
-1021.3 367.208 421.266 -123.224 111.299 -99.673
-1022.28 367.021 421.272 -123.409 111.294 -99.652
-1023.26 366.837 421.277 -123.409 111.294 -99.652
-1024.24 366.657 421.282 -123.568 111.288 -99.634
-1025.22 366.48 421.288 -123.723 111.281 -99.615
-1026.21 366.307 421.293 -123.723 111.281 -99.615
-1027.19 366.137 421.298 -123.876 111.277 -99.598
-1028.18 365.971 421.303 -124.013 111.274 -99.581
-1029.16 365.809 421.308 -124.178 111.274 -99.562
-1030.15 365.65 421.313 -124.178 111.274 -99.562
-1031.14 365.495 421.318 -124.32 111.271 -99.547
-1032.12 365.343 421.323 -124.459 111.264 -99.529
-1033.11 365.195 421.328 -124.459 111.264 -99.529
-1034.1 365.05 421.332 -124.634 111.256 -99.508
-1035.1 364.909 421.337 -124.806 111.25 -99.484
-1036.09 364.771 421.342 -124.806 111.25 -99.484
-1037.08 364.637 421.346 -125.01 111.247 -99.464
-1038.07 364.507 421.351 -125.01 111.247 -99.464
-1039.07 364.38 421.355 -125.153 111.246 -99.455
-1040.06 364.257 421.36 -125.311 111.241 -99.44
-1041.06 364.137 421.364 -125.311 111.241 -99.44
-1042.06 364.021 421.369 -125.446 111.236 -99.42
-1043.06 363.908 421.373 -125.581 111.232 -99.407
-1044.05 363.799 421.377 -125.739 111.229 -99.39
-1045.05 363.694 421.381 -125.879 111.225 -99.371
-1046.06 363.592 421.385 -125.879 111.225 -99.371
-1047.06 363.493 421.389 -126.084 111.219 -99.348
-1048.06 363.398 421.393 -126.084 111.219 -99.348
-1049.06 363.307 421.397 -126.224 111.214 -99.331
-1050.07 363.219 421.401 -126.379 111.206 -99.312
-1051.07 363.135 421.405 -126.379 111.206 -99.312
-1052.08 363.055 421.409 -126.536 111.203 -99.297
-1053.08 362.978 421.413 -126.71 111.204 -99.274
-1054.09 362.904 421.416 -126.71 111.204 -99.274
-1055.1 362.834 421.42 -126.87 111.2 -99.26
-1056.11 362.768 421.424 -127.035 111.197 -99.245
-1058.74 362.636 421.423 -127.174 111.19 -99.229
-1059.74 362.587 421.427 -127.329 111.18 -99.209
-1060.74 362.541 421.431 -127.508 111.176 -99.187
-1061.74 362.5 421.435 -127.508 111.176 -99.187
-1062.74 362.462 421.439 -127.667 111.177 -99.17
-1063.74 362.427 421.443 -127.803 111.177 -99.155
-1064.74 362.397 421.446 -127.941 111.174 -99.14
-1065.74 362.37 421.45 -127.941 111.174 -99.14
-1066.74 362.346 421.454 -128.082 111.167 -99.126
-1067.74 362.326 421.457 -128.262 111.159 -99.109
-1068.74 362.31 421.461 -128.262 111.159 -99.109
-1069.74 362.298 421.465 -128.421 111.154 -99.092
-1070.74 362.289 421.468 -128.584 111.154 -99.076
-1071.74 362.284 421.472 -128.584 111.154 -99.076
-1072.74 362.282 421.475 -128.721 111.154 -99.058
-1073.74 362.284 421.479 -128.89 111.147 -99.03
-1074.74 362.29 421.482 -128.89 111.147 -99.03
-1075.74 362.299 421.485 -129.048 111.141 -99.011
-1076.74 362.312 421.489 -129.191 111.136 -98.997
-1077.74 362.329 421.492 -129.191 111.136 -98.997
-1078.74 362.349 421.495 -129.353 111.129 -98.979
-1079.74 362.373 421.499 -129.535 111.124 -98.965
-1080.74 362.401 421.502 -129.535 111.124 -98.965
-1081.73 362.432 421.505 -129.673 111.124 -98.954
-1082.73 362.467 421.508 -129.883 111.117 -98.928
-1083.73 362.506 421.511 -129.883 111.117 -98.928
-1084.73 362.548 421.514 -130.059 111.114 -98.903
-1085.73 362.594 421.517 -130.059 111.114 -98.903
-1086.72 362.643 421.52 -130.243 111.108 -98.879
-1087.72 362.696 421.523 -130.367 111.104 -98.865
-1088.72 362.753 421.526 -130.367 111.104 -98.865
-1089.72 362.814 421.529 -130.527 111.099 -98.847
-1090.72 362.878 421.532 -130.684 111.093 -98.829
-1091.71 362.945 421.535 -130.684 111.093 -98.829
-1092.71 363.017 421.538 -130.879 111.084 -98.806
-1093.71 363.092 421.54 -131.015 111.081 -98.793
-1094.7 363.17 421.543 -131.015 111.081 -98.793
-1095.7 363.253 421.546 -131.174 111.08 -98.773
-1096.7 363.339 421.548 -131.338 111.078 -98.757
-1097.69 363.428 421.551 -131.338 111.078 -98.757
-1098.69 363.521 421.553 -131.496 111.072 -98.734
-1099.69 363.618 421.556 -131.496 111.072 -98.734
-1100.68 363.719 421.559 -131.669 111.063 -98.708
-1101.68 363.823 421.561 -131.83 111.057 -98.688
-1102.67 363.931 421.563 -131.83 111.057 -98.688
-1103.67 364.042 421.566 -132.033 111.054 -98.669
-1104.67 364.157 421.568 -132.191 111.05 -98.651
-1105.66 364.276 421.57 -132.191 111.05 -98.651
-1108.75 364.603 421.588 -132.542 111.042 -98.614
-1109.75 364.734 421.591 -132.722 111.034 -98.596
-1110.74 364.868 421.595 -132.722 111.034 -98.596
-1111.73 365.007 421.598 -132.885 111.033 -98.58
-1112.72 365.148 421.601 -133.046 111.028 -98.563
-1113.71 365.294 421.604 -133.046 111.028 -98.563
-1114.7 365.443 421.607 -133.204 111.022 -98.545
-1115.69 365.596 421.61 -133.341 111.018 -98.531
-1116.68 365.752 421.613 -133.341 111.018 -98.531
-1117.67 365.913 421.616 -133.495 111.015 -98.516
-1118.65 366.076 421.619 -133.631 111.011 -98.5
-1119.64 366.244 421.621 -133.773 111.008 -98.483
-1120.62 366.415 421.624 -133.898 111.006 -98.474
-1121.61 366.59 421.627 -133.898 111.006 -98.474
-1122.59 366.768 421.629 -134.041 111.001 -98.461
-1123.57 366.95 421.632 -134.178 110.996 -98.447
-1124.56 367.136 421.634 -134.178 110.996 -98.447
-1125.54 367.326 421.637 -134.35 110.988 -98.423
-1126.52 367.519 421.639 -134.49 110.984 -98.405
-1127.5 367.716 421.641 -134.49 110.984 -98.405
-1128.48 367.916 421.644 -134.671 110.982 -98.387
-1129.45 368.12 421.646 -134.809 110.98 -98.372
-1130.43 368.328 421.648 -134.809 110.98 -98.372
-1131.41 368.539 421.65 -135.006 110.974 -98.35
-1132.38 368.755 421.652 -135.161 110.965 -98.331
-1133.36 368.973 421.654 -135.161 110.965 -98.331
-1134.33 369.196 421.656 -135.322 110.959 -98.314
-1135.31 369.422 421.658 -135.484 110.959 -98.299
-1136.28 369.652 421.66 -135.484 110.959 -98.299
-1137.25 369.885 421.661 -135.643 110.958 -98.283
-1138.22 370.122 421.663 -135.8 110.955 -98.264
-1139.19 370.363 421.665 -135.8 110.955 -98.264
-1140.16 370.607 421.666 -135.957 110.948 -98.244
-1141.13 370.855 421.668 -135.957 110.948 -98.244
-1142.1 371.107 421.669 -136.251 110.938 -98.212
-1143.06 371.363 421.671 -136.251 110.938 -98.212
-1144.03 371.622 421.672 -136.453 110.935 -98.191
-1144.99 371.884 421.673 -136.453 110.935 -98.191
-1145.96 372.151 421.675 -136.617 110.929 -98.172
-1146.92 372.421 421.676 -136.617 110.929 -98.172
-1147.89 372.695 421.677 -136.796 110.922 -98.153
-1148.85 372.972 421.678 -136.949 110.918 -98.136
-1149.81 373.253 421.679 -137.085 110.918 -98.122
-1150.77 373.538 421.68 -137.085 110.918 -98.122
-1151.73 373.826 421.681 -137.227 110.915 -98.108
-1152.69 374.118 421.682 -137.411 110.909 -98.09
-1155.05 374.831 421.715 -137.551 110.901 -98.073
-1156 375.141 421.716 -137.69 110.897 -98.054
-1156.95 375.454 421.717 -137.864 110.89 -98.031
-1157.9 375.77 421.718 -137.864 110.89 -98.031
-1158.85 376.09 421.718 -138.02 110.887 -98.012
-1159.8 376.414 421.718 -138.221 110.886 -97.99
-1160.75 376.741 421.718 -138.221 110.886 -97.99
-1161.69 377.071 421.719 -138.382 110.88 -97.971
-1162.63 377.405 421.718 -138.382 110.88 -97.971
-1163.58 377.742 421.718 -138.541 110.873 -97.958
-1164.52 378.083 421.718 -138.697 110.865 -97.941
-1165.46 378.427 421.717 -138.835 110.862 -97.925
-1166.39 378.775 421.717 -138.835 110.862 -97.925
-1167.33 379.126 421.716 -138.975 110.858 -97.906
-1168.26 379.481 421.715 -139.112 110.856 -97.889
-1169.2 379.839 421.714 -139.265 110.853 -97.875
-1170.13 380.2 421.712 -139.265 110.853 -97.875
-1171.06 380.565 421.711 -139.469 110.848 -97.85
-1171.99 380.934 421.709 -139.603 110.842 -97.838
-1172.91 381.306 421.708 -139.603 110.842 -97.838
-1173.84 381.681 421.706 -139.797 110.836 -97.82
-1174.76 382.06 421.704 -139.797 110.836 -97.82
-1175.69 382.443 421.702 -139.983 110.839 -97.806
-1176.61 382.829 421.7 -140.161 110.842 -97.794
-1177.53 383.218 421.697 -140.326 110.843 -97.782
-1178.45 383.611 421.695 -140.326 110.843 -97.782
-1179.36 384.007 421.692 -140.522 110.842 -97.767
-1180.28 384.407 421.689 -140.704 110.841 -97.753
-1181.19 384.81 421.686 -140.894 110.845 -97.738
-1182.11 385.217 421.683 -140.894 110.845 -97.738
-1183.02 385.627 421.68 -141.118 110.851 -97.724
-1183.93 386.041 421.677 -141.401 110.851 -97.706
-1184.84 386.458 421.673 -141.401 110.851 -97.706
-1185.74 386.879 421.67 -141.601 110.854 -97.694
-1186.65 387.303 421.666 -141.601 110.854 -97.694
-1187.55 387.731 421.662 -141.801 110.858 -97.683
-1188.45 388.162 421.658 -142.089 110.866 -97.668
-1189.35 388.596 421.653 -142.089 110.866 -97.668
-1190.25 389.034 421.649 -142.089 110.866 -97.668
-1191.15 389.476 421.645 -142.598 110.874 -97.638
-1192.05 389.921 421.64 -142.598 110.874 -97.638
-1192.94 390.369 421.635 -142.798 110.879 -97.624
-1193.84 390.821 421.63 -142.798 110.879 -97.624
-1194.73 391.276 421.625 -143.026 110.883 -97.61
-1195.62 391.735 421.62 -143.026 110.883 -97.61
-1196.51 392.197 421.615 -143.34 110.884 -97.591
-1197.4 392.663 421.609 -143.568 110.89 -97.574
-1200.27 394.16 421.576 -144.051 110.902 -97.541
-1201.15 394.636 421.57 -144.051 110.902 -97.541
-1202.03 395.115 421.565 -144.252 110.905 -97.531
-1202.91 395.597 421.559 -144.511 110.904 -97.513
-1203.78 396.083 421.554 -144.511 110.904 -97.513
-1204.66 396.571 421.548 -144.742 110.908 -97.5
-1205.53 397.063 421.543 -144.742 110.908 -97.5
-1206.4 397.557 421.537 -144.965 110.914 -97.488
-1207.27 398.055 421.532 -145.189 110.918 -97.474
-1208.14 398.556 421.526 -145.189 110.918 -97.474
-1209 399.059 421.52 -145.481 110.922 -97.457
-1209.86 399.566 421.514 -145.481 110.922 -97.457
-1210.72 400.076 421.509 -145.682 110.924 -97.445
-1211.58 400.589 421.503 -145.881 110.924 -97.431
-1212.44 401.105 421.497 -146.083 110.927 -97.419
-1213.29 401.624 421.491 -146.083 110.927 -97.419
-1214.14 402.146 421.485 -146.394 110.936 -97.401
-1214.99 402.672 421.479 -146.394 110.936 -97.401
-1215.84 403.2 421.473 -146.619 110.94 -97.385
-1216.69 403.731 421.467 -146.818 110.942 -97.371
-1217.53 404.266 421.461 -146.818 110.942 -97.371
-1218.37 404.803 421.454 -147.021 110.944 -97.358
-1219.21 405.344 421.448 -147.25 110.945 -97.342
-1220.05 405.888 421.442 -147.25 110.945 -97.342
-1220.89 406.435 421.435 -147.452 110.948 -97.33
-1221.72 406.984 421.429 -147.68 110.951 -97.321
-1222.55 407.537 421.423 -147.68 110.951 -97.321
-1223.38 408.093 421.416 -147.933 110.958 -97.306
-1224.21 408.652 421.41 -148.134 110.961 -97.293
-1225.04 409.215 421.403 -148.134 110.961 -97.293
-1225.86 409.78 421.397 -148.335 110.964 -97.28
-1226.68 410.348 421.39 -148.559 110.965 -97.263
-1227.5 410.919 421.383 -148.559 110.965 -97.263
-1228.32 411.494 421.377 -148.76 110.968 -97.251
-1229.14 412.071 421.37 -148.996 110.97 -97.238
-1229.95 412.652 421.363 -148.996 110.97 -97.238
-1230.76 413.236 421.356 -149.25 110.974 -97.224
-1231.57 413.822 421.349 -149.474 110.981 -97.211
-1232.38 414.412 421.343 -149.474 110.981 -97.211
-1233.19 415.005 421.336 -149.73 110.986 -97.191
-1233.99 415.601 421.329 -149.73 110.986 -97.191
-1234.79 416.2 421.322 -149.989 110.986 -97.173
-1235.59 416.802 421.314 -150.187 110.987 -97.162
-1236.39 417.407 421.307 -150.187 110.987 -97.162
-1237.19 418.015 421.3 -150.389 110.989 -97.146
-1237.98 418.627 421.293 -150.592 110.994 -97.133
-1238.77 419.241 421.286 -150.819 111.002 -97.122
-1240.88 420.838 421.273 -151.015 111.006 -97.111
-1241.67 421.472 421.265 -151.245 111.008 -97.097
-1242.45 422.108 421.258 -151.474 111.01 -97.082
-1243.23 422.747 421.25 -151.474 111.01 -97.082
-1244.01 423.388 421.243 -151.702 111.012 -97.067
-1244.79 424.031 421.235 -151.932 111.013 -97.053
-1245.56 424.677 421.228 -151.932 111.013 -97.053
-1246.33 425.325 421.22 -152.162 111.018 -97.04
-1247.1 425.976 421.213 -152.388 111.023 -97.024
-1247.86 426.629 421.205 -152.388 111.023 -97.024
-1248.63 427.284 421.197 -152.644 111.026 -97.008
-1249.39 427.942 421.189 -152.644 111.026 -97.008
-1250.15 428.602 421.182 -153.071 111.029 -96.977
-1250.9 429.264 421.174 -153.071 111.029 -96.977
-1251.65 429.929 421.166 -153.274 111.031 -96.964
-1252.4 430.597 421.158 -153.274 111.031 -96.964
-1253.15 431.266 421.15 -153.53 111.034 -96.951
-1253.89 431.939 421.142 -153.53 111.034 -96.951
-1254.63 432.613 421.134 -153.757 111.037 -96.936
-1255.37 433.29 421.126 -153.987 111.042 -96.924
-1256.11 433.969 421.118 -153.987 111.042 -96.924
-1256.84 434.651 421.109 -154.189 111.047 -96.914
-1257.57 435.335 421.101 -154.414 111.048 -96.899
-1258.3 436.021 421.093 -154.615 111.049 -96.887
-1259.02 436.71 421.085 -154.615 111.049 -96.887
-1259.75 437.401 421.076 -154.876 111.054 -96.871
-1260.47 438.095 421.068 -154.876 111.054 -96.871
-1261.18 438.791 421.059 -155.074 111.059 -96.861
-1261.9 439.49 421.051 -155.274 111.061 -96.849
-1262.61 440.19 421.042 -155.504 111.064 -96.837
-1263.32 440.894 421.034 -155.504 111.064 -96.837
-1264.03 441.599 421.025 -155.703 111.065 -96.824
-1264.73 442.307 421.017 -155.958 111.07 -96.809
-1265.43 443.018 421.008 -155.958 111.07 -96.809
-1266.13 443.73 420.999 -156.185 111.07 -96.794
-1266.82 444.446 420.99 -156.185 111.07 -96.794
-1267.52 445.163 420.982 -156.445 111.073 -96.779
-1268.21 445.883 420.973 -156.645 111.078 -96.766
-1268.9 446.605 420.964 -156.645 111.078 -96.766
-1269.58 447.33 420.955 -156.845 111.081 -96.755
-1270.26 448.057 420.946 -157.073 111.086 -96.743
-1270.94 448.787 420.937 -157.274 111.09 -96.732
-1271.62 449.519 420.928 -157.274 111.09 -96.732
-1272.29 450.253 420.919 -157.56 111.092 -96.714
-1272.96 450.99 420.91 -157.56 111.092 -96.714
-1273.63 451.729 420.901 -157.56 111.092 -96.714
-1274.3 452.47 420.891 -158.041 111.102 -96.693
-1274.96 453.214 420.882 -158.041 111.102 -96.693
-1275.62 453.961 420.873 -158.244 111.104 -96.68
-1276.28 454.709 420.863 -158.503 111.106 -96.666
-1276.94 455.46 420.854 -158.503 111.106 -96.666
-1277.59 456.214 420.845 -158.762 111.11 -96.652
-1278.24 456.97 420.835 -158.762 111.11 -96.652
-1278.89 457.728 420.826 -159.047 111.116 -96.633
-1279.53 458.488 420.816 -159.047 111.116 -96.633
-1280.17 459.251 420.807 -159.331 111.114 -96.613
-1280.81 460.017 420.797 -159.331 111.114 -96.613
-1281.45 460.785 420.787 -159.558 111.117 -96.6
-1282.08 461.555 420.777 -159.814 111.122 -96.586
-1282.72 462.327 420.768 -159.814 111.122 -96.586
-1283.34 463.102 420.758 -160.012 111.126 -96.571
-1283.97 463.88 420.748 -160.269 111.124 -96.552
-1284.59 464.66 420.738 -160.269 111.124 -96.552
-1285.21 465.442 420.728 -160.473 111.127 -96.538
-1285.83 466.226 420.718 -160.674 111.13 -96.523
-1286.45 467.013 420.708 -160.674 111.13 -96.523
-1287.06 467.803 420.698 -160.902 111.132 -96.51
-1287.67 468.594 420.688 -161.102 111.133 -96.496
-1288.28 469.389 420.678 -161.102 111.133 -96.496
-1288.88 470.185 420.668 -161.331 111.138 -96.481
-1289.48 470.984 420.658 -161.531 111.139 -96.468
-1290.08 471.785 420.647 -161.531 111.139 -96.468
-1290.68 472.589 420.637 -161.757 111.14 -96.453
-1291.27 473.395 420.627 -161.958 111.143 -96.446
-1291.86 474.204 420.616 -162.158 111.149 -96.438
-1292.45 475.014 420.606 -162.158 111.149 -96.438
-1293.04 475.828 420.596 -162.36 111.152 -96.428
-1293.62 476.643 420.585 -162.614 111.154 -96.414
-1294.2 477.461 420.575 -162.614 111.154 -96.414
-1294.78 478.282 420.564 -162.846 111.158 -96.405
-1295.35 479.105 420.553 -162.846 111.158 -96.405
-1295.92 479.93 420.543 -163.104 111.162 -96.39
-1296.49 480.758 420.532 -163.357 111.162 -96.376
-1297.06 481.588 420.521 -163.357 111.162 -96.376
-1297.63 482.42 420.51 -163.557 111.166 -96.363
-1298.19 483.255 420.5 -163.788 111.17 -96.35
-1298.75 484.092 420.489 -163.788 111.17 -96.35
-1299.3 484.932 420.478 -163.989 111.17 -96.336
-1299.86 485.774 420.467 -163.989 111.17 -96.336
-1300.41 486.618 420.456 -163.989 111.17 -96.336
-1300.95 487.465 420.445 -164.705 111.182 -96.298
-1301.5 488.314 420.434 -164.705 111.182 -96.298
-1302.04 489.166 420.423 -164.705 111.182 -96.298
-1302.58 490.02 420.412 -164.904 111.184 -96.289
-1303.12 490.876 420.4 -165.131 111.185 -96.274
-1303.65 491.735 420.389 -165.131 111.185 -96.274
-1304.19 492.596 420.378 -165.361 111.19 -96.264
-1304.72 493.459 420.366 -165.361 111.19 -96.264
-1305.24 494.325 420.355 -165.361 111.19 -96.264
-1305.77 495.193 420.344 -165.361 111.19 -96.264
-1306.29 496.064 420.332 -165.361 111.19 -96.264
-1306.81 496.937 420.321 -165.361 111.19 -96.264
-1307.32 497.813 420.309 -165.361 111.19 -96.264
-1307.83 498.691 420.298 -165.361 111.19 -96.264
-1308.35 499.571 420.286 -165.361 111.19 -96.264
4
-957.685 386.981 419.966 -116.878 111.473 -100.445
-958.606 386.549 419.973 -116.878 111.473 -100.445
-959.528 386.12 419.981 -116.878 111.473 -100.445
-960.451 385.695 419.988 -116.878 111.473 -100.445
-961.375 385.274 419.995 -116.878 111.473 -100.445
-962.3 384.856 420.003 -116.878 111.473 -100.445
-963.226 384.441 420.01 -116.878 111.473 -100.445
-964.152 384.03 420.017 -116.878 111.473 -100.445
-965.08 383.623 420.024 -116.878 111.473 -100.445
-966.008 383.219 420.032 -117.232 111.46 -100.391
-966.937 382.818 420.039 -117.232 111.46 -100.391
-967.867 382.422 420.046 -117.408 111.457 -100.367
-968.798 382.028 420.053 -117.408 111.457 -100.367
-969.73 381.639 420.06 -117.584 111.454 -100.344
-970.662 381.252 420.067 -117.584 111.454 -100.344
-971.595 380.87 420.074 -117.74 111.451 -100.321
-972.53 380.491 420.08 -117.88 111.444 -100.304
-973.465 380.115 420.087 -117.88 111.444 -100.304
-974.401 379.743 420.094 -118.038 111.437 -100.284
-975.337 379.375 420.101 -118.173 111.434 -100.262
-976.275 379.01 420.108 -118.314 111.431 -100.247
-977.214 378.649 420.114 -118.314 111.431 -100.247
-978.153 378.291 420.121 -118.498 111.427 -100.227
-979.093 377.937 420.127 -118.498 111.427 -100.227
-980.034 377.586 420.134 -118.637 111.421 -100.211
-980.976 377.239 420.141 -118.791 111.415 -100.196
-981.919 376.895 420.147 -118.943 111.413 -100.175
-982.862 376.555 420.153 -118.943 111.413 -100.175
-983.807 376.218 420.16 -119.082 111.414 -100.159
-984.752 375.885 420.166 -119.268 111.414 -100.143
-985.698 375.556 420.172 -119.268 111.414 -100.143
-986.645 375.23 420.179 -119.39 111.408 -100.132
-987.593 374.908 420.185 -119.563 111.395 -100.109
-988.542 374.589 420.191 -119.563 111.395 -100.109
-989.491 374.274 420.197 -119.694 111.389 -100.085
-990.442 373.962 420.203 -119.856 111.387 -100.066
-991.393 373.654 420.209 -119.856 111.387 -100.066
-992.345 373.349 420.215 -120.042 111.388 -100.046
-993.298 373.048 420.221 -120.201 111.384 -100.029
-994.252 372.751 420.227 -120.201 111.384 -100.029
-995.207 372.457 420.233 -120.331 111.378 -100.01
-996.162 372.166 420.239 -120.481 111.374 -99.989
-997.119 371.879 420.245 -120.641 111.371 -99.974
-998.076 371.596 420.251 -120.641 111.371 -99.974
-999.034 371.316 420.256 -120.788 111.37 -99.962
-999.993 371.04 420.262 -120.914 111.366 -99.951
-1000.95 370.767 420.268 -120.914 111.366 -99.951
-1001.91 370.498 420.273 -121.089 111.356 -99.93
-1002.87 370.232 420.279 -121.089 111.356 -99.93
-1003.84 369.97 420.284 -121.394 111.346 -99.887
-1004.8 369.712 420.29 -121.394 111.346 -99.887
-1005.76 369.457 420.295 -121.559 111.348 -99.869
-1006.73 369.205 420.301 -121.559 111.348 -99.869
-1007.7 368.957 420.306 -121.744 111.344 -99.851
-1008.66 368.713 420.311 -121.744 111.344 -99.851
-1009.63 368.472 420.317 -121.884 111.336 -99.837
-1010.6 368.235 420.322 -122.037 111.329 -99.82
-1011.57 368.001 420.327 -122.17 111.326 -99.808
-1012.54 367.771 420.332 -122.17 111.326 -99.808
-1013.51 367.544 420.337 -122.331 111.325 -99.792
-1014.48 367.321 420.343 -122.456 111.325 -99.779
-1015.45 367.102 420.348 -122.456 111.325 -99.779
-1016.43 366.886 420.353 -122.639 111.318 -99.759
-1017.4 366.673 420.357 -122.773 111.31 -99.737
-1018.38 366.464 420.362 -122.773 111.31 -99.737
-1019.35 366.259 420.367 -122.924 111.305 -99.71
-1020.33 366.057 420.372 -123.061 111.3 -99.69
-1021.31 365.859 420.377 -123.225 111.299 -99.672
-1022.28 365.664 420.382 -123.225 111.299 -99.672
-1023.26 365.473 420.386 -123.389 111.295 -99.654
-1024.24 365.285 420.391 -123.389 111.295 -99.654
-1025.23 365.101 420.396 -123.549 111.289 -99.637
-1026.21 364.921 420.4 -123.704 111.282 -99.618
-1027.19 364.743 420.405 -123.837 111.279 -99.602
-1028.17 364.57 420.409 -123.837 111.279 -99.602
-1029.16 364.4 420.414 -123.993 111.275 -99.583
-1030.14 364.234 420.418 -124.179 111.274 -99.563
-1031.13 364.071 420.423 -124.179 111.274 -99.563
-1032.12 363.912 420.427 -124.34 111.269 -99.545
-1033.1 363.756 420.431 -124.34 111.269 -99.545
-1034.09 363.604 420.435 -124.498 111.261 -99.523
-1035.08 363.455 420.44 -124.652 111.256 -99.505
-1036.07 363.31 420.444 -124.787 111.251 -99.487
-1037.07 363.168 420.448 -124.787 111.251 -99.487
-1038.06 363.03 420.452 -124.928 111.247 -99.473
-1039.05 362.896 420.456 -125.052 111.247 -99.462
-1040.04 362.765 420.46 -125.193 111.246 -99.451
-1041.04 362.638 420.464 -125.193 111.246 -99.451
-1042.03 362.514 420.468 -125.33 111.24 -99.437
-1043.03 362.393 420.472 -125.465 111.235 -99.417
-1044.03 362.277 420.476 -125.64 111.232 -99.4
-1045.03 362.164 420.48 -125.64 111.232 -99.4
-1046.03 362.054 420.483 -125.798 111.227 -99.381
-1047.03 361.948 420.487 -125.94 111.223 -99.364
-1048.03 361.845 420.491 -125.94 111.223 -99.364
-1049.03 361.746 420.494 -126.125 111.218 -99.341
-1050.03 361.651 420.498 -126.125 111.218 -99.341
-1051.03 361.559 420.501 -126.301 111.211 -99.321
-1052.04 361.47 420.505 -126.476 111.204 -99.302
-1053.04 361.386 420.508 -126.476 111.204 -99.302
-1054.05 361.304 420.512 -126.612 111.203 -99.285
-1055.06 361.227 420.515 -126.769 111.203 -99.269
-1056.06 361.152 420.519 -126.769 111.203 -99.269
-1057.07 361.082 420.522 -126.953 111.199 -99.254
-1058.08 361.015 420.525 -127.094 111.195 -99.239
-1060.62 360.885 420.533 -127.251 111.186 -99.219
-1061.62 360.835 420.536 -127.389 111.177 -99.202
-1062.63 360.788 420.539 -127.588 111.176 -99.178
-1063.63 360.746 420.542 -127.588 111.176 -99.178
-1064.63 360.707 420.545 -127.724 111.177 -99.163
-1065.63 360.671 420.548 -127.881 111.177 -99.146
-1066.63 360.64 420.55 -127.881 111.177 -99.146
-1067.63 360.612 420.553 -128.083 111.167 -99.127
-1068.63 360.588 420.556 -128.083 111.167 -99.127
-1069.63 360.567 420.558 -128.242 111.159 -99.112
-1070.63 360.55 420.561 -128.4 111.153 -99.093
-1071.63 360.537 420.564 -128.4 111.153 -99.093
-1072.63 360.528 420.566 -128.563 111.154 -99.079
-1073.63 360.522 420.569 -128.72 111.154 -99.059
-1074.63 360.52 420.571 -128.72 111.154 -99.059
-1075.63 360.522 420.573 -128.871 111.149 -99.033
-1076.63 360.527 420.576 -129.028 111.141 -99.013
-1077.63 360.536 420.578 -129.171 111.137 -99.001
-1078.63 360.549 420.58 -129.171 111.137 -99.001
-1079.63 360.566 420.582 -129.333 111.13 -98.983
-1080.63 360.586 420.584 -129.474 111.126 -98.97
-1081.63 360.61 420.586 -129.474 111.126 -98.97
-1082.63 360.637 420.588 -129.615 111.125 -98.958
-1083.63 360.668 420.59 -129.77 111.121 -98.944
-1084.63 360.703 420.592 -129.77 111.121 -98.944
-1085.62 360.742 420.594 -129.903 111.117 -98.927
-1086.62 360.784 420.596 -130.059 111.114 -98.905
-1087.62 360.83 420.598 -130.201 111.109 -98.884
-1088.62 360.88 420.6 -130.201 111.109 -98.884
-1089.62 360.934 420.601 -130.367 111.103 -98.865
-1090.62 360.991 420.603 -130.528 111.099 -98.848
-1091.61 361.051 420.605 -130.528 111.099 -98.848
-1092.61 361.116 420.606 -130.684 111.093 -98.829
-1093.61 361.184 420.608 -130.819 111.087 -98.811
-1094.61 361.256 420.609 -130.819 111.087 -98.811
-1095.6 361.332 420.611 -130.976 111.082 -98.796
-1096.6 361.411 420.612 -131.134 111.081 -98.778
-1097.6 361.494 420.613 -131.134 111.081 -98.778
-1098.6 361.581 420.615 -131.297 111.078 -98.761
-1099.59 361.671 420.616 -131.437 111.075 -98.742
-1100.59 361.765 420.617 -131.437 111.075 -98.742
-1101.59 361.863 420.618 -131.611 111.066 -98.718
-1102.58 361.964 420.619 -131.768 111.059 -98.695
-1103.58 362.069 420.62 -131.768 111.059 -98.695
-1104.58 362.178 420.621 -131.911 111.054 -98.68
-1105.57 362.291 420.622 -132.073 111.052 -98.665
-1106.57 362.407 420.623 -132.073 111.052 -98.665
-1109.51 362.712 420.65 -132.523 111.042 -98.617
-1110.5 362.841 420.651 -132.523 111.042 -98.617
-1111.5 362.974 420.653 -132.683 111.036 -98.601
-1112.49 363.11 420.654 -132.845 111.032 -98.584
-1113.48 363.251 420.655 -132.845 111.032 -98.584
-1114.47 363.395 420.656 -133.006 111.029 -98.567
-1115.46 363.542 420.657 -133.165 111.025 -98.551
-1116.45 363.694 420.658 -133.165 111.025 -98.551
-1117.44 363.849 420.659 -133.323 111.018 -98.535
-1118.43 364.007 420.659 -133.458 111.015 -98.522
-1119.42 364.169 420.66 -133.458 111.015 -98.522
-1120.4 364.335 420.66 -133.612 111.011 -98.503
-1121.39 364.505 420.661 -133.773 111.008 -98.484
-1122.38 364.678 420.661 -133.898 111.006 -98.473
-1123.36 364.855 420.661 -133.898 111.006 -98.473
-1124.34 365.036 420.661 -134.061 111.002 -98.46
-1125.33 365.22 420.661 -134.215 110.994 -98.441
-1126.31 365.408 420.661 -134.215 110.994 -98.441
-1127.29 365.6 420.661 -134.37 110.987 -98.42
-1128.27 365.795 420.66 -134.51 110.983 -98.403
-1129.25 365.994 420.66 -134.51 110.983 -98.403
-1130.23 366.197 420.659 -134.73 110.981 -98.381
-1131.2 366.403 420.659 -134.73 110.981 -98.381
-1132.18 366.613 420.658 -134.887 110.979 -98.362
-1133.16 366.827 420.657 -135.044 110.972 -98.344
-1134.13 367.044 420.656 -135.181 110.964 -98.328
-1135.11 367.265 420.655 -135.181 110.964 -98.328
-1136.08 367.49 420.654 -135.342 110.959 -98.31
-1137.05 367.718 420.653 -135.484 110.959 -98.298
-1138.03 367.95 420.651 -135.484 110.959 -98.298
-1139 368.186 420.65 -135.643 110.957 -98.283
-1139.97 368.425 420.648 -135.799 110.955 -98.264
-1140.94 368.668 420.647 -135.799 110.955 -98.264
-1141.91 368.915 420.645 -135.975 110.947 -98.24
-1142.88 369.165 420.643 -136.112 110.941 -98.225
-1143.84 369.419 420.641 -136.112 110.941 -98.225
-1144.81 369.677 420.639 -136.25 110.939 -98.211
-1145.78 369.938 420.637 -136.39 110.937 -98.196
-1146.74 370.203 420.635 -136.555 110.932 -98.177
-1147.71 370.472 420.632 -136.555 110.932 -98.177
-1148.67 370.745 420.63 -136.678 110.925 -98.164
-1149.63 371.021 420.627 -136.815 110.921 -98.15
-1150.6 371.3 420.625 -136.815 110.921 -98.15
-1151.56 371.584 420.622 -137.125 110.917 -98.117
-1152.52 371.871 420.619 -137.125 110.917 -98.117
-1153.48 372.161 420.616 -137.267 110.915 -98.102
-1155.81 372.81 420.6 -137.572 110.901 -98.07
-1156.77 373.116 420.597 -137.572 110.901 -98.07
-1157.72 373.424 420.594 -137.728 110.894 -98.048
-1158.67 373.737 420.591 -137.864 110.89 -98.03
-1159.62 374.052 420.588 -137.864 110.89 -98.03
-1160.57 374.372 420.584 -138.001 110.888 -98.015
-1161.52 374.694 420.581 -138.142 110.886 -97.998
-1162.47 375.021 420.577 -138.282 110.884 -97.983
-1163.41 375.35 420.574 -138.282 110.884 -97.983
-1164.36 375.684 420.57 -138.423 110.878 -97.97
-1165.3 376.02 420.566 -138.6 110.87 -97.952
-1166.24 376.36 420.562 -138.6 110.87 -97.952
-1167.18 376.704 420.558 -138.795 110.864 -97.929
-1168.12 377.051 420.554 -138.935 110.859 -97.911
-1169.05 377.402 420.55 -138.935 110.859 -97.911
-1169.99 377.756 420.546 -139.094 110.856 -97.892
-1170.92 378.114 420.541 -139.227 110.854 -97.878
-1171.85 378.475 420.537 -139.227 110.854 -97.878
-1172.78 378.84 420.532 -139.395 110.851 -97.86
-1173.71 379.208 420.528 -139.545 110.844 -97.843
-1174.64 379.58 420.523 -139.699 110.839 -97.83
-1175.57 379.955 420.518 -139.699 110.839 -97.83
-1176.49 380.334 420.513 -139.878 110.837 -97.813
-1177.41 380.716 420.508 -139.878 110.837 -97.813
-1178.34 381.102 420.503 -140.093 110.842 -97.799
-1179.26 381.491 420.498 -140.303 110.844 -97.784
-1180.17 381.884 420.493 -140.303 110.844 -97.784
-1181.09 382.28 420.487 -140.472 110.842 -97.772
-1182.01 382.68 420.482 -140.678 110.842 -97.756
-1182.92 383.083 420.476 -140.678 110.842 -97.756
-1183.84 383.49 420.471 -140.923 110.846 -97.737
-1184.75 383.9 420.465 -141.118 110.852 -97.726
-1185.66 384.314 420.459 -141.118 110.852 -97.726
-1186.57 384.731 420.453 -141.346 110.852 -97.712
-1187.47 385.152 420.447 -141.545 110.853 -97.699
-1188.38 385.576 420.441 -141.744 110.857 -97.686
-1189.28 386.004 420.435 -141.744 110.857 -97.686
-1190.19 386.435 420.429 -142.004 110.862 -97.673
-1191.09 386.87 420.422 -142.004 110.862 -97.673
-1191.99 387.308 420.416 -142.23 110.872 -97.662
-1192.89 387.75 420.409 -142.454 110.874 -97.648
-1193.79 388.195 420.403 -142.454 110.874 -97.648
-1194.68 388.643 420.396 -142.684 110.876 -97.632
-1195.58 389.096 420.389 -142.884 110.881 -97.616
-1196.47 389.551 420.382 -142.884 110.881 -97.616
-1197.36 390.011 420.375 -143.14 110.882 -97.604
-1198.25 390.473 420.368 -143.368 110.885 -97.589
-1201.16 392.025 420.327 -143.766 110.894 -97.561
-1202.04 392.499 420.321 -143.993 110.9 -97.545
-1202.92 392.975 420.315 -143.993 110.9 -97.545
-1203.8 393.455 420.308 -144.195 110.904 -97.534
-1204.68 393.938 420.302 -144.424 110.905 -97.52
-1205.56 394.424 420.296 -144.424 110.905 -97.52
-1206.43 394.913 420.29 -144.655 110.907 -97.504
-1207.3 395.406 420.284 -144.855 110.911 -97.494
-1208.17 395.901 420.277 -144.855 110.911 -97.494
-1209.04 396.399 420.271 -145.048 110.916 -97.482
-1209.9 396.9 420.265 -145.277 110.919 -97.469
-1210.77 397.405 420.259 -145.277 110.919 -97.469
-1211.63 397.912 420.253 -145.481 110.923 -97.457
-1212.49 398.423 420.247 -145.71 110.924 -97.441
-1213.35 398.936 420.241 -145.71 110.924 -97.441
-1214.21 399.453 420.235 -145.908 110.923 -97.429
-1215.06 399.972 420.229 -146.139 110.929 -97.414
-1215.91 400.495 420.223 -146.139 110.929 -97.414
-1216.76 401.021 420.217 -146.366 110.935 -97.401
-1217.61 401.549 420.211 -146.59 110.94 -97.387
-1218.46 402.081 420.205 -146.59 110.94 -97.387
-1219.3 402.616 420.199 -146.846 110.942 -97.369
-1220.14 403.154 420.193 -146.846 110.942 -97.369
-1220.98 403.695 420.187 -147.077 110.944 -97.354
-1221.82 404.239 420.182 -147.337 110.945 -97.336
-1222.66 404.786 420.176 -147.337 110.945 -97.336
-1223.49 405.336 420.17 -147.567 110.948 -97.326
-1224.32 405.889 420.164 -147.567 110.948 -97.326
-1225.15 406.446 420.158 -147.792 110.956 -97.316
-1225.98 407.005 420.153 -147.988 110.96 -97.302
-1226.81 407.567 420.147 -148.191 110.962 -97.289
-1227.63 408.133 420.141 -148.191 110.962 -97.289
-1228.46 408.701 420.136 -148.448 110.963 -97.271
-1229.28 409.273 420.13 -148.675 110.966 -97.257
-1230.09 409.847 420.124 -148.675 110.966 -97.257
-1230.91 410.425 420.119 -148.879 110.969 -97.245
-1231.73 411.006 420.113 -149.082 110.972 -97.233
-1232.54 411.589 420.107 -149.082 110.972 -97.233
-1233.35 412.176 420.102 -149.305 110.976 -97.221
-1234.16 412.766 420.096 -149.559 110.983 -97.205
-1234.96 413.359 420.091 -149.559 110.983 -97.205
-1235.77 413.955 420.085 -149.788 110.986 -97.187
-1236.57 414.554 420.08 -149.788 110.986 -97.187
-1237.37 415.156 420.074 -149.99 110.986 -97.172
-1238.17 415.761 420.069 -150.187 110.987 -97.162
-1238.97 416.369 420.064 -150.389 110.989 -97.146
-1239.76 416.98 420.058 -150.389 110.989 -97.146
-1240.55 417.595 420.053 -150.62 110.995 -97.131
-1242.69 419.268 420.052 -151.071 111.007 -97.108
-1243.48 419.899 420.048 -151.071 111.007 -97.108
-1244.27 420.532 420.043 -151.273 111.008 -97.094
-1245.06 421.168 420.039 -151.531 111.01 -97.077
-1245.84 421.806 420.035 -151.531 111.01 -97.077
-1246.62 422.447 420.03 -151.789 111.013 -97.062
-1247.4 423.09 420.026 -151.99 111.014 -97.051
-1248.17 423.735 420.021 -151.99 111.014 -97.051
-1248.94 424.383 420.017 -152.218 111.018 -97.036
-1249.71 425.034 420.012 -152.445 111.024 -97.021
-1250.48 425.687 420.008 -152.445 111.024 -97.021
-1251.24 426.342 420.003 -152.644 111.026 -97.008
-1252 427 419.999 -152.644 111.026 -97.008
-1252.76 427.66 419.994 -153.129 111.029 -96.972
-1253.51 428.323 419.99 -153.129 111.029 -96.972
-1254.27 428.988 419.985 -153.332 111.032 -96.962
-1255.01 429.656 419.981 -153.332 111.032 -96.962
-1255.76 430.326 419.976 -153.558 111.034 -96.949
-1256.51 430.999 419.972 -153.558 111.034 -96.949
-1257.25 431.674 419.967 -153.815 111.038 -96.933
-1257.99 432.351 419.963 -154.017 111.043 -96.924
-1258.72 433.031 419.958 -154.017 111.043 -96.924
-1259.45 433.713 419.954 -154.273 111.049 -96.909
-1260.18 434.398 419.949 -154.528 111.047 -96.891
-1260.91 435.086 419.945 -154.528 111.047 -96.891
-1261.64 435.775 419.94 -154.704 111.049 -96.88
-1262.36 436.467 419.935 -154.932 111.056 -96.868
-1263.08 437.162 419.931 -154.932 111.056 -96.868
-1263.79 437.859 419.926 -155.16 111.06 -96.856
-1264.51 438.559 419.922 -155.39 111.062 -96.843
-1265.22 439.261 419.917 -155.39 111.062 -96.843
-1265.93 439.965 419.912 -155.59 111.065 -96.832
-1266.63 440.672 419.908 -155.845 111.068 -96.816
-1267.33 441.381 419.903 -155.845 111.068 -96.816
-1268.03 442.093 419.899 -156.042 111.07 -96.803
-1268.73 442.807 419.894 -156.272 111.071 -96.79
-1269.42 443.524 419.889 -156.272 111.071 -96.79
-1270.12 444.243 419.885 -156.474 111.074 -96.778
-1270.8 444.965 419.88 -156.676 111.079 -96.764
-1271.49 445.689 419.875 -156.676 111.079 -96.764
-1272.17 446.415 419.871 -156.902 111.081 -96.752
-1272.85 447.144 419.866 -157.129 111.087 -96.741
-1273.53 447.875 419.861 -157.129 111.087 -96.741
-1274.21 448.609 419.857 -157.36 111.09 -96.726
-1274.88 449.346 419.852 -157.559 111.092 -96.714
-1275.55 450.084 419.847 -157.559 111.092 -96.714
-1276.22 450.825 419.842 -157.755 111.092 -96.705
-1276.88 451.569 419.838 -157.983 111.101 -96.695
-1277.54 452.315 419.833 -158.215 111.104 -96.682
-1278.2 453.064 419.828 -158.215 111.104 -96.682
-1278.85 453.815 419.823 -158.475 111.107 -96.668
-1279.51 454.568 419.819 -158.475 111.107 -96.668
-1280.16 455.324 419.814 -158.676 111.107 -96.657
-1280.8 456.082 419.809 -158.876 111.111 -96.646
-1281.45 456.843 419.804 -158.876 111.111 -96.646
-1282.09 457.606 419.799 -159.331 111.114 -96.613
-1282.73 458.372 419.795 -159.331 111.114 -96.613
-1283.37 459.14 419.79 -159.331 111.114 -96.613
-1284 459.911 419.785 -159.558 111.117 -96.6
-1284.63 460.684 419.78 -159.786 111.121 -96.586
-1285.26 461.459 419.775 -159.786 111.121 -96.586
-1285.88 462.237 419.771 -159.984 111.125 -96.572
-1286.51 463.018 419.766 -160.183 111.125 -96.558
-1287.13 463.801 419.761 -160.183 111.125 -96.558
-1287.74 464.586 419.756 -160.445 111.128 -96.541
-1288.36 465.374 419.751 -160.703 111.13 -96.521
-1288.97 466.164 419.746 -160.703 111.13 -96.521
-1289.58 466.957 419.741 -160.931 111.132 -96.508
-1290.18 467.752 419.737 -160.931 111.132 -96.508
-1290.79 468.549 419.732 -161.189 111.134 -96.49
-1291.39 469.349 419.727 -161.388 111.138 -96.479
-1291.99 470.152 419.722 -161.388 111.138 -96.479
-1292.58 470.957 419.717 -161.616 111.139 -96.461
-1293.17 471.764 419.712 -161.842 111.14 -96.453
-1293.76 472.574 419.707 -161.842 111.14 -96.453
-1294.35 473.386 419.702 -162.043 111.145 -96.442
-1294.93 474.201 419.697 -162.245 111.15 -96.435
-1295.51 475.018 419.692 -162.446 111.152 -96.422
-1296.09 475.838 419.687 -162.446 111.152 -96.422
-1296.67 476.66 419.682 -162.642 111.154 -96.412
-1297.24 477.484 419.677 -162.876 111.159 -96.404
-1297.81 478.311 419.672 -162.876 111.159 -96.404
-1298.38 479.141 419.667 -163.076 111.162 -96.393
-1298.94 479.973 419.662 -163.273 111.161 -96.381
-1299.5 480.807 419.657 -163.499 111.165 -96.368
-1300.06 481.644 419.652 -163.499 111.165 -96.368
-1300.62 482.483 419.647 -163.703 111.168 -96.355
-1301.17 483.325 419.642 -163.904 111.17 -96.342
-1301.72 484.169 419.637 -163.904 111.17 -96.342
-1302.27 485.015 419.632 -164.13 111.172 -96.328
-1302.82 485.864 419.627 -164.358 111.179 -96.317
-1303.36 486.716 419.622 -164.358 111.179 -96.317
-1303.9 487.57 419.617 -164.589 111.181 -96.306
-1304.44 488.426 419.612 -164.791 111.183 -96.293
-1304.97 489.285 419.607 -164.989 111.183 -96.281
-1305.5 490.146 419.602 -164.989 111.183 -96.281
-1306.03 491.01 419.597 -165.217 111.188 -96.273
-1306.56 491.876 419.592 -165.217 111.188 -96.273
-1307.08 492.745 419.586 -165.217 111.188 -96.273
-1307.6 493.616 419.581 -165.217 111.188 -96.273
-1308.12 494.49 419.576 -165.217 111.188 -96.273
-1308.63 495.366 419.571 -165.217 111.188 -96.273
-1309.14 496.244 419.566 -165.217 111.188 -96.273
-1309.65 497.125 419.561 -165.217 111.188 -96.273
-1310.16 498.008 419.556 -165.217 111.188 -96.273
