1
-744.707 323.273 51.7923 95.079 117.512 0.887
-744.723 323.273 50.7924 95.079 117.512 0.887
-744.739 323.273 49.7925 95.079 117.512 0.887
-744.755 323.273 48.7925 95.079 117.512 0.887
-744.77 323.273 47.7926 95.079 117.512 0.887
-744.786 323.273 46.7927 95.079 117.512 0.887
-744.802 323.273 45.7928 95.079 117.512 0.887
-744.817 323.272 44.7929 95.079 117.512 0.887
-744.833 323.272 43.793 95.079 117.512 0.887
-744.848 323.271 42.793 95.088 117.617 0.913
-744.863 323.27 41.7931 95.088 117.617 0.913
-744.878 323.269 40.7932 95.091 117.711 0.923
-744.893 323.268 39.7933 95.099 117.818 0.928
-744.908 323.266 38.7934 95.104 117.917 0.928
-744.923 323.265 37.7935 95.104 118.006 0.923
-744.938 323.263 36.7936 95.104 118.006 0.923
-744.953 323.261 35.7937 95.104 118.133 0.92
-744.968 323.259 34.7938 95.101 118.246 0.918
-744.982 323.257 33.7938 95.101 118.246 0.918
-744.997 323.255 32.7939 95.099 118.358 0.916
-745.011 323.252 31.794 95.099 118.486 0.915
-745.026 323.249 30.7941 95.102 118.584 0.914
-745.04 323.247 29.7942 95.102 118.584 0.914
-745.054 323.244 28.7943 95.104 118.683 0.916
-745.068 323.241 27.7944 95.104 118.796 0.921
-745.083 323.237 26.7945 95.105 118.894 0.92
-745.097 323.234 25.7946 95.105 118.894 0.92
-745.11 323.231 24.7947 95.101 119.006 0.919
-745.124 323.227 23.7948 95.101 119.104 0.918
-745.138 323.223 22.7949 95.101 119.216 0.914
-745.152 323.219 21.795 95.102 119.313 0.914
-745.165 323.215 20.7951 95.102 119.313 0.914
-745.179 323.211 19.7952 95.104 119.426 0.914
-745.192 323.206 18.7953 95.107 119.541 0.914
-745.206 323.202 17.7954 95.106 119.637 0.916
-745.219 323.197 16.7955 95.106 119.637 0.916
-745.232 323.192 15.7956 95.105 119.734 0.918
-745.245 323.187 14.7957 95.104 119.847 0.916
-745.259 323.182 13.7958 95.104 119.847 0.916
-745.271 323.176 12.7959 95.103 119.975 0.914
-745.284 323.171 11.796 95.106 120.073 0.913
-745.297 323.165 10.7961 95.108 120.187 0.916
-745.31 323.159 9.79616 95.108 120.187 0.916
-745.323 323.153 8.79626 95.111 120.284 0.915
-745.335 323.147 7.79636 95.113 120.398 0.92
-745.348 323.141 6.79647 95.113 120.51 0.92
-745.36 323.135 5.79657 95.113 120.51 0.92
-745.373 323.128 4.79667 95.114 120.606 0.916
-745.385 323.121 3.79678 95.114 120.702 0.913
-745.397 323.114 2.79688 95.116 120.798 0.909
-745.409 323.107 1.79699 95.117 120.896 0.912
-745.421 323.1 0.797093 95.117 120.896 0.912
-745.433 323.093 -0.202801 95.118 121.026 0.916
-745.445 323.085 -1.20269 95.119 121.124 0.919
-745.457 323.078 -2.20259 95.124 121.269 0.923
-745.469 323.07 -3.20248 95.124 121.269 0.923
-745.48 323.062 -4.20237 95.125 121.364 0.924
-745.492 323.054 -5.20226 95.126 121.492 0.925
-745.503 323.046 -6.20216 95.126 121.492 0.925
-745.515 323.037 -7.20205 95.128 121.59 0.925
-745.526 323.029 -8.20194 95.128 121.687 0.925
-745.537 323.02 -9.20183 95.129 121.785 0.928
-745.549 323.011 -10.2017 95.129 121.785 0.928
-745.56 323.002 -11.2016 95.126 121.914 0.932
-745.571 322.993 -12.2015 95.126 122.01 0.936
-745.582 322.984 -13.2014 95.126 122.105 0.931
-745.593 322.974 -14.2013 95.125 122.218 0.929
-745.603 322.965 -15.2012 95.125 122.218 0.929
-745.614 322.955 -16.201 95.127 122.331 0.924
-745.625 322.945 -17.2009 95.13 122.429 0.923
-745.635 322.935 -18.2008 95.131 122.542 0.929
-745.646 322.925 -19.2007 95.131 122.542 0.929
-745.656 322.915 -20.2006 95.133 122.656 0.933
-745.667 322.904 -21.2005 95.136 122.753 0.934
-745.677 322.893 -22.2004 95.136 122.753 0.934
-745.687 322.883 -23.2002 95.138 122.881 0.936
-745.697 322.872 -24.2001 95.136 122.975 0.936
-745.707 322.86 -25.2 95.134 123.089 0.94
-745.717 322.849 -26.1999 95.134 123.089 0.94
-745.727 322.838 -27.1998 95.133 123.202 0.939
-745.737 322.826 -28.1997 95.134 123.3 0.94
-745.746 322.814 -29.1995 95.135 123.397 0.937
-745.756 322.803 -30.1994 95.135 123.397 0.937
-745.766 322.791 -31.1993 95.136 123.526 0.945
-745.775 322.778 -32.1992 95.137 123.621 0.939
-745.785 322.766 -33.1991 95.137 123.732 0.938
-745.794 322.754 -34.1989 95.137 123.732 0.938
-745.803 322.741 -35.1988 95.144 123.879 0.932
-745.812 322.728 -36.1987 95.148 123.994 0.937
-745.821 322.715 -37.1986 95.148 123.994 0.937
-745.83 322.702 -38.1984 95.149 124.091 0.94
-745.839 322.689 -39.1983 95.153 124.205 0.941
-745.848 322.675 -40.1982 95.155 124.333 0.941
-745.857 322.662 -41.1981 95.155 124.333 0.941
-745.866 322.648 -42.1979 95.155 124.46 0.941
-745.874 322.634 -43.1978 95.155 124.46 0.941
-745.883 322.62 -44.1977 95.154 124.589 0.938
-745.891 322.606 -45.1976 95.155 124.72 0.939
-745.9 322.592 -46.1974 95.155 124.72 0.939
-745.908 322.577 -47.1973 95.155 124.833 0.94
-745.916 322.563 -48.1972 95.155 124.979 0.949
-745.924 322.548 -49.1971 95.155 124.979 0.949
-745.932 322.533 -50.1969 95.156 125.09 0.946
-745.94 322.518 -51.1968 95.158 125.202 0.94
-745.948 322.503 -52.1967 95.158 125.202 0.94
-745.956 322.488 -53.1965 95.161 125.314 0.939
-745.964 322.472 -54.1964 95.164 125.428 0.944
-745.971 322.456 -55.1963 95.164 125.428 0.944
-745.979 322.441 -56.1962 95.165 125.525 0.945
-745.987 322.425 -57.196 95.166 125.687 0.95
-745.994 322.408 -58.1959 95.166 125.687 0.95
-746.001 322.392 -59.1958 95.166 125.783 0.951
-746.009 322.376 -60.1956 95.164 125.879 0.95
-746.016 322.359 -61.1955 95.165 126.006 0.952
-746.023 322.342 -62.1954 95.165 126.006 0.952
-746.03 322.326 -63.1952 95.168 126.117 0.953
-746.037 322.309 -64.1951 95.168 126.246 0.961
-746.044 322.291 -65.195 95.168 126.246 0.961
-746.051 322.274 -66.1948 95.169 126.345 0.963
-746.057 322.257 -67.1947 95.169 126.345 0.963
-746.064 322.239 -68.1945 95.169 126.345 0.963
-746.071 322.221 -69.1944 95.169 126.345 0.963
-746.077 322.203 -70.1943 95.169 126.345 0.963
-746.084 322.185 -71.1941 95.169 126.345 0.963
-746.09 322.167 -72.194 95.169 126.345 0.963
-746.096 322.148 -73.1939 95.169 126.345 0.963
-746.102 322.13 -74.1937 95.169 126.345 0.963
-746.109 322.111 -75.1936 95.169 126.345 0.963
-746.115 322.092 -76.1934 95.169 126.345 0.963
-746.121 322.073 -77.1933 95.169 126.345 0.963
-746.126 322.054 -78.1932 95.169 126.345 0.963
-746.132 322.035 -79.193 95.169 126.345 0.963
-746.138 322.015 -80.1929 95.169 126.345 0.963
-746.144 321.996 -81.1927 95.169 126.345 0.963
-746.149 321.976 -82.1926 95.169 126.345 0.963
-746.155 321.956 -83.1924 95.169 126.345 0.963
-746.16 321.936 -84.1923 95.169 126.345 0.963
-746.165 321.916 -85.1922 95.169 126.345 0.963
-746.171 321.895 -86.192 95.169 126.345 0.963
-746.176 321.875 -87.1919 95.169 126.345 0.963
-746.181 321.854 -88.1917 95.169 126.345 0.963
-746.186 321.833 -89.1916 95.169 126.345 0.963
-746.191 321.812 -90.1914 95.169 126.345 0.963
-746.196 321.791 -91.1913 95.169 126.345 0.963
-746.201 321.77 -92.1911 95.169 126.345 0.963
-746.205 321.749 -93.191 95.169 126.345 0.963
-746.21 321.727 -94.1908 95.169 126.345 0.963
-746.214 321.705 -95.1907 95.169 126.345 0.963
-746.219 321.683 -96.1905 95.169 126.345 0.963
-746.223 321.661 -97.1904 95.169 126.345 0.963
-746.228 321.639 -98.1903 95.169 126.345 0.963
-746.232 321.617 -99.1901 95.169 126.345 0.963
-746.236 321.594 -100.19 95.169 126.345 0.963
-746.24 321.572 -101.19 95.169 126.345 0.963
-746.244 321.549 -102.19 95.169 126.345 0.963
-746.248 321.526 -103.189 95.169 126.345 0.963
2
-748.009 320.538 51.0877 95.089 117.61 0.913
-748.026 320.532 50.0879 95.089 117.61 0.913
-748.042 320.527 49.088 95.089 117.61 0.913
-748.059 320.521 48.0881 95.089 117.61 0.913
-748.076 320.515 47.0882 95.089 117.61 0.913
-748.092 320.509 46.0883 95.089 117.61 0.913
-748.109 320.503 45.0885 95.089 117.61 0.913
-748.125 320.497 44.0886 95.095 117.708 0.922
-748.141 320.491 43.0887 95.095 117.708 0.922
-748.158 320.484 42.0889 95.095 117.708 0.922
-748.174 320.478 41.089 95.1 117.81 0.927
-748.19 320.471 40.0891 95.104 117.904 0.927
-748.206 320.464 39.0892 95.104 118.018 0.923
-748.222 320.457 38.0894 95.104 118.018 0.923
-748.238 320.45 37.0895 95.101 118.145 0.92
-748.253 320.443 36.0896 95.1 118.245 0.916
-748.269 320.435 35.0898 95.1 118.356 0.916
-748.285 320.428 34.0899 95.1 118.356 0.916
-748.3 320.42 33.09 95.103 118.457 0.913
-748.316 320.413 32.0902 95.103 118.56 0.913
-748.331 320.405 31.0903 95.101 118.673 0.916
-748.346 320.397 30.0905 95.101 118.673 0.916
-748.362 320.389 29.0906 95.099 118.774 0.92
-748.377 320.38 28.0907 95.099 118.889 0.918
-748.392 320.372 27.0909 95.1 119.002 0.918
-748.407 320.363 26.091 95.1 119.002 0.918
-748.422 320.355 25.0912 95.104 119.113 0.911
-748.437 320.346 24.0913 95.104 119.225 0.911
-748.452 320.337 23.0914 95.102 119.325 0.911
-748.466 320.328 22.0916 95.102 119.325 0.911
-748.481 320.319 21.0917 95.103 119.441 0.911
-748.496 320.31 20.0919 95.103 119.567 0.913
-748.51 320.3 19.092 95.103 119.567 0.913
-748.524 320.291 18.0922 95.103 119.667 0.915
-748.539 320.281 17.0923 95.104 119.792 0.913
-748.553 320.271 16.0925 95.106 119.905 0.914
-748.567 320.261 15.0926 95.106 119.905 0.914
-748.581 320.251 14.0928 95.107 120.004 0.912
-748.596 320.241 13.0929 95.108 120.103 0.913
-748.609 320.231 12.0931 95.111 120.206 0.915
-748.623 320.22 11.0932 95.111 120.308 0.916
-748.637 320.209 10.0934 95.111 120.308 0.916
-748.651 320.199 9.09353 95.111 120.421 0.922
-748.665 320.188 8.09368 95.113 120.519 0.918
-748.678 320.177 7.09384 95.113 120.519 0.918
-748.692 320.166 6.094 95.116 120.645 0.916
-748.705 320.155 5.09415 95.118 120.743 0.908
-748.719 320.143 4.09431 95.118 120.842 0.91
-748.732 320.132 3.09447 95.118 120.968 0.912
-748.745 320.12 2.09463 95.118 120.968 0.912
-748.758 320.108 1.09479 95.121 121.084 0.919
-748.772 320.096 0.0949541 95.124 121.198 0.924
-748.785 320.084 -0.904883 95.124 121.198 0.924
-748.798 320.072 -1.90472 95.125 121.31 0.928
-748.81 320.06 -2.90456 95.126 121.409 0.927
-748.823 320.048 -3.90439 95.127 121.535 0.929
-748.836 320.035 -4.90423 95.127 121.535 0.929
-748.849 320.022 -5.90406 95.125 121.683 0.926
-748.861 320.01 -6.90389 95.125 121.683 0.926
-748.874 319.997 -7.90372 95.127 121.786 0.929
-748.886 319.984 -8.90355 95.127 121.913 0.934
-748.898 319.97 -9.90339 95.127 121.913 0.934
-748.911 319.957 -10.9032 95.125 122.036 0.936
-748.923 319.944 -11.903 95.126 122.148 0.933
-748.935 319.93 -12.9029 95.127 122.26 0.931
-748.947 319.916 -13.9027 95.127 122.26 0.931
-748.959 319.902 -14.9025 95.132 122.386 0.923
-748.971 319.889 -15.9024 95.132 122.486 0.928
-748.983 319.874 -16.9022 95.132 122.486 0.928
-748.995 319.86 -17.902 95.133 122.602 0.934
-749.006 319.846 -18.9018 95.135 122.703 0.935
-749.018 319.831 -19.9016 95.136 122.815 0.935
-749.029 319.817 -20.9015 95.136 122.815 0.935
-749.041 319.802 -21.9013 95.133 122.962 0.936
-749.052 319.787 -22.9011 95.133 123.075 0.938
-749.063 319.772 -23.9009 95.133 123.075 0.938
-749.075 319.757 -24.9007 95.136 123.189 0.938
-749.086 319.742 -25.9006 95.137 123.304 0.939
-749.097 319.726 -26.9004 95.137 123.304 0.939
-749.108 319.711 -27.9002 95.136 123.404 0.939
-749.119 319.695 -28.9 95.136 123.528 0.943
-749.13 319.679 -29.8998 95.136 123.627 0.936
-749.141 319.663 -30.8996 95.136 123.627 0.936
-749.151 319.647 -31.8994 95.137 123.728 0.939
-749.162 319.631 -32.8993 95.144 123.829 0.929
-749.172 319.615 -33.8991 95.149 123.942 0.931
-749.183 319.599 -34.8989 95.149 123.942 0.931
-749.193 319.582 -35.8987 95.15 124.068 0.937
-749.204 319.565 -36.8985 95.152 124.183 0.94
-749.214 319.548 -37.8983 95.152 124.183 0.94
-749.224 319.532 -38.8981 95.152 124.308 0.941
-749.234 319.514 -39.8979 95.153 124.407 0.94
-749.244 319.497 -40.8977 95.154 124.519 0.937
-749.254 319.48 -41.8975 95.154 124.519 0.937
-749.264 319.462 -42.8973 95.155 124.618 0.935
-749.274 319.445 -43.8971 95.153 124.731 0.937
-749.284 319.427 -44.8969 95.153 124.858 0.944
-749.293 319.409 -45.8967 95.153 124.858 0.944
-749.303 319.391 -46.8965 95.154 124.96 0.95
-749.313 319.373 -47.8963 95.156 125.059 0.949
-749.322 319.355 -48.8961 95.159 125.17 0.945
-749.331 319.337 -49.8959 95.159 125.17 0.945
-749.341 319.318 -50.8957 95.162 125.282 0.94
-749.35 319.299 -51.8955 95.163 125.407 0.945
-749.359 319.281 -52.8953 95.163 125.508 0.945
-749.368 319.262 -53.8951 95.163 125.508 0.945
-749.377 319.243 -54.8949 95.164 125.61 0.951
-749.386 319.224 -55.8947 95.165 125.711 0.953
-749.395 319.204 -56.8945 95.166 125.835 0.955
-749.404 319.185 -57.8943 95.166 125.835 0.955
-749.412 319.165 -58.8941 95.166 125.945 0.955
-749.421 319.146 -59.8939 95.169 126.059 0.957
-749.43 319.126 -60.8937 95.17 126.159 0.958
-749.438 319.106 -61.8935 95.17 126.159 0.958
-749.447 319.086 -62.8932 95.169 126.255 0.966
-749.455 319.066 -63.893 95.169 126.36 0.966
-749.463 319.045 -64.8928 95.169 126.36 0.966
-749.471 319.025 -65.8926 95.169 126.36 0.966
-749.479 319.004 -66.8924 95.169 126.36 0.966
-749.487 318.984 -67.8922 95.169 126.36 0.966
-749.495 318.963 -68.892 95.169 126.36 0.966
-749.503 318.942 -69.8917 95.169 126.36 0.966
-749.511 318.921 -70.8915 95.169 126.36 0.966
-749.519 318.9 -71.8913 95.169 126.36 0.966
-749.527 318.878 -72.8911 95.169 126.36 0.966
-749.534 318.857 -73.8909 95.169 126.36 0.966
-749.542 318.835 -74.8906 95.169 126.36 0.966
-749.549 318.813 -75.8904 95.169 126.36 0.966
-749.556 318.792 -76.8902 95.169 126.36 0.966
-749.564 318.77 -77.89 95.169 126.36 0.966
-749.571 318.747 -78.8897 95.169 126.36 0.966
-749.578 318.725 -79.8895 95.169 126.36 0.966
-749.585 318.703 -80.8893 95.169 126.36 0.966
-749.592 318.68 -81.8891 95.169 126.36 0.966
-749.599 318.658 -82.8888 95.169 126.36 0.966
-749.606 318.635 -83.8886 95.169 126.36 0.966
-749.613 318.612 -84.8884 95.169 126.36 0.966
-749.619 318.589 -85.8881 95.169 126.36 0.966
-749.626 318.566 -86.8879 95.169 126.36 0.966
-749.633 318.542 -87.8877 95.169 126.36 0.966
-749.639 318.519 -88.8874 95.169 126.36 0.966
-749.646 318.495 -89.8872 95.169 126.36 0.966
-749.652 318.472 -90.887 95.169 126.36 0.966
-749.658 318.448 -91.8867 95.169 126.36 0.966
-749.664 318.424 -92.8865 95.169 126.36 0.966
-749.67 318.4 -93.8863 95.169 126.36 0.966
-749.676 318.376 -94.886 95.169 126.36 0.966
-749.682 318.351 -95.8858 95.169 126.36 0.966
-749.688 318.327 -96.8855 95.169 126.36 0.966
-749.694 318.302 -97.8853 95.169 126.36 0.966
-749.7 318.278 -98.8851 95.169 126.36 0.966
-749.705 318.253 -99.8848 95.169 126.36 0.966
-749.711 318.228 -100.885 95.169 126.36 0.966
-749.717 318.203 -101.884 95.169 126.36 0.966
-749.722 318.177 -102.884 95.169 126.36 0.966
-749.727 318.152 -103.884 95.169 126.36 0.966
3
-747.958 323.778 50.9761 95.08 117.509 0.887
-747.977 323.775 49.9763 95.08 117.509 0.887
-747.996 323.772 48.9764 95.08 117.509 0.887
-748.014 323.769 47.9766 95.08 117.509 0.887
-748.033 323.765 46.9767 95.08 117.509 0.887
-748.052 323.762 45.9769 95.08 117.509 0.887
-748.07 323.758 44.9771 95.08 117.509 0.887
-748.088 323.754 43.9772 95.08 117.509 0.887
-748.107 323.75 42.9774 95.08 117.509 0.887
-748.125 323.746 41.9775 95.091 117.619 0.915
-748.143 323.742 40.9777 95.098 117.718 0.924
-748.161 323.738 39.9778 95.101 117.809 0.928
-748.179 323.734 38.978 95.101 117.809 0.928
-748.197 323.729 37.9781 95.102 117.919 0.925
-748.214 323.725 36.9783 95.099 118.027 0.92
-748.232 323.72 35.9784 95.099 118.133 0.915
-748.25 323.715 34.9786 95.099 118.133 0.915
-748.267 323.711 33.9787 95.099 118.241 0.912
-748.284 323.706 32.9789 95.099 118.332 0.911
-748.302 323.701 31.979 95.097 118.423 0.912
-748.319 323.696 30.9792 95.098 118.522 0.909
-748.336 323.69 29.9793 95.098 118.629 0.909
-748.353 323.685 28.9794 95.098 118.629 0.909
-748.37 323.679 27.9796 95.1 118.737 0.914
-748.387 323.674 26.9797 95.101 118.838 0.915
-748.403 323.668 25.9799 95.097 118.927 0.915
-748.42 323.662 24.98 95.1 119.025 0.914
-748.436 323.657 23.9802 95.1 119.025 0.914
-748.453 323.651 22.9803 95.1 119.121 0.911
-748.469 323.644 21.9805 95.102 119.238 0.911
-748.485 323.638 20.9806 95.1 119.339 0.911
-748.502 323.632 19.9808 95.1 119.339 0.911
-748.518 323.625 18.9809 95.101 119.447 0.911
-748.534 323.619 17.9811 95.102 119.561 0.911
-748.549 323.612 16.9812 95.104 119.66 0.915
-748.565 323.606 15.9814 95.104 119.66 0.915
-748.581 323.599 14.9815 95.104 119.769 0.916
-748.597 323.592 13.9816 95.105 119.867 0.916
-748.612 323.585 12.9818 95.104 119.972 0.916
-748.627 323.578 11.9819 95.107 120.071 0.915
-748.643 323.57 10.9821 95.107 120.071 0.915
-748.658 323.563 9.98223 95.108 120.165 0.918
-748.673 323.555 8.98237 95.109 120.264 0.917
-748.688 323.548 7.98252 95.11 120.37 0.92
-748.703 323.54 6.98266 95.113 120.485 0.921
-748.718 323.532 5.9828 95.113 120.485 0.921
-748.733 323.524 4.98295 95.116 120.584 0.917
-748.747 323.516 3.98309 95.112 120.681 0.914
-748.762 323.508 2.98323 95.113 120.778 0.91
-748.776 323.5 1.98338 95.113 120.778 0.91
-748.791 323.492 0.98352 95.114 120.905 0.916
-748.805 323.483 -0.0163373 95.119 121.006 0.92
-748.819 323.475 -1.01619 95.118 121.114 0.925
-748.833 323.466 -2.01605 95.118 121.114 0.925
-748.847 323.457 -3.01591 95.121 121.221 0.928
-748.861 323.449 -4.01577 95.122 121.319 0.929
-748.875 323.44 -5.01563 95.125 121.427 0.925
-748.889 323.43 -6.01549 95.121 121.524 0.927
-748.903 323.421 -7.01534 95.121 121.524 0.927
-748.916 323.412 -8.0152 95.121 121.621 0.924
-748.93 323.403 -9.01506 95.125 121.713 0.925
-748.943 323.393 -10.0149 95.126 121.821 0.926
-748.956 323.384 -11.0148 95.124 121.937 0.934
-748.97 323.374 -12.0146 95.124 121.937 0.934
-748.983 323.364 -13.0145 95.123 122.033 0.933
-748.996 323.354 -14.0144 95.128 122.16 0.931
-749.009 323.344 -15.0142 95.128 122.16 0.931
-749.021 323.334 -16.0141 95.128 122.275 0.925
-749.034 323.324 -17.0139 95.129 122.4 0.924
-749.047 323.313 -18.0138 95.129 122.4 0.924
-749.059 323.303 -19.0137 95.133 122.51 0.93
-749.072 323.292 -20.0135 95.135 122.602 0.934
-749.084 323.282 -21.0134 95.135 122.7 0.934
-749.096 323.271 -22.0132 95.135 122.822 0.933
-749.109 323.26 -23.0131 95.135 122.822 0.933
-749.121 323.249 -24.013 95.134 122.957 0.934
-749.133 323.238 -25.0128 95.134 122.957 0.934
-749.144 323.227 -26.0127 95.134 123.065 0.936
-749.156 323.215 -27.0126 95.134 123.171 0.936
-749.168 323.204 -28.0124 95.137 123.271 0.938
-749.18 323.193 -29.0123 95.137 123.37 0.936
-749.191 323.181 -30.0121 95.137 123.37 0.936
-749.203 323.169 -31.012 95.137 123.46 0.94
-749.214 323.157 -32.0119 95.136 123.564 0.938
-749.225 323.145 -33.0117 95.14 123.69 0.938
-749.236 323.133 -34.0116 95.14 123.69 0.938
-749.247 323.121 -35.0115 95.145 123.799 0.933
-749.258 323.109 -36.0113 95.148 123.906 0.935
-749.269 323.097 -37.0112 95.15 124.015 0.94
-749.28 323.084 -38.0111 95.15 124.015 0.94
-749.291 323.072 -39.0109 95.151 124.116 0.942
-749.301 323.059 -40.0108 95.15 124.222 0.944
-749.312 323.046 -41.0107 95.151 124.336 0.943
-749.322 323.033 -42.0105 95.151 124.336 0.943
-749.333 323.02 -43.0104 95.153 124.435 0.944
-749.343 323.007 -44.0103 95.153 124.525 0.943
-749.353 322.994 -45.0101 95.153 124.622 0.943
-749.363 322.981 -46.01 95.152 124.73 0.944
-749.373 322.967 -47.0098 95.154 124.831 0.945
-749.383 322.954 -48.0097 95.154 124.831 0.945
-749.393 322.94 -49.0096 95.154 124.929 0.952
-749.402 322.926 -50.0094 95.155 125.026 0.951
-749.412 322.913 -51.0093 95.159 125.143 0.948
-749.421 322.899 -52.0092 95.159 125.143 0.948
-749.431 322.885 -53.0091 95.162 125.25 0.942
-749.44 322.87 -54.0089 95.16 125.347 0.946
-749.449 322.856 -55.0088 95.162 125.455 0.946
-749.458 322.842 -56.0087 95.165 125.566 0.949
-749.467 322.827 -57.0085 95.165 125.566 0.949
-749.476 322.813 -58.0084 95.165 125.68 0.951
-749.485 322.798 -59.0083 95.166 125.777 0.95
-749.494 322.783 -60.0081 95.165 125.867 0.953
-749.502 322.768 -61.008 95.165 125.867 0.953
-749.511 322.753 -62.0079 95.165 125.965 0.951
-749.52 322.738 -63.0077 95.167 126.099 0.954
-749.528 322.723 -64.0076 95.17 126.2 0.957
-749.536 322.708 -65.0075 95.17 126.2 0.957
-749.544 322.692 -66.0073 95.17 126.3 0.962
-749.552 322.677 -67.0072 95.171 126.394 0.959
-749.56 322.661 -68.0071 95.175 126.494 0.955
-749.568 322.645 -69.007 95.175 126.494 0.955
-749.576 322.629 -70.0068 95.175 126.494 0.955
-749.584 322.613 -71.0067 95.175 126.494 0.955
-749.592 322.597 -72.0066 95.175 126.494 0.955
-749.599 322.581 -73.0064 95.175 126.494 0.955
-749.607 322.565 -74.0063 95.175 126.494 0.955
-749.614 322.549 -75.0062 95.175 126.494 0.955
-749.621 322.532 -76.0061 95.175 126.494 0.955
-749.628 322.515 -77.0059 95.175 126.494 0.955
-749.635 322.499 -78.0058 95.175 126.494 0.955
-749.642 322.482 -79.0057 95.175 126.494 0.955
-749.649 322.465 -80.0055 95.175 126.494 0.955
-749.656 322.448 -81.0054 95.175 126.494 0.955
-749.663 322.431 -82.0053 95.175 126.494 0.955
-749.669 322.414 -83.0052 95.175 126.494 0.955
-749.676 322.396 -84.005 95.175 126.494 0.955
-749.682 322.379 -85.0049 95.175 126.494 0.955
-749.689 322.361 -86.0048 95.175 126.494 0.955
-749.695 322.344 -87.0047 95.175 126.494 0.955
-749.701 322.326 -88.0045 95.175 126.494 0.955
-749.707 322.308 -89.0044 95.175 126.494 0.955
-749.713 322.29 -90.0043 95.175 126.494 0.955
-749.719 322.272 -91.0042 95.175 126.494 0.955
-749.725 322.254 -92.004 95.175 126.494 0.955
-749.731 322.235 -93.0039 95.175 126.494 0.955
-749.736 322.217 -94.0038 95.175 126.494 0.955
-749.742 322.199 -95.0037 95.175 126.494 0.955
-749.747 322.18 -96.0035 95.175 126.494 0.955
-749.752 322.161 -97.0034 95.175 126.494 0.955
-749.758 322.142 -98.0033 95.175 126.494 0.955
-749.763 322.123 -99.0032 95.175 126.494 0.955
-749.768 322.104 -100.003 95.175 126.494 0.955
-749.773 322.085 -101.003 95.175 126.494 0.955
-749.778 322.066 -102.003 95.175 126.494 0.955
-749.782 322.047 -103.003 95.175 126.494 0.955
-749.787 322.027 -104.003 95.175 126.494 0.955
4
-747.779 325.001 51.0867 95.08 117.509 0.886
-747.79 325.002 50.0867 95.08 117.509 0.886
-747.8 325.002 49.0867 95.08 117.509 0.886
-747.81 325.003 48.0868 95.08 117.509 0.886
-747.82 325.003 47.0868 95.08 117.509 0.886
-747.83 325.003 46.0868 95.08 117.509 0.886
-747.84 325.003 45.0868 95.08 117.509 0.886
-747.85 325.003 44.0869 95.08 117.509 0.886
-747.86 325.003 43.0869 95.08 117.509 0.886
-747.87 325.003 42.0869 95.08 117.509 0.886
-747.88 325.002 41.087 95.089 117.607 0.914
-747.89 325.002 40.087 95.096 117.709 0.923
-747.899 325.001 39.087 95.098 117.8 0.928
-747.909 325.001 38.0871 95.1 117.891 0.928
-747.918 325 37.0871 95.098 117.983 0.924
-747.928 324.999 36.0871 95.098 117.983 0.924
-747.937 324.998 35.0871 95.098 118.082 0.92
-747.946 324.997 34.0872 95.099 118.19 0.917
-747.955 324.996 33.0872 95.098 118.295 0.915
-747.965 324.995 32.0872 95.095 118.395 0.914
-747.974 324.993 31.0873 95.095 118.395 0.914
-747.983 324.992 30.0873 95.094 118.486 0.913
-747.991 324.99 29.0873 95.095 118.601 0.911
-748 324.988 28.0874 95.096 118.692 0.914
-748.009 324.987 27.0874 95.099 118.793 0.916
-748.018 324.985 26.0874 95.099 118.793 0.916
-748.026 324.983 25.0875 95.098 118.893 0.917
-748.035 324.981 24.0875 95.098 118.99 0.917
-748.044 324.978 23.0875 95.1 119.095 0.914
-748.052 324.976 22.0876 95.101 119.219 0.911
-748.06 324.974 21.0876 95.101 119.219 0.911
-748.069 324.971 20.0876 95.099 119.328 0.91
-748.077 324.968 19.0877 95.099 119.428 0.909
-748.085 324.966 18.0877 95.099 119.428 0.909
-748.093 324.963 17.0877 95.101 119.536 0.912
-748.101 324.96 16.0878 95.105 119.644 0.914
-748.109 324.957 15.0878 95.106 119.751 0.916
-748.117 324.954 14.0878 95.106 119.751 0.916
-748.125 324.95 13.0879 95.105 119.849 0.915
-748.132 324.947 12.0879 95.105 119.945 0.912
-748.14 324.943 11.088 95.107 120.042 0.912
-748.148 324.94 10.088 95.11 120.135 0.914
-748.155 324.936 9.08803 95.11 120.245 0.914
-748.163 324.932 8.08807 95.11 120.245 0.914
-748.17 324.928 7.0881 95.112 120.362 0.917
-748.177 324.924 6.08814 95.115 120.468 0.919
-748.185 324.92 5.08818 95.117 120.566 0.914
-748.192 324.916 4.08821 95.117 120.566 0.914
-748.199 324.912 3.08825 95.113 120.672 0.911
-748.206 324.907 2.08829 95.114 120.769 0.907
-748.213 324.903 1.08833 95.115 120.867 0.912
-748.22 324.898 0.0883658 95.118 120.959 0.914
-748.227 324.893 -0.911596 95.118 120.959 0.914
-748.233 324.889 -1.91156 95.12 121.052 0.92
-748.24 324.884 -2.91152 95.121 121.15 0.924
-748.247 324.879 -3.91148 95.123 121.266 0.927
-748.253 324.873 -4.91144 95.124 121.373 0.926
-748.26 324.868 -5.9114 95.124 121.373 0.926
-748.266 324.863 -6.91136 95.123 121.471 0.924
-748.272 324.857 -7.91132 95.12 121.584 0.923
-748.279 324.852 -8.91128 95.123 121.674 0.924
-748.285 324.846 -9.91124 95.123 121.674 0.924
-748.291 324.84 -10.9112 95.126 121.776 0.926
-748.297 324.834 -11.9112 95.126 121.866 0.929
-748.303 324.828 -12.9111 95.122 121.982 0.938
-748.309 324.822 -13.9111 95.125 122.087 0.933
-748.315 324.816 -14.911 95.125 122.087 0.933
-748.321 324.81 -15.911 95.126 122.205 0.933
-748.326 324.803 -16.911 95.127 122.318 0.924
-748.332 324.797 -17.9109 95.127 122.318 0.924
-748.338 324.79 -18.9109 95.129 122.418 0.928
-748.343 324.784 -19.9108 95.133 122.51 0.932
-748.349 324.777 -20.9108 95.135 122.603 0.936
-748.354 324.77 -21.9107 95.135 122.701 0.937
-748.359 324.763 -22.9107 95.134 122.814 0.936
-748.364 324.756 -23.9107 95.134 122.814 0.936
-748.37 324.748 -24.9106 95.132 122.929 0.937
-748.375 324.741 -25.9106 95.134 123.02 0.938
-748.38 324.734 -26.9105 95.132 123.117 0.94
-748.385 324.726 -27.9105 95.132 123.117 0.94
-748.39 324.718 -28.9104 95.134 123.225 0.938
-748.394 324.711 -29.9104 95.137 123.317 0.938
-748.399 324.703 -30.9103 95.137 123.426 0.939
-748.404 324.695 -31.9103 95.137 123.426 0.939
-748.408 324.687 -32.9103 95.136 123.548 0.94
-748.413 324.678 -33.9102 95.139 123.655 0.937
-748.417 324.67 -34.9102 95.143 123.763 0.935
-748.422 324.662 -35.9101 95.143 123.763 0.935
-748.426 324.653 -36.9101 95.146 123.86 0.931
-748.43 324.645 -37.91 95.148 123.959 0.935
-748.435 324.636 -38.91 95.15 124.061 0.939
-748.439 324.627 -39.9099 95.153 124.153 0.94
-748.443 324.618 -40.9099 95.151 124.249 0.942
-748.447 324.609 -41.9098 95.151 124.249 0.942
-748.451 324.6 -42.9098 95.154 124.382 0.94
-748.454 324.591 -43.9098 95.153 124.479 0.939
-748.458 324.582 -44.9097 95.153 124.578 0.938
-748.462 324.572 -45.9097 95.153 124.578 0.938
-748.465 324.563 -46.9096 95.153 124.694 0.94
-748.469 324.553 -47.9096 95.155 124.795 0.941
-748.473 324.543 -48.9095 95.155 124.895 0.948
-748.476 324.533 -49.9095 95.155 124.895 0.948
-748.479 324.523 -50.9094 95.155 125.001 0.949
-748.483 324.513 -51.9094 95.157 125.116 0.948
-748.486 324.503 -52.9093 95.161 125.214 0.939
-748.489 324.493 -53.9093 95.161 125.214 0.939
-748.492 324.482 -54.9092 95.161 125.328 0.944
-748.495 324.472 -55.9092 95.161 125.436 0.945
-748.498 324.461 -56.9091 95.165 125.538 0.949
-748.501 324.451 -57.9091 95.165 125.538 0.949
-748.504 324.44 -58.909 95.165 125.638 0.953
-748.506 324.429 -59.909 95.166 125.752 0.954
-748.509 324.418 -60.9089 95.165 125.858 0.956
-748.512 324.407 -61.9089 95.165 125.858 0.956
-748.514 324.396 -62.9088 95.164 125.956 0.954
-748.516 324.384 -63.9088 95.165 126.062 0.955
-748.519 324.373 -64.9087 95.168 126.161 0.957
-748.521 324.361 -65.9087 95.168 126.161 0.957
-748.523 324.35 -66.9086 95.17 126.264 0.965
-748.526 324.338 -67.9086 95.169 126.357 0.966
-748.528 324.326 -68.9085 95.173 126.449 0.962
-748.53 324.314 -69.9085 95.173 126.449 0.962
-748.532 324.302 -70.9084 95.173 126.449 0.962
-748.533 324.29 -71.9083 95.173 126.449 0.962
-748.535 324.278 -72.9083 95.173 126.449 0.962
-748.537 324.265 -73.9082 95.173 126.449 0.962
-748.539 324.253 -74.9082 95.173 126.449 0.962
-748.54 324.24 -75.9081 95.173 126.449 0.962
-748.542 324.227 -76.9081 95.173 126.449 0.962
-748.543 324.215 -77.908 95.173 126.449 0.962
-748.545 324.202 -78.908 95.173 126.449 0.962
-748.546 324.189 -79.9079 95.173 126.449 0.962
-748.547 324.176 -80.9079 95.173 126.449 0.962
-748.548 324.163 -81.9078 95.173 126.449 0.962
-748.55 324.149 -82.9078 95.173 126.449 0.962
-748.551 324.136 -83.9077 95.173 126.449 0.962
-748.552 324.122 -84.9076 95.173 126.449 0.962
-748.553 324.109 -85.9076 95.173 126.449 0.962
-748.553 324.095 -86.9075 95.173 126.449 0.962
-748.554 324.081 -87.9075 95.173 126.449 0.962
-748.555 324.067 -88.9074 95.173 126.449 0.962
-748.555 324.053 -89.9074 95.173 126.449 0.962
-748.556 324.039 -90.9073 95.173 126.449 0.962
-748.557 324.025 -91.9072 95.173 126.449 0.962
-748.557 324.01 -92.9072 95.173 126.449 0.962
-748.557 323.996 -93.9071 95.173 126.449 0.962
-748.558 323.981 -94.9071 95.173 126.449 0.962
-748.558 323.967 -95.907 95.173 126.449 0.962
-748.558 323.952 -96.907 95.173 126.449 0.962
-748.558 323.937 -97.9069 95.173 126.449 0.962
-748.558 323.922 -98.9068 95.173 126.449 0.962
-748.558 323.907 -99.9068 95.173 126.449 0.962
-748.558 323.892 -100.907 95.173 126.449 0.962
-748.558 323.876 -101.907 95.173 126.449 0.962
-748.557 323.861 -102.907 95.173 126.449 0.962
-748.557 323.846 -103.907 95.173 126.449 0.962
