1
-1329.05 762.397 -54.6632 124.831 130.112 96.635
-1328.6 763.307 -54.672 124.831 130.112 96.635
-1328.15 764.216 -54.6809 124.831 130.112 96.635
-1327.69 765.122 -54.6898 124.831 130.112 96.635
-1327.24 766.026 -54.6987 124.831 130.112 96.635
-1326.78 766.929 -54.7076 124.831 130.112 96.635
-1326.32 767.829 -54.7166 124.831 130.112 96.635
-1325.85 768.727 -54.7256 124.727 130.112 96.677
-1325.38 769.622 -54.7346 124.627 130.112 96.672
-1324.91 770.516 -54.7437 124.527 130.113 96.669
-1324.44 771.408 -54.7528 124.411 130.111 96.674
-1323.96 772.297 -54.7619 124.411 130.111 96.674
-1323.48 773.185 -54.7711 124.283 130.108 96.675
-1323 774.07 -54.7803 124.151 130.107 96.684
-1322.51 774.954 -54.7895 124.042 130.105 96.679
-1322.03 775.835 -54.7987 123.908 130.106 96.678
-1321.54 776.714 -54.808 123.908 130.106 96.678
-1321.04 777.591 -54.8173 123.789 130.109 96.684
-1320.55 778.466 -54.8267 123.682 130.11 96.69
-1320.05 779.339 -54.8361 123.574 130.11 96.699
-1319.55 780.21 -54.8455 123.467 130.107 96.701
-1319.04 781.078 -54.8549 123.467 130.107 96.701
-1318.54 781.945 -54.8644 123.347 130.104 96.695
-1318.03 782.809 -54.8739 123.213 130.107 96.709
-1317.51 783.672 -54.8835 123.107 130.107 96.715
-1317 784.532 -54.893 123.001 130.109 96.72
-1316.48 785.39 -54.9026 122.869 130.112 96.733
-1315.96 786.246 -54.9123 122.869 130.112 96.733
-1315.44 787.1 -54.922 122.735 130.114 96.733
-1314.91 787.952 -54.9317 122.601 130.114 96.736
-1314.38 788.802 -54.9414 122.601 130.114 96.736
-1313.85 789.649 -54.9511 122.482 130.111 96.742
-1313.31 790.495 -54.9609 122.375 130.108 96.742
-1312.77 791.339 -54.9708 122.254 130.11 96.756
-1312.23 792.18 -54.9806 122.135 130.106 96.743
-1311.69 793.019 -54.9905 122.135 130.106 96.743
-1311.15 793.857 -55.0004 122.004 130.108 96.752
-1310.6 794.692 -55.0104 121.885 130.109 96.758
-1310.04 795.525 -55.0204 121.885 130.109 96.758
-1309.49 796.356 -55.0304 121.738 130.112 96.764
-1308.93 797.184 -55.0404 121.578 130.114 96.786
-1308.37 798.011 -55.0505 121.578 130.114 96.786
-1307.81 798.836 -55.0606 121.471 130.109 96.779
-1307.25 799.658 -55.0708 121.365 130.106 96.774
-1306.68 800.479 -55.081 121.243 130.107 96.788
-1306.11 801.297 -55.0912 121.11 130.107 96.797
-1305.53 802.114 -55.1014 121.11 130.107 96.797
-1304.96 802.928 -55.1117 121.004 130.109 96.804
-1304.38 803.74 -55.122 120.872 130.111 96.818
-1303.79 804.55 -55.1323 120.765 130.109 96.821
-1303.21 805.358 -55.1427 120.658 130.105 96.809
-1302.62 806.164 -55.1531 120.658 130.105 96.809
-1302.03 806.967 -55.1635 120.539 130.105 96.817
-1301.44 807.769 -55.174 120.395 130.104 96.816
-1300.84 808.568 -55.1845 120.288 130.106 96.819
-1300.24 809.366 -55.195 120.168 130.109 96.839
-1299.64 810.161 -55.2056 120.168 130.109 96.839
-1299.04 810.955 -55.2161 120.048 130.11 96.839
-1298.43 811.746 -55.2268 119.943 130.106 96.828
-1297.82 812.535 -55.2374 119.81 130.108 96.842
-1297.21 813.322 -55.2481 119.81 130.108 96.842
-1296.59 814.107 -55.2588 119.69 130.108 96.85
-1295.97 814.889 -55.2696 119.571 130.11 96.858
-1295.35 815.67 -55.2803 119.452 130.109 96.868
-1294.73 816.449 -55.2911 119.452 130.109 96.868
-1294.1 817.225 -55.302 119.334 130.109 96.873
-1293.47 817.999 -55.3129 119.227 130.109 96.866
-1292.84 818.772 -55.3238 119.105 130.111 96.88
-1292.2 819.542 -55.3347 118.97 130.11 96.88
-1291.57 820.31 -55.3457 118.97 130.11 96.88
-1290.93 821.076 -55.3567 118.835 130.111 96.886
-1290.28 821.84 -55.3677 118.728 130.113 96.89
-1289.64 822.602 -55.3788 118.621 130.112 96.9
-1288.99 823.362 -55.3899 118.621 130.112 96.9
-1288.34 824.119 -55.401 118.488 130.11 96.901
-1287.68 824.875 -55.4122 118.368 130.105 96.894
-1287.02 825.628 -55.4234 118.262 130.102 96.902
-1286.36 826.38 -55.4346 118.157 130.102 96.906
-1285.7 827.129 -55.4458 118.157 130.102 96.906
-1285.03 827.876 -55.4571 118.024 130.104 96.914
-1284.37 828.621 -55.4684 117.917 130.107 96.917
-1283.69 829.364 -55.4798 117.81 130.11 96.924
-1283.02 830.105 -55.4912 117.692 130.112 96.931
-1282.34 830.844 -55.5026 117.692 130.112 96.931
-1281.66 831.58 -55.514 117.572 130.11 96.926
-1280.98 832.315 -55.5255 117.477 130.11 96.934
-1280.3 833.048 -55.537 117.358 130.111 96.942
-1279.61 833.778 -55.5485 117.251 130.112 96.948
-1278.92 834.506 -55.5601 117.145 130.109 96.951
-1278.23 835.233 -55.5717 117.041 130.11 96.961
-1277.53 835.957 -55.5834 117.041 130.11 96.961
-1276.83 836.679 -55.595 116.921 130.115 96.973
-1276.13 837.399 -55.6067 116.814 130.116 96.973
-1275.42 838.117 -55.6185 116.708 130.114 96.969
-1274.72 838.832 -55.6302 116.588 130.114 96.974
-1274.01 839.546 -55.642 116.469 130.109 96.974
-1273.29 840.258 -55.6538 116.469 130.109 96.974
-1272.58 840.967 -55.6657 116.347 130.106 96.98
-1271.86 841.674 -55.6776 116.228 130.106 96.981
-1271.14 842.38 -55.6895 116.108 130.106 96.986
-1270.41 843.083 -55.7015 116.002 130.108 96.994
-1269.69 843.784 -55.7134 116.002 130.108 96.994
-1268.96 844.483 -55.7255 115.883 130.108 96.991
-1268.22 845.18 -55.7375 115.763 130.11 96.998
-1266.52 846.62 -55.7687 115.549 130.11 97.007
-1265.79 847.302 -55.7806 115.443 130.11 97.011
-1265.05 847.981 -55.7925 115.323 130.109 97.019
-1264.31 848.658 -55.8044 115.323 130.109 97.019
-1263.57 849.331 -55.8163 115.219 130.109 97.022
-1262.83 850.002 -55.8282 115.112 130.112 97.032
-1262.08 850.67 -55.8402 114.979 130.115 97.048
-1261.33 851.336 -55.8521 114.859 130.116 97.044
-1260.58 851.998 -55.8641 114.859 130.116 97.044
-1259.83 852.658 -55.8761 114.727 130.116 97.043
-1259.07 853.315 -55.8881 114.632 130.115 97.046
-1258.32 853.969 -55.9002 114.537 130.116 97.054
-1257.56 854.621 -55.9122 114.389 130.117 97.066
-1256.8 855.269 -55.9243 114.389 130.117 97.066
-1256.03 855.915 -55.9363 114.256 130.115 97.066
-1255.27 856.558 -55.9484 114.124 130.112 97.07
-1254.5 857.199 -55.9605 114.124 130.112 97.07
-1253.73 857.836 -55.9727 114.019 130.113 97.085
-1252.96 858.471 -55.9848 113.913 130.112 97.084
-1252.18 859.103 -55.997 113.805 130.113 97.08
-1251.41 859.732 -56.0091 113.685 130.112 97.082
-1250.63 860.359 -56.0213 113.579 130.113 97.086
-1249.85 860.982 -56.0335 113.579 130.113 97.086
-1249.06 861.603 -56.0457 113.472 130.114 97.09
-1248.28 862.221 -56.058 113.34 130.114 97.093
-1247.49 862.837 -56.0702 113.219 130.116 97.099
-1246.7 863.449 -56.0825 113.219 130.116 97.099
-1245.91 864.059 -56.0948 113.059 130.116 97.11
-1245.11 864.666 -56.107 112.953 130.118 97.12
-1244.32 865.27 -56.1194 112.836 130.119 97.123
-1243.52 865.872 -56.1317 112.836 130.119 97.123
-1242.72 866.47 -56.144 112.717 130.117 97.119
-1241.91 867.066 -56.1564 112.621 130.116 97.119
-1241.11 867.659 -56.1688 112.513 130.117 97.128
-1240.3 868.25 -56.1811 112.378 130.117 97.135
-1239.49 868.837 -56.1936 112.378 130.117 97.135
-1238.68 869.422 -56.206 112.271 130.118 97.141
-1237.87 870.004 -56.2184 112.164 130.116 97.145
-1237.05 870.583 -56.2309 112.058 130.115 97.148
-1236.23 871.16 -56.2433 111.95 130.117 97.153
-1235.41 871.733 -56.2558 111.83 130.12 97.159
-1234.59 872.304 -56.2683 111.83 130.12 97.159
-1233.76 872.872 -56.2808 111.684 130.123 97.171
-1232.94 873.438 -56.2933 111.579 130.123 97.174
-1232.11 874 -56.3059 111.474 130.122 97.175
-1231.27 874.56 -56.3184 111.474 130.122 97.175
-1230.44 875.117 -56.331 111.354 130.119 97.172
-1228.51 876.36 -56.3601 111.125 130.122 97.184
-1227.67 876.91 -56.3724 111.005 130.124 97.188
-1226.83 877.457 -56.3846 110.901 130.125 97.193
-1225.99 878 -56.3969 110.901 130.125 97.193
-1225.14 878.541 -56.4092 110.794 130.123 97.196
-1224.3 879.079 -56.4214 110.661 130.122 97.201
-1223.45 879.614 -56.4337 110.553 130.122 97.205
-1222.6 880.146 -56.4459 110.446 130.122 97.216
-1221.75 880.674 -56.4581 110.446 130.122 97.216
-1220.9 881.2 -56.4703 110.34 130.122 97.221
-1220.05 881.723 -56.4826 110.234 130.119 97.216
-1219.19 882.243 -56.4948 110.116 130.118 97.212
-1218.34 882.759 -56.507 109.997 130.118 97.213
-1217.48 883.273 -56.5191 109.89 130.122 97.224
-1216.62 883.784 -56.5313 109.89 130.122 97.224
-1215.76 884.292 -56.5435 109.785 130.124 97.231
-1214.89 884.797 -56.5557 109.666 130.126 97.237
-1214.03 885.298 -56.5678 109.559 130.126 97.242
-1213.16 885.797 -56.58 109.455 130.126 97.243
-1212.29 886.293 -56.5921 109.336 130.125 97.248
-1211.42 886.786 -56.6042 109.336 130.125 97.248
-1210.55 887.276 -56.6164 109.23 130.126 97.252
-1209.68 887.762 -56.6285 109.111 130.129 97.259
-1208.81 888.246 -56.6406 108.99 130.131 97.272
-1207.93 888.727 -56.6527 108.883 130.133 97.282
-1207.05 889.205 -56.6648 108.883 130.133 97.282
-1206.17 889.68 -56.6769 108.776 130.131 97.279
-1205.29 890.151 -56.6889 108.669 130.128 97.279
-1204.41 890.62 -56.701 108.561 130.126 97.275
-1203.52 891.086 -56.7131 108.453 130.124 97.272
-1202.64 891.549 -56.7251 108.333 130.127 97.283
-1201.75 892.009 -56.7372 108.333 130.127 97.283
-1200.86 892.466 -56.7492 108.228 130.129 97.292
-1199.97 892.919 -56.7612 108.122 130.13 97.297
-1199.08 893.37 -56.7732 107.993 130.129 97.3
-1198.18 893.818 -56.7853 107.993 130.129 97.3
-1197.29 894.263 -56.7973 107.86 130.13 97.306
-1196.39 894.705 -56.8093 107.739 130.133 97.312
-1195.49 895.143 -56.8213 107.619 130.135 97.319
-1194.59 895.579 -56.8332 107.619 130.135 97.319
-1193.68 896.012 -56.8452 107.499 130.137 97.322
-1192.78 896.442 -56.8572 107.344 130.137 97.328
-1191.87 896.869 -56.8691 107.344 130.137 97.328
-1190.97 897.293 -56.8811 107.226 130.137 97.338
-1190.06 897.714 -56.893 107.093 130.135 97.344
-1189.15 898.131 -56.905 106.984 130.133 97.342
-1188.23 898.546 -56.9169 106.984 130.133 97.342
-1187.32 898.958 -56.9288 106.865 130.133 97.346
-1184.94 900.109 -56.9367 106.628 130.13 97.344
-1184.02 900.511 -56.9487 106.497 130.132 97.352
-1183.1 900.91 -56.9606 106.391 130.132 97.356
-1182.18 901.306 -56.9727 106.283 130.135 97.364
-1181.25 901.699 -56.9847 106.177 130.136 97.368
-1180.33 902.088 -56.9968 106.177 130.136 97.368
-1179.41 902.474 -57.009 106.072 130.137 97.372
-1178.48 902.857 -57.0212 105.952 130.138 97.376
-1177.55 903.236 -57.0335 105.833 130.138 97.379
-1176.63 903.613 -57.0458 105.728 130.139 97.383
-1175.7 903.986 -57.0582 105.728 130.139 97.383
-1174.77 904.356 -57.0706 105.594 130.14 97.389
-1173.84 904.723 -57.083 105.486 130.138 97.393
-1172.91 905.087 -57.0955 105.378 130.138 97.4
-1171.97 905.447 -57.1081 105.378 130.138 97.4
-1171.04 905.804 -57.1207 105.271 130.138 97.407
-1170.1 906.158 -57.1334 105.165 130.137 97.415
-1169.17 906.509 -57.1461 105.019 130.138 97.423
-1168.23 906.857 -57.1588 105.019 130.138 97.423
-1167.29 907.201 -57.1716 104.901 130.139 97.426
-1166.35 907.542 -57.1845 104.781 130.142 97.431
-1165.41 907.88 -57.1974 104.633 130.144 97.431
-1164.47 908.215 -57.2103 104.633 130.144 97.431
-1163.53 908.546 -57.2233 104.5 130.143 97.426
-1162.58 908.875 -57.2364 104.5 130.143 97.426
-1161.64 909.2 -57.2495 104.34 130.143 97.435
-1160.69 909.522 -57.2626 104.21 130.142 97.441
-1159.74 909.84 -57.2758 104.21 130.142 97.441
-1158.79 910.156 -57.289 104.091 130.143 97.447
-1157.85 910.468 -57.3023 103.955 130.146 97.457
-1156.89 910.777 -57.3157 103.848 130.146 97.462
-1155.94 911.083 -57.329 103.848 130.146 97.462
-1154.99 911.385 -57.3425 103.74 130.146 97.465
-1154.04 911.685 -57.356 103.618 130.145 97.468
-1153.08 911.981 -57.3695 103.499 130.144 97.472
-1152.12 912.274 -57.3831 103.381 130.146 97.475
-1151.17 912.564 -57.3967 103.381 130.146 97.475
-1150.21 912.85 -57.4104 103.262 130.148 97.479
-1149.25 913.134 -57.4241 103.154 130.149 97.484
-1148.29 913.414 -57.4379 103.047 130.15 97.488
-1147.33 913.691 -57.4517 102.941 130.15 97.493
-1146.36 913.965 -57.4656 102.941 130.15 97.493
-1145.4 914.235 -57.4795 102.81 130.151 97.499
-1144.43 914.502 -57.4935 102.704 130.15 97.502
-1143.47 914.766 -57.5075 102.599 130.152 97.507
-1142.5 915.027 -57.5216 102.491 130.154 97.513
-1141.53 915.285 -57.5357 102.491 130.154 97.513
-1140.56 915.539 -57.5499 102.382 130.156 97.52
-1139.59 915.791 -57.5641 102.274 130.155 97.523
-1138.62 916.039 -57.5784 102.168 130.154 97.526
-1136.05 916.739 -57.6463 101.938 130.152 97.533
-1135.08 916.978 -57.6607 101.819 130.153 97.533
-1134.11 917.214 -57.675 101.713 130.154 97.532
-1133.13 917.446 -57.6893 101.713 130.154 97.532
-1132.16 917.675 -57.7035 101.605 130.155 97.534
-1131.18 917.9 -57.7177 101.485 130.157 97.538
-1130.2 918.122 -57.7318 101.352 130.16 97.545
-1129.23 918.341 -57.7459 101.352 130.16 97.545
-1128.25 918.556 -57.76 101.232 130.161 97.549
-1127.27 918.768 -57.7741 101.073 130.163 97.557
-1126.29 918.976 -57.7881 101.073 130.163 97.557
-1125.31 919.182 -57.802 100.954 130.162 97.56
-1124.33 919.383 -57.8159 100.819 130.162 97.566
-1123.35 919.582 -57.8298 100.819 130.162 97.566
-1122.37 919.777 -57.8436 100.697 130.162 97.571
-1121.39 919.969 -57.8574 100.591 130.162 97.574
-1120.41 920.157 -57.8712 100.447 130.162 97.58
-1119.43 920.342 -57.8849 100.447 130.162 97.58
-1118.44 920.524 -57.8986 100.322 130.161 97.585
-1117.46 920.702 -57.9123 100.213 130.156 97.588
-1116.48 920.877 -57.9259 100.118 130.153 97.602
-1115.49 921.048 -57.9394 100.001 130.145 97.614
-1114.51 921.216 -57.953 100.001 130.145 97.614
-1113.52 921.381 -57.9665 99.909 130.137 97.62
-1112.53 921.542 -57.9799 99.816 130.123 97.626
-1111.55 921.7 -57.9933 99.715 130.108 97.64
-1110.56 921.855 -58.0067 99.623 130.094 97.659
-1109.57 922.006 -58.02 99.532 130.078 97.678
-1108.58 922.154 -58.0333 99.532 130.078 97.678
-1107.59 922.299 -58.0466 99.449 130.062 97.689
-1106.6 922.44 -58.0598 99.345 130.041 97.705
-1105.61 922.578 -58.073 99.24 130.021 97.727
-1104.62 922.712 -58.0861 99.152 130.006 97.753
-1103.63 922.843 -58.0992 99.152 130.006 97.753
-1102.64 922.971 -58.1122 99.05 129.989 97.777
-1101.65 923.095 -58.1253 98.948 129.971 97.794
-1100.65 923.216 -58.1382 98.857 129.958 97.812
-1099.66 923.334 -58.1512 98.755 129.939 97.831
-1098.67 923.448 -58.1641 98.755 129.939 97.831
-1097.67 923.559 -58.177 98.663 129.925 97.848
-1096.68 923.667 -58.1898 98.56 129.905 97.869
-1095.68 923.771 -58.2026 98.465 129.888 97.885
-1094.68 923.872 -58.2153 98.362 129.868 97.907
-1093.69 923.969 -58.228 98.362 129.868 97.907
-1092.69 924.063 -58.2407 98.256 129.846 97.919
-1091.69 924.154 -58.2533 98.121 129.821 97.946
-1090.69 924.241 -58.2659 98.121 129.821 97.946
-1089.69 924.325 -58.2785 98.01 129.8 97.975
-1088.69 924.405 -58.291 97.907 129.784 98
-1086.25 924.556 -58.3317 97.724 129.752 98.033
-1085.25 924.626 -58.3443 97.724 129.752 98.033
-1084.25 924.692 -58.3569 97.623 129.733 98.052
-1083.25 924.755 -58.3694 97.532 129.718 98.071
-1082.25 924.814 -58.3818 97.428 129.698 98.091
-1081.25 924.87 -58.3942 97.346 129.682 98.104
-1080.25 924.923 -58.4065 97.254 129.665 98.124
-1079.25 924.972 -58.4188 97.254 129.665 98.124
-1078.25 925.018 -58.431 97.162 129.648 98.139
-1077.25 925.061 -58.4431 97.073 129.63 98.15
-1076.25 925.1 -58.4552 96.971 129.612 98.167
-1075.25 925.135 -58.4672 96.858 129.59 98.192
-1074.25 925.168 -58.4792 96.858 129.59 98.192
-1073.25 925.196 -58.4911 96.757 129.574 98.223
-1072.25 925.222 -58.5029 96.643 129.555 98.246
-1071.25 925.244 -58.5147 96.643 129.555 98.246
-1070.25 925.263 -58.5264 96.538 129.536 98.266
-1069.25 925.278 -58.5381 96.411 129.513 98.286
-1068.25 925.29 -58.5497 96.411 129.513 98.286
-1067.25 925.299 -58.5612 96.305 129.494 98.303
-1066.25 925.304 -58.5727 96.201 129.473 98.32
-1065.25 925.306 -58.5841 96.11 129.458 98.336
-1064.25 925.304 -58.5954 96.11 129.458 98.336
-1063.25 925.299 -58.6067 95.976 129.434 98.362
-1062.25 925.291 -58.618 95.871 129.415 98.372
-1061.25 925.279 -58.6291 95.871 129.415 98.372
-1060.26 925.264 -58.6402 95.757 129.395 98.39
-1059.26 925.245 -58.6513 95.665 129.379 98.41
-1058.26 925.223 -58.6622 95.561 129.364 98.437
-1057.26 925.198 -58.6732 95.561 129.364 98.437
-1056.26 925.169 -58.684 95.468 129.349 98.463
-1055.26 925.137 -58.6948 95.386 129.331 98.474
-1054.26 925.101 -58.7056 95.271 129.307 98.497
-1053.26 925.062 -58.7162 95.167 129.287 98.516
-1052.26 925.02 -58.7269 95.167 129.287 98.516
-1051.26 924.974 -58.7374 95.067 129.268 98.538
-1050.26 924.925 -58.7479 94.977 129.255 98.558
-1049.26 924.872 -58.7583 94.866 129.234 98.581
-1048.26 924.817 -58.7687 94.866 129.234 98.581
-1047.27 924.757 -58.779 94.765 129.216 98.601
-1046.27 924.695 -58.7893 94.673 129.198 98.614
-1045.27 924.628 -58.7994 94.569 129.18 98.627
-1044.27 924.559 -58.8096 94.487 129.166 98.642
-1043.27 924.486 -58.8196 94.393 129.152 98.667
-1042.27 924.41 -58.8296 94.393 129.152 98.667
-1041.27 924.33 -58.8396 94.287 129.134 98.693
-1040.27 924.247 -58.8495 94.182 129.113 98.708
-1039.27 924.161 -58.8593 94.068 129.093 98.727
-1038.28 924.071 -58.869 94.068 129.093 98.727
-1035.69 923.893 -58.8722 93.878 129.06 98.764
-1034.69 923.791 -58.8833 93.789 129.044 98.783
-1033.7 923.686 -58.8943 93.699 129.026 98.8
-1032.7 923.578 -58.9053 93.609 129.008 98.816
-1031.7 923.466 -58.9164 93.516 128.99 98.831
-1030.71 923.351 -58.9275 93.421 128.971 98.841
-1029.71 923.233 -58.9387 93.421 128.971 98.841
-1028.72 923.111 -58.9498 93.337 128.955 98.854
-1027.73 922.986 -58.961 93.242 128.94 98.874
-1026.73 922.857 -58.9722 93.141 128.924 98.898
-1025.74 922.725 -58.9835 93.038 128.906 98.918
-1024.75 922.59 -58.9947 93.038 128.906 98.918
-1023.76 922.451 -59.006 92.936 128.889 98.935
-1022.77 922.309 -59.0174 92.844 128.872 98.951
-1021.78 922.164 -59.0287 92.741 128.855 98.971
-1020.79 922.015 -59.0401 92.652 128.837 98.988
-1019.8 921.863 -59.0515 92.652 128.837 98.988
-1018.81 921.708 -59.0629 92.55 128.818 99.006
-1017.83 921.549 -59.0743 92.448 128.798 99.027
-1016.84 921.387 -59.0858 92.343 128.777 99.044
-1015.86 921.221 -59.0973 92.343 128.777 99.044
-1014.87 921.052 -59.1088 92.239 128.756 99.06
-1013.89 920.88 -59.1203 92.148 128.742 99.074
-1012.9 920.704 -59.1319 92.033 128.724 99.099
-1011.92 920.525 -59.1435 92.033 128.724 99.099
-1010.94 920.343 -59.1551 91.93 128.71 99.127
-1009.95 920.157 -59.1668 91.816 128.689 99.148
-1008.97 919.968 -59.1785 91.723 128.671 99.165
-1007.99 919.775 -59.1902 91.723 128.671 99.165
-1007.01 919.58 -59.2019 91.598 128.649 99.188
-1006.03 919.38 -59.2136 91.497 128.63 99.208
-1005.05 919.178 -59.2254 91.497 128.63 99.208
-1004.07 918.972 -59.2372 91.404 128.611 99.227
-1003.1 918.762 -59.249 91.313 128.595 99.244
-1002.12 918.55 -59.2609 91.211 128.573 99.265
-1001.14 918.334 -59.2728 91.117 128.558 99.282
-1000.17 918.114 -59.2847 91.117 128.558 99.282
-999.191 917.891 -59.2966 90.977 128.534 99.299
-998.217 917.665 -59.3086 90.885 128.519 99.318
-997.242 917.436 -59.3205 90.885 128.519 99.318
-996.269 917.203 -59.3325 90.772 128.499 99.343
-995.296 916.966 -59.3446 90.671 128.484 99.366
-994.324 916.727 -59.3566 90.566 128.466 99.381
-993.352 916.484 -59.3687 90.566 128.466 99.381
-992.382 916.237 -59.3808 90.485 128.453 99.397
-991.411 915.988 -59.393 90.402 128.435 99.409
-990.441 915.734 -59.4051 90.296 128.412 99.426
-989.472 915.478 -59.4173 90.205 128.394 99.443
-988.504 915.218 -59.4295 90.104 128.375 99.461
-986.298 914.668 -59.4667 90.004 128.36 99.482
-985.327 914.391 -59.4799 89.911 128.346 99.499
-984.357 914.112 -59.4931 89.808 128.328 99.513
-983.389 913.829 -59.5063 89.706 128.31 99.531
-982.422 913.544 -59.5195 89.706 128.31 99.531
-981.456 913.256 -59.5327 89.59 128.287 99.552
-980.492 912.965 -59.5458 89.452 128.259 99.58
-979.529 912.671 -59.5589 89.452 128.259 99.58
-978.567 912.375 -59.5721 89.339 128.236 99.6
-977.607 912.075 -59.5852 89.237 128.218 99.62
-976.648 911.773 -59.5983 89.237 128.218 99.62
-975.69 911.467 -59.6114 89.136 128.199 99.636
-974.733 911.159 -59.6244 89.045 128.185 99.659
-973.778 910.848 -59.6375 88.963 128.171 99.674
-972.824 910.534 -59.6506 88.87 128.155 99.689
-971.872 910.217 -59.6636 88.87 128.155 99.689
-970.921 909.898 -59.6766 88.755 128.137 99.715
-969.971 909.575 -59.6896 88.653 128.118 99.734
-969.022 909.25 -59.7027 88.56 128.101 99.747
-968.075 908.921 -59.7156 88.457 128.082 99.767
-967.129 908.59 -59.7286 88.457 128.082 99.767
-966.185 908.256 -59.7416 88.353 128.06 99.788
-965.242 907.92 -59.7545 88.261 128.045 99.811
-964.3 907.58 -59.7675 88.17 128.028 99.828
-963.359 907.237 -59.7804 88.17 128.028 99.828
-962.42 906.892 -59.7933 88.055 128.013 99.852
-961.482 906.543 -59.8062 87.95 127.997 99.871
-960.545 906.192 -59.8191 87.857 127.981 99.89
-959.61 905.838 -59.832 87.857 127.981 99.89
-958.676 905.481 -59.8449 87.765 127.966 99.906
-957.743 905.121 -59.8577 87.661 127.945 99.921
-956.812 904.759 -59.8706 87.568 127.928 99.939
-955.882 904.393 -59.8834 87.568 127.928 99.939
-954.953 904.025 -59.8962 87.43 127.9 99.96
-954.026 903.654 -59.909 87.338 127.881 99.971
-953.1 903.279 -59.9218 87.248 127.866 99.987
-952.175 902.902 -59.9346 87.157 127.851 100.005
-951.252 902.523 -59.9474 87.157 127.851 100.005
-950.33 902.14 -59.9601 87.053 127.834 100.029
-949.409 901.754 -59.9729 86.96 127.821 100.047
-948.489 901.366 -59.9856 86.856 127.802 100.063
-947.571 900.975 -59.9983 86.856 127.802 100.063
-946.654 900.58 -60.011 86.742 127.783 100.084
-945.739 900.183 -60.0237 86.65 127.764 100.097
-944.825 899.783 -60.0364 86.557 127.744 100.114
-943.912 899.381 -60.0491 86.557 127.744 100.114
-943 898.975 -60.0617 86.452 127.724 100.133
-942.09 898.566 -60.0744 86.348 127.705 100.148
-941.181 898.155 -60.087 86.257 127.69 100.166
-940.274 897.741 -60.0996 86.257 127.69 100.166
-939.367 897.324 -60.1122 86.155 127.675 100.182
-938.462 896.904 -60.1248 86.06 127.659 100.192
-937.559 896.481 -60.1374 85.946 127.637 100.215
-936.656 896.055 -60.15 85.946 127.637 100.215
-935.755 895.626 -60.1625 85.855 127.623 100.235
-934.856 895.195 -60.1751 85.74 127.604 100.261
-933.957 894.761 -60.1876 85.624 127.582 100.281
-933.06 894.323 -60.2002 85.624 127.582 100.281
-932.165 893.883 -60.2127 85.52 127.561 100.298
-931.27 893.44 -60.2252 85.394 127.535 100.319
-930.377 892.995 -60.2376 85.394 127.535 100.319
-929.486 892.546 -60.2501 85.302 127.521 100.338
-928.595 892.094 -60.2626 85.177 127.503 100.367
-927.706 891.64 -60.275 85.177 127.503 100.367
-926.818 891.183 -60.2875 85.049 127.482 100.387
-925.932 890.722 -60.2999 84.967 127.466 100.401
-925.047 890.259 -60.3123 84.875 127.45 100.411
-924.163 889.794 -60.3247 84.875 127.45 100.411
-923.28 889.325 -60.3371 84.783 127.434 100.426
-922.399 888.853 -60.3495 84.645 127.408 100.456
-921.519 888.379 -60.3618 84.645 127.408 100.456
-920.641 887.901 -60.3742 84.531 127.386 100.484
-919.764 887.421 -60.3865 84.438 127.37 100.503
-918.888 886.938 -60.3988 84.322 127.351 100.519
-918.013 886.452 -60.4112 84.322 127.351 100.519
-917.14 885.963 -60.4235 84.207 127.333 100.54
-916.268 885.472 -60.4357 84.105 127.315 100.558
-915.397 884.977 -60.448 84.105 127.315 100.558
-914.528 884.48 -60.4603 84.001 127.296 100.578
-913.66 883.98 -60.4725 83.899 127.278 100.594
-912.794 883.476 -60.4848 83.798 127.257 100.613
-911.928 882.97 -60.497 83.798 127.257 100.613
-911.064 882.461 -60.5092 83.694 127.237 100.631
-910.202 881.95 -60.5214 83.6 127.219 100.641
-909.34 881.435 -60.5336 83.506 127.199 100.652
-908.48 880.918 -60.5458 83.506 127.199 100.652
-907.621 880.397 -60.558 83.403 127.181 100.673
-906.764 879.874 -60.5701 83.313 127.166 100.691
-905.908 879.348 -60.5823 83.212 127.152 100.724
-905.053 878.819 -60.5944 83.099 127.133 100.747
-904.2 878.287 -60.6065 83.099 127.133 100.747
-903.348 877.753 -60.6186 83.008 127.115 100.76
-902.497 877.215 -60.6307 82.916 127.098 100.777
-901.647 876.675 -60.6428 82.799 127.077 100.798
-900.799 876.131 -60.6548 82.799 127.077 100.798
-899.952 875.585 -60.6669 82.68 127.057 100.817
-899.107 875.036 -60.6789 82.585 127.04 100.834
-898.263 874.484 -60.691 82.496 127.023 100.849
-897.42 873.93 -60.703 82.404 127.007 100.867
-896.578 873.372 -60.715 82.404 127.007 100.867
-895.738 872.811 -60.727 82.307 126.991 100.876
-894.899 872.248 -60.739 82.216 126.974 100.89
-894.061 871.682 -60.7509 82.216 126.974 100.89
-893.225 871.113 -60.7629 82.216 126.974 100.89
-892.39 870.541 -60.7748 82.216 126.974 100.89
-891.557 869.966 -60.7868 82.216 126.974 100.89
-890.724 869.388 -60.7987 82.216 126.974 100.89
-889.893 868.808 -60.8106 82.216 126.974 100.89
