1
-737.651 179.027 -105.294 51.322 127.642 126.405
-737.584 180.024 -105.252 51.322 127.642 126.405
-737.518 181.021 -105.21 51.322 127.642 126.405
-737.452 182.018 -105.168 51.322 127.642 126.405
-737.386 183.015 -105.126 51.322 127.642 126.405
-737.32 184.012 -105.084 51.322 127.642 126.405
-737.254 185.008 -105.042 51.322 127.642 126.405
-737.188 186.005 -105 51.322 127.642 126.405
-737.122 187.002 -104.958 51.322 127.642 126.405
-737.056 187.999 -104.915 51.322 127.642 126.405
-736.99 188.996 -104.873 51.322 127.642 126.405
-736.924 189.993 -104.831 51.322 127.642 126.405
-736.858 190.99 -104.789 51.322 127.642 126.405
-736.792 191.987 -104.747 51.322 127.642 126.405
-736.726 192.984 -104.705 51.322 127.642 126.405
-736.66 193.981 -104.663 51.322 127.642 126.405
-736.594 194.978 -104.621 51.322 127.642 126.405
-736.528 195.975 -104.579 51.322 127.642 126.405
-736.461 196.972 -104.537 51.322 127.642 126.405
-736.395 197.969 -104.495 51.322 127.642 126.405
-736.329 198.965 -104.453 51.322 127.642 126.405
-736.263 199.962 -104.411 51.322 127.642 126.405
-736.197 200.959 -104.369 51.604 127.472 126.56
-736.131 201.956 -104.327 51.604 127.472 126.56
-736.065 202.953 -104.285 51.851 127.326 126.725
-735.999 203.95 -104.243 52.085 127.184 126.859
-735.933 204.947 -104.201 52.304 127.056 126.999
-735.867 205.944 -104.159 52.552 126.899 127.133
-735.801 206.941 -104.116 52.552 126.899 127.133
-735.735 207.938 -104.074 52.821 126.734 127.311
-735.669 208.935 -104.032 52.821 126.734 127.311
-735.603 209.932 -103.99 52.821 126.734 127.311
-735.537 210.929 -103.948 52.821 126.734 127.311
-735.471 211.926 -103.906 52.821 126.734 127.311
-735.405 212.922 -103.864 52.821 126.734 127.311
-735.338 213.919 -103.822 52.821 126.734 127.311
-735.272 214.916 -103.78 52.821 126.734 127.311
-735.206 215.913 -103.738 52.821 126.734 127.311
-735.14 216.91 -103.696 52.821 126.734 127.311
-735.074 217.907 -103.654 52.821 126.734 127.311
-735.008 218.904 -103.612 52.821 126.734 127.311
2
-736.602 179.268 -105.022 50.887 127.892 126.136
-736.54 180.266 -105.006 50.887 127.892 126.136
-736.479 181.264 -104.99 50.887 127.892 126.136
-736.418 182.262 -104.974 50.887 127.892 126.136
-736.357 183.26 -104.959 50.887 127.892 126.136
-736.295 184.258 -104.943 50.887 127.892 126.136
-736.234 185.256 -104.927 50.887 127.892 126.136
-736.173 186.254 -104.911 50.887 127.892 126.136
-736.111 187.252 -104.896 50.887 127.892 126.136
-736.05 188.25 -104.88 50.887 127.892 126.136
-735.989 189.248 -104.864 50.887 127.892 126.136
-735.927 190.246 -104.849 50.887 127.892 126.136
-735.866 191.244 -104.833 50.887 127.892 126.136
-735.805 192.242 -104.817 50.887 127.892 126.136
-735.743 193.24 -104.801 50.887 127.892 126.136
-735.682 194.238 -104.786 50.887 127.892 126.136
-735.621 195.236 -104.77 50.887 127.892 126.136
-735.559 196.234 -104.754 50.887 127.892 126.136
-735.498 197.232 -104.739 50.887 127.892 126.136
-735.437 198.23 -104.723 50.887 127.892 126.136
-735.375 199.228 -104.707 51.142 127.746 126.287
-735.314 200.226 -104.691 51.142 127.746 126.287
-735.253 201.224 -104.676 51.427 127.577 126.455
-735.191 202.222 -104.66 51.71 127.41 126.628
-735.13 203.22 -104.644 51.71 127.41 126.628
-735.069 204.218 -104.629 51.986 127.245 126.802
-735.008 205.216 -104.613 52.243 127.093 126.965
-734.946 206.214 -104.597 52.243 127.093 126.965
-734.885 207.212 -104.581 52.474 126.95 127.093
-734.824 208.21 -104.566 52.7 126.814 127.242
-734.762 209.208 -104.55 52.7 126.814 127.242
-734.701 210.206 -104.534 52.7 126.814 127.242
-734.64 211.204 -104.519 52.7 126.814 127.242
-734.578 212.202 -104.503 52.7 126.814 127.242
-734.517 213.2 -104.487 52.7 126.814 127.242
-734.456 214.198 -104.471 52.7 126.814 127.242
-734.394 215.196 -104.456 52.7 126.814 127.242
-734.333 216.194 -104.44 52.7 126.814 127.242
-734.272 217.192 -104.424 52.7 126.814 127.242
-734.21 218.19 -104.409 52.7 126.814 127.242
-734.149 219.188 -104.393 52.7 126.814 127.242
3
-740.783 178.027 -104.268 51.113 127.757 126.275
-740.699 179.024 -104.267 51.113 127.757 126.275
-740.616 180.02 -104.266 51.113 127.757 126.275
-740.533 181.017 -104.264 51.113 127.757 126.275
-740.449 182.014 -104.263 51.113 127.757 126.275
-740.366 183.01 -104.262 51.113 127.757 126.275
-740.283 184.007 -104.26 51.113 127.757 126.275
-740.199 185.003 -104.259 51.113 127.757 126.275
-740.116 186 -104.257 51.113 127.757 126.275
-740.033 186.996 -104.256 51.113 127.757 126.275
-739.949 187.993 -104.255 51.113 127.757 126.275
-739.866 188.989 -104.253 51.113 127.757 126.275
-739.783 189.986 -104.252 51.113 127.757 126.275
-739.699 190.982 -104.25 51.113 127.757 126.275
-739.616 191.979 -104.249 51.113 127.757 126.275
-739.532 192.975 -104.248 51.113 127.757 126.275
-739.449 193.972 -104.246 51.113 127.757 126.275
-739.366 194.968 -104.245 51.113 127.757 126.275
-739.282 195.965 -104.243 51.113 127.757 126.275
-739.199 196.961 -104.242 51.113 127.757 126.275
-739.116 197.958 -104.241 51.382 127.604 126.439
-739.032 198.954 -104.239 51.382 127.604 126.439
-738.949 199.951 -104.238 51.644 127.45 126.593
-738.866 200.947 -104.237 51.644 127.45 126.593
-738.782 201.944 -104.235 51.969 127.252 126.792
-738.699 202.94 -104.234 52.189 127.114 126.926
-738.616 203.937 -104.232 52.422 126.973 127.069
-738.532 204.933 -104.231 52.422 126.973 127.069
-738.449 205.93 -104.23 52.708 126.805 127.241
-738.366 206.927 -104.228 52.708 126.805 127.241
-738.282 207.923 -104.227 52.708 126.805 127.241
-738.199 208.92 -104.225 52.708 126.805 127.241
-738.115 209.916 -104.224 52.708 126.805 127.241
-738.032 210.913 -104.223 52.708 126.805 127.241
-737.949 211.909 -104.221 52.708 126.805 127.241
-737.865 212.906 -104.22 52.708 126.805 127.241
-737.782 213.902 -104.218 52.708 126.805 127.241
-737.699 214.899 -104.217 52.708 126.805 127.241
-737.615 215.895 -104.216 52.708 126.805 127.241
-737.532 216.892 -104.214 52.708 126.805 127.241
-737.449 217.888 -104.213 52.708 126.805 127.241
4
-737.176 178.648 -104.515 50.798 127.936 126.088
-737.089 179.644 -104.494 50.798 127.936 126.088
-737.002 180.64 -104.472 50.798 127.936 126.088
-736.915 181.636 -104.451 50.798 127.936 126.088
-736.828 182.632 -104.43 50.798 127.936 126.088
-736.74 183.628 -104.409 50.798 127.936 126.088
-736.653 184.624 -104.388 50.798 127.936 126.088
-736.566 185.62 -104.367 50.798 127.936 126.088
-736.479 186.616 -104.346 50.798 127.936 126.088
-736.392 187.612 -104.325 50.798 127.936 126.088
-736.305 188.608 -104.304 50.798 127.936 126.088
-736.217 189.604 -104.283 50.798 127.936 126.088
-736.13 190.6 -104.262 50.798 127.936 126.088
-736.043 191.596 -104.241 50.798 127.936 126.088
-735.956 192.592 -104.219 50.798 127.936 126.088
-735.869 193.588 -104.198 50.798 127.936 126.088
-735.782 194.584 -104.177 50.798 127.936 126.088
-735.694 195.58 -104.156 50.798 127.936 126.088
-735.607 196.576 -104.135 50.798 127.936 126.088
-735.52 197.572 -104.114 50.798 127.936 126.088
-735.433 198.568 -104.093 51.114 127.757 126.277
-735.346 199.564 -104.072 51.114 127.757 126.277
-735.259 200.56 -104.051 51.382 127.603 126.439
-735.171 201.556 -104.03 51.643 127.448 126.591
-735.084 202.552 -104.009 51.643 127.448 126.591
-734.997 203.548 -103.987 51.929 127.275 126.768
-734.91 204.544 -103.966 52.188 127.114 126.925
-734.823 205.54 -103.945 52.188 127.114 126.925
-734.736 206.536 -103.924 52.453 126.954 127.085
-734.648 207.532 -103.903 52.733 126.791 127.258
-734.561 208.528 -103.882 52.733 126.791 127.258
-734.474 209.524 -103.861 52.733 126.791 127.258
-734.387 210.52 -103.84 52.733 126.791 127.258
-734.3 211.515 -103.819 52.733 126.791 127.258
-734.213 212.511 -103.798 52.733 126.791 127.258
-734.125 213.507 -103.777 52.733 126.791 127.258
-734.038 214.503 -103.756 52.733 126.791 127.258
-733.951 215.499 -103.734 52.733 126.791 127.258
-733.864 216.495 -103.713 52.733 126.791 127.258
-733.777 217.491 -103.692 52.733 126.791 127.258
-733.689 218.487 -103.671 52.733 126.791 127.258
5
-742.876 180.177 -103.8 47.999 129.477 124.316
-742.585 181.134 -103.805 47.999 129.477 124.316
-742.294 182.09 -103.81 47.999 129.477 124.316
-742.002 183.047 -103.816 47.999 129.477 124.316
-741.711 184.004 -103.821 47.999 129.477 124.316
-741.42 184.96 -103.827 47.999 129.477 124.316
-741.129 185.917 -103.832 47.999 129.477 124.316
-740.838 186.874 -103.837 47.999 129.477 124.316
-740.547 187.83 -103.843 47.999 129.477 124.316
-740.256 188.787 -103.848 50.934 127.859 126.166
-739.964 189.744 -103.854 50.934 127.859 126.166
-739.673 190.7 -103.859 50.934 127.859 126.166
-739.382 191.657 -103.864 50.934 127.859 126.166
-739.091 192.614 -103.87 50.934 127.859 126.166
-738.8 193.57 -103.875 50.934 127.859 126.166
-738.509 194.527 -103.88 50.934 127.859 126.166
-738.218 195.484 -103.886 50.934 127.859 126.166
-737.926 196.44 -103.891 50.934 127.859 126.166
-737.635 197.397 -103.897 50.934 127.859 126.166
-737.344 198.354 -103.902 51.203 127.706 126.325
-737.053 199.31 -103.907 51.203 127.706 126.325
-736.762 200.267 -103.913 51.557 127.5 126.532
-736.471 201.224 -103.918 51.557 127.5 126.532
-736.18 202.18 -103.924 51.851 127.325 126.72
-735.888 203.137 -103.929 51.851 127.325 126.72
-735.597 204.094 -103.934 52.08 127.181 126.859
-735.306 205.05 -103.94 52.359 127.014 127.04
-735.015 206.007 -103.945 52.359 127.014 127.04
-734.724 206.963 -103.951 52.602 126.866 127.173
-734.433 207.92 -103.956 52.602 126.866 127.173
-734.142 208.877 -103.961 52.602 126.866 127.173
-733.851 209.833 -103.967 52.602 126.866 127.173
-733.559 210.79 -103.972 52.602 126.866 127.173
-733.268 211.747 -103.977 52.602 126.866 127.173
-732.977 212.703 -103.983 52.602 126.866 127.173
-732.686 213.66 -103.988 52.602 126.866 127.173
-732.395 214.617 -103.994 52.602 126.866 127.173
-732.104 215.573 -103.999 52.602 126.866 127.173
-731.813 216.53 -104.004 52.602 126.866 127.173
-731.521 217.487 -104.01 52.602 126.866 127.173
-731.23 218.443 -104.015 52.602 126.866 127.173
6
-737.199 177.691 -104.862 51.023 127.808 126.218
-737.132 178.689 -104.85 51.023 127.808 126.218
-737.064 179.686 -104.839 51.023 127.808 126.218
-736.996 180.684 -104.828 51.023 127.808 126.218
-736.928 181.681 -104.816 51.023 127.808 126.218
-736.861 182.679 -104.805 51.023 127.808 126.218
-736.793 183.677 -104.794 51.023 127.808 126.218
-736.725 184.674 -104.783 51.023 127.808 126.218
-736.657 185.672 -104.771 51.023 127.808 126.218
-736.589 186.67 -104.76 51.023 127.808 126.218
-736.522 187.667 -104.749 51.023 127.808 126.218
-736.454 188.665 -104.737 51.023 127.808 126.218
-736.386 189.663 -104.726 51.023 127.808 126.218
-736.318 190.66 -104.715 51.023 127.808 126.218
-736.251 191.658 -104.704 51.023 127.808 126.218
-736.183 192.655 -104.692 51.023 127.808 126.218
-736.115 193.653 -104.681 51.023 127.808 126.218
-736.047 194.651 -104.67 51.023 127.808 126.218
-735.98 195.648 -104.659 51.023 127.808 126.218
-735.912 196.646 -104.647 51.023 127.808 126.218
-735.844 197.644 -104.636 51.023 127.808 126.218
-735.776 198.641 -104.625 51.023 127.808 126.218
-735.709 199.639 -104.613 51.292 127.655 126.38
-735.641 200.637 -104.602 51.292 127.655 126.38
-735.573 201.634 -104.591 51.557 127.499 126.531
-735.505 202.632 -104.58 51.851 127.325 126.72
-735.437 203.629 -104.568 51.851 127.325 126.72
-735.37 204.627 -104.557 52.155 127.136 126.908
-735.302 205.625 -104.546 52.155 127.136 126.908
-735.234 206.622 -104.534 52.424 126.975 127.076
-735.166 207.62 -104.523 52.684 126.822 127.231
-735.099 208.618 -104.512 52.684 126.822 127.231
-735.031 209.615 -104.501 52.684 126.822 127.231
-734.963 210.613 -104.489 52.684 126.822 127.231
-734.895 211.611 -104.478 52.684 126.822 127.231
-734.828 212.608 -104.467 52.684 126.822 127.231
-734.76 213.606 -104.455 52.684 126.822 127.231
-734.692 214.603 -104.444 52.684 126.822 127.231
-734.624 215.601 -104.433 52.684 126.822 127.231
-734.557 216.599 -104.422 52.684 126.822 127.231
-734.489 217.596 -104.41 52.684 126.822 127.231
7
-738.626 178.485 -104.894 51.204 127.706 126.323
-738.539 179.481 -104.873 51.204 127.706 126.323
-738.452 180.477 -104.852 51.204 127.706 126.323
-738.365 181.473 -104.83 51.204 127.706 126.323
-738.278 182.469 -104.809 51.204 127.706 126.323
-738.191 183.465 -104.788 51.204 127.706 126.323
-738.104 184.461 -104.767 51.204 127.706 126.323
-738.017 185.457 -104.746 51.204 127.706 126.323
-737.93 186.453 -104.725 51.204 127.706 126.323
-737.843 187.449 -104.704 51.204 127.706 126.323
-737.756 188.445 -104.682 51.204 127.706 126.323
-737.669 189.441 -104.661 51.204 127.706 126.323
-737.582 190.437 -104.64 51.204 127.706 126.323
-737.495 191.433 -104.619 51.204 127.706 126.323
-737.408 192.429 -104.598 51.204 127.706 126.323
-737.32 193.425 -104.577 51.204 127.706 126.323
-737.233 194.421 -104.556 51.204 127.706 126.323
-737.146 195.417 -104.534 51.204 127.706 126.323
-737.059 196.413 -104.513 51.204 127.706 126.323
-736.972 197.409 -104.492 51.204 127.706 126.323
-736.885 198.405 -104.471 51.204 127.706 126.323
-736.798 199.401 -104.45 51.204 127.706 126.323
-736.711 200.397 -104.429 51.468 127.552 126.48
-736.624 201.393 -104.408 51.809 127.35 126.692
-736.537 202.389 -104.386 51.809 127.35 126.692
-736.45 203.385 -104.365 52.119 127.16 126.884
-736.363 204.381 -104.344 52.119 127.16 126.884
-736.276 205.377 -104.323 52.428 126.976 127.077
-736.189 206.373 -104.302 52.428 126.976 127.077
-736.102 207.369 -104.281 52.686 126.822 127.232
-736.015 208.365 -104.26 52.686 126.822 127.232
-735.928 209.361 -104.238 52.686 126.822 127.232
-735.841 210.357 -104.217 52.686 126.822 127.232
-735.754 211.353 -104.196 52.686 126.822 127.232
-735.667 212.349 -104.175 52.686 126.822 127.232
-735.58 213.345 -104.154 52.686 126.822 127.232
-735.493 214.341 -104.133 52.686 126.822 127.232
-735.406 215.337 -104.112 52.686 126.822 127.232
-735.319 216.333 -104.09 52.686 126.822 127.232
-735.232 217.329 -104.069 52.686 126.822 127.232
-735.145 218.325 -104.048 52.686 126.822 127.232
8
-738.321 177.726 -104.441 50.752 127.961 126.053
-738.222 178.721 -104.436 50.752 127.961 126.053
-738.123 179.716 -104.432 50.752 127.961 126.053
-738.024 180.711 -104.427 50.752 127.961 126.053
-737.926 181.706 -104.422 50.752 127.961 126.053
-737.827 182.701 -104.418 50.752 127.961 126.053
-737.728 183.697 -104.413 50.752 127.961 126.053
-737.629 184.692 -104.409 50.752 127.961 126.053
-737.53 185.687 -104.404 50.752 127.961 126.053
-737.432 186.682 -104.4 50.752 127.961 126.053
-737.333 187.677 -104.395 50.752 127.961 126.053
-737.234 188.672 -104.39 50.752 127.961 126.053
-737.135 189.667 -104.386 50.752 127.961 126.053
-737.036 190.662 -104.381 50.752 127.961 126.053
-736.937 191.657 -104.377 50.752 127.961 126.053
-736.839 192.652 -104.372 50.752 127.961 126.053
-736.74 193.647 -104.368 50.752 127.961 126.053
-736.641 194.643 -104.363 50.752 127.961 126.053
-736.542 195.638 -104.359 50.752 127.961 126.053
-736.443 196.633 -104.354 50.752 127.961 126.053
-736.345 197.628 -104.349 50.752 127.961 126.053
-736.246 198.623 -104.345 51.158 127.732 126.299
-736.147 199.618 -104.34 51.158 127.732 126.299
-736.048 200.613 -104.336 51.469 127.552 126.486
-735.949 201.608 -104.331 51.729 127.398 126.642
-735.85 202.603 -104.327 51.729 127.398 126.642
-735.752 203.598 -104.322 51.97 127.252 126.796
-735.653 204.593 -104.317 52.259 127.075 126.975
-735.554 205.589 -104.313 52.259 127.075 126.975
-735.455 206.584 -104.308 52.485 126.937 127.106
-735.356 207.579 -104.304 52.485 126.937 127.106
-735.257 208.574 -104.299 52.485 126.937 127.106
-735.159 209.569 -104.295 52.485 126.937 127.106
-735.06 210.564 -104.29 52.485 126.937 127.106
-734.961 211.559 -104.286 52.485 126.937 127.106
-734.862 212.554 -104.281 52.485 126.937 127.106
-734.763 213.549 -104.276 52.485 126.937 127.106
-734.665 214.544 -104.272 52.485 126.937 127.106
-734.566 215.54 -104.267 52.485 126.937 127.106
-734.467 216.535 -104.263 52.485 126.937 127.106
-734.368 217.53 -104.258 52.485 126.937 127.106
9
-736.86 176.794 -103.002 51.025 127.808 126.222
-736.8 177.792 -103.036 51.025 127.808 126.222
-736.739 178.789 -103.069 51.025 127.808 126.222
-736.679 179.787 -103.103 51.025 127.808 126.222
-736.618 180.784 -103.137 51.025 127.808 126.222
-736.558 181.782 -103.171 51.025 127.808 126.222
-736.497 182.78 -103.205 51.025 127.808 126.222
-736.437 183.777 -103.238 51.025 127.808 126.222
-736.376 184.775 -103.272 51.025 127.808 126.222
-736.315 185.772 -103.306 51.025 127.808 126.222
-736.255 186.77 -103.34 51.025 127.808 126.222
-736.194 187.768 -103.374 51.025 127.808 126.222
-736.134 188.765 -103.407 51.025 127.808 126.222
-736.073 189.763 -103.441 51.025 127.808 126.222
-736.013 190.76 -103.475 51.025 127.808 126.222
-735.952 191.758 -103.509 51.025 127.808 126.222
-735.892 192.756 -103.543 51.025 127.808 126.222
-735.831 193.753 -103.576 51.025 127.808 126.222
-735.771 194.751 -103.61 51.025 127.808 126.222
-735.71 195.748 -103.644 51.025 127.808 126.222
-735.649 196.746 -103.678 51.025 127.808 126.222
-735.589 197.744 -103.712 51.025 127.808 126.222
-735.528 198.741 -103.745 51.025 127.808 126.222
-735.468 199.739 -103.779 51.294 127.655 126.382
-735.407 200.736 -103.813 51.294 127.655 126.382
-735.347 201.734 -103.847 51.645 127.449 126.59
-735.286 202.732 -103.881 51.931 127.275 126.77
-735.226 203.729 -103.915 51.931 127.275 126.77
-735.165 204.727 -103.948 52.191 127.116 126.931
-735.105 205.724 -103.982 52.455 126.956 127.091
-735.044 206.722 -104.016 52.455 126.956 127.091
-734.983 207.719 -104.05 52.683 126.821 127.226
-734.923 208.717 -104.084 52.683 126.821 127.226
-734.862 209.715 -104.117 52.683 126.821 127.226
-734.802 210.712 -104.151 52.683 126.821 127.226
-734.741 211.71 -104.185 52.683 126.821 127.226
-734.681 212.707 -104.219 52.683 126.821 127.226
-734.62 213.705 -104.253 52.683 126.821 127.226
-734.56 214.703 -104.286 52.683 126.821 127.226
-734.499 215.7 -104.32 52.683 126.821 127.226
-734.439 216.698 -104.354 52.683 126.821 127.226
10
-737.703 178.987 -103.906 51.335 127.628 126.405
-737.602 179.982 -103.902 51.335 127.628 126.405
-737.501 180.977 -103.899 51.335 127.628 126.405
-737.4 181.971 -103.895 51.335 127.628 126.405
-737.299 182.966 -103.892 51.335 127.628 126.405
-737.198 183.961 -103.888 51.335 127.628 126.405
-737.097 184.956 -103.885 51.335 127.628 126.405
-736.996 185.951 -103.881 51.335 127.628 126.405
-736.895 186.946 -103.878 51.335 127.628 126.405
-736.794 187.941 -103.874 51.335 127.628 126.405
-736.693 188.936 -103.871 51.335 127.628 126.405
-736.592 189.93 -103.867 51.335 127.628 126.405
-736.491 190.925 -103.864 51.335 127.628 126.405
-736.39 191.92 -103.86 51.335 127.628 126.405
-736.289 192.915 -103.857 51.335 127.628 126.405
-736.188 193.91 -103.853 51.335 127.628 126.405
-736.087 194.905 -103.85 51.335 127.628 126.405
-735.986 195.9 -103.846 51.335 127.628 126.405
-735.885 196.895 -103.843 51.335 127.628 126.405
-735.784 197.89 -103.839 51.335 127.628 126.405
-735.683 198.884 -103.836 51.335 127.628 126.405
-735.582 199.879 -103.832 51.335 127.628 126.405
-735.481 200.874 -103.829 51.64 127.448 126.583
-735.38 201.869 -103.825 51.64 127.448 126.583
-735.279 202.864 -103.822 51.929 127.276 126.769
-735.178 203.859 -103.818 51.929 127.276 126.769
-735.077 204.854 -103.815 52.226 127.094 126.952
-734.976 205.849 -103.811 52.226 127.094 126.952
-734.875 206.843 -103.807 52.487 126.936 127.107
-734.774 207.838 -103.804 52.735 126.791 127.266
-734.673 208.833 -103.8 52.735 126.791 127.266
-734.572 209.828 -103.797 52.735 126.791 127.266
-734.471 210.823 -103.793 52.735 126.791 127.266
-734.37 211.818 -103.79 52.735 126.791 127.266
-734.269 212.813 -103.786 52.735 126.791 127.266
-734.168 213.808 -103.783 52.735 126.791 127.266
-734.067 214.802 -103.779 52.735 126.791 127.266
-733.966 215.797 -103.776 52.735 126.791 127.266
-733.865 216.792 -103.772 52.735 126.791 127.266
-733.764 217.787 -103.769 52.735 126.791 127.266
-733.663 218.782 -103.765 52.735 126.791 127.266
11
-736.282 179.618 -104.682 51.338 127.629 126.414
-736.24 180.617 -104.668 51.338 127.629 126.414
-736.198 181.616 -104.653 51.338 127.629 126.414
-736.155 182.615 -104.639 51.338 127.629 126.414
-736.113 183.614 -104.625 51.338 127.629 126.414
-736.07 184.613 -104.611 51.338 127.629 126.414
-736.028 185.612 -104.596 51.338 127.629 126.414
-735.986 186.611 -104.582 51.338 127.629 126.414
-735.943 187.61 -104.568 51.338 127.629 126.414
-735.901 188.609 -104.554 51.338 127.629 126.414
-735.858 189.608 -104.539 51.338 127.629 126.414
-735.816 190.607 -104.525 51.338 127.629 126.414
-735.773 191.606 -104.511 51.338 127.629 126.414
-735.731 192.605 -104.497 51.338 127.629 126.414
-735.689 193.604 -104.482 51.338 127.629 126.414
-735.646 194.603 -104.468 51.338 127.629 126.414
-735.604 195.602 -104.454 51.338 127.629 126.414
-735.561 196.601 -104.44 51.338 127.629 126.414
-735.519 197.6 -104.425 51.338 127.629 126.414
-735.477 198.599 -104.411 51.338 127.629 126.414
-735.434 199.598 -104.397 51.338 127.629 126.414
-735.392 200.597 -104.383 51.338 127.629 126.414
-735.349 201.596 -104.368 51.602 127.474 126.564
-735.307 202.595 -104.354 51.602 127.474 126.564
-735.264 203.594 -104.34 51.931 127.275 126.77
-735.222 204.593 -104.326 52.154 127.135 126.902
-735.18 205.592 -104.311 52.154 127.135 126.902
-735.137 206.591 -104.297 52.421 126.972 127.066
-735.095 207.59 -104.283 52.682 126.818 127.22
-735.052 208.589 -104.269 52.682 126.818 127.22
-735.01 209.588 -104.254 52.682 126.818 127.22
-734.968 210.587 -104.24 52.682 126.818 127.22
-734.925 211.586 -104.226 52.682 126.818 127.22
-734.883 212.585 -104.212 52.682 126.818 127.22
-734.84 213.584 -104.197 52.682 126.818 127.22
-734.798 214.583 -104.183 52.682 126.818 127.22
-734.756 215.582 -104.169 52.682 126.818 127.22
-734.713 216.581 -104.155 52.682 126.818 127.22
-734.671 217.58 -104.14 52.682 126.818 127.22
-734.628 218.579 -104.126 52.682 126.818 127.22
-734.586 219.578 -104.112 52.682 126.818 127.22
12
-737.408 179.445 -104.272 50.887 127.883 126.136
-737.347 180.443 -104.257 50.887 127.883 126.136
-737.285 181.441 -104.242 50.887 127.883 126.136
-737.224 182.439 -104.228 50.887 127.883 126.136
-737.162 183.437 -104.213 50.887 127.883 126.136
-737.101 184.435 -104.198 50.887 127.883 126.136
-737.039 185.433 -104.183 50.887 127.883 126.136
-736.978 186.431 -104.168 50.887 127.883 126.136
-736.917 187.429 -104.153 50.887 127.883 126.136
-736.855 188.426 -104.139 50.887 127.883 126.136
-736.794 189.424 -104.124 50.887 127.883 126.136
-736.732 190.422 -104.109 50.887 127.883 126.136
-736.671 191.42 -104.094 50.887 127.883 126.136
-736.609 192.418 -104.079 50.887 127.883 126.136
-736.548 193.416 -104.064 50.887 127.883 126.136
-736.486 194.414 -104.05 50.887 127.883 126.136
-736.425 195.412 -104.035 50.887 127.883 126.136
-736.363 196.41 -104.02 50.887 127.883 126.136
-736.302 197.408 -104.005 50.887 127.883 126.136
-736.24 198.406 -103.99 51.157 127.73 126.295
-736.179 199.404 -103.975 51.424 127.577 126.456
-736.117 200.402 -103.961 51.424 127.577 126.456
-736.056 201.4 -103.946 51.424 127.577 126.456
-735.994 202.398 -103.931 51.969 127.252 126.792
-735.933 203.396 -103.916 51.969 127.252 126.792
-735.871 204.394 -103.901 52.191 127.116 126.932
-735.81 205.392 -103.886 52.486 126.937 127.109
-735.748 206.39 -103.872 52.486 126.937 127.109
-735.687 207.388 -103.857 52.757 126.779 127.284
-735.625 208.386 -103.842 52.757 126.779 127.284
-735.564 209.384 -103.827 52.757 126.779 127.284
-735.502 210.382 -103.812 52.757 126.779 127.284
-735.441 211.38 -103.797 52.757 126.779 127.284
-735.379 212.378 -103.783 52.757 126.779 127.284
-735.318 213.376 -103.768 52.757 126.779 127.284
-735.256 214.374 -103.753 52.757 126.779 127.284
-735.195 215.372 -103.738 52.757 126.779 127.284
-735.134 216.37 -103.723 52.757 126.779 127.284
-735.072 217.368 -103.709 52.757 126.779 127.284
-735.011 218.366 -103.694 52.757 126.779 127.284
-734.949 219.364 -103.679 52.757 126.779 127.284
13
-735.4 177.574 -104.465 50.661 128.013 125.998
-735.297 178.569 -104.464 50.661 128.013 125.998
-735.193 179.564 -104.464 50.661 128.013 125.998
-735.09 180.558 -104.464 50.661 128.013 125.998
-734.986 181.553 -104.464 50.661 128.013 125.998
-734.883 182.547 -104.464 50.661 128.013 125.998
-734.78 183.542 -104.464 50.661 128.013 125.998
-734.676 184.537 -104.463 50.661 128.013 125.998
-734.573 185.531 -104.463 50.661 128.013 125.998
-734.469 186.526 -104.463 50.661 128.013 125.998
-734.366 187.521 -104.463 50.661 128.013 125.998
-734.262 188.515 -104.463 50.661 128.013 125.998
-734.159 189.51 -104.462 50.661 128.013 125.998
-734.056 190.505 -104.462 50.661 128.013 125.998
-733.952 191.499 -104.462 50.661 128.013 125.998
-733.849 192.494 -104.462 50.661 128.013 125.998
-733.745 193.488 -104.462 50.661 128.013 125.998
-733.642 194.483 -104.461 50.661 128.013 125.998
-733.539 195.478 -104.461 50.661 128.013 125.998
-733.435 196.472 -104.461 50.661 128.013 125.998
-733.332 197.467 -104.461 50.661 128.013 125.998
-733.228 198.462 -104.461 50.661 128.013 125.998
-733.125 199.456 -104.46 50.661 128.013 125.998
-733.022 200.451 -104.46 51.292 127.654 126.379
-732.918 201.446 -104.46 51.292 127.654 126.379
-732.815 202.44 -104.46 51.644 127.448 126.586
-732.711 203.435 -104.46 51.644 127.448 126.586
-732.608 204.429 -104.459 51.89 127.299 126.744
-732.505 205.424 -104.459 51.89 127.299 126.744
-732.401 206.419 -104.459 52.117 127.158 126.881
-732.298 207.413 -104.459 52.393 126.995 127.059
-732.194 208.408 -104.459 52.393 126.995 127.059
-732.091 209.403 -104.458 52.658 126.836 127.211
-731.988 210.397 -104.458 52.658 126.836 127.211
-731.884 211.392 -104.458 52.658 126.836 127.211
-731.781 212.387 -104.458 52.658 126.836 127.211
-731.677 213.381 -104.458 52.658 126.836 127.211
-731.574 214.376 -104.457 52.658 126.836 127.211
-731.471 215.371 -104.457 52.658 126.836 127.211
-731.367 216.365 -104.457 52.658 126.836 127.211
-731.264 217.36 -104.457 52.658 126.836 127.211
14
-739.355 176.857 -104.348 50.707 127.986 126.026
-739.264 177.853 -104.346 50.707 127.986 126.026
-739.173 178.848 -104.343 50.707 127.986 126.026
-739.082 179.844 -104.341 50.707 127.986 126.026
-738.991 180.84 -104.339 50.707 127.986 126.026
-738.9 181.836 -104.336 50.707 127.986 126.026
-738.809 182.832 -104.334 50.707 127.986 126.026
-738.718 183.828 -104.331 50.707 127.986 126.026
-738.627 184.824 -104.329 50.707 127.986 126.026
-738.536 185.819 -104.327 50.707 127.986 126.026
-738.445 186.815 -104.324 50.707 127.986 126.026
-738.354 187.811 -104.322 50.707 127.986 126.026
-738.263 188.807 -104.32 50.707 127.986 126.026
-738.172 189.803 -104.317 50.707 127.986 126.026
-738.081 190.799 -104.315 50.707 127.986 126.026
-737.99 191.795 -104.313 50.707 127.986 126.026
-737.9 192.79 -104.31 50.707 127.986 126.026
-737.809 193.786 -104.308 50.707 127.986 126.026
-737.718 194.782 -104.306 50.707 127.986 126.026
-737.627 195.778 -104.303 50.707 127.986 126.026
-737.536 196.774 -104.301 50.707 127.986 126.026
-737.445 197.77 -104.299 51.113 127.756 126.269
-737.354 198.765 -104.296 51.113 127.756 126.269
-737.263 199.761 -104.294 51.468 127.551 126.48
-737.172 200.757 -104.292 51.468 127.551 126.48
-737.081 201.753 -104.289 51.77 127.373 126.665
-736.99 202.749 -104.287 52.044 127.204 126.838
-736.899 203.745 -104.285 52.044 127.204 126.838
-736.808 204.741 -104.282 52.361 127.016 127.043
-736.717 205.736 -104.28 52.361 127.016 127.043
-736.626 206.732 -104.277 52.658 126.835 127.211
-736.536 207.728 -104.275 52.658 126.835 127.211
-736.445 208.724 -104.273 52.658 126.835 127.211
-736.354 209.72 -104.27 52.658 126.835 127.211
-736.263 210.716 -104.268 52.658 126.835 127.211
-736.172 211.712 -104.266 52.658 126.835 127.211
-736.081 212.707 -104.263 52.658 126.835 127.211
-735.99 213.703 -104.261 52.658 126.835 127.211
-735.899 214.699 -104.259 52.658 126.835 127.211
-735.808 215.695 -104.256 52.658 126.835 127.211
-735.717 216.691 -104.254 52.658 126.835 127.211
15
-736.996 178.423 -104.666 51.203 127.706 126.323
-736.928 179.42 -104.645 51.203 127.706 126.323
-736.86 180.418 -104.625 51.203 127.706 126.323
-736.792 181.415 -104.604 51.203 127.706 126.323
-736.724 182.412 -104.583 51.203 127.706 126.323
-736.656 183.41 -104.563 51.203 127.706 126.323
-736.588 184.407 -104.542 51.203 127.706 126.323
-736.52 185.405 -104.521 51.203 127.706 126.323
-736.452 186.402 -104.5 51.203 127.706 126.323
-736.384 187.4 -104.48 51.203 127.706 126.323
-736.316 188.397 -104.459 51.203 127.706 126.323
-736.248 189.395 -104.438 51.203 127.706 126.323
-736.18 190.392 -104.418 51.203 127.706 126.323
-736.111 191.39 -104.397 51.203 127.706 126.323
-736.043 192.387 -104.376 51.203 127.706 126.323
-735.975 193.385 -104.355 51.203 127.706 126.323
-735.907 194.382 -104.335 51.203 127.706 126.323
-735.839 195.38 -104.314 51.203 127.706 126.323
-735.771 196.377 -104.293 51.203 127.706 126.323
-735.703 197.374 -104.273 51.203 127.706 126.323
-735.635 198.372 -104.252 51.203 127.706 126.323
-735.567 199.369 -104.231 51.203 127.706 126.323
-735.499 200.367 -104.21 51.469 127.552 126.482
-735.431 201.364 -104.19 51.469 127.552 126.482
-735.363 202.362 -104.169 51.729 127.399 126.639
-735.295 203.359 -104.148 52.045 127.204 126.838
-735.227 204.357 -104.128 52.045 127.204 126.838
-735.158 205.354 -104.107 52.361 127.015 127.042
-735.09 206.352 -104.086 52.361 127.015 127.042
-735.022 207.349 -104.065 52.657 126.835 127.211
-734.954 208.347 -104.045 52.657 126.835 127.211
-734.886 209.344 -104.024 52.657 126.835 127.211
-734.818 210.342 -104.003 52.657 126.835 127.211
-734.75 211.339 -103.983 52.657 126.835 127.211
-734.682 212.336 -103.962 52.657 126.835 127.211
-734.614 213.334 -103.941 52.657 126.835 127.211
-734.546 214.331 -103.92 52.657 126.835 127.211
-734.478 215.329 -103.9 52.657 126.835 127.211
-734.41 216.326 -103.879 52.657 126.835 127.211
-734.342 217.324 -103.858 52.657 126.835 127.211
-734.274 218.321 -103.838 52.657 126.835 127.211
16
-736.396 177.719 -104.292 50.439 128.145 125.865
-736.346 178.718 -104.29 50.439 128.145 125.865
-736.296 179.716 -104.287 50.439 128.145 125.865
-736.246 180.715 -104.285 50.439 128.145 125.865
-736.196 181.714 -104.283 50.439 128.145 125.865
-736.146 182.713 -104.28 50.439 128.145 125.865
-736.096 183.711 -104.278 50.439 128.145 125.865
-736.046 184.71 -104.275 50.439 128.145 125.865
-735.996 185.709 -104.273 50.439 128.145 125.865
-735.946 186.708 -104.271 50.439 128.145 125.865
-735.896 187.706 -104.268 50.439 128.145 125.865
-735.846 188.705 -104.266 50.439 128.145 125.865
-735.796 189.704 -104.264 50.439 128.145 125.865
-735.746 190.703 -104.261 50.439 128.145 125.865
-735.696 191.701 -104.259 50.439 128.145 125.865
-735.646 192.7 -104.256 50.439 128.145 125.865
-735.596 193.699 -104.254 50.439 128.145 125.865
-735.546 194.698 -104.252 50.439 128.145 125.865
-735.496 195.696 -104.249 50.439 128.145 125.865
-735.446 196.695 -104.247 50.753 127.961 126.057
-735.396 197.694 -104.244 50.753 127.961 126.057
-735.346 198.692 -104.242 51.023 127.808 126.218
-735.296 199.691 -104.24 51.337 127.629 126.406
-735.246 200.69 -104.237 51.337 127.629 126.406
-735.196 201.689 -104.235 51.644 127.448 126.585
-735.146 202.687 -104.232 51.644 127.448 126.585
-735.096 203.686 -104.23 51.931 127.276 126.769
-735.046 204.685 -104.228 52.155 127.136 126.907
-734.996 205.684 -104.225 52.393 126.995 127.06
-734.946 206.682 -104.223 52.393 126.995 127.06
-734.896 207.681 -104.221 52.735 126.793 127.267
-734.846 208.68 -104.218 52.735 126.793 127.267
-734.796 209.679 -104.216 52.735 126.793 127.267
-734.746 210.677 -104.213 52.735 126.793 127.267
-734.696 211.676 -104.211 52.735 126.793 127.267
-734.646 212.675 -104.209 52.735 126.793 127.267
-734.596 213.674 -104.206 52.735 126.793 127.267
-734.546 214.672 -104.204 52.735 126.793 127.267
-734.496 215.671 -104.201 52.735 126.793 127.267
-734.446 216.67 -104.199 52.735 126.793 127.267
-734.396 217.669 -104.197 52.735 126.793 127.267
17
-737.412 180.651 -105.227 51.674 127.433 126.604
-737.344 181.647 -105.178 51.674 127.433 126.604
-737.276 182.643 -105.13 51.674 127.433 126.604
-737.207 183.64 -105.081 51.674 127.433 126.604
-737.139 184.636 -105.033 51.674 127.433 126.604
-737.071 185.633 -104.984 51.674 127.433 126.604
-737.003 186.629 -104.935 51.674 127.433 126.604
-736.934 187.626 -104.887 51.674 127.433 126.604
-736.866 188.622 -104.838 51.674 127.433 126.604
-736.798 189.619 -104.79 51.674 127.433 126.604
-736.73 190.615 -104.741 51.674 127.433 126.604
-736.661 191.612 -104.693 51.674 127.433 126.604
-736.593 192.608 -104.644 51.674 127.433 126.604
-736.525 193.605 -104.596 51.674 127.433 126.604
-736.457 194.601 -104.547 51.674 127.433 126.604
-736.388 195.598 -104.499 51.674 127.433 126.604
-736.32 196.594 -104.45 51.674 127.433 126.604
-736.252 197.591 -104.402 51.674 127.433 126.604
-736.184 198.587 -104.353 51.674 127.433 126.604
-736.115 199.584 -104.305 51.674 127.433 126.604
-736.047 200.58 -104.256 51.674 127.433 126.604
-735.979 201.577 -104.208 51.674 127.433 126.604
-735.911 202.573 -104.159 51.919 127.287 126.764
-735.843 203.57 -104.11 51.919 127.287 126.764
-735.774 204.566 -104.062 52.15 127.149 126.905
-735.706 205.563 -104.013 52.42 126.987 127.069
-735.638 206.559 -103.965 52.652 126.844 127.21
-735.57 207.556 -103.916 52.652 126.844 127.21
-735.501 208.552 -103.868 52.652 126.844 127.21
-735.433 209.549 -103.819 52.652 126.844 127.21
-735.365 210.545 -103.771 52.652 126.844 127.21
-735.297 211.542 -103.722 52.652 126.844 127.21
-735.228 212.538 -103.674 52.652 126.844 127.21
-735.16 213.535 -103.625 52.652 126.844 127.21
-735.092 214.531 -103.577 52.652 126.844 127.21
-735.024 215.528 -103.528 52.652 126.844 127.21
-734.955 216.524 -103.48 52.652 126.844 127.21
-734.887 217.521 -103.431 52.652 126.844 127.21
-734.819 218.517 -103.383 52.652 126.844 127.21
-734.751 219.514 -103.334 52.652 126.844 127.21
-734.682 220.51 -103.285 52.652 126.844 127.21
18
-737.006 179.279 -103.412 51.203 127.708 126.331
-736.937 180.277 -103.422 51.203 127.708 126.331
-736.868 181.274 -103.432 51.203 127.708 126.331
-736.8 182.272 -103.442 51.203 127.708 126.331
-736.731 183.269 -103.453 51.203 127.708 126.331
-736.662 184.267 -103.463 51.203 127.708 126.331
-736.594 185.265 -103.473 51.203 127.708 126.331
-736.525 186.262 -103.483 51.203 127.708 126.331
-736.456 187.26 -103.493 51.203 127.708 126.331
-736.388 188.257 -103.503 51.203 127.708 126.331
-736.319 189.255 -103.513 51.203 127.708 126.331
-736.25 190.253 -103.523 51.203 127.708 126.331
-736.181 191.25 -103.534 51.203 127.708 126.331
-736.113 192.248 -103.544 51.203 127.708 126.331
-736.044 193.245 -103.554 51.203 127.708 126.331
-735.975 194.243 -103.564 51.203 127.708 126.331
-735.907 195.24 -103.574 51.203 127.708 126.331
-735.838 196.238 -103.584 51.203 127.708 126.331
-735.769 197.236 -103.594 51.203 127.708 126.331
-735.701 198.233 -103.604 51.203 127.708 126.331
-735.632 199.231 -103.615 51.203 127.708 126.331
-735.563 200.228 -103.625 51.513 127.527 126.513
-735.495 201.226 -103.635 51.513 127.527 126.513
-735.426 202.224 -103.645 51.77 127.373 126.667
-735.357 203.221 -103.655 52.006 127.227 126.813
-735.289 204.219 -103.665 52.006 127.227 126.813
-735.22 205.216 -103.675 52.258 127.074 126.971
-735.151 206.214 -103.685 52.484 126.936 127.106
-735.082 207.212 -103.696 52.484 126.936 127.106
-735.014 208.209 -103.706 52.484 126.936 127.106
-734.945 209.207 -103.716 52.484 126.936 127.106
-734.876 210.204 -103.726 52.484 126.936 127.106
-734.808 211.202 -103.736 52.484 126.936 127.106
-734.739 212.199 -103.746 52.484 126.936 127.106
-734.67 213.197 -103.756 52.484 126.936 127.106
-734.602 214.195 -103.766 52.484 126.936 127.106
-734.533 215.192 -103.777 52.484 126.936 127.106
-734.464 216.19 -103.787 52.484 126.936 127.106
-734.396 217.187 -103.797 52.484 126.936 127.106
-734.327 218.185 -103.807 52.484 126.936 127.106
-734.258 219.183 -103.817 52.484 126.936 127.106
19
-738.41 176.59 -104.963 50.932 127.86 126.167
-738.336 177.586 -104.909 50.932 127.86 126.167
-738.261 178.582 -104.856 50.932 127.86 126.167
-738.187 179.578 -104.802 50.932 127.86 126.167
-738.112 180.573 -104.748 50.932 127.86 126.167
-738.038 181.569 -104.694 50.932 127.86 126.167
-737.963 182.565 -104.641 50.932 127.86 126.167
-737.889 183.561 -104.587 50.932 127.86 126.167
-737.814 184.556 -104.533 50.932 127.86 126.167
-737.74 185.552 -104.479 50.932 127.86 126.167
-737.665 186.548 -104.425 50.932 127.86 126.167
-737.591 187.544 -104.372 50.932 127.86 126.167
-737.516 188.539 -104.318 50.932 127.86 126.167
-737.442 189.535 -104.264 50.932 127.86 126.167
-737.367 190.531 -104.21 50.932 127.86 126.167
-737.293 191.527 -104.156 50.932 127.86 126.167
-737.218 192.523 -104.103 50.932 127.86 126.167
-737.144 193.518 -104.049 50.932 127.86 126.167
-737.069 194.514 -103.995 50.932 127.86 126.167
-736.995 195.51 -103.941 50.932 127.86 126.167
-736.92 196.506 -103.887 50.932 127.86 126.167
-736.846 197.501 -103.834 50.932 127.86 126.167
-736.771 198.497 -103.78 51.203 127.707 126.33
-736.697 199.493 -103.726 51.557 127.5 126.535
-736.622 200.489 -103.672 51.557 127.5 126.535
-736.548 201.484 -103.619 51.85 127.325 126.719
-736.474 202.48 -103.565 51.85 127.325 126.719
-736.399 203.476 -103.511 52.116 127.158 126.878
-736.325 204.472 -103.457 52.116 127.158 126.878
-736.25 205.468 -103.403 52.392 126.994 127.057
-736.176 206.463 -103.35 52.681 126.819 127.225
-736.101 207.459 -103.296 52.681 126.819 127.225
-736.027 208.455 -103.242 52.681 126.819 127.225
-735.952 209.451 -103.188 52.681 126.819 127.225
-735.878 210.446 -103.134 52.681 126.819 127.225
-735.803 211.442 -103.081 52.681 126.819 127.225
-735.729 212.438 -103.027 52.681 126.819 127.225
-735.654 213.434 -102.973 52.681 126.819 127.225
-735.58 214.429 -102.919 52.681 126.819 127.225
-735.505 215.425 -102.866 52.681 126.819 127.225
-735.431 216.421 -102.812 52.681 126.819 127.225
20
-738.243 177.801 -103.247 51.114 127.759 126.272
-738.161 178.797 -103.259 51.114 127.759 126.272
-738.078 179.794 -103.271 51.114 127.759 126.272
-737.996 180.79 -103.283 51.114 127.759 126.272
-737.913 181.787 -103.295 51.114 127.759 126.272
-737.831 182.783 -103.307 51.114 127.759 126.272
-737.748 183.78 -103.319 51.114 127.759 126.272
-737.666 184.776 -103.331 51.114 127.759 126.272
-737.583 185.773 -103.343 51.114 127.759 126.272
-737.5 186.769 -103.355 51.114 127.759 126.272
-737.418 187.766 -103.367 51.114 127.759 126.272
-737.335 188.762 -103.38 51.114 127.759 126.272
-737.253 189.759 -103.392 51.114 127.759 126.272
-737.17 190.755 -103.404 51.114 127.759 126.272
-737.088 191.752 -103.416 51.114 127.759 126.272
-737.005 192.748 -103.428 51.114 127.759 126.272
-736.923 193.745 -103.44 51.114 127.759 126.272
-736.84 194.741 -103.452 51.114 127.759 126.272
-736.758 195.738 -103.464 51.114 127.759 126.272
-736.675 196.735 -103.476 51.114 127.759 126.272
-736.592 197.731 -103.488 51.114 127.759 126.272
-736.51 198.728 -103.5 51.381 127.605 126.434
-736.427 199.724 -103.512 51.381 127.605 126.434
-736.345 200.721 -103.524 51.685 127.425 126.615
-736.262 201.717 -103.536 51.685 127.425 126.615
-736.18 202.714 -103.548 51.967 127.251 126.79
-736.097 203.71 -103.56 51.967 127.251 126.79
-736.015 204.707 -103.572 52.189 127.115 126.931
-735.932 205.703 -103.584 52.424 126.976 127.079
-735.85 206.7 -103.596 52.656 126.836 127.212
-735.767 207.696 -103.608 52.656 126.836 127.212
-735.685 208.693 -103.62 52.656 126.836 127.212
-735.602 209.689 -103.632 52.656 126.836 127.212
-735.519 210.686 -103.644 52.656 126.836 127.212
-735.437 211.682 -103.656 52.656 126.836 127.212
-735.354 212.679 -103.668 52.656 126.836 127.212
-735.272 213.675 -103.68 52.656 126.836 127.212
-735.189 214.672 -103.692 52.656 126.836 127.212
-735.107 215.668 -103.704 52.656 126.836 127.212
-735.024 216.665 -103.716 52.656 126.836 127.212
-734.942 217.661 -103.728 52.656 126.836 127.212
21
-736.187 178.957 -103.822 50.979 127.835 126.196
-736.113 179.955 -103.809 50.979 127.835 126.196
-736.039 180.952 -103.797 50.979 127.835 126.196
-735.965 181.949 -103.784 50.979 127.835 126.196
-735.891 182.946 -103.772 50.979 127.835 126.196
-735.817 183.943 -103.76 50.979 127.835 126.196
-735.743 184.94 -103.747 50.979 127.835 126.196
-735.669 185.938 -103.735 50.979 127.835 126.196
-735.595 186.935 -103.722 50.979 127.835 126.196
-735.522 187.932 -103.71 50.979 127.835 126.196
-735.448 188.929 -103.697 50.979 127.835 126.196
-735.374 189.926 -103.685 50.979 127.835 126.196
-735.3 190.924 -103.673 50.979 127.835 126.196
-735.226 191.921 -103.66 50.979 127.835 126.196
-735.152 192.918 -103.648 50.979 127.835 126.196
-735.078 193.915 -103.635 50.979 127.835 126.196
-735.004 194.912 -103.623 50.979 127.835 126.196
-734.93 195.91 -103.611 50.979 127.835 126.196
-734.856 196.907 -103.598 50.979 127.835 126.196
-734.782 197.904 -103.586 50.979 127.835 126.196
-734.709 198.901 -103.573 50.979 127.835 126.196
-734.635 199.898 -103.561 51.293 127.657 126.385
-734.561 200.895 -103.549 51.558 127.501 126.537
-734.487 201.893 -103.536 51.558 127.501 126.537
-734.413 202.89 -103.524 51.85 127.325 126.718
-734.339 203.887 -103.511 51.85 127.325 126.718
-734.265 204.884 -103.499 52.079 127.18 126.854
-734.191 205.881 -103.487 52.324 127.034 127.016
-734.117 206.879 -103.474 52.573 126.883 127.157
-734.043 207.876 -103.462 52.573 126.883 127.157
-733.969 208.873 -103.449 52.573 126.883 127.157
-733.895 209.87 -103.437 52.573 126.883 127.157
-733.822 210.867 -103.424 52.573 126.883 127.157
-733.748 211.865 -103.412 52.573 126.883 127.157
-733.674 212.862 -103.4 52.573 126.883 127.157
-733.6 213.859 -103.387 52.573 126.883 127.157
-733.526 214.856 -103.375 52.573 126.883 127.157
-733.452 215.853 -103.362 52.573 126.883 127.157
-733.378 216.85 -103.35 52.573 126.883 127.157
-733.304 217.848 -103.338 52.573 126.883 127.157
-733.23 218.845 -103.325 52.573 126.883 127.157
22
-736.508 178.366 -103.97 51.157 127.732 126.303
-736.433 179.363 -103.968 51.157 127.732 126.303
-736.359 180.361 -103.965 51.157 127.732 126.303
-736.284 181.358 -103.963 51.157 127.732 126.303
-736.21 182.355 -103.96 51.157 127.732 126.303
-736.135 183.352 -103.958 51.157 127.732 126.303
-736.061 184.349 -103.956 51.157 127.732 126.303
-735.986 185.347 -103.953 51.157 127.732 126.303
-735.912 186.344 -103.951 51.157 127.732 126.303
-735.837 187.341 -103.949 51.157 127.732 126.303
-735.763 188.338 -103.946 51.157 127.732 126.303
-735.688 189.336 -103.944 51.157 127.732 126.303
-735.613 190.333 -103.941 51.157 127.732 126.303
-735.539 191.33 -103.939 51.157 127.732 126.303
-735.464 192.327 -103.937 51.157 127.732 126.303
-735.39 193.324 -103.934 51.157 127.732 126.303
-735.315 194.322 -103.932 51.157 127.732 126.303
-735.241 195.319 -103.93 51.157 127.732 126.303
-735.166 196.316 -103.927 51.157 127.732 126.303
-735.092 197.313 -103.925 51.157 127.732 126.303
-735.017 198.31 -103.923 51.157 127.732 126.303
-734.943 199.308 -103.92 51.157 127.732 126.303
-734.868 200.305 -103.918 51.425 127.578 126.466
-734.794 201.302 -103.915 51.425 127.578 126.466
-734.719 202.299 -103.913 51.686 127.424 126.622
-734.645 203.297 -103.911 52.005 127.225 126.813
-734.57 204.294 -103.908 52.005 127.225 126.813
-734.496 205.291 -103.906 52.256 127.074 126.97
-734.421 206.288 -103.904 52.256 127.074 126.97
-734.347 207.285 -103.901 52.572 126.882 127.153
-734.272 208.283 -103.899 52.572 126.882 127.153
-734.198 209.28 -103.896 52.572 126.882 127.153
-734.123 210.277 -103.894 52.572 126.882 127.153
-734.049 211.274 -103.892 52.572 126.882 127.153
-733.974 212.271 -103.889 52.572 126.882 127.153
-733.9 213.269 -103.887 52.572 126.882 127.153
-733.825 214.266 -103.885 52.572 126.882 127.153
-733.75 215.263 -103.882 52.572 126.882 127.153
-733.676 216.26 -103.88 52.572 126.882 127.153
-733.601 217.258 -103.878 52.572 126.882 127.153
-733.527 218.255 -103.875 52.572 126.882 127.153
23
-738.713 178.313 -103.855 50.843 127.912 126.114
-738.638 179.31 -103.841 50.843 127.912 126.114
-738.562 180.307 -103.827 50.843 127.912 126.114
-738.487 181.304 -103.813 50.843 127.912 126.114
-738.411 182.301 -103.8 50.843 127.912 126.114
-738.336 183.298 -103.786 50.843 127.912 126.114
-738.26 184.295 -103.772 50.843 127.912 126.114
-738.185 185.293 -103.758 50.843 127.912 126.114
-738.109 186.29 -103.744 50.843 127.912 126.114
-738.034 187.287 -103.731 50.843 127.912 126.114
-737.958 188.284 -103.717 50.843 127.912 126.114
-737.883 189.281 -103.703 50.843 127.912 126.114
-737.807 190.278 -103.689 50.843 127.912 126.114
-737.732 191.275 -103.675 50.843 127.912 126.114
-737.656 192.272 -103.662 50.843 127.912 126.114
-737.58 193.269 -103.648 50.843 127.912 126.114
-737.505 194.266 -103.634 50.843 127.912 126.114
-737.429 195.263 -103.62 50.843 127.912 126.114
-737.354 196.26 -103.606 50.843 127.912 126.114
-737.278 197.257 -103.593 51.114 127.759 126.275
-737.203 198.254 -103.579 51.114 127.759 126.275
-737.127 199.251 -103.565 51.381 127.605 126.435
-737.052 200.248 -103.551 51.643 127.45 126.59
-736.976 201.245 -103.537 51.643 127.45 126.59
-736.901 202.242 -103.523 51.889 127.301 126.743
-736.825 203.239 -103.51 52.153 127.137 126.902
-736.75 204.236 -103.496 52.153 127.137 126.902
-736.674 205.233 -103.482 52.454 126.956 127.091
-736.599 206.231 -103.468 52.682 126.819 127.225
-736.523 207.228 -103.454 52.682 126.819 127.225
-736.448 208.225 -103.441 52.682 126.819 127.225
-736.372 209.222 -103.427 52.682 126.819 127.225
-736.297 210.219 -103.413 52.682 126.819 127.225
-736.221 211.216 -103.399 52.682 126.819 127.225
-736.146 212.213 -103.385 52.682 126.819 127.225
-736.07 213.21 -103.372 52.682 126.819 127.225
-735.994 214.207 -103.358 52.682 126.819 127.225
-735.919 215.204 -103.344 52.682 126.819 127.225
-735.843 216.201 -103.33 52.682 126.819 127.225
-735.768 217.198 -103.316 52.682 126.819 127.225
-735.692 218.195 -103.303 52.682 126.819 127.225
24
-737.487 178.618 -105.278 51.159 127.733 126.303
-737.426 179.613 -105.197 51.159 127.733 126.303
-737.366 180.608 -105.115 51.159 127.733 126.303
-737.306 181.603 -105.034 51.159 127.733 126.303
-737.246 182.598 -104.952 51.159 127.733 126.303
-737.185 183.593 -104.871 51.159 127.733 126.303
-737.125 184.587 -104.789 51.159 127.733 126.303
-737.065 185.582 -104.708 51.159 127.733 126.303
-737.004 186.577 -104.626 51.159 127.733 126.303
-736.944 187.572 -104.545 51.159 127.733 126.303
-736.884 188.567 -104.463 51.159 127.733 126.303
-736.823 189.562 -104.382 51.159 127.733 126.303
-736.763 190.556 -104.3 51.159 127.733 126.303
-736.703 191.551 -104.218 51.159 127.733 126.303
-736.642 192.546 -104.137 51.159 127.733 126.303
-736.582 193.541 -104.055 51.159 127.733 126.303
-736.522 194.536 -103.974 51.159 127.733 126.303
-736.461 195.531 -103.892 51.159 127.733 126.303
-736.401 196.526 -103.811 51.159 127.733 126.303
-736.341 197.52 -103.729 51.159 127.733 126.303
-736.281 198.515 -103.648 51.159 127.733 126.303
-736.22 199.51 -103.566 51.159 127.733 126.303
-736.16 200.505 -103.485 51.769 127.373 126.666
-736.1 201.5 -103.403 51.769 127.373 126.666
-736.039 202.495 -103.322 51.769 127.373 126.666
-735.979 203.489 -103.24 52.078 127.179 126.852
-735.919 204.484 -103.158 52.359 127.013 127.036
-735.858 205.479 -103.077 52.359 127.013 127.036
-735.798 206.474 -102.995 52.63 126.85 127.19
-735.738 207.469 -102.914 52.63 126.85 127.19
-735.677 208.464 -102.832 52.63 126.85 127.19
-735.617 209.458 -102.751 52.63 126.85 127.19
-735.557 210.453 -102.669 52.63 126.85 127.19
-735.497 211.448 -102.588 52.63 126.85 127.19
-735.436 212.443 -102.506 52.63 126.85 127.19
-735.376 213.438 -102.425 52.63 126.85 127.19
-735.316 214.433 -102.343 52.63 126.85 127.19
-735.255 215.428 -102.262 52.63 126.85 127.19
-735.195 216.422 -102.18 52.63 126.85 127.19
-735.135 217.417 -102.098 52.63 126.85 127.19
-735.074 218.412 -102.017 52.63 126.85 127.19
25
-738.588 179.113 -96.5695 51.466 127.552 126.478
-738.523 180.069 -96.8538 51.466 127.552 126.478
-738.457 181.026 -97.1382 51.466 127.552 126.478
-738.391 181.982 -97.4226 51.466 127.552 126.478
-738.326 182.938 -97.707 51.466 127.552 126.478
-738.26 183.895 -97.9914 51.466 127.552 126.478
-738.194 184.851 -98.2758 51.466 127.552 126.478
-738.128 185.808 -98.5602 51.466 127.552 126.478
-738.063 186.764 -98.8446 51.466 127.552 126.478
-737.997 187.721 -99.129 51.466 127.552 126.478
-737.931 188.677 -99.4134 51.466 127.552 126.478
-737.866 189.634 -99.6977 51.466 127.552 126.478
-737.8 190.59 -99.9821 51.466 127.552 126.478
-737.734 191.547 -100.267 51.466 127.552 126.478
-737.669 192.503 -100.551 51.466 127.552 126.478
-737.603 193.46 -100.835 51.466 127.552 126.478
-737.537 194.416 -101.12 51.466 127.552 126.478
-737.472 195.372 -101.404 51.466 127.552 126.478
-737.406 196.329 -101.688 51.466 127.552 126.478
-737.34 197.285 -101.973 51.466 127.552 126.478
-737.275 198.242 -102.257 51.466 127.552 126.478
-737.209 199.198 -102.542 51.466 127.552 126.478
-737.143 200.155 -102.826 51.725 127.399 126.636
-737.078 201.111 -103.11 51.967 127.253 126.791
-737.012 202.068 -103.395 51.967 127.253 126.791
-736.946 203.024 -103.679 51.967 127.253 126.791
-736.881 203.981 -103.964 52.225 127.097 126.956
-736.815 204.937 -104.248 52.225 127.097 126.956
-736.749 205.893 -104.532 52.455 126.958 127.095
-736.684 206.85 -104.817 52.685 126.822 127.235
-736.618 207.806 -105.101 52.685 126.822 127.235
-736.552 208.763 -105.386 52.685 126.822 127.235
-736.487 209.719 -105.67 52.685 126.822 127.235
-736.421 210.676 -105.954 52.685 126.822 127.235
-736.355 211.632 -106.239 52.685 126.822 127.235
-736.29 212.589 -106.523 52.685 126.822 127.235
-736.224 213.545 -106.808 52.685 126.822 127.235
-736.158 214.502 -107.092 52.685 126.822 127.235
-736.092 215.458 -107.376 52.685 126.822 127.235
-736.027 216.414 -107.661 52.685 126.822 127.235
-735.961 217.371 -107.945 52.685 126.822 127.235
26
-737.602 177.869 -103.68 50.57 128.064 125.94
-737.527 178.866 -103.668 50.57 128.064 125.94
-737.452 179.863 -103.657 50.57 128.064 125.94
-737.378 180.861 -103.645 50.57 128.064 125.94
-737.303 181.858 -103.633 50.57 128.064 125.94
-737.229 182.855 -103.621 50.57 128.064 125.94
-737.154 183.852 -103.609 50.57 128.064 125.94
-737.079 184.849 -103.598 50.57 128.064 125.94
-737.005 185.846 -103.586 50.57 128.064 125.94
-736.93 186.843 -103.574 50.57 128.064 125.94
-736.856 187.841 -103.562 50.57 128.064 125.94
-736.781 188.838 -103.55 50.57 128.064 125.94
-736.706 189.835 -103.538 50.57 128.064 125.94
-736.632 190.832 -103.527 50.57 128.064 125.94
-736.557 191.829 -103.515 50.57 128.064 125.94
-736.483 192.826 -103.503 50.57 128.064 125.94
-736.408 193.823 -103.491 50.57 128.064 125.94
-736.333 194.821 -103.479 50.57 128.064 125.94
-736.259 195.818 -103.468 50.57 128.064 125.94
-736.184 196.815 -103.456 50.84 127.91 126.11
-736.11 197.812 -103.444 51.11 127.757 126.27
-736.035 198.809 -103.432 51.11 127.757 126.27
-735.96 199.806 -103.42 51.467 127.551 126.484
-735.886 200.803 -103.408 51.467 127.551 126.484
-735.811 201.801 -103.397 51.728 127.398 126.642
-735.737 202.798 -103.385 52.007 127.226 126.814
-735.662 203.795 -103.373 52.007 127.226 126.814
-735.587 204.792 -103.361 52.224 127.094 126.952
-735.513 205.789 -103.349 52.515 126.918 127.124
-735.438 206.786 -103.338 52.515 126.918 127.124
-735.364 207.783 -103.326 52.515 126.918 127.124
-735.289 208.781 -103.314 52.515 126.918 127.124
-735.214 209.778 -103.302 52.515 126.918 127.124
-735.14 210.775 -103.29 52.515 126.918 127.124
-735.065 211.772 -103.278 52.515 126.918 127.124
-734.991 212.769 -103.267 52.515 126.918 127.124
-734.916 213.766 -103.255 52.515 126.918 127.124
-734.841 214.763 -103.243 52.515 126.918 127.124
-734.767 215.761 -103.231 52.515 126.918 127.124
-734.692 216.758 -103.219 52.515 126.918 127.124
-734.618 217.755 -103.208 52.515 126.918 127.124
27
-735.195 179.974 -103.18 51.423 127.578 126.46
-735.152 180.973 -103.184 51.423 127.578 126.46
-735.109 181.972 -103.188 51.423 127.578 126.46
-735.066 182.971 -103.193 51.423 127.578 126.46
-735.024 183.97 -103.197 51.423 127.578 126.46
-734.981 184.969 -103.201 51.423 127.578 126.46
-734.938 185.969 -103.205 51.423 127.578 126.46
-734.895 186.968 -103.209 51.423 127.578 126.46
-734.852 187.967 -103.213 51.423 127.578 126.46
-734.81 188.966 -103.217 51.423 127.578 126.46
-734.767 189.965 -103.222 51.423 127.578 126.46
-734.724 190.964 -103.226 51.423 127.578 126.46
-734.681 191.963 -103.23 51.423 127.578 126.46
-734.638 192.962 -103.234 51.423 127.578 126.46
-734.596 193.961 -103.238 51.423 127.578 126.46
-734.553 194.96 -103.242 51.423 127.578 126.46
-734.51 195.959 -103.246 51.423 127.578 126.46
-734.467 196.958 -103.251 51.423 127.578 126.46
-734.424 197.957 -103.255 51.423 127.578 126.46
-734.381 198.956 -103.259 51.423 127.578 126.46
-734.339 199.956 -103.263 51.423 127.578 126.46
-734.296 200.955 -103.267 51.423 127.578 126.46
-734.253 201.954 -103.271 51.727 127.398 126.643
-734.21 202.953 -103.276 51.727 127.398 126.643
-734.167 203.952 -103.28 52.006 127.226 126.814
-734.125 204.951 -103.284 52.257 127.074 126.974
-734.082 205.95 -103.288 52.257 127.074 126.974
-734.039 206.949 -103.292 52.515 126.918 127.126
-733.996 207.948 -103.296 52.754 126.776 127.275
-733.953 208.947 -103.3 52.754 126.776 127.275
-733.911 209.946 -103.305 52.754 126.776 127.275
-733.868 210.945 -103.309 52.754 126.776 127.275
-733.825 211.944 -103.313 52.754 126.776 127.275
-733.782 212.944 -103.317 52.754 126.776 127.275
-733.739 213.943 -103.321 52.754 126.776 127.275
-733.696 214.942 -103.325 52.754 126.776 127.275
-733.654 215.941 -103.329 52.754 126.776 127.275
-733.611 216.94 -103.334 52.754 126.776 127.275
-733.568 217.939 -103.338 52.754 126.776 127.275
-733.525 218.938 -103.342 52.754 126.776 127.275
-733.482 219.937 -103.346 52.754 126.776 127.275
28
-738.523 175.741 -104.042 50.352 128.199 125.816
-738.442 176.737 -104.015 50.352 128.199 125.816
-738.36 177.733 -103.988 50.352 128.199 125.816
-738.279 178.73 -103.962 50.352 128.199 125.816
-738.197 179.726 -103.935 50.352 128.199 125.816
-738.116 180.722 -103.908 50.352 128.199 125.816
-738.034 181.719 -103.882 50.352 128.199 125.816
-737.952 182.715 -103.855 50.352 128.199 125.816
-737.871 183.711 -103.828 50.352 128.199 125.816
-737.789 184.707 -103.801 50.352 128.199 125.816
-737.708 185.704 -103.775 50.352 128.199 125.816
-737.626 186.7 -103.748 50.352 128.199 125.816
-737.545 187.696 -103.721 50.352 128.199 125.816
-737.463 188.693 -103.695 50.352 128.199 125.816
-737.382 189.689 -103.668 50.352 128.199 125.816
-737.3 190.685 -103.641 50.352 128.199 125.816
-737.218 191.682 -103.614 50.352 128.199 125.816
-737.137 192.678 -103.588 50.352 128.199 125.816
-737.055 193.674 -103.561 50.352 128.199 125.816
-736.974 194.671 -103.534 50.573 128.065 125.943
-736.892 195.667 -103.508 50.842 127.911 126.111
-736.811 196.663 -103.481 50.842 127.911 126.111
-736.729 197.659 -103.454 51.112 127.757 126.27
-736.647 198.656 -103.428 51.112 127.757 126.27
-736.566 199.652 -103.401 51.467 127.552 126.485
-736.484 200.648 -103.374 51.727 127.398 126.641
-736.403 201.645 -103.347 51.727 127.398 126.641
-736.321 202.641 -103.321 52.041 127.203 126.836
-736.24 203.637 -103.294 52.041 127.203 126.836
-736.158 204.634 -103.267 52.289 127.055 126.996
-736.077 205.63 -103.241 52.544 126.9 127.142
-735.995 206.626 -103.214 52.544 126.9 127.142
-735.913 207.623 -103.187 52.544 126.9 127.142
-735.832 208.619 -103.16 52.544 126.9 127.142
-735.75 209.615 -103.134 52.544 126.9 127.142
-735.669 210.612 -103.107 52.544 126.9 127.142
-735.587 211.608 -103.08 52.544 126.9 127.142
-735.506 212.604 -103.054 52.544 126.9 127.142
-735.424 213.6 -103.027 52.544 126.9 127.142
-735.342 214.597 -103 52.544 126.9 127.142
-735.261 215.593 -102.974 52.544 126.9 127.142
29
-738.322 178.643 -103.278 50.931 127.86 126.163
-738.275 179.642 -103.281 50.931 127.86 126.163
-738.228 180.641 -103.285 50.931 127.86 126.163
-738.18 181.64 -103.289 50.931 127.86 126.163
-738.133 182.639 -103.292 50.931 127.86 126.163
-738.086 183.638 -103.296 50.931 127.86 126.163
-738.039 184.637 -103.299 50.931 127.86 126.163
-737.992 185.636 -103.303 50.931 127.86 126.163
-737.944 186.634 -103.307 50.931 127.86 126.163
-737.897 187.633 -103.31 50.931 127.86 126.163
-737.85 188.632 -103.314 50.931 127.86 126.163
-737.803 189.631 -103.318 50.931 127.86 126.163
-737.756 190.63 -103.321 50.931 127.86 126.163
-737.709 191.629 -103.325 50.931 127.86 126.163
-737.661 192.628 -103.329 50.931 127.86 126.163
-737.614 193.627 -103.332 50.931 127.86 126.163
-737.567 194.626 -103.336 50.931 127.86 126.163
-737.52 195.624 -103.339 50.931 127.86 126.163
-737.473 196.623 -103.343 50.931 127.86 126.163
-737.425 197.622 -103.347 51.202 127.707 126.325
-737.378 198.621 -103.35 51.202 127.707 126.325
-737.331 199.62 -103.354 51.468 127.551 126.484
-737.284 200.619 -103.358 51.727 127.398 126.641
-737.237 201.618 -103.361 51.727 127.398 126.641
-737.19 202.617 -103.365 51.967 127.25 126.79
-737.142 203.615 -103.368 52.189 127.116 126.931
-737.095 204.614 -103.372 52.422 126.975 127.076
-737.048 205.613 -103.376 52.706 126.806 127.245
-737.001 206.612 -103.379 52.706 126.806 127.245
-736.954 207.611 -103.383 52.706 126.806 127.245
-736.906 208.61 -103.387 52.706 126.806 127.245
-736.859 209.609 -103.39 52.706 126.806 127.245
-736.812 210.608 -103.394 52.706 126.806 127.245
-736.765 211.606 -103.397 52.706 126.806 127.245
-736.718 212.605 -103.401 52.706 126.806 127.245
-736.671 213.604 -103.405 52.706 126.806 127.245
-736.623 214.603 -103.408 52.706 126.806 127.245
-736.576 215.602 -103.412 52.706 126.806 127.245
-736.529 216.601 -103.416 52.706 126.806 127.245
-736.482 217.6 -103.419 52.706 126.806 127.245
-736.435 218.599 -103.423 52.706 126.806 127.245
30
-741.337 176.836 -103.553 48 129.476 124.321
-741.123 177.813 -103.566 48 129.476 124.321
-740.909 178.789 -103.579 48 129.476 124.321
-740.695 179.766 -103.592 48 129.476 124.321
-740.481 180.743 -103.605 48 129.476 124.321
-740.267 181.72 -103.618 48 129.476 124.321
-740.053 182.696 -103.631 48 129.476 124.321
-739.839 183.673 -103.644 48 129.476 124.321
-739.625 184.65 -103.657 48 129.476 124.321
-739.411 185.627 -103.671 49.859 128.477 125.506
-739.197 186.603 -103.684 49.859 128.477 125.506
-738.982 187.58 -103.697 49.859 128.477 125.506
-738.768 188.557 -103.71 49.859 128.477 125.506
-738.554 189.533 -103.723 49.859 128.477 125.506
-738.34 190.51 -103.736 49.859 128.477 125.506
-738.126 191.487 -103.749 49.859 128.477 125.506
-737.912 192.464 -103.762 50.127 128.328 125.674
-737.698 193.44 -103.776 50.127 128.328 125.674
-737.484 194.417 -103.789 50.438 128.146 125.862
-737.27 195.394 -103.802 50.707 127.988 126.026
-737.056 196.371 -103.815 50.707 127.988 126.026
-736.842 197.347 -103.828 51.023 127.81 126.224
-736.628 198.324 -103.841 51.023 127.81 126.224
-736.414 199.301 -103.854 51.293 127.658 126.389
-736.2 200.278 -103.867 51.603 127.476 126.569
-735.986 201.254 -103.881 51.603 127.476 126.569
-735.771 202.231 -103.894 51.853 127.325 126.724
-735.557 203.208 -103.907 51.853 127.325 126.724
-735.343 204.184 -103.92 52.079 127.181 126.855
-735.129 205.161 -103.933 52.323 127.034 127.014
-734.915 206.138 -103.946 52.57 126.883 127.15
-734.701 207.115 -103.959 52.57 126.883 127.15
-734.487 208.091 -103.972 52.57 126.883 127.15
-734.273 209.068 -103.985 52.57 126.883 127.15
-734.059 210.045 -103.999 52.57 126.883 127.15
-733.845 211.022 -104.012 52.57 126.883 127.15
-733.631 211.998 -104.025 52.57 126.883 127.15
-733.417 212.975 -104.038 52.57 126.883 127.15
-733.203 213.952 -104.051 52.57 126.883 127.15
-732.989 214.928 -104.064 52.57 126.883 127.15
-732.774 215.905 -104.077 52.57 126.883 127.15
