1
-717.129 293.914 -104.294 92.9 127.053 113.518
-717.885 294.569 -104.279 92.9 127.053 113.518
-718.641 295.223 -104.263 92.9 127.053 113.518
-719.397 295.878 -104.248 92.9 127.053 113.518
-720.153 296.532 -104.232 92.9 127.053 113.518
-720.908 297.187 -104.217 92.9 127.053 113.518
-721.664 297.841 -104.201 93.363 126.904 113.806
-722.42 298.496 -104.185 93.363 126.904 113.806
-723.176 299.151 -104.17 93.363 126.904 113.806
-723.932 299.805 -104.154 93.606 126.814 113.949
-724.688 300.46 -104.139 93.606 126.814 113.949
-725.444 301.114 -104.123 93.799 126.74 114.07
-726.199 301.769 -104.107 94.011 126.661 114.204
-726.955 302.423 -104.092 94.233 126.58 114.338
-727.711 303.078 -104.076 94.233 126.58 114.338
-728.467 303.732 -104.061 94.427 126.507 114.446
-729.223 304.387 -104.045 94.619 126.433 114.556
-729.979 305.041 -104.03 94.815 126.357 114.661
-730.735 305.696 -104.014 94.815 126.357 114.661
-731.491 306.351 -103.998 95.012 126.28 114.774
-732.246 307.005 -103.983 95.267 126.182 114.93
-733.002 307.66 -103.967 95.267 126.182 114.93
-733.758 308.314 -103.952 95.531 126.08 115.087
-734.514 308.969 -103.936 95.531 126.08 115.087
-735.27 309.623 -103.92 95.741 126.001 115.222
-736.026 310.278 -103.905 95.936 125.92 115.317
-736.782 310.932 -103.889 95.936 125.92 115.317
-737.537 311.587 -103.874 95.936 125.92 115.317
-738.293 312.241 -103.858 95.936 125.92 115.317
-739.049 312.896 -103.843 95.936 125.92 115.317
-739.805 313.551 -103.827 95.936 125.92 115.317
-740.561 314.205 -103.811 95.936 125.92 115.317
-741.317 314.86 -103.796 95.936 125.92 115.317
-742.073 315.514 -103.78 95.936 125.92 115.317
-742.828 316.169 -103.765 95.936 125.92 115.317
-743.584 316.823 -103.749 95.936 125.92 115.317
-744.34 317.478 -103.733 95.936 125.92 115.317
-745.096 318.132 -103.718 95.936 125.92 115.317
-745.852 318.787 -103.702 95.936 125.92 115.317
-746.608 319.441 -103.687 95.936 125.92 115.317
-747.364 320.096 -103.671 95.936 125.92 115.317
2
-720.198 290.818 -104.171 94.309 126.553 114.376
-720.946 291.482 -104.166 94.309 126.553 114.376
-721.694 292.145 -104.16 94.309 126.553 114.376
-722.443 292.809 -104.155 94.309 126.553 114.376
-723.191 293.472 -104.15 94.309 126.553 114.376
-723.939 294.136 -104.145 94.309 126.553 114.376
-724.687 294.8 -104.139 94.309 126.553 114.376
-725.435 295.463 -104.134 94.309 126.553 114.376
-726.183 296.127 -104.129 94.309 126.553 114.376
-726.931 296.79 -104.124 94.309 126.553 114.376
-727.679 297.454 -104.119 94.309 126.553 114.376
-728.427 298.117 -104.113 94.309 126.553 114.376
-729.175 298.781 -104.108 94.309 126.553 114.376
-729.923 299.445 -104.103 94.536 126.465 114.506
-730.672 300.108 -104.098 94.767 126.375 114.635
-731.42 300.772 -104.093 94.767 126.375 114.635
-732.168 301.435 -104.087 94.973 126.295 114.749
-732.916 302.099 -104.082 95.227 126.196 114.896
-733.664 302.763 -104.077 95.227 126.196 114.896
-734.412 303.426 -104.072 95.425 126.119 115.015
-735.16 304.09 -104.067 95.66 126.031 115.165
-735.908 304.753 -104.061 95.66 126.031 115.165
-736.656 305.417 -104.056 95.846 125.958 115.269
-737.404 306.08 -104.051 96.043 125.88 115.383
-738.152 306.744 -104.046 96.043 125.88 115.383
-738.901 307.408 -104.041 96.043 125.88 115.383
-739.649 308.071 -104.035 96.043 125.88 115.383
-740.397 308.735 -104.03 96.043 125.88 115.383
-741.145 309.398 -104.025 96.043 125.88 115.383
-741.893 310.062 -104.02 96.043 125.88 115.383
-742.641 310.725 -104.014 96.043 125.88 115.383
-743.389 311.389 -104.009 96.043 125.88 115.383
-744.137 312.053 -104.004 96.043 125.88 115.383
-744.885 312.716 -103.999 96.043 125.88 115.383
-745.633 313.38 -103.994 96.043 125.88 115.383
-746.381 314.043 -103.988 96.043 125.88 115.383
-747.13 314.707 -103.983 96.043 125.88 115.383
-747.878 315.37 -103.978 96.043 125.88 115.383
-748.626 316.034 -103.973 96.043 125.88 115.383
-749.374 316.698 -103.968 96.043 125.88 115.383
-750.122 317.361 -103.962 96.043 125.88 115.383
3
-721.261 293.997 -103.886 94.141 126.614 114.267
-722.01 294.659 -103.888 94.141 126.614 114.267
-722.76 295.32 -103.89 94.141 126.614 114.267
-723.51 295.982 -103.892 94.141 126.614 114.267
-724.259 296.644 -103.894 94.141 126.614 114.267
-725.009 297.306 -103.897 94.141 126.614 114.267
-725.759 297.968 -103.899 94.141 126.614 114.267
-726.508 298.63 -103.901 94.141 126.614 114.267
-727.258 299.291 -103.903 94.141 126.614 114.267
-728.008 299.953 -103.905 94.38 126.523 114.408
-728.757 300.615 -103.908 94.38 126.523 114.408
-729.507 301.277 -103.91 94.618 126.433 114.545
-730.257 301.939 -103.912 94.618 126.433 114.545
-731.006 302.6 -103.914 94.84 126.35 114.673
-731.756 303.262 -103.916 95.039 126.272 114.789
-732.506 303.924 -103.919 95.039 126.272 114.789
-733.255 304.586 -103.921 95.253 126.186 114.913
-734.005 305.248 -103.923 95.469 126.102 115.043
-734.755 305.909 -103.925 95.469 126.102 115.043
-735.504 306.571 -103.928 95.684 126.021 115.175
-736.254 307.233 -103.93 95.865 125.949 115.273
-737.004 307.895 -103.932 96.075 125.867 115.395
-737.753 308.557 -103.934 96.075 125.867 115.395
-738.503 309.219 -103.936 96.075 125.867 115.395
-739.253 309.88 -103.939 96.075 125.867 115.395
-740.002 310.542 -103.941 96.075 125.867 115.395
-740.752 311.204 -103.943 96.075 125.867 115.395
-741.502 311.866 -103.945 96.075 125.867 115.395
-742.251 312.528 -103.947 96.075 125.867 115.395
-743.001 313.189 -103.95 96.075 125.867 115.395
-743.751 313.851 -103.952 96.075 125.867 115.395
-744.5 314.513 -103.954 96.075 125.867 115.395
-745.25 315.175 -103.956 96.075 125.867 115.395
-746 315.837 -103.958 96.075 125.867 115.395
-746.749 316.499 -103.961 96.075 125.867 115.395
-747.499 317.16 -103.963 96.075 125.867 115.395
-748.249 317.822 -103.965 96.075 125.867 115.395
-748.998 318.484 -103.967 96.075 125.867 115.395
-749.748 319.146 -103.969 96.075 125.867 115.395
-750.498 319.808 -103.972 96.075 125.867 115.395
-751.247 320.469 -103.974 96.075 125.867 115.395
4
-720.522 295.089 -103.838 93.938 126.691 114.15
-721.248 295.776 -103.855 93.938 126.691 114.15
-721.974 296.463 -103.872 93.938 126.691 114.15
-722.7 297.151 -103.889 93.938 126.691 114.15
-723.426 297.838 -103.906 93.938 126.691 114.15
-724.152 298.526 -103.923 93.938 126.691 114.15
-724.878 299.213 -103.94 93.938 126.691 114.15
-725.604 299.9 -103.957 93.938 126.691 114.15
-726.331 300.588 -103.974 93.938 126.691 114.15
-727.057 301.275 -103.99 94.141 126.615 114.273
-727.783 301.962 -104.007 94.325 126.546 114.384
-728.509 302.65 -104.024 94.325 126.546 114.384
-729.235 303.337 -104.041 94.527 126.468 114.497
-729.961 304.024 -104.058 94.711 126.398 114.597
-730.687 304.712 -104.075 94.911 126.32 114.708
-731.413 305.399 -104.092 94.911 126.32 114.708
-732.139 306.087 -104.109 95.128 126.233 114.831
-732.866 306.774 -104.126 95.36 126.143 114.974
-733.592 307.461 -104.143 95.36 126.143 114.974
-734.318 308.149 -104.16 95.559 126.069 115.106
-735.044 308.836 -104.177 95.755 125.996 115.222
-735.77 309.523 -104.194 95.755 125.996 115.222
-736.496 310.211 -104.21 95.955 125.917 115.333
-737.222 310.898 -104.227 96.16 125.834 115.441
-737.948 311.586 -104.244 96.16 125.834 115.441
-738.674 312.273 -104.261 96.16 125.834 115.441
-739.401 312.96 -104.278 96.16 125.834 115.441
-740.127 313.648 -104.295 96.16 125.834 115.441
-740.853 314.335 -104.312 96.16 125.834 115.441
-741.579 315.022 -104.329 96.16 125.834 115.441
-742.305 315.71 -104.346 96.16 125.834 115.441
-743.031 316.397 -104.363 96.16 125.834 115.441
-743.757 317.085 -104.38 96.16 125.834 115.441
-744.483 317.772 -104.397 96.16 125.834 115.441
-745.209 318.459 -104.414 96.16 125.834 115.441
-745.936 319.147 -104.43 96.16 125.834 115.441
-746.662 319.834 -104.447 96.16 125.834 115.441
-747.388 320.521 -104.464 96.16 125.834 115.441
-748.114 321.209 -104.481 96.16 125.834 115.441
-748.84 321.896 -104.498 96.16 125.834 115.441
-749.566 322.583 -104.515 96.16 125.834 115.441
