1
-1296.77 383.383 27.5907 155.136 132.427 -82.341
-1297.48 382.677 27.6127 155.136 132.427 -82.341
-1298.19 381.971 27.6346 155.136 132.427 -82.341
-1298.9 381.264 27.6566 155.136 132.427 -82.341
-1299.6 380.558 27.6786 155.136 132.427 -82.341
-1300.31 379.852 27.7005 155.136 132.427 -82.341
-1301.02 379.145 27.7225 155.136 132.427 -82.341
-1301.73 378.439 27.7445 155.136 132.427 -82.341
-1302.43 377.733 27.7664 155.136 132.427 -82.341
-1303.14 377.026 27.7884 155.136 132.427 -82.341
-1303.85 376.32 27.8104 155.136 132.427 -82.341
-1304.56 375.614 27.8323 155.136 132.427 -82.341
-1305.26 374.907 27.8543 155.136 132.427 -82.341
-1305.97 374.201 27.8763 155.136 132.427 -82.341
-1306.68 373.495 27.8982 155.136 132.427 -82.341
-1307.39 372.788 27.9202 155.139 132.43 -82.343
-1308.09 372.082 27.9422 155.137 132.43 -82.349
-1308.8 371.376 27.9641 155.134 132.429 -82.354
-1309.51 370.67 27.9861 155.132 132.429 -82.359
-1310.22 369.963 28.0081 155.132 132.429 -82.359
-1310.93 369.257 28.0301 155.134 132.43 -82.363
-1311.63 368.551 28.052 155.135 132.433 -82.366
-1312.34 367.844 28.074 155.136 132.436 -82.374
-1313.05 367.138 28.096 155.134 132.438 -82.379
-1313.76 366.432 28.1179 155.134 132.438 -82.379
-1314.46 365.725 28.1399 155.132 132.439 -82.382
-1315.17 365.019 28.1619 155.132 132.44 -82.383
-1315.88 364.313 28.1838 155.133 132.44 -82.382
-1316.59 363.606 28.2058 155.133 132.441 -82.38
-1317.29 362.9 28.2278 155.133 132.441 -82.38
-1318 362.194 28.2497 155.134 132.441 -82.382
-1318.71 361.487 28.2717 155.139 132.442 -82.379
-1319.42 360.781 28.2937 155.141 132.444 -82.382
-1320.12 360.075 28.3156 155.141 132.444 -82.382
-1320.83 359.369 28.3376 155.141 132.444 -82.382
-1321.54 358.662 28.3596 155.141 132.444 -82.382
-1322.25 357.956 28.3815 155.141 132.444 -82.382
-1322.95 357.25 28.4035 155.141 132.444 -82.382
-1323.66 356.543 28.4255 155.141 132.444 -82.382
-1324.37 355.837 28.4475 155.141 132.444 -82.382
-1325.08 355.131 28.4694 155.141 132.444 -82.382
-1325.78 354.424 28.4914 155.141 132.444 -82.382
-1326.49 353.718 28.5134 155.141 132.444 -82.382
-1327.2 353.012 28.5353 155.141 132.444 -82.382
-1327.91 352.305 28.5573 155.141 132.444 -82.382
-1328.61 351.599 28.5793 155.141 132.444 -82.382
2
-1295.32 382.774 28.2335 155.133 132.42 -82.326
-1296.02 382.059 28.2597 155.133 132.42 -82.326
-1296.72 381.344 28.286 155.133 132.42 -82.326
-1297.42 380.63 28.3122 155.133 132.42 -82.326
-1298.12 379.915 28.3384 155.133 132.42 -82.326
-1298.82 379.2 28.3646 155.133 132.42 -82.326
-1299.52 378.485 28.3909 155.133 132.42 -82.326
-1300.22 377.771 28.4171 155.133 132.42 -82.326
-1300.92 377.056 28.4433 155.133 132.42 -82.326
-1301.62 376.341 28.4695 155.133 132.42 -82.326
-1302.31 375.627 28.4958 155.133 132.42 -82.326
-1303.01 374.912 28.522 155.133 132.42 -82.326
-1303.71 374.197 28.5482 155.133 132.424 -82.338
-1304.41 373.482 28.5744 155.133 132.424 -82.338
-1305.11 372.768 28.6007 155.136 132.428 -82.344
-1305.81 372.053 28.6269 155.136 132.431 -82.351
-1306.51 371.338 28.6531 155.136 132.431 -82.351
-1307.21 370.623 28.6793 155.134 132.43 -82.357
-1307.91 369.909 28.7056 155.132 132.429 -82.361
-1308.6 369.194 28.7318 155.133 132.428 -82.365
-1309.3 368.479 28.758 155.134 132.431 -82.367
-1310 367.765 28.7842 155.134 132.431 -82.367
-1310.7 367.05 28.8105 155.136 132.435 -82.372
-1311.4 366.335 28.8367 155.137 132.438 -82.376
-1312.1 365.62 28.8629 155.134 132.439 -82.381
-1312.8 364.906 28.8891 155.134 132.439 -82.381
-1313.5 364.191 28.9154 155.132 132.441 -82.385
-1314.2 363.476 28.9416 155.134 132.441 -82.384
-1314.89 362.762 28.9678 155.134 132.442 -82.383
-1315.59 362.047 28.994 155.135 132.442 -82.384
-1316.29 361.332 29.0203 155.135 132.442 -82.384
-1316.99 360.617 29.0465 155.139 132.443 -82.381
-1317.69 359.903 29.0727 155.142 132.445 -82.382
-1318.39 359.188 29.0989 155.142 132.445 -82.382
-1319.09 358.473 29.1252 155.142 132.445 -82.382
-1319.79 357.759 29.1514 155.142 132.445 -82.382
-1320.49 357.044 29.1776 155.142 132.445 -82.382
-1321.18 356.329 29.2038 155.142 132.445 -82.382
-1321.88 355.614 29.2301 155.142 132.445 -82.382
-1322.58 354.9 29.2563 155.142 132.445 -82.382
-1323.28 354.185 29.2825 155.142 132.445 -82.382
-1323.98 353.47 29.3087 155.142 132.445 -82.382
-1324.68 352.756 29.335 155.142 132.445 -82.382
-1325.38 352.041 29.3612 155.142 132.445 -82.382
-1326.08 351.326 29.3874 155.142 132.445 -82.382
-1326.78 350.611 29.4136 155.142 132.445 -82.382
3
-1297.97 383.53 27.7186 155.137 132.429 -82.343
-1298.65 382.798 27.7292 155.137 132.429 -82.343
-1299.33 382.066 27.7397 155.137 132.429 -82.343
-1300.01 381.334 27.7502 155.137 132.429 -82.343
-1300.7 380.601 27.7607 155.137 132.429 -82.343
-1301.38 379.869 27.7713 155.137 132.429 -82.343
-1302.06 379.137 27.7818 155.137 132.429 -82.343
-1302.74 378.405 27.7923 155.137 132.429 -82.343
-1303.42 377.673 27.8028 155.137 132.429 -82.343
-1304.1 376.941 27.8133 155.137 132.429 -82.343
-1304.78 376.209 27.8239 155.137 132.429 -82.343
-1305.46 375.477 27.8344 155.137 132.429 -82.343
-1306.14 374.745 27.8449 155.137 132.429 -82.343
-1306.83 374.012 27.8554 155.137 132.429 -82.343
-1307.51 373.28 27.866 155.137 132.429 -82.343
-1308.19 372.548 27.8765 155.137 132.429 -82.343
-1308.87 371.816 27.887 155.137 132.431 -82.35
-1309.55 371.084 27.8975 155.137 132.431 -82.35
-1310.23 370.352 27.908 155.138 132.433 -82.352
-1310.91 369.62 27.9186 155.138 132.433 -82.356
-1311.59 368.888 27.9291 155.135 132.433 -82.36
-1312.27 368.156 27.9396 155.133 132.434 -82.368
-1312.96 367.423 27.9501 155.133 132.434 -82.374
-1313.64 366.691 27.9607 155.133 132.436 -82.377
-1314.32 365.959 27.9712 155.133 132.436 -82.377
-1315 365.227 27.9817 155.134 132.437 -82.378
-1315.68 364.495 27.9922 155.134 132.438 -82.38
-1316.36 363.763 28.0028 155.133 132.439 -82.381
-1317.04 363.031 28.0133 155.133 132.44 -82.382
-1317.72 362.299 28.0238 155.133 132.44 -82.382
-1318.4 361.566 28.0343 155.141 132.443 -82.381
-1319.09 360.834 28.0448 155.141 132.443 -82.381
-1319.77 360.102 28.0554 155.141 132.443 -82.381
-1320.45 359.37 28.0659 155.141 132.443 -82.381
-1321.13 358.638 28.0764 155.141 132.443 -82.381
-1321.81 357.906 28.0869 155.141 132.443 -82.381
-1322.49 357.174 28.0975 155.141 132.443 -82.381
-1323.17 356.442 28.108 155.141 132.443 -82.381
-1323.85 355.71 28.1185 155.141 132.443 -82.381
-1324.53 354.977 28.129 155.141 132.443 -82.381
-1325.22 354.245 28.1395 155.141 132.443 -82.381
-1325.9 353.513 28.1501 155.141 132.443 -82.381
-1326.58 352.781 28.1606 155.141 132.443 -82.381
-1327.26 352.049 28.1711 155.141 132.443 -82.381
-1327.94 351.317 28.1816 155.141 132.443 -82.381
-1328.62 350.585 28.1922 155.141 132.443 -82.381
4
-1295.59 383.223 25.9212 155.135 132.422 -82.32
-1296.29 382.506 25.9414 155.135 132.422 -82.32
-1296.98 381.789 25.9615 155.135 132.422 -82.32
-1297.68 381.072 25.9816 155.135 132.422 -82.32
-1298.38 380.355 26.0018 155.135 132.422 -82.32
-1299.08 379.639 26.0219 155.135 132.422 -82.32
-1299.77 378.922 26.042 155.135 132.422 -82.32
-1300.47 378.205 26.0622 155.135 132.422 -82.32
-1301.17 377.488 26.0823 155.135 132.422 -82.32
-1301.86 376.771 26.1024 155.135 132.422 -82.32
-1302.56 376.054 26.1225 155.135 132.422 -82.32
-1303.26 375.337 26.1427 155.135 132.422 -82.32
-1303.95 374.621 26.1628 155.135 132.422 -82.32
-1304.65 373.904 26.1829 155.132 132.423 -82.332
-1305.35 373.187 26.2031 155.133 132.424 -82.339
-1306.04 372.47 26.2232 155.133 132.424 -82.339
-1306.74 371.753 26.2433 155.134 132.427 -82.341
-1307.44 371.036 26.2635 155.137 132.43 -82.347
-1308.14 370.319 26.2836 155.138 132.431 -82.351
-1308.83 369.603 26.3037 155.138 132.431 -82.351
-1309.53 368.886 26.3239 155.139 132.432 -82.354
-1310.23 368.169 26.344 155.138 132.431 -82.358
-1310.92 367.452 26.3641 155.135 132.432 -82.365
-1311.62 366.735 26.3842 155.135 132.433 -82.373
-1312.32 366.018 26.4044 155.135 132.433 -82.373
-1313.01 365.301 26.4245 155.134 132.435 -82.378
-1313.71 364.585 26.4446 155.134 132.437 -82.379
-1314.41 363.868 26.4648 155.134 132.437 -82.379
-1315.1 363.151 26.4849 155.134 132.438 -82.38
-1315.8 362.434 26.505 155.132 132.439 -82.381
-1316.5 361.717 26.5252 155.134 132.441 -82.383
-1317.2 361 26.5453 155.142 132.444 -82.38
-1317.89 360.283 26.5654 155.142 132.444 -82.38
-1318.59 359.567 26.5856 155.142 132.444 -82.38
-1319.29 358.85 26.6057 155.142 132.444 -82.38
-1319.98 358.133 26.6258 155.142 132.444 -82.38
-1320.68 357.416 26.6459 155.142 132.444 -82.38
-1321.38 356.699 26.6661 155.142 132.444 -82.38
-1322.07 355.982 26.6862 155.142 132.444 -82.38
-1322.77 355.265 26.7063 155.142 132.444 -82.38
-1323.47 354.549 26.7265 155.142 132.444 -82.38
-1324.16 353.832 26.7466 155.142 132.444 -82.38
-1324.86 353.115 26.7667 155.142 132.444 -82.38
-1325.56 352.398 26.7869 155.142 132.444 -82.38
-1326.26 351.681 26.807 155.142 132.444 -82.38
-1326.95 350.964 26.8271 155.142 132.444 -82.38
5
-1296.96 382.279 26.6553 155.134 132.422 -82.324
-1297.67 381.569 26.684 155.134 132.422 -82.324
-1298.37 380.858 26.7127 155.134 132.422 -82.324
-1299.07 380.148 26.7414 155.134 132.422 -82.324
-1299.78 379.437 26.7701 155.134 132.422 -82.324
-1300.48 378.727 26.7988 155.134 132.422 -82.324
-1301.18 378.016 26.8275 155.134 132.422 -82.324
-1301.88 377.306 26.8562 155.134 132.422 -82.324
-1302.59 376.595 26.8849 155.134 132.422 -82.324
-1303.29 375.884 26.9136 155.134 132.422 -82.324
-1303.99 375.174 26.9424 155.134 132.422 -82.324
-1304.7 374.463 26.9711 155.134 132.422 -82.324
-1305.4 373.753 26.9998 155.131 132.424 -82.337
-1306.1 373.042 27.0285 155.131 132.424 -82.342
-1306.81 372.332 27.0572 155.131 132.426 -82.345
-1307.51 371.621 27.0859 155.134 132.429 -82.35
-1308.21 370.911 27.1146 155.134 132.429 -82.35
-1308.92 370.2 27.1433 155.135 132.431 -82.356
-1309.62 369.49 27.172 155.136 132.432 -82.359
-1310.32 368.779 27.2007 155.136 132.433 -82.363
-1311.02 368.068 27.2294 155.134 132.434 -82.368
-1311.73 367.358 27.2581 155.134 132.434 -82.375
-1312.43 366.647 27.2868 155.135 132.435 -82.379
-1313.13 365.937 27.3155 155.135 132.436 -82.382
-1313.84 365.226 27.3442 155.135 132.436 -82.382
-1314.54 364.516 27.3729 155.135 132.438 -82.385
-1315.24 363.805 27.4016 155.134 132.439 -82.386
-1315.95 363.095 27.4303 155.133 132.44 -82.385
-1316.65 362.384 27.459 155.133 132.44 -82.385
-1317.35 361.674 27.4877 155.137 132.443 -82.385
-1318.06 360.963 27.5164 155.144 132.446 -82.381
-1318.76 360.253 27.5451 155.144 132.446 -82.381
-1319.46 359.542 27.5738 155.144 132.446 -82.381
-1320.16 358.831 27.6026 155.144 132.446 -82.381
-1320.87 358.121 27.6313 155.144 132.446 -82.381
-1321.57 357.41 27.66 155.144 132.446 -82.381
-1322.27 356.7 27.6887 155.144 132.446 -82.381
-1322.98 355.989 27.7174 155.144 132.446 -82.381
-1323.68 355.279 27.7461 155.144 132.446 -82.381
-1324.38 354.568 27.7748 155.144 132.446 -82.381
-1325.09 353.858 27.8035 155.144 132.446 -82.381
-1325.79 353.147 27.8322 155.144 132.446 -82.381
-1326.49 352.437 27.8609 155.144 132.446 -82.381
-1327.2 351.726 27.8896 155.144 132.446 -82.381
-1327.9 351.015 27.9183 155.144 132.446 -82.381
-1328.6 350.305 27.947 155.144 132.446 -82.381
6
-1296.6 381.991 27.3069 155.133 132.426 -82.344
-1297.29 381.273 27.3265 155.133 132.426 -82.344
-1297.99 380.554 27.3461 155.133 132.426 -82.344
-1298.68 379.835 27.3657 155.133 132.426 -82.344
-1299.38 379.117 27.3853 155.133 132.426 -82.344
-1300.07 378.398 27.4049 155.133 132.426 -82.344
-1300.77 377.68 27.4245 155.133 132.426 -82.344
-1301.46 376.961 27.4442 155.133 132.426 -82.344
-1302.16 376.243 27.4638 155.133 132.426 -82.344
-1302.85 375.524 27.4834 155.133 132.426 -82.344
-1303.55 374.805 27.503 155.133 132.426 -82.344
-1304.25 374.087 27.5226 155.133 132.426 -82.344
-1304.94 373.368 27.5422 155.133 132.426 -82.344
-1305.64 372.65 27.5618 155.133 132.426 -82.344
-1306.33 371.931 27.5814 155.134 132.428 -82.347
-1307.03 371.213 27.601 155.136 132.43 -82.35
-1307.72 370.494 27.6207 155.136 132.431 -82.356
-1308.42 369.775 27.6403 155.135 132.433 -82.362
-1309.11 369.057 27.6599 155.135 132.433 -82.362
-1309.81 368.338 27.6795 155.133 132.433 -82.369
-1310.5 367.62 27.6991 155.133 132.433 -82.369
-1311.2 366.901 27.7187 155.133 132.435 -82.376
-1311.89 366.183 27.7383 155.136 132.436 -82.381
-1312.59 365.464 27.7579 155.136 132.436 -82.381
-1313.28 364.746 27.7776 155.137 132.437 -82.381
-1313.98 364.027 27.7972 155.137 132.439 -82.383
-1314.67 363.308 27.8168 155.136 132.44 -82.384
-1315.37 362.59 27.8364 155.136 132.44 -82.384
-1316.06 361.871 27.856 155.135 132.441 -82.384
-1316.76 361.153 27.8756 155.139 132.444 -82.386
-1317.45 360.434 27.8952 155.143 132.446 -82.382
-1318.15 359.716 27.9148 155.143 132.446 -82.382
-1318.84 358.997 27.9344 155.143 132.446 -82.382
-1319.54 358.278 27.9541 155.143 132.446 -82.382
-1320.23 357.56 27.9737 155.143 132.446 -82.382
-1320.93 356.841 27.9933 155.143 132.446 -82.382
-1321.62 356.123 28.0129 155.143 132.446 -82.382
-1322.32 355.404 28.0325 155.143 132.446 -82.382
-1323.01 354.686 28.0521 155.143 132.446 -82.382
-1323.71 353.967 28.0717 155.143 132.446 -82.382
-1324.41 353.248 28.0913 155.143 132.446 -82.382
-1325.1 352.53 28.111 155.143 132.446 -82.382
-1325.8 351.811 28.1306 155.143 132.446 -82.382
-1326.49 351.093 28.1502 155.143 132.446 -82.382
-1327.19 350.374 28.1698 155.143 132.446 -82.382
-1327.88 349.656 28.1894 155.143 132.446 -82.382
7
-1296.81 382.392 27.0519 155.132 132.423 -82.332
-1297.5 381.669 27.0773 155.132 132.423 -82.332
-1298.19 380.947 27.1027 155.132 132.423 -82.332
-1298.88 380.224 27.1281 155.132 132.423 -82.332
-1299.57 379.501 27.1535 155.132 132.423 -82.332
-1300.26 378.779 27.1789 155.132 132.423 -82.332
-1300.95 378.056 27.2043 155.132 132.423 -82.332
-1301.65 377.333 27.2296 155.132 132.423 -82.332
-1302.34 376.611 27.255 155.132 132.423 -82.332
-1303.03 375.888 27.2804 155.132 132.423 -82.332
-1303.72 375.165 27.3058 155.132 132.423 -82.332
-1304.41 374.443 27.3312 155.132 132.423 -82.332
-1305.1 373.72 27.3566 155.132 132.423 -82.332
-1305.79 372.997 27.382 155.13 132.425 -82.342
-1306.48 372.275 27.4073 155.131 132.428 -82.346
-1307.17 371.552 27.4327 155.132 132.43 -82.35
-1307.86 370.829 27.4581 155.133 132.432 -82.355
-1308.55 370.106 27.4835 155.132 132.433 -82.359
-1309.24 369.384 27.5089 155.132 132.433 -82.359
-1309.93 368.661 27.5343 155.132 132.433 -82.365
-1310.62 367.938 27.5596 155.131 132.433 -82.369
-1311.32 367.216 27.585 155.131 132.434 -82.375
-1312.01 366.493 27.6104 155.133 132.434 -82.381
-1312.7 365.77 27.6358 155.135 132.436 -82.385
-1313.39 365.048 27.6612 155.135 132.436 -82.385
-1314.08 364.325 27.6866 155.137 132.438 -82.386
-1314.77 363.602 27.712 155.138 132.44 -82.384
-1315.46 362.88 27.7373 155.138 132.44 -82.382
-1316.15 362.157 27.7627 155.139 132.442 -82.381
-1316.84 361.434 27.7881 155.139 132.442 -82.381
-1317.53 360.711 27.8135 155.144 132.446 -82.379
-1318.22 359.989 27.8389 155.148 132.448 -82.377
-1318.91 359.266 27.8643 155.148 132.448 -82.377
-1319.6 358.543 27.8896 155.148 132.448 -82.377
-1320.29 357.821 27.915 155.148 132.448 -82.377
-1320.99 357.098 27.9404 155.148 132.448 -82.377
-1321.68 356.375 27.9658 155.148 132.448 -82.377
-1322.37 355.653 27.9912 155.148 132.448 -82.377
-1323.06 354.93 28.0166 155.148 132.448 -82.377
-1323.75 354.207 28.042 155.148 132.448 -82.377
-1324.44 353.485 28.0673 155.148 132.448 -82.377
-1325.13 352.762 28.0927 155.148 132.448 -82.377
-1325.82 352.039 28.1181 155.148 132.448 -82.377
-1326.51 351.316 28.1435 155.148 132.448 -82.377
-1327.2 350.594 28.1689 155.148 132.448 -82.377
-1327.89 349.871 28.1943 155.148 132.448 -82.377
8
-1295.88 383.238 27.4947 155.145 132.417 -82.301
-1296.59 382.529 27.5308 155.145 132.417 -82.301
-1297.29 381.821 27.5669 155.145 132.417 -82.301
-1297.99 381.112 27.6031 155.145 132.417 -82.301
-1298.7 380.403 27.6392 155.145 132.417 -82.301
-1299.4 379.694 27.6754 155.145 132.417 -82.301
-1300.11 378.985 27.7115 155.145 132.417 -82.301
-1300.81 378.276 27.7477 155.145 132.417 -82.301
-1301.52 377.567 27.7838 155.145 132.417 -82.301
-1302.22 376.858 27.8199 155.145 132.417 -82.301
-1302.93 376.149 27.8561 155.142 132.418 -82.306
-1303.63 375.44 27.8922 155.138 132.421 -82.316
-1304.33 374.731 27.9284 155.138 132.421 -82.316
-1305.04 374.022 27.9645 155.132 132.424 -82.334
-1305.74 373.314 28.0007 155.132 132.424 -82.334
-1306.45 372.605 28.0368 155.131 132.426 -82.343
-1307.15 371.896 28.0729 155.133 132.428 -82.348
-1307.86 371.187 28.1091 155.133 132.431 -82.355
-1308.56 370.478 28.1452 155.133 132.431 -82.355
-1309.26 369.769 28.1814 155.134 132.433 -82.359
-1309.97 369.06 28.2175 155.134 132.433 -82.362
-1310.67 368.351 28.2536 155.134 132.434 -82.366
-1311.38 367.642 28.2898 155.135 132.434 -82.371
-1312.08 366.933 28.3259 155.135 132.434 -82.375
-1312.79 366.224 28.3621 155.136 132.435 -82.379
-1313.49 365.516 28.3982 155.137 132.436 -82.381
-1314.2 364.807 28.4344 155.137 132.436 -82.381
-1314.9 364.098 28.4705 155.136 132.438 -82.381
-1315.6 363.389 28.5066 155.135 132.439 -82.384
-1316.31 362.68 28.5428 155.134 132.44 -82.383
-1317.01 361.971 28.5789 155.137 132.443 -82.384
-1317.72 361.262 28.6151 155.144 132.446 -82.381
-1318.42 360.553 28.6512 155.144 132.446 -82.381
-1319.13 359.844 28.6874 155.144 132.446 -82.381
-1319.83 359.135 28.7235 155.144 132.446 -82.381
-1320.53 358.426 28.7596 155.144 132.446 -82.381
-1321.24 357.717 28.7958 155.144 132.446 -82.381
-1321.94 357.009 28.8319 155.144 132.446 -82.381
-1322.65 356.3 28.8681 155.144 132.446 -82.381
-1323.35 355.591 28.9042 155.144 132.446 -82.381
-1324.06 354.882 28.9404 155.144 132.446 -82.381
-1324.76 354.173 28.9765 155.144 132.446 -82.381
-1325.47 353.464 29.0126 155.144 132.446 -82.381
-1326.17 352.755 29.0488 155.144 132.446 -82.381
-1326.87 352.046 29.0849 155.144 132.446 -82.381
-1327.58 351.337 29.1211 155.144 132.446 -82.381
9
-1294.88 382.35 27.1548 155.145 132.417 -82.301
-1295.58 381.635 27.1917 155.145 132.417 -82.301
-1296.28 380.92 27.2285 155.145 132.417 -82.301
-1296.98 380.205 27.2654 155.145 132.417 -82.301
-1297.67 379.49 27.3023 155.145 132.417 -82.301
-1298.37 378.775 27.3392 155.145 132.417 -82.301
-1299.07 378.06 27.3761 155.145 132.417 -82.301
-1299.77 377.345 27.413 155.145 132.417 -82.301
-1300.47 376.631 27.4499 155.145 132.417 -82.301
-1301.17 375.916 27.4868 155.145 132.417 -82.301
-1301.86 375.201 27.5237 155.14 132.419 -82.308
-1302.56 374.486 27.5606 155.133 132.422 -82.322
-1303.26 373.771 27.5975 155.133 132.422 -82.322
-1303.96 373.056 27.6344 155.13 132.424 -82.333
-1304.66 372.341 27.6713 155.129 132.425 -82.34
-1305.35 371.626 27.7082 155.131 132.428 -82.344
-1306.05 370.911 27.745 155.131 132.428 -82.344
-1306.75 370.196 27.7819 155.134 132.431 -82.35
-1307.45 369.482 27.8188 155.135 132.433 -82.354
-1308.15 368.767 27.8557 155.136 132.433 -82.358
-1308.85 368.052 27.8926 155.135 132.434 -82.364
-1309.54 367.337 27.9295 155.135 132.434 -82.364
-1310.24 366.622 27.9664 155.135 132.433 -82.368
-1310.94 365.907 28.0033 155.135 132.433 -82.375
-1311.64 365.192 28.0402 155.134 132.434 -82.38
-1312.34 364.477 28.0771 155.135 132.436 -82.382
-1313.04 363.762 28.114 155.135 132.438 -82.382
-1313.73 363.048 28.1509 155.135 132.44 -82.384
-1314.43 362.333 28.1878 155.135 132.44 -82.384
-1315.13 361.618 28.2246 155.134 132.441 -82.384
-1315.83 360.903 28.2615 155.137 132.443 -82.383
-1316.53 360.188 28.2984 155.144 132.447 -82.382
-1317.23 359.473 28.3353 155.144 132.447 -82.382
-1317.92 358.758 28.3722 155.144 132.447 -82.382
-1318.62 358.043 28.4091 155.144 132.447 -82.382
-1319.32 357.328 28.446 155.144 132.447 -82.382
-1320.02 356.614 28.4829 155.144 132.447 -82.382
-1320.72 355.899 28.5198 155.144 132.447 -82.382
-1321.41 355.184 28.5567 155.144 132.447 -82.382
-1322.11 354.469 28.5936 155.144 132.447 -82.382
-1322.81 353.754 28.6305 155.144 132.447 -82.382
-1323.51 353.039 28.6674 155.144 132.447 -82.382
-1324.21 352.324 28.7043 155.144 132.447 -82.382
-1324.91 351.609 28.7411 155.144 132.447 -82.382
-1325.6 350.894 28.778 155.144 132.447 -82.382
-1326.3 350.179 28.8149 155.144 132.447 -82.382
10
-1296.78 382.9 27.3329 155.133 132.425 -82.342
-1297.47 382.177 27.3489 155.133 132.425 -82.342
-1298.16 381.454 27.3649 155.133 132.425 -82.342
-1298.85 380.732 27.3809 155.133 132.425 -82.342
-1299.54 380.009 27.3969 155.133 132.425 -82.342
-1300.23 379.286 27.413 155.133 132.425 -82.342
-1300.92 378.563 27.429 155.133 132.425 -82.342
-1301.61 377.841 27.445 155.133 132.425 -82.342
-1302.3 377.118 27.461 155.133 132.425 -82.342
-1303 376.395 27.477 155.133 132.425 -82.342
-1303.69 375.672 27.4931 155.133 132.425 -82.342
-1304.38 374.949 27.5091 155.133 132.425 -82.342
-1305.07 374.227 27.5251 155.133 132.425 -82.342
-1305.76 373.504 27.5411 155.133 132.425 -82.342
-1306.45 372.781 27.5572 155.134 132.427 -82.345
-1307.14 372.058 27.5732 155.136 132.43 -82.348
-1307.83 371.336 27.5892 155.135 132.432 -82.353
-1308.52 370.613 27.6052 155.135 132.432 -82.353
-1309.21 369.89 27.6212 155.136 132.434 -82.358
-1309.9 369.167 27.6373 155.135 132.434 -82.362
-1310.6 368.445 27.6533 155.134 132.434 -82.367
-1311.29 367.722 27.6693 155.133 132.435 -82.374
-1311.98 366.999 27.6853 155.133 132.435 -82.377
-1312.67 366.276 27.7013 155.134 132.435 -82.382
-1313.36 365.554 27.7174 155.134 132.436 -82.383
-1314.05 364.831 27.7334 155.135 132.438 -82.384
-1314.74 364.108 27.7494 155.137 132.438 -82.384
-1315.43 363.385 27.7654 155.137 132.438 -82.384
-1316.12 362.663 27.7815 155.134 132.44 -82.384
-1316.81 361.94 27.7975 155.135 132.441 -82.384
-1317.5 361.217 27.8135 155.142 132.447 -82.382
-1318.2 360.494 27.8295 155.142 132.447 -82.382
-1318.89 359.772 27.8455 155.142 132.447 -82.382
-1319.58 359.049 27.8616 155.142 132.447 -82.382
-1320.27 358.326 27.8776 155.142 132.447 -82.382
-1320.96 357.603 27.8936 155.142 132.447 -82.382
-1321.65 356.88 27.9096 155.142 132.447 -82.382
-1322.34 356.158 27.9257 155.142 132.447 -82.382
-1323.03 355.435 27.9417 155.142 132.447 -82.382
-1323.72 354.712 27.9577 155.142 132.447 -82.382
-1324.41 353.989 27.9737 155.142 132.447 -82.382
-1325.1 353.267 27.9897 155.142 132.447 -82.382
-1325.8 352.544 28.0058 155.142 132.447 -82.382
-1326.49 351.821 28.0218 155.142 132.447 -82.382
-1327.18 351.098 28.0378 155.142 132.447 -82.382
-1327.87 350.376 28.0538 155.142 132.447 -82.382
11
-1296.36 381.83 27.4356 155.133 132.424 -82.335
-1297.04 381.105 27.4561 155.133 132.424 -82.335
-1297.73 380.379 27.4767 155.133 132.424 -82.335
-1298.42 379.654 27.4972 155.133 132.424 -82.335
-1299.11 378.929 27.5178 155.133 132.424 -82.335
-1299.8 378.203 27.5384 155.133 132.424 -82.335
-1300.48 377.478 27.5589 155.133 132.424 -82.335
-1301.17 376.753 27.5795 155.133 132.424 -82.335
-1301.86 376.027 27.6 155.133 132.424 -82.335
-1302.55 375.302 27.6206 155.133 132.424 -82.335
-1303.24 374.577 27.6412 155.133 132.424 -82.335
-1303.93 373.851 27.6617 155.133 132.424 -82.335
-1304.61 373.126 27.6823 155.133 132.424 -82.335
-1305.3 372.401 27.7029 155.132 132.425 -82.342
-1305.99 371.676 27.7234 155.133 132.428 -82.347
-1306.68 370.95 27.744 155.136 132.43 -82.35
-1307.37 370.225 27.7645 155.137 132.432 -82.354
-1308.05 369.5 27.7851 155.137 132.433 -82.358
-1308.74 368.774 27.8057 155.137 132.433 -82.358
-1309.43 368.049 27.8262 155.136 132.433 -82.362
-1310.12 367.324 27.8468 155.135 132.433 -82.366
-1310.81 366.598 27.8673 155.134 132.433 -82.374
-1311.49 365.873 27.8879 155.133 132.434 -82.38
-1312.18 365.148 27.9085 155.133 132.434 -82.38
-1312.87 364.422 27.929 155.133 132.437 -82.382
-1313.56 363.697 27.9496 155.135 132.439 -82.383
-1314.25 362.972 27.9702 155.135 132.441 -82.385
-1314.94 362.247 27.9907 155.135 132.441 -82.385
-1315.62 361.521 28.0113 155.137 132.443 -82.384
-1316.31 360.796 28.0318 155.143 132.446 -82.382
-1317 360.071 28.0524 155.144 132.448 -82.381
-1317.69 359.345 28.073 155.144 132.448 -82.381
-1318.38 358.62 28.0935 155.144 132.448 -82.381
-1319.06 357.895 28.1141 155.144 132.448 -82.381
-1319.75 357.169 28.1347 155.144 132.448 -82.381
-1320.44 356.444 28.1552 155.144 132.448 -82.381
-1321.13 355.719 28.1758 155.144 132.448 -82.381
-1321.82 354.993 28.1963 155.144 132.448 -82.381
-1322.5 354.268 28.2169 155.144 132.448 -82.381
-1323.19 353.543 28.2375 155.144 132.448 -82.381
-1323.88 352.818 28.258 155.144 132.448 -82.381
-1324.57 352.092 28.2786 155.144 132.448 -82.381
-1325.26 351.367 28.2991 155.144 132.448 -82.381
-1325.95 350.642 28.3197 155.144 132.448 -82.381
-1326.63 349.916 28.3403 155.144 132.448 -82.381
-1327.32 349.191 28.3608 155.144 132.448 -82.381
12
-1296.46 383.662 26.7026 155.13 132.423 -82.337
-1297.15 382.942 26.7241 155.13 132.423 -82.337
-1297.85 382.221 26.7456 155.13 132.423 -82.337
-1298.54 381.501 26.7671 155.13 132.423 -82.337
-1299.23 380.78 26.7886 155.13 132.423 -82.337
-1299.93 380.06 26.8101 155.13 132.423 -82.337
-1300.62 379.34 26.8316 155.13 132.423 -82.337
-1301.31 378.619 26.8531 155.13 132.423 -82.337
-1302.01 377.899 26.8746 155.13 132.423 -82.337
-1302.7 377.178 26.8962 155.13 132.423 -82.337
-1303.39 376.458 26.9177 155.13 132.423 -82.337
-1304.09 375.738 26.9392 155.13 132.423 -82.337
-1304.78 375.017 26.9607 155.13 132.423 -82.337
-1305.47 374.297 26.9822 155.13 132.423 -82.337
-1306.17 373.576 27.0037 155.13 132.423 -82.337
-1306.86 372.856 27.0252 155.131 132.429 -82.349
-1307.55 372.135 27.0467 155.131 132.429 -82.349
-1308.25 371.415 27.0682 155.134 132.431 -82.352
-1308.94 370.695 27.0898 155.135 132.433 -82.358
-1309.63 369.974 27.1113 155.136 132.435 -82.361
-1310.32 369.254 27.1328 155.136 132.434 -82.364
-1311.02 368.533 27.1543 155.134 132.434 -82.37
-1311.71 367.813 27.1758 155.134 132.434 -82.37
-1312.4 367.093 27.1973 155.134 132.434 -82.377
-1313.1 366.372 27.2188 155.134 132.435 -82.381
-1313.79 365.652 27.2403 155.134 132.436 -82.384
-1314.48 364.931 27.2619 155.134 132.436 -82.384
-1315.18 364.211 27.2834 155.135 132.438 -82.384
-1315.87 363.49 27.3049 155.135 132.44 -82.385
-1316.56 362.77 27.3264 155.134 132.441 -82.384
-1317.26 362.05 27.3479 155.14 132.445 -82.385
-1317.95 361.329 27.3694 155.14 132.445 -82.385
-1318.64 360.609 27.3909 155.146 132.447 -82.381
-1319.34 359.888 27.4124 155.146 132.447 -82.381
-1320.03 359.168 27.4339 155.146 132.447 -82.381
-1320.72 358.448 27.4555 155.146 132.447 -82.381
-1321.42 357.727 27.477 155.146 132.447 -82.381
-1322.11 357.007 27.4985 155.146 132.447 -82.381
-1322.8 356.286 27.52 155.146 132.447 -82.381
-1323.5 355.566 27.5415 155.146 132.447 -82.381
-1324.19 354.845 27.563 155.146 132.447 -82.381
-1324.88 354.125 27.5845 155.146 132.447 -82.381
-1325.58 353.405 27.606 155.146 132.447 -82.381
-1326.27 352.684 27.6275 155.146 132.447 -82.381
-1326.96 351.964 27.6491 155.146 132.447 -82.381
-1327.66 351.243 27.6706 155.146 132.447 -82.381
13
-1294.52 380.381 26.9955 155.132 132.425 -82.34
-1295.21 379.662 27.0185 155.132 132.425 -82.34
-1295.91 378.943 27.0416 155.132 132.425 -82.34
-1296.6 378.224 27.0647 155.132 132.425 -82.34
-1297.3 377.505 27.0878 155.132 132.425 -82.34
-1297.99 376.786 27.1109 155.132 132.425 -82.34
-1298.69 376.067 27.1339 155.132 132.425 -82.34
-1299.38 375.348 27.157 155.132 132.425 -82.34
-1300.07 374.629 27.1801 155.132 132.425 -82.34
-1300.77 373.91 27.2032 155.132 132.425 -82.34
-1301.46 373.191 27.2263 155.132 132.425 -82.34
-1302.16 372.472 27.2493 155.132 132.425 -82.34
-1302.85 371.753 27.2724 155.132 132.425 -82.34
-1303.55 371.034 27.2955 155.132 132.427 -82.344
-1304.24 370.315 27.3186 155.133 132.428 -82.347
-1304.94 369.596 27.3417 155.135 132.431 -82.351
-1305.63 368.877 27.3648 155.135 132.432 -82.356
-1306.33 368.158 27.3878 155.135 132.433 -82.358
-1307.02 367.439 27.4109 155.134 132.434 -82.363
-1307.72 366.72 27.434 155.134 132.434 -82.363
-1308.41 366.001 27.4571 155.133 132.435 -82.371
-1309.1 365.282 27.4802 155.134 132.435 -82.375
-1309.8 364.563 27.5032 155.136 132.435 -82.377
-1310.49 363.844 27.5263 155.137 132.436 -82.38
-1311.19 363.125 27.5494 155.137 132.438 -82.38
-1311.88 362.406 27.5725 155.135 132.439 -82.383
-1312.58 361.687 27.5956 155.135 132.439 -82.383
-1313.27 360.968 27.6186 155.134 132.44 -82.383
-1313.97 360.249 27.6417 155.136 132.442 -82.384
-1314.66 359.53 27.6648 155.142 132.445 -82.383
-1315.36 358.811 27.6879 155.146 132.448 -82.379
-1316.05 358.092 27.711 155.146 132.448 -82.379
-1316.75 357.373 27.7341 155.146 132.448 -82.379
-1317.44 356.654 27.7571 155.146 132.448 -82.379
-1318.13 355.935 27.7802 155.146 132.448 -82.379
-1318.83 355.216 27.8033 155.146 132.448 -82.379
-1319.52 354.497 27.8264 155.146 132.448 -82.379
-1320.22 353.778 27.8495 155.146 132.448 -82.379
-1320.91 353.059 27.8725 155.146 132.448 -82.379
-1321.61 352.34 27.8956 155.146 132.448 -82.379
-1322.3 351.621 27.9187 155.146 132.448 -82.379
-1323 350.902 27.9418 155.146 132.448 -82.379
-1323.69 350.183 27.9649 155.146 132.448 -82.379
-1324.39 349.464 27.9879 155.146 132.448 -82.379
-1325.08 348.745 28.011 155.146 132.448 -82.379
-1325.78 348.026 28.0341 155.146 132.448 -82.379
14
-1296.64 383.912 27.4104 155.132 132.423 -82.329
-1297.35 383.204 27.4344 155.132 132.423 -82.329
-1298.05 382.496 27.4583 155.132 132.423 -82.329
-1298.76 381.788 27.4823 155.132 132.423 -82.329
-1299.47 381.08 27.5063 155.132 132.423 -82.329
-1300.17 380.371 27.5302 155.132 132.423 -82.329
-1300.88 379.663 27.5542 155.132 132.423 -82.329
-1301.58 378.955 27.5782 155.132 132.423 -82.329
-1302.29 378.247 27.6021 155.132 132.423 -82.329
-1302.99 377.539 27.6261 155.132 132.423 -82.329
-1303.7 376.831 27.6501 155.132 132.423 -82.329
-1304.41 376.123 27.674 155.132 132.423 -82.329
-1305.11 375.415 27.698 155.132 132.423 -82.329
-1305.82 374.707 27.722 155.132 132.423 -82.329
-1306.52 373.999 27.7459 155.131 132.425 -82.34
-1307.23 373.291 27.7699 155.132 132.426 -82.343
-1307.93 372.583 27.7939 155.133 132.429 -82.347
-1308.64 371.874 27.8178 155.134 132.432 -82.353
-1309.35 371.166 27.8418 155.134 132.434 -82.357
-1310.05 370.458 27.8658 155.135 132.435 -82.362
-1310.76 369.75 27.8897 155.135 132.435 -82.362
-1311.46 369.042 27.9137 155.134 132.434 -82.366
-1312.17 368.334 27.9377 155.134 132.434 -82.373
-1312.87 367.626 27.9616 155.135 132.435 -82.376
-1313.58 366.918 27.9856 155.135 132.435 -82.376
-1314.29 366.21 28.0096 155.135 132.437 -82.381
-1314.99 365.502 28.0335 155.135 132.438 -82.382
-1315.7 364.794 28.0575 155.136 132.44 -82.382
-1316.4 364.086 28.0815 155.135 132.441 -82.384
-1317.11 363.378 28.1054 155.134 132.441 -82.383
-1317.81 362.669 28.1294 155.138 132.444 -82.385
-1318.52 361.961 28.1534 155.138 132.444 -82.385
-1319.23 361.253 28.1773 155.143 132.446 -82.381
-1319.93 360.545 28.2013 155.143 132.446 -82.381
-1320.64 359.837 28.2253 155.143 132.446 -82.381
-1321.34 359.129 28.2492 155.143 132.446 -82.381
-1322.05 358.421 28.2732 155.143 132.446 -82.381
-1322.75 357.713 28.2972 155.143 132.446 -82.381
-1323.46 357.005 28.3211 155.143 132.446 -82.381
-1324.17 356.297 28.3451 155.143 132.446 -82.381
-1324.87 355.589 28.3691 155.143 132.446 -82.381
-1325.58 354.881 28.393 155.143 132.446 -82.381
-1326.28 354.172 28.417 155.143 132.446 -82.381
-1326.99 353.464 28.441 155.143 132.446 -82.381
-1327.69 352.756 28.4649 155.143 132.446 -82.381
-1328.4 352.048 28.4889 155.143 132.446 -82.381
15
-1296.22 383.268 26.5109 155.131 132.423 -82.332
-1296.91 382.543 26.5365 155.131 132.423 -82.332
-1297.59 381.818 26.5622 155.131 132.423 -82.332
-1298.28 381.093 26.5878 155.131 132.423 -82.332
-1298.97 380.368 26.6134 155.131 132.423 -82.332
-1299.66 379.643 26.639 155.131 132.423 -82.332
-1300.35 378.918 26.6647 155.131 132.423 -82.332
-1301.04 378.193 26.6903 155.131 132.423 -82.332
-1301.72 377.468 26.7159 155.131 132.423 -82.332
-1302.41 376.743 26.7416 155.131 132.423 -82.332
-1303.1 376.018 26.7672 155.131 132.423 -82.332
-1303.79 375.293 26.7928 155.131 132.423 -82.332
-1304.48 374.568 26.8185 155.131 132.423 -82.332
-1305.17 373.843 26.8441 155.131 132.423 -82.332
-1305.85 373.118 26.8697 155.13 132.425 -82.341
-1306.54 372.393 26.8953 155.13 132.427 -82.346
-1307.23 371.668 26.921 155.133 132.43 -82.35
-1307.92 370.943 26.9466 155.133 132.43 -82.35
-1308.61 370.218 26.9722 155.134 132.432 -82.356
-1309.3 369.493 26.9979 155.135 132.434 -82.359
-1309.98 368.768 27.0235 155.135 132.434 -82.363
-1310.67 368.043 27.0491 155.134 132.434 -82.367
-1311.36 367.318 27.0748 155.134 132.434 -82.372
-1312.05 366.593 27.1004 155.135 132.435 -82.377
-1312.74 365.868 27.126 155.134 132.436 -82.382
-1313.42 365.143 27.1516 155.134 132.436 -82.382
-1314.11 364.418 27.1773 155.134 132.439 -82.384
-1314.8 363.693 27.2029 155.135 132.44 -82.384
-1315.49 362.968 27.2285 155.135 132.441 -82.384
-1316.18 362.243 27.2542 155.134 132.442 -82.384
-1316.87 361.518 27.2798 155.141 132.445 -82.384
-1317.55 360.793 27.3054 155.145 132.448 -82.382
-1318.24 360.068 27.331 155.145 132.448 -82.382
-1318.93 359.343 27.3567 155.145 132.448 -82.382
-1319.62 358.618 27.3823 155.145 132.448 -82.382
-1320.31 357.893 27.4079 155.145 132.448 -82.382
-1321 357.168 27.4336 155.145 132.448 -82.382
-1321.68 356.443 27.4592 155.145 132.448 -82.382
-1322.37 355.718 27.4848 155.145 132.448 -82.382
-1323.06 354.993 27.5105 155.145 132.448 -82.382
-1323.75 354.268 27.5361 155.145 132.448 -82.382
-1324.44 353.543 27.5617 155.145 132.448 -82.382
-1325.13 352.818 27.5873 155.145 132.448 -82.382
-1325.81 352.093 27.613 155.145 132.448 -82.382
-1326.5 351.368 27.6386 155.145 132.448 -82.382
-1327.19 350.643 27.6642 155.145 132.448 -82.382
16
-1296.04 383.568 26.7666 155.133 132.423 -82.324
-1296.74 382.854 26.7803 155.133 132.423 -82.324
-1297.44 382.14 26.794 155.133 132.423 -82.324
-1298.14 381.426 26.8077 155.133 132.423 -82.324
-1298.84 380.712 26.8215 155.133 132.423 -82.324
-1299.54 379.998 26.8352 155.133 132.423 -82.324
-1300.24 379.284 26.8489 155.133 132.423 -82.324
-1300.94 378.57 26.8626 155.133 132.423 -82.324
-1301.64 377.856 26.8764 155.133 132.423 -82.324
-1302.34 377.142 26.8901 155.133 132.423 -82.324
-1303.04 376.428 26.9038 155.133 132.423 -82.324
-1303.74 375.714 26.9175 155.133 132.423 -82.324
-1304.44 375 26.9313 155.133 132.423 -82.324
-1305.14 374.286 26.945 155.13 132.426 -82.339
-1305.84 373.572 26.9587 155.13 132.426 -82.339
-1306.54 372.858 26.9724 155.131 132.427 -82.344
-1307.24 372.144 26.9861 155.131 132.429 -82.347
-1307.94 371.43 26.9999 155.134 132.431 -82.35
-1308.64 370.716 27.0136 155.134 132.433 -82.357
-1309.34 370.002 27.0273 155.135 132.434 -82.361
-1310.04 369.288 27.041 155.135 132.434 -82.364
-1310.74 368.574 27.0548 155.134 132.434 -82.369
-1311.44 367.86 27.0685 155.134 132.434 -82.369
-1312.14 367.146 27.0822 155.134 132.434 -82.375
-1312.84 366.432 27.0959 155.134 132.435 -82.381
-1313.54 365.718 27.1097 155.134 132.435 -82.381
-1314.24 365.004 27.1234 155.135 132.438 -82.384
-1314.94 364.29 27.1371 155.135 132.439 -82.384
-1315.64 363.576 27.1508 155.135 132.441 -82.385
-1316.34 362.862 27.1646 155.134 132.442 -82.383
-1317.04 362.148 27.1783 155.139 132.445 -82.385
-1317.74 361.434 27.192 155.139 132.445 -82.385
-1318.44 360.72 27.2057 155.145 132.447 -82.381
-1319.14 360.006 27.2195 155.145 132.447 -82.381
-1319.84 359.292 27.2332 155.145 132.447 -82.381
-1320.54 358.578 27.2469 155.145 132.447 -82.381
-1321.24 357.864 27.2606 155.145 132.447 -82.381
-1321.94 357.15 27.2744 155.145 132.447 -82.381
-1322.64 356.436 27.2881 155.145 132.447 -82.381
-1323.34 355.722 27.3018 155.145 132.447 -82.381
-1324.04 355.008 27.3155 155.145 132.447 -82.381
-1324.74 354.294 27.3293 155.145 132.447 -82.381
-1325.44 353.58 27.343 155.145 132.447 -82.381
-1326.14 352.866 27.3567 155.145 132.447 -82.381
-1326.84 352.152 27.3704 155.145 132.447 -82.381
-1327.54 351.438 27.3841 155.145 132.447 -82.381
17
-1298.12 381.757 26.3426 155.133 132.427 -82.345
-1298.82 381.051 26.3619 155.133 132.427 -82.345
-1299.53 380.345 26.3811 155.133 132.427 -82.345
-1300.24 379.64 26.4004 155.133 132.427 -82.345
-1300.95 378.934 26.4196 155.133 132.427 -82.345
-1301.66 378.228 26.4389 155.133 132.427 -82.345
-1302.37 377.522 26.4581 155.133 132.427 -82.345
-1303.07 376.816 26.4774 155.133 132.427 -82.345
-1303.78 376.11 26.4966 155.133 132.427 -82.345
-1304.49 375.405 26.5159 155.133 132.427 -82.345
-1305.2 374.699 26.5351 155.133 132.427 -82.345
-1305.91 373.993 26.5544 155.133 132.427 -82.345
-1306.61 373.287 26.5736 155.135 132.43 -82.35
-1307.32 372.581 26.5929 155.135 132.43 -82.35
-1308.03 371.876 26.6121 155.134 132.432 -82.354
-1308.74 371.17 26.6314 155.132 132.431 -82.358
-1309.45 370.464 26.6506 155.133 132.431 -82.36
-1310.15 369.758 26.6699 155.132 132.43 -82.363
-1310.86 369.052 26.6891 155.132 132.43 -82.363
-1311.57 368.346 26.7084 155.132 132.433 -82.37
-1312.28 367.641 26.7276 155.135 132.437 -82.376
-1312.99 366.935 26.7469 155.136 132.439 -82.381
-1313.7 366.229 26.7661 155.136 132.439 -82.381
-1314.4 365.523 26.7854 155.134 132.44 -82.384
-1315.11 364.817 26.8046 155.134 132.44 -82.385
-1315.82 364.112 26.8239 155.135 132.441 -82.383
-1316.53 363.406 26.8431 155.134 132.441 -82.381
-1317.24 362.7 26.8624 155.134 132.442 -82.382
-1317.94 361.994 26.8816 155.139 132.443 -82.381
-1318.65 361.288 26.9009 155.139 132.443 -82.381
-1319.36 360.582 26.9201 155.143 132.445 -82.378
-1320.07 359.877 26.9394 155.143 132.445 -82.378
-1320.78 359.171 26.9586 155.143 132.445 -82.378
-1321.48 358.465 26.9779 155.143 132.445 -82.378
-1322.19 357.759 26.9971 155.143 132.445 -82.378
-1322.9 357.053 27.0164 155.143 132.445 -82.378
-1323.61 356.348 27.0356 155.143 132.445 -82.378
-1324.32 355.642 27.0549 155.143 132.445 -82.378
-1325.03 354.936 27.0741 155.143 132.445 -82.378
-1325.73 354.23 27.0934 155.143 132.445 -82.378
-1326.44 353.524 27.1126 155.143 132.445 -82.378
-1327.15 352.818 27.1319 155.143 132.445 -82.378
-1327.86 352.113 27.1511 155.143 132.445 -82.378
-1328.57 351.407 27.1704 155.143 132.445 -82.378
-1329.27 350.701 27.1896 155.143 132.445 -82.378
-1329.98 349.995 27.2089 155.143 132.445 -82.378
18
-1297.27 383.046 28.3306 155.134 132.431 -82.349
-1297.96 382.324 28.3393 155.134 132.431 -82.349
-1298.66 381.603 28.3479 155.134 132.431 -82.349
-1299.35 380.882 28.3566 155.134 132.431 -82.349
-1300.04 380.16 28.3653 155.134 132.431 -82.349
-1300.73 379.439 28.3739 155.134 132.431 -82.349
-1301.43 378.717 28.3826 155.134 132.431 -82.349
-1302.12 377.996 28.3912 155.134 132.431 -82.349
-1302.81 377.275 28.3999 155.134 132.431 -82.349
-1303.5 376.553 28.4086 155.134 132.431 -82.349
-1304.2 375.832 28.4172 155.134 132.431 -82.349
-1304.89 375.111 28.4259 155.134 132.431 -82.349
-1305.58 374.389 28.4345 155.134 132.431 -82.349
-1306.27 373.668 28.4432 155.134 132.431 -82.349
-1306.97 372.947 28.4519 155.134 132.431 -82.349
-1307.66 372.225 28.4605 155.134 132.431 -82.349
-1308.35 371.504 28.4692 155.135 132.433 -82.357
-1309.04 370.783 28.4778 155.136 132.434 -82.359
-1309.74 370.061 28.4865 155.137 132.434 -82.36
-1310.43 369.34 28.4952 155.137 132.434 -82.36
-1311.12 368.619 28.5038 155.135 132.434 -82.364
-1311.81 367.897 28.5125 155.134 132.435 -82.37
-1312.51 367.176 28.5211 155.134 132.435 -82.375
-1313.2 366.454 28.5298 155.134 132.435 -82.378
-1313.89 365.733 28.5385 155.134 132.436 -82.38
-1314.58 365.012 28.5471 155.134 132.436 -82.38
-1315.28 364.29 28.5558 155.135 132.437 -82.38
-1315.97 363.569 28.5644 155.133 132.439 -82.381
-1316.66 362.848 28.5731 155.132 132.44 -82.382
-1317.35 362.126 28.5818 155.137 132.444 -82.384
-1318.05 361.405 28.5904 155.143 132.446 -82.38
-1318.74 360.684 28.5991 155.143 132.446 -82.38
-1319.43 359.962 28.6078 155.143 132.446 -82.38
-1320.12 359.241 28.6164 155.143 132.446 -82.38
-1320.82 358.52 28.6251 155.143 132.446 -82.38
-1321.51 357.798 28.6337 155.143 132.446 -82.38
-1322.2 357.077 28.6424 155.143 132.446 -82.38
-1322.89 356.355 28.6511 155.143 132.446 -82.38
-1323.59 355.634 28.6597 155.143 132.446 -82.38
-1324.28 354.913 28.6684 155.143 132.446 -82.38
-1324.97 354.191 28.677 155.143 132.446 -82.38
-1325.66 353.47 28.6857 155.143 132.446 -82.38
-1326.36 352.749 28.6944 155.143 132.446 -82.38
-1327.05 352.027 28.703 155.143 132.446 -82.38
-1327.74 351.306 28.7117 155.143 132.446 -82.38
-1328.43 350.585 28.7203 155.143 132.446 -82.38
19
-1297.4 384.5 28.5466 155.135 132.433 -82.356
-1298.1 383.787 28.5605 155.135 132.433 -82.356
-1298.8 383.074 28.5745 155.135 132.433 -82.356
-1299.51 382.361 28.5885 155.135 132.433 -82.356
-1300.21 381.648 28.6024 155.135 132.433 -82.356
-1300.91 380.935 28.6164 155.135 132.433 -82.356
-1301.61 380.222 28.6304 155.135 132.433 -82.356
-1302.31 379.51 28.6443 155.135 132.433 -82.356
-1303.01 378.797 28.6583 155.135 132.433 -82.356
-1303.71 378.084 28.6723 155.135 132.433 -82.356
-1304.41 377.371 28.6862 155.135 132.433 -82.356
-1305.12 376.658 28.7002 155.135 132.433 -82.356
-1305.82 375.945 28.7142 155.135 132.433 -82.356
-1306.52 375.232 28.7281 155.135 132.433 -82.356
-1307.22 374.52 28.7421 155.135 132.433 -82.356
-1307.92 373.807 28.7561 155.135 132.433 -82.356
-1308.62 373.094 28.77 155.135 132.433 -82.356
-1309.32 372.381 28.784 155.135 132.433 -82.356
-1310.02 371.668 28.798 155.136 132.434 -82.359
-1310.72 370.955 28.8119 155.136 132.434 -82.359
-1311.43 370.242 28.8259 155.136 132.435 -82.362
-1312.13 369.529 28.8399 155.135 132.434 -82.365
-1312.83 368.817 28.8538 155.134 132.435 -82.37
-1313.53 368.104 28.8678 155.134 132.435 -82.376
-1314.23 367.391 28.8818 155.134 132.435 -82.378
-1314.93 366.678 28.8957 155.134 132.435 -82.378
-1315.63 365.965 28.9097 155.134 132.436 -82.379
-1316.33 365.252 28.9237 155.134 132.438 -82.379
-1317.04 364.539 28.9376 155.134 132.439 -82.382
-1317.74 363.827 28.9516 155.133 132.44 -82.382
-1318.44 363.114 28.9656 155.136 132.443 -82.383
-1319.14 362.401 28.9795 155.136 132.443 -82.383
-1319.84 361.688 28.9935 155.144 132.446 -82.38
-1320.54 360.975 29.0075 155.144 132.446 -82.38
-1321.24 360.262 29.0214 155.144 132.446 -82.38
-1321.94 359.549 29.0354 155.144 132.446 -82.38
-1322.64 358.836 29.0494 155.144 132.446 -82.38
-1323.35 358.124 29.0633 155.144 132.446 -82.38
-1324.05 357.411 29.0773 155.144 132.446 -82.38
-1324.75 356.698 29.0913 155.144 132.446 -82.38
-1325.45 355.985 29.1053 155.144 132.446 -82.38
-1326.15 355.272 29.1192 155.144 132.446 -82.38
-1326.85 354.559 29.1332 155.144 132.446 -82.38
-1327.55 353.846 29.1472 155.144 132.446 -82.38
-1328.25 353.134 29.1611 155.144 132.446 -82.38
-1328.95 352.421 29.1751 155.144 132.446 -82.38
20
-1294.92 384.003 27.586 155.133 132.429 -82.344
-1295.61 383.284 27.6014 155.133 132.429 -82.344
-1296.31 382.565 27.6169 155.133 132.429 -82.344
-1297 381.847 27.6324 155.133 132.429 -82.344
-1297.7 381.128 27.6478 155.133 132.429 -82.344
-1298.39 380.409 27.6633 155.133 132.429 -82.344
-1299.09 379.69 27.6788 155.133 132.429 -82.344
-1299.78 378.971 27.6942 155.133 132.429 -82.344
-1300.48 378.252 27.7097 155.133 132.429 -82.344
-1301.17 377.533 27.7252 155.133 132.429 -82.344
-1301.87 376.815 27.7406 155.133 132.429 -82.344
-1302.56 376.096 27.7561 155.133 132.429 -82.344
-1303.26 375.377 27.7716 155.133 132.429 -82.344
-1303.95 374.658 27.787 155.133 132.429 -82.344
-1304.65 373.939 27.8025 155.133 132.429 -82.344
-1305.34 373.22 27.818 155.133 132.429 -82.344
-1306.04 372.502 27.8334 155.133 132.429 -82.347
-1306.73 371.783 27.8489 155.135 132.431 -82.349
-1307.43 371.064 27.8644 155.137 132.432 -82.352
-1308.12 370.345 27.8798 155.136 132.433 -82.355
-1308.82 369.626 27.8953 155.136 132.435 -82.361
-1309.51 368.907 27.9108 155.134 132.434 -82.367
-1310.21 368.188 27.9262 155.134 132.434 -82.367
-1310.9 367.47 27.9417 155.133 132.435 -82.373
-1311.6 366.751 27.9572 155.133 132.436 -82.377
-1312.29 366.032 27.9726 155.133 132.436 -82.381
-1312.99 365.313 27.9881 155.134 132.437 -82.384
-1313.68 364.594 28.0036 155.135 132.439 -82.384
-1314.38 363.875 28.019 155.136 132.439 -82.383
-1315.07 363.157 28.0345 155.136 132.439 -82.383
-1315.77 362.438 28.0499 155.133 132.44 -82.383
-1316.46 361.719 28.0654 155.136 132.442 -82.384
-1317.16 361 28.0809 155.141 132.444 -82.382
-1317.85 360.281 28.0963 155.141 132.444 -82.382
-1318.55 359.562 28.1118 155.141 132.444 -82.382
-1319.24 358.844 28.1273 155.141 132.444 -82.382
-1319.94 358.125 28.1427 155.141 132.444 -82.382
-1320.63 357.406 28.1582 155.141 132.444 -82.382
-1321.33 356.687 28.1737 155.141 132.444 -82.382
-1322.02 355.968 28.1891 155.141 132.444 -82.382
-1322.72 355.249 28.2046 155.141 132.444 -82.382
-1323.41 354.53 28.2201 155.141 132.444 -82.382
-1324.11 353.812 28.2355 155.141 132.444 -82.382
-1324.8 353.093 28.251 155.141 132.444 -82.382
-1325.5 352.374 28.2665 155.141 132.444 -82.382
-1326.19 351.655 28.2819 155.141 132.444 -82.382
21
-1295.85 381.863 27.7605 155.136 132.432 -82.351
-1296.53 381.134 27.7774 155.136 132.432 -82.351
-1297.22 380.404 27.7943 155.136 132.432 -82.351
-1297.9 379.674 27.8112 155.136 132.432 -82.351
-1298.58 378.944 27.828 155.136 132.432 -82.351
-1299.27 378.215 27.8449 155.136 132.432 -82.351
-1299.95 377.485 27.8618 155.136 132.432 -82.351
-1300.64 376.755 27.8787 155.136 132.432 -82.351
-1301.32 376.026 27.8955 155.136 132.432 -82.351
-1302 375.296 27.9124 155.136 132.432 -82.351
-1302.69 374.566 27.9293 155.136 132.432 -82.351
-1303.37 373.836 27.9462 155.136 132.432 -82.351
-1304.05 373.107 27.963 155.136 132.432 -82.351
-1304.74 372.377 27.9799 155.136 132.432 -82.351
-1305.42 371.647 27.9968 155.136 132.432 -82.351
-1306.1 370.917 28.0137 155.136 132.432 -82.351
-1306.79 370.188 28.0306 155.136 132.432 -82.351
-1307.47 369.458 28.0474 155.136 132.434 -82.358
-1308.15 368.728 28.0643 155.137 132.434 -82.362
-1308.84 367.999 28.0812 155.134 132.434 -82.367
-1309.52 367.269 28.0981 155.133 132.435 -82.371
-1310.2 366.539 28.1149 155.133 132.436 -82.376
-1310.89 365.809 28.1318 155.133 132.436 -82.376
-1311.57 365.08 28.1487 155.134 132.436 -82.38
-1312.26 364.35 28.1656 155.134 132.437 -82.381
-1312.94 363.62 28.1824 155.136 132.439 -82.38
-1313.62 362.89 28.1993 155.136 132.439 -82.381
-1314.31 362.161 28.2162 155.134 132.44 -82.381
-1314.99 361.431 28.2331 155.134 132.44 -82.381
-1315.67 360.701 28.2499 155.136 132.442 -82.382
-1316.36 359.972 28.2668 155.142 132.445 -82.38
-1317.04 359.242 28.2837 155.142 132.445 -82.38
-1317.72 358.512 28.3006 155.142 132.445 -82.38
-1318.41 357.782 28.3175 155.142 132.445 -82.38
-1319.09 357.053 28.3343 155.142 132.445 -82.38
-1319.77 356.323 28.3512 155.142 132.445 -82.38
-1320.46 355.593 28.3681 155.142 132.445 -82.38
-1321.14 354.863 28.385 155.142 132.445 -82.38
-1321.82 354.134 28.4018 155.142 132.445 -82.38
-1322.51 353.404 28.4187 155.142 132.445 -82.38
-1323.19 352.674 28.4356 155.142 132.445 -82.38
-1323.88 351.945 28.4525 155.142 132.445 -82.38
-1324.56 351.215 28.4693 155.142 132.445 -82.38
-1325.24 350.485 28.4862 155.142 132.445 -82.38
-1325.93 349.755 28.5031 155.142 132.445 -82.38
-1326.61 349.026 28.52 155.142 132.445 -82.38
22
-1296.51 382.959 26.4285 155.134 132.427 -82.332
-1297.21 382.245 26.4478 155.134 132.427 -82.332
-1297.91 381.53 26.4671 155.134 132.427 -82.332
-1298.61 380.815 26.4865 155.134 132.427 -82.332
-1299.31 380.1 26.5058 155.134 132.427 -82.332
-1300.01 379.386 26.5251 155.134 132.427 -82.332
-1300.71 378.671 26.5444 155.134 132.427 -82.332
-1301.41 377.956 26.5637 155.134 132.427 -82.332
-1302.11 377.241 26.583 155.134 132.427 -82.332
-1302.8 376.527 26.6024 155.134 132.427 -82.332
-1303.5 375.812 26.6217 155.134 132.427 -82.332
-1304.2 375.097 26.641 155.134 132.427 -82.332
-1304.9 374.382 26.6603 155.134 132.427 -82.332
-1305.6 373.668 26.6796 155.133 132.428 -82.342
-1306.3 372.953 26.699 155.133 132.429 -82.346
-1307 372.238 26.7183 155.135 132.43 -82.348
-1307.7 371.524 26.7376 155.137 132.431 -82.35
-1308.4 370.809 26.7569 155.138 132.432 -82.355
-1309.1 370.094 26.7762 155.138 132.434 -82.358
-1309.8 369.379 26.7955 155.138 132.434 -82.358
-1310.49 368.665 26.8149 155.137 132.434 -82.36
-1311.19 367.95 26.8342 155.135 132.435 -82.364
-1311.89 367.235 26.8535 155.135 132.436 -82.37
-1312.59 366.52 26.8728 155.135 132.436 -82.373
-1313.29 365.806 26.8921 155.135 132.436 -82.373
-1313.99 365.091 26.9114 155.135 132.437 -82.375
-1314.69 364.376 26.9308 155.136 132.438 -82.377
-1315.39 363.661 26.9501 155.134 132.438 -82.38
-1316.09 362.947 26.9694 155.134 132.438 -82.38
-1316.79 362.232 26.9887 155.133 132.439 -82.381
-1317.49 361.517 27.008 155.136 132.443 -82.385
-1318.19 360.803 27.0273 155.143 132.446 -82.379
-1318.88 360.088 27.0467 155.143 132.446 -82.379
-1319.58 359.373 27.066 155.143 132.446 -82.379
-1320.28 358.658 27.0853 155.143 132.446 -82.379
-1320.98 357.944 27.1046 155.143 132.446 -82.379
-1321.68 357.229 27.1239 155.143 132.446 -82.379
-1322.38 356.514 27.1433 155.143 132.446 -82.379
-1323.08 355.799 27.1626 155.143 132.446 -82.379
-1323.78 355.085 27.1819 155.143 132.446 -82.379
-1324.48 354.37 27.2012 155.143 132.446 -82.379
-1325.18 353.655 27.2205 155.143 132.446 -82.379
-1325.88 352.94 27.2398 155.143 132.446 -82.379
-1326.57 352.226 27.2592 155.143 132.446 -82.379
-1327.27 351.511 27.2785 155.143 132.446 -82.379
-1327.97 350.796 27.2978 155.143 132.446 -82.379
23
-1296.03 380.561 25.8847 155.133 132.429 -82.345
-1296.73 379.839 25.8962 155.133 132.429 -82.345
-1297.42 379.118 25.9077 155.133 132.429 -82.345
-1298.11 378.396 25.9192 155.133 132.429 -82.345
-1298.8 377.675 25.9308 155.133 132.429 -82.345
-1299.5 376.954 25.9423 155.133 132.429 -82.345
-1300.19 376.232 25.9538 155.133 132.429 -82.345
-1300.88 375.511 25.9653 155.133 132.429 -82.345
-1301.57 374.789 25.9768 155.133 132.429 -82.345
-1302.27 374.068 25.9884 155.133 132.429 -82.345
-1302.96 373.346 25.9999 155.133 132.429 -82.345
-1303.65 372.625 26.0114 155.133 132.429 -82.345
-1304.34 371.903 26.0229 155.133 132.429 -82.345
-1305.03 371.182 26.0344 155.135 132.43 -82.348
-1305.73 370.46 26.046 155.137 132.431 -82.351
-1306.42 369.739 26.0575 155.137 132.431 -82.351
-1307.11 369.018 26.069 155.138 132.432 -82.354
-1307.8 368.296 26.0805 155.138 132.433 -82.357
-1308.5 367.575 26.092 155.138 132.433 -82.359
-1309.19 366.853 26.1036 155.135 132.434 -82.364
-1309.88 366.132 26.1151 155.134 132.435 -82.371
-1310.57 365.41 26.1266 155.135 132.436 -82.374
-1311.27 364.689 26.1381 155.135 132.436 -82.374
-1311.96 363.967 26.1496 155.135 132.437 -82.377
-1312.65 363.246 26.1612 155.135 132.439 -82.378
-1313.34 362.524 26.1727 155.136 132.439 -82.379
-1314.04 361.803 26.1842 155.133 132.439 -82.38
-1314.73 361.081 26.1957 155.133 132.44 -82.382
-1315.42 360.36 26.2072 155.133 132.44 -82.382
-1316.11 359.639 26.2188 155.14 132.444 -82.38
-1316.81 358.917 26.2303 155.14 132.444 -82.38
-1317.5 358.196 26.2418 155.14 132.444 -82.38
-1318.19 357.474 26.2533 155.14 132.444 -82.38
-1318.88 356.753 26.2648 155.14 132.444 -82.38
-1319.57 356.031 26.2764 155.14 132.444 -82.38
-1320.27 355.31 26.2879 155.14 132.444 -82.38
-1320.96 354.588 26.2994 155.14 132.444 -82.38
-1321.65 353.867 26.3109 155.14 132.444 -82.38
-1322.34 353.145 26.3224 155.14 132.444 -82.38
-1323.04 352.424 26.334 155.14 132.444 -82.38
-1323.73 351.703 26.3455 155.14 132.444 -82.38
-1324.42 350.981 26.357 155.14 132.444 -82.38
-1325.11 350.26 26.3685 155.14 132.444 -82.38
-1325.81 349.538 26.38 155.14 132.444 -82.38
-1326.5 348.817 26.3916 155.14 132.444 -82.38
-1327.19 348.095 26.4031 155.14 132.444 -82.38
24
-1296.58 383.917 25.1344 155.135 132.428 -82.336
-1297.28 383.206 25.1552 155.135 132.428 -82.336
-1297.99 382.496 25.1759 155.135 132.428 -82.336
-1298.69 381.785 25.1966 155.135 132.428 -82.336
-1299.39 381.075 25.2173 155.135 132.428 -82.336
-1300.1 380.364 25.2381 155.135 132.428 -82.336
-1300.8 379.654 25.2588 155.135 132.428 -82.336
-1301.51 378.944 25.2795 155.135 132.428 -82.336
-1302.21 378.233 25.3003 155.135 132.428 -82.336
-1302.91 377.523 25.321 155.135 132.428 -82.336
-1303.62 376.812 25.3417 155.135 132.428 -82.336
-1304.32 376.102 25.3625 155.135 132.428 -82.336
-1305.02 375.392 25.3832 155.135 132.428 -82.336
-1305.73 374.681 25.4039 155.135 132.428 -82.336
-1306.43 373.971 25.4247 155.133 132.429 -82.342
-1307.13 373.26 25.4454 155.134 132.43 -82.346
-1307.84 372.55 25.4661 155.135 132.431 -82.348
-1308.54 371.839 25.4869 155.137 132.433 -82.351
-1309.24 371.129 25.5076 155.137 132.433 -82.356
-1309.95 370.419 25.5283 155.137 132.433 -82.356
-1310.65 369.708 25.5491 155.136 132.434 -82.361
-1311.35 368.998 25.5698 155.135 132.434 -82.364
-1312.06 368.287 25.5905 155.134 132.435 -82.372
-1312.76 367.577 25.6113 155.134 132.435 -82.372
-1313.46 366.867 25.632 155.134 132.435 -82.377
-1314.17 366.156 25.6527 155.133 132.437 -82.38
-1314.87 365.446 25.6735 155.133 132.437 -82.38
-1315.57 364.735 25.6942 155.135 132.438 -82.381
-1316.28 364.025 25.7149 155.136 132.439 -82.38
-1316.98 363.314 25.7357 155.134 132.439 -82.381
-1317.69 362.604 25.7564 155.135 132.441 -82.381
-1318.39 361.894 25.7771 155.141 132.445 -82.381
-1319.09 361.183 25.7978 155.141 132.445 -82.381
-1319.8 360.473 25.8186 155.146 132.447 -82.377
-1320.5 359.762 25.8393 155.146 132.447 -82.377
-1321.2 359.052 25.86 155.146 132.447 -82.377
-1321.91 358.342 25.8808 155.146 132.447 -82.377
-1322.61 357.631 25.9015 155.146 132.447 -82.377
-1323.31 356.921 25.9222 155.146 132.447 -82.377
-1324.02 356.21 25.943 155.146 132.447 -82.377
-1324.72 355.5 25.9637 155.146 132.447 -82.377
-1325.42 354.789 25.9844 155.146 132.447 -82.377
-1326.13 354.079 26.0052 155.146 132.447 -82.377
-1326.83 353.369 26.0259 155.146 132.447 -82.377
-1327.53 352.658 26.0466 155.146 132.447 -82.377
-1328.24 351.948 26.0674 155.146 132.447 -82.377
25
-1297.78 383.283 27.4482 155.137 132.434 -82.358
-1298.47 382.558 27.4597 155.137 132.434 -82.358
-1299.15 381.833 27.4711 155.137 132.434 -82.358
-1299.84 381.108 27.4826 155.137 132.434 -82.358
-1300.53 380.384 27.4941 155.137 132.434 -82.358
-1301.22 379.659 27.5056 155.137 132.434 -82.358
-1301.91 378.934 27.5171 155.137 132.434 -82.358
-1302.6 378.209 27.5285 155.137 132.434 -82.358
-1303.29 377.484 27.54 155.137 132.434 -82.358
-1303.98 376.76 27.5515 155.137 132.434 -82.358
-1304.67 376.035 27.563 155.137 132.434 -82.358
-1305.35 375.31 27.5745 155.137 132.434 -82.358
-1306.04 374.585 27.5859 155.137 132.434 -82.358
-1306.73 373.861 27.5974 155.137 132.434 -82.358
-1307.42 373.136 27.6089 155.137 132.434 -82.358
-1308.11 372.411 27.6204 155.137 132.434 -82.358
-1308.8 371.686 27.6319 155.137 132.434 -82.358
-1309.49 370.961 27.6433 155.137 132.434 -82.358
-1310.18 370.237 27.6548 155.137 132.434 -82.358
-1310.87 369.512 27.6663 155.136 132.433 -82.362
-1311.55 368.787 27.6778 155.134 132.434 -82.367
-1312.24 368.062 27.6893 155.134 132.433 -82.371
-1312.93 367.338 27.7007 155.134 132.434 -82.375
-1313.62 366.613 27.7122 155.134 132.434 -82.379
-1314.31 365.888 27.7237 155.135 132.436 -82.379
-1315 365.163 27.7352 155.135 132.436 -82.379
-1315.69 364.438 27.7467 155.136 132.438 -82.379
-1316.38 363.714 27.7582 155.133 132.439 -82.381
-1317.07 362.989 27.7696 155.133 132.439 -82.381
-1317.75 362.264 27.7811 155.134 132.441 -82.382
-1318.44 361.539 27.7926 155.139 132.444 -82.382
-1319.13 360.815 27.8041 155.139 132.444 -82.382
-1319.82 360.09 27.8156 155.139 132.444 -82.382
-1320.51 359.365 27.827 155.139 132.444 -82.382
-1321.2 358.64 27.8385 155.139 132.444 -82.382
-1321.89 357.915 27.85 155.139 132.444 -82.382
-1322.58 357.191 27.8615 155.139 132.444 -82.382
-1323.27 356.466 27.873 155.139 132.444 -82.382
-1323.95 355.741 27.8844 155.139 132.444 -82.382
-1324.64 355.016 27.8959 155.139 132.444 -82.382
-1325.33 354.292 27.9074 155.139 132.444 -82.382
-1326.02 353.567 27.9189 155.139 132.444 -82.382
-1326.71 352.842 27.9304 155.139 132.444 -82.382
-1327.4 352.117 27.9418 155.139 132.444 -82.382
-1328.09 351.392 27.9533 155.139 132.444 -82.382
-1328.78 350.668 27.9648 155.139 132.444 -82.382
26
-1297.49 383.457 26.1015 155.131 132.428 -82.348
-1298.19 382.741 26.1204 155.131 132.428 -82.348
-1298.88 382.024 26.1392 155.131 132.428 -82.348
-1299.58 381.308 26.1581 155.131 132.428 -82.348
-1300.28 380.591 26.1769 155.131 132.428 -82.348
-1300.97 379.875 26.1957 155.131 132.428 -82.348
-1301.67 379.158 26.2146 155.131 132.428 -82.348
-1302.37 378.442 26.2334 155.131 132.428 -82.348
-1303.07 377.725 26.2523 155.131 132.428 -82.348
-1303.76 377.009 26.2711 155.131 132.428 -82.348
-1304.46 376.292 26.29 155.131 132.428 -82.348
-1305.16 375.576 26.3088 155.131 132.428 -82.348
-1305.86 374.859 26.3277 155.131 132.428 -82.348
-1306.55 374.143 26.3465 155.131 132.428 -82.348
-1307.25 373.426 26.3654 155.129 132.429 -82.352
-1307.95 372.71 26.3842 155.131 132.43 -82.355
-1308.65 371.993 26.4031 155.131 132.433 -82.359
-1309.34 371.277 26.4219 155.131 132.433 -82.359
-1310.04 370.56 26.4407 155.132 132.434 -82.364
-1310.74 369.844 26.4596 155.133 132.435 -82.367
-1311.44 369.127 26.4784 155.133 132.435 -82.37
-1312.13 368.411 26.4973 155.132 132.435 -82.373
-1312.83 367.694 26.5161 155.133 132.435 -82.38
-1313.53 366.978 26.535 155.134 132.435 -82.383
-1314.22 366.261 26.5538 155.135 132.437 -82.384
-1314.92 365.545 26.5727 155.135 132.437 -82.384
-1315.62 364.829 26.5915 155.136 132.438 -82.384
-1316.32 364.112 26.6104 155.137 132.439 -82.383
-1317.01 363.396 26.6292 155.136 132.441 -82.383
-1317.71 362.679 26.648 155.136 132.442 -82.383
-1318.41 361.963 26.6669 155.14 132.446 -82.385
-1319.11 361.246 26.6857 155.145 132.448 -82.38
-1319.8 360.53 26.7046 155.145 132.448 -82.38
-1320.5 359.813 26.7234 155.145 132.448 -82.38
-1321.2 359.097 26.7423 155.145 132.448 -82.38
-1321.9 358.38 26.7611 155.145 132.448 -82.38
-1322.59 357.664 26.78 155.145 132.448 -82.38
-1323.29 356.947 26.7988 155.145 132.448 -82.38
-1323.99 356.231 26.8177 155.145 132.448 -82.38
-1324.68 355.514 26.8365 155.145 132.448 -82.38
-1325.38 354.798 26.8554 155.145 132.448 -82.38
-1326.08 354.081 26.8742 155.145 132.448 -82.38
-1326.78 353.365 26.893 155.145 132.448 -82.38
-1327.47 352.648 26.9119 155.145 132.448 -82.38
-1328.17 351.932 26.9307 155.145 132.448 -82.38
-1328.87 351.215 26.9496 155.145 132.448 -82.38
27
-1296.03 383.597 25.4196 155.138 132.422 -82.324
-1296.73 382.88 25.4519 155.138 132.422 -82.324
-1297.43 382.163 25.4841 155.138 132.422 -82.324
-1298.12 381.446 25.5163 155.138 132.422 -82.324
-1298.82 380.729 25.5485 155.138 132.422 -82.324
-1299.51 380.012 25.5808 155.138 132.422 -82.324
-1300.21 379.295 25.613 155.138 132.422 -82.324
-1300.91 378.578 25.6452 155.138 132.422 -82.324
-1301.6 377.861 25.6775 155.138 132.422 -82.324
-1302.3 377.144 25.7097 155.138 132.422 -82.324
-1303 376.428 25.7419 155.138 132.422 -82.324
-1303.69 375.711 25.7741 155.138 132.422 -82.324
-1304.39 374.994 25.8064 155.134 132.426 -82.334
-1305.09 374.277 25.8386 155.134 132.426 -82.334
-1305.78 373.56 25.8708 155.132 132.427 -82.341
-1306.48 372.843 25.9031 155.132 132.428 -82.346
-1307.18 372.126 25.9353 155.134 132.43 -82.35
-1307.87 371.409 25.9675 155.136 132.432 -82.354
-1308.57 370.692 25.9997 155.137 132.433 -82.358
-1309.26 369.975 26.032 155.137 132.433 -82.358
-1309.96 369.259 26.0642 155.137 132.434 -82.362
-1310.66 368.542 26.0964 155.135 132.434 -82.365
-1311.35 367.825 26.1286 155.134 132.434 -82.372
-1312.05 367.108 26.1609 155.134 132.434 -82.372
-1312.75 366.391 26.1931 155.135 132.435 -82.376
-1313.44 365.674 26.2253 155.133 132.436 -82.379
-1314.14 364.957 26.2576 155.133 132.438 -82.38
-1314.84 364.24 26.2898 155.133 132.438 -82.38
-1315.53 363.523 26.322 155.135 132.44 -82.382
-1316.23 362.806 26.3542 155.134 132.44 -82.38
-1316.93 362.09 26.3865 155.136 132.442 -82.382
-1317.62 361.373 26.4187 155.141 132.444 -82.383
-1318.32 360.656 26.4509 155.145 132.447 -82.379
-1319.01 359.939 26.4832 155.145 132.447 -82.379
-1319.71 359.222 26.5154 155.145 132.447 -82.379
-1320.41 358.505 26.5476 155.145 132.447 -82.379
-1321.1 357.788 26.5798 155.145 132.447 -82.379
-1321.8 357.071 26.6121 155.145 132.447 -82.379
-1322.5 356.354 26.6443 155.145 132.447 -82.379
-1323.19 355.637 26.6765 155.145 132.447 -82.379
-1323.89 354.92 26.7087 155.145 132.447 -82.379
-1324.59 354.204 26.741 155.145 132.447 -82.379
-1325.28 353.487 26.7732 155.145 132.447 -82.379
-1325.98 352.77 26.8054 155.145 132.447 -82.379
-1326.68 352.053 26.8377 155.145 132.447 -82.379
-1327.37 351.336 26.8699 155.145 132.447 -82.379
28
-1295.9 380.66 26.9471 155.137 132.433 -82.353
-1296.61 379.951 26.9578 155.137 132.433 -82.353
-1297.31 379.243 26.9686 155.137 132.433 -82.353
-1298.02 378.535 26.9793 155.137 132.433 -82.353
-1298.72 377.826 26.9901 155.137 132.433 -82.353
-1299.43 377.118 27.0009 155.137 132.433 -82.353
-1300.13 376.41 27.0116 155.137 132.433 -82.353
-1300.84 375.701 27.0224 155.137 132.433 -82.353
-1301.55 374.993 27.0331 155.137 132.433 -82.353
-1302.25 374.285 27.0439 155.137 132.433 -82.353
-1302.96 373.576 27.0546 155.137 132.433 -82.353
-1303.66 372.868 27.0654 155.137 132.433 -82.353
-1304.37 372.16 27.0761 155.137 132.433 -82.353
-1305.08 371.451 27.0869 155.137 132.433 -82.353
-1305.78 370.743 27.0977 155.137 132.433 -82.353
-1306.49 370.035 27.1084 155.137 132.433 -82.353
-1307.19 369.326 27.1192 155.137 132.434 -82.358
-1307.9 368.618 27.1299 155.137 132.435 -82.362
-1308.6 367.91 27.1407 155.137 132.434 -82.363
-1309.31 367.201 27.1514 155.135 132.435 -82.368
-1310.02 366.493 27.1622 155.134 132.435 -82.376
-1310.72 365.785 27.1729 155.134 132.435 -82.376
-1311.43 365.076 27.1837 155.134 132.436 -82.38
-1312.13 364.368 27.1945 155.134 132.437 -82.381
-1312.84 363.66 27.2052 155.134 132.438 -82.381
-1313.55 362.951 27.216 155.134 132.438 -82.381
-1314.25 362.243 27.2267 155.134 132.439 -82.383
-1314.96 361.535 27.2375 155.133 132.44 -82.382
-1315.66 360.826 27.2482 155.136 132.442 -82.383
-1316.37 360.118 27.259 155.142 132.445 -82.383
-1317.07 359.41 27.2697 155.142 132.445 -82.383
-1317.78 358.701 27.2805 155.142 132.445 -82.383
-1318.49 357.993 27.2913 155.142 132.445 -82.383
-1319.19 357.285 27.302 155.142 132.445 -82.383
-1319.9 356.576 27.3128 155.142 132.445 -82.383
-1320.6 355.868 27.3235 155.142 132.445 -82.383
-1321.31 355.16 27.3343 155.142 132.445 -82.383
-1322.01 354.451 27.345 155.142 132.445 -82.383
-1322.72 353.743 27.3558 155.142 132.445 -82.383
-1323.43 353.035 27.3665 155.142 132.445 -82.383
-1324.13 352.326 27.3773 155.142 132.445 -82.383
-1324.84 351.618 27.3881 155.142 132.445 -82.383
-1325.54 350.91 27.3988 155.142 132.445 -82.383
-1326.25 350.201 27.4096 155.142 132.445 -82.383
-1326.96 349.493 27.4203 155.142 132.445 -82.383
-1327.66 348.785 27.4311 155.142 132.445 -82.383
29
-1296.17 382.962 26.2073 155.133 132.427 -82.338
-1296.89 382.268 26.2275 155.133 132.427 -82.338
-1297.61 381.575 26.2477 155.133 132.427 -82.338
-1298.33 380.881 26.268 155.133 132.427 -82.338
-1299.05 380.187 26.2882 155.133 132.427 -82.338
-1299.77 379.494 26.3085 155.133 132.427 -82.338
-1300.49 378.8 26.3287 155.133 132.427 -82.338
-1301.21 378.106 26.3489 155.133 132.427 -82.338
-1301.93 377.413 26.3692 155.133 132.427 -82.338
-1302.65 376.719 26.3894 155.133 132.427 -82.338
-1303.37 376.025 26.4096 155.133 132.427 -82.338
-1304.09 375.332 26.4299 155.133 132.427 -82.338
-1304.81 374.638 26.4501 155.133 132.427 -82.338
-1305.53 373.944 26.4704 155.133 132.427 -82.338
-1306.25 373.251 26.4906 155.131 132.428 -82.346
-1306.97 372.557 26.5108 155.133 132.431 -82.35
-1307.69 371.863 26.5311 155.135 132.433 -82.354
-1308.41 371.17 26.5513 155.135 132.433 -82.354
-1309.13 370.476 26.5715 155.136 132.434 -82.359
-1309.85 369.782 26.5918 155.136 132.435 -82.362
-1310.57 369.089 26.612 155.137 132.435 -82.364
-1311.29 368.395 26.6322 155.136 132.435 -82.368
-1312.01 367.701 26.6525 155.135 132.435 -82.376
-1312.73 367.008 26.6727 155.135 132.435 -82.376
-1313.45 366.314 26.693 155.135 132.436 -82.379
-1314.17 365.62 26.7132 155.134 132.437 -82.382
-1314.89 364.927 26.7334 155.134 132.437 -82.382
-1315.61 364.233 26.7537 155.135 132.438 -82.381
-1316.33 363.539 26.7739 155.133 132.439 -82.382
-1317.05 362.846 26.7941 155.132 132.44 -82.384
-1317.77 362.152 26.8144 155.135 132.442 -82.385
-1318.49 361.458 26.8346 155.142 132.445 -82.382
-1319.21 360.765 26.8549 155.142 132.445 -82.382
-1319.93 360.071 26.8751 155.142 132.445 -82.382
-1320.65 359.377 26.8953 155.142 132.445 -82.382
-1321.37 358.684 26.9156 155.142 132.445 -82.382
-1322.09 357.99 26.9358 155.142 132.445 -82.382
-1322.81 357.296 26.956 155.142 132.445 -82.382
-1323.53 356.603 26.9763 155.142 132.445 -82.382
-1324.25 355.909 26.9965 155.142 132.445 -82.382
-1324.97 355.215 27.0168 155.142 132.445 -82.382
-1325.69 354.522 27.037 155.142 132.445 -82.382
-1326.41 353.828 27.0572 155.142 132.445 -82.382
-1327.13 353.134 27.0775 155.142 132.445 -82.382
-1327.85 352.441 27.0977 155.142 132.445 -82.382
-1328.57 351.747 27.1179 155.142 132.445 -82.382
30
-1297.48 381.928 26.9159 155.132 132.43 -82.349
-1298.18 381.217 26.9177 155.132 132.43 -82.349
-1298.88 380.507 26.9194 155.132 132.43 -82.349
-1299.59 379.797 26.9212 155.132 132.43 -82.349
-1300.29 379.086 26.9229 155.132 132.43 -82.349
-1301 378.376 26.9247 155.132 132.43 -82.349
-1301.7 377.666 26.9265 155.132 132.43 -82.349
-1302.4 376.956 26.9282 155.132 132.43 -82.349
-1303.11 376.245 26.93 155.132 132.43 -82.349
-1303.81 375.535 26.9318 155.132 132.43 -82.349
-1304.52 374.825 26.9335 155.132 132.43 -82.349
-1305.22 374.114 26.9353 155.132 132.43 -82.349
-1305.92 373.404 26.937 155.132 132.43 -82.349
-1306.63 372.694 26.9388 155.132 132.43 -82.349
-1307.33 371.983 26.9406 155.135 132.432 -82.353
-1308.03 371.273 26.9423 155.135 132.432 -82.353
-1308.74 370.563 26.9441 155.135 132.434 -82.359
-1309.44 369.852 26.9459 155.136 132.436 -82.362
-1310.15 369.142 26.9476 155.135 132.436 -82.366
-1310.85 368.432 26.9494 155.135 132.436 -82.366
-1311.55 367.722 26.9511 155.135 132.436 -82.371
-1312.26 367.011 26.9529 155.134 132.436 -82.376
-1312.96 366.301 26.9547 155.135 132.436 -82.381
-1313.67 365.591 26.9564 155.135 132.436 -82.381
-1314.37 364.88 26.9582 155.134 132.437 -82.382
-1315.07 364.17 26.96 155.135 132.439 -82.382
-1315.78 363.46 26.9617 155.133 132.44 -82.383
-1316.48 362.749 26.9635 155.133 132.44 -82.383
-1317.18 362.039 26.9652 155.134 132.442 -82.384
-1317.89 361.329 26.967 155.141 132.444 -82.384
-1318.59 360.618 26.9688 155.147 132.448 -82.379
-1319.3 359.908 26.9705 155.147 132.448 -82.379
-1320 359.198 26.9723 155.147 132.448 -82.379
-1320.7 358.487 26.974 155.147 132.448 -82.379
-1321.41 357.777 26.9758 155.147 132.448 -82.379
-1322.11 357.067 26.9776 155.147 132.448 -82.379
-1322.82 356.357 26.9793 155.147 132.448 -82.379
-1323.52 355.646 26.9811 155.147 132.448 -82.379
-1324.22 354.936 26.9829 155.147 132.448 -82.379
-1324.93 354.226 26.9846 155.147 132.448 -82.379
-1325.63 353.515 26.9864 155.147 132.448 -82.379
-1326.34 352.805 26.9881 155.147 132.448 -82.379
-1327.04 352.095 26.9899 155.147 132.448 -82.379
-1327.74 351.384 26.9917 155.147 132.448 -82.379
-1328.45 350.674 26.9934 155.147 132.448 -82.379
-1329.15 349.964 26.9952 155.147 132.448 -82.379
31
-1296.05 381.897 25.5086 155.133 132.431 -82.35
-1296.76 381.185 25.5188 155.133 132.431 -82.35
-1297.46 380.473 25.529 155.133 132.431 -82.35
-1298.16 379.762 25.5392 155.133 132.431 -82.35
-1298.86 379.05 25.5494 155.133 132.431 -82.35
-1299.57 378.338 25.5597 155.133 132.431 -82.35
-1300.27 377.627 25.5699 155.133 132.431 -82.35
-1300.97 376.915 25.5801 155.133 132.431 -82.35
-1301.67 376.203 25.5903 155.133 132.431 -82.35
-1302.38 375.492 25.6005 155.133 132.431 -82.35
-1303.08 374.78 25.6107 155.133 132.431 -82.35
-1303.78 374.068 25.6209 155.133 132.431 -82.35
-1304.48 373.357 25.6311 155.133 132.431 -82.35
-1305.19 372.645 25.6414 155.133 132.431 -82.35
-1305.89 371.933 25.6516 155.133 132.431 -82.35
-1306.59 371.222 25.6618 155.133 132.431 -82.35
-1307.29 370.51 25.672 155.135 132.433 -82.356
-1308 369.798 25.6822 155.135 132.434 -82.358
-1308.7 369.086 25.6924 155.135 132.434 -82.358
-1309.4 368.375 25.7026 155.136 132.434 -82.36
-1310.1 367.663 25.7129 155.135 132.434 -82.362
-1310.8 366.951 25.7231 155.135 132.435 -82.368
-1311.51 366.24 25.7333 155.135 132.435 -82.372
-1312.21 365.528 25.7435 155.135 132.435 -82.375
-1312.91 364.816 25.7537 155.134 132.436 -82.377
-1313.61 364.105 25.7639 155.135 132.437 -82.377
-1314.32 363.393 25.7741 155.135 132.437 -82.377
-1315.02 362.681 25.7844 155.134 132.438 -82.38
-1315.72 361.97 25.7946 155.133 132.439 -82.379
-1316.42 361.258 25.8048 155.136 132.441 -82.38
-1317.13 360.546 25.815 155.141 132.444 -82.381
-1317.83 359.834 25.8252 155.146 132.447 -82.377
-1318.53 359.123 25.8354 155.146 132.447 -82.377
-1319.23 358.411 25.8456 155.146 132.447 -82.377
-1319.94 357.699 25.8558 155.146 132.447 -82.377
-1320.64 356.988 25.8661 155.146 132.447 -82.377
-1321.34 356.276 25.8763 155.146 132.447 -82.377
-1322.04 355.564 25.8865 155.146 132.447 -82.377
-1322.75 354.853 25.8967 155.146 132.447 -82.377
-1323.45 354.141 25.9069 155.146 132.447 -82.377
-1324.15 353.429 25.9171 155.146 132.447 -82.377
-1324.85 352.718 25.9273 155.146 132.447 -82.377
-1325.56 352.006 25.9376 155.146 132.447 -82.377
-1326.26 351.294 25.9478 155.146 132.447 -82.377
-1326.96 350.583 25.958 155.146 132.447 -82.377
-1327.66 349.871 25.9682 155.146 132.447 -82.377
