1
-1361.95 321.628 67.418 122.689 129.216 71.309
-1361.29 322.378 67.4093 122.689 129.216 71.309
-1360.63 323.129 67.4007 122.689 129.216 71.309
-1359.97 323.879 67.3921 122.689 129.216 71.309
-1359.31 324.629 67.3835 122.689 129.216 71.309
-1358.65 325.379 67.3748 122.689 129.216 71.309
-1357.98 326.129 67.3662 122.689 129.216 71.309
-1357.32 326.879 67.3576 122.689 129.216 71.309
-1356.66 327.63 67.349 122.689 129.216 71.309
-1356 328.38 67.3403 122.689 129.216 71.309
-1355.34 329.13 67.3317 122.689 129.216 71.309
-1354.68 329.88 67.3231 122.689 129.216 71.309
-1354.02 330.63 67.3145 122.713 129.222 71.36
-1353.36 331.38 67.3058 122.709 129.216 71.352
-1352.7 332.131 67.2972 122.7 129.214 71.344
-1352.03 332.881 67.2886 122.693 129.211 71.339
-1351.37 333.631 67.28 122.687 129.209 71.337
-1350.71 334.381 67.2713 122.691 129.21 71.337
-1350.05 335.131 67.2627 122.692 129.212 71.335
-1349.39 335.881 67.2541 122.692 129.212 71.335
-1348.73 336.632 67.2454 122.688 129.214 71.331
-1348.07 337.382 67.2368 122.685 129.215 71.33
-1347.41 338.132 67.2282 122.685 129.215 71.33
-1346.74 338.882 67.2196 122.685 129.217 71.33
-1346.08 339.632 67.2109 122.685 129.216 71.329
-1345.42 340.382 67.2023 122.688 129.215 71.329
-1344.76 341.133 67.1937 122.69 129.214 71.329
-1344.1 341.883 67.1851 122.694 129.211 71.328
-1343.44 342.633 67.1764 122.694 129.209 71.326
-1342.78 343.383 67.1678 122.694 129.209 71.326
-1342.12 344.133 67.1592 122.689 129.21 71.325
-1341.45 344.883 67.1506 122.687 129.211 71.328
-1340.79 345.634 67.1419 122.686 129.215 71.33
-1340.13 346.384 67.1333 122.686 129.216 71.328
-1339.47 347.134 67.1247 122.688 129.217 71.33
-1338.81 347.884 67.1161 122.69 129.216 71.327
-1338.15 348.634 67.1074 122.69 129.217 71.327
-1337.49 349.384 67.0988 122.69 129.217 71.327
-1336.83 350.135 67.0902 122.683 129.216 71.32
-1336.17 350.885 67.0816 122.679 129.216 71.317
-1335.5 351.635 67.0729 122.683 129.215 71.314
-1334.84 352.385 67.0643 122.683 129.215 71.314
-1334.18 353.135 67.0557 122.683 129.215 71.314
-1333.52 353.885 67.047 122.683 129.215 71.314
-1332.86 354.636 67.0384 122.683 129.215 71.314
-1332.2 355.386 67.0298 122.683 129.215 71.314
2
-1365.12 324.844 67.6508 122.692 129.218 71.312
-1364.45 325.586 67.6312 122.692 129.218 71.312
-1363.78 326.327 67.6116 122.692 129.218 71.312
-1363.11 327.069 67.592 122.692 129.218 71.312
-1362.44 327.81 67.5725 122.692 129.218 71.312
-1361.77 328.552 67.5529 122.692 129.218 71.312
-1361.09 329.293 67.5333 122.692 129.218 71.312
-1360.42 330.035 67.5137 122.692 129.218 71.312
-1359.75 330.776 67.4941 122.692 129.218 71.312
-1359.08 331.518 67.4745 122.692 129.218 71.312
-1358.41 332.259 67.4549 122.692 129.218 71.312
-1357.74 333.001 67.4353 122.71 129.219 71.359
-1357.07 333.742 67.4157 122.703 129.214 71.349
-1356.4 334.484 67.3962 122.703 129.214 71.349
-1355.73 335.226 67.3766 122.692 129.212 71.34
-1355.06 335.967 67.357 122.688 129.211 71.335
-1354.39 336.709 67.3374 122.688 129.214 71.336
-1353.72 337.45 67.3178 122.688 129.214 71.336
-1353.05 338.192 67.2982 122.69 129.218 71.337
-1352.38 338.933 67.2786 122.685 129.218 71.33
-1351.71 339.675 67.259 122.686 129.217 71.329
-1351.04 340.416 67.2394 122.689 129.215 71.329
-1350.36 341.158 67.2198 122.689 129.215 71.329
-1349.69 341.899 67.2003 122.687 129.213 71.328
-1349.02 342.641 67.1807 122.688 129.212 71.328
-1348.35 343.382 67.1611 122.686 129.212 71.326
-1347.68 344.124 67.1415 122.686 129.212 71.326
-1347.01 344.866 67.1219 122.688 129.214 71.326
-1346.34 345.607 67.1023 122.69 129.213 71.326
-1345.67 346.349 67.0827 122.686 129.213 71.323
-1345 347.09 67.0631 122.686 129.213 71.323
-1344.33 347.832 67.0435 122.686 129.212 71.323
-1343.66 348.573 67.024 122.687 129.212 71.326
-1342.99 349.315 67.0044 122.687 129.212 71.326
-1342.32 350.056 66.9848 122.69 129.214 71.328
-1341.65 350.798 66.9652 122.691 129.214 71.329
-1340.98 351.539 66.9456 122.687 129.215 71.33
-1340.31 352.281 66.926 122.688 129.214 71.324
-1339.63 353.022 66.9064 122.687 129.216 71.317
-1338.96 353.764 66.8868 122.685 129.216 71.315
-1338.29 354.506 66.8672 122.685 129.216 71.315
-1337.62 355.247 66.8477 122.682 129.216 71.315
-1336.95 355.989 66.8281 122.682 129.216 71.315
-1336.28 356.73 66.8085 122.682 129.216 71.315
-1335.61 357.472 66.7889 122.682 129.216 71.315
-1334.94 358.213 66.7693 122.682 129.216 71.315
3
-1364.2 324.403 67.3781 122.689 129.219 71.312
-1363.56 325.169 67.3655 122.689 129.219 71.312
-1362.92 325.934 67.3529 122.689 129.219 71.312
-1362.27 326.7 67.3403 122.689 129.219 71.312
-1361.63 327.465 67.3276 122.689 129.219 71.312
-1360.99 328.231 67.315 122.689 129.219 71.312
-1360.34 328.996 67.3024 122.689 129.219 71.312
-1359.7 329.762 67.2898 122.689 129.219 71.312
-1359.06 330.527 67.2771 122.689 129.219 71.312
-1358.41 331.293 67.2645 122.689 129.219 71.312
-1357.77 332.058 67.2519 122.689 129.219 71.312
-1357.13 332.824 67.2393 122.707 129.215 71.353
-1356.48 333.589 67.2267 122.7 129.213 71.345
-1355.84 334.355 67.214 122.692 129.211 71.337
-1355.2 335.12 67.2014 122.692 129.211 71.337
-1354.55 335.886 67.1888 122.69 129.215 71.334
-1353.91 336.651 67.1762 122.688 129.217 71.334
-1353.27 337.417 67.1635 122.689 129.216 71.331
-1352.62 338.182 67.1509 122.691 129.214 71.329
-1351.98 338.948 67.1383 122.691 129.213 71.328
-1351.34 339.713 67.1257 122.691 129.213 71.328
-1350.69 340.479 67.113 122.689 129.213 71.329
-1350.05 341.244 67.1004 122.687 129.213 71.327
-1349.41 342.01 67.0878 122.687 129.213 71.326
-1348.76 342.775 67.0752 122.688 129.215 71.327
-1348.12 343.541 67.0625 122.689 129.216 71.327
-1347.48 344.306 67.0499 122.689 129.214 71.327
-1346.83 345.072 67.0373 122.689 129.211 71.327
-1346.19 345.837 67.0247 122.686 129.212 71.325
-1345.55 346.603 67.0121 122.686 129.212 71.325
-1344.9 347.368 66.9994 122.686 129.213 71.324
-1344.26 348.134 66.9868 122.689 129.215 71.327
-1343.62 348.899 66.9742 122.69 129.217 71.329
-1342.97 349.665 66.9616 122.688 129.216 71.325
-1342.33 350.43 66.9489 122.687 129.214 71.326
-1341.69 351.196 66.9363 122.689 129.215 71.327
-1341.04 351.961 66.9237 122.693 129.215 71.327
-1340.4 352.727 66.9111 122.693 129.215 71.327
-1339.76 353.492 66.8984 122.696 129.215 71.323
-1339.11 354.258 66.8858 122.693 129.215 71.32
-1338.47 355.023 66.8732 122.683 129.215 71.315
-1337.83 355.789 66.8606 122.683 129.214 71.321
-1337.18 356.554 66.8479 122.683 129.214 71.321
-1336.54 357.32 66.8353 122.683 129.214 71.321
-1335.9 358.085 66.8227 122.683 129.214 71.321
-1335.25 358.851 66.8101 122.683 129.214 71.321
4
-1364.11 326.758 68.0161 122.69 129.219 71.311
-1363.46 327.521 67.9927 122.69 129.219 71.311
-1362.81 328.283 67.9693 122.69 129.219 71.311
-1362.17 329.045 67.946 122.69 129.219 71.311
-1361.52 329.808 67.9226 122.69 129.219 71.311
-1360.87 330.57 67.8992 122.69 129.219 71.311
-1360.23 331.332 67.8758 122.69 129.219 71.311
-1359.58 332.095 67.8524 122.69 129.219 71.311
-1358.93 332.857 67.829 122.69 129.219 71.311
-1358.29 333.619 67.8056 122.709 129.215 71.354
-1357.64 334.382 67.7822 122.701 129.213 71.344
-1356.99 335.144 67.7588 122.701 129.213 71.344
-1356.34 335.907 67.7354 122.692 129.212 71.335
-1355.7 336.669 67.712 122.69 129.215 71.332
-1355.05 337.431 67.6887 122.689 129.218 71.332
-1354.4 338.194 67.6653 122.689 129.217 71.331
-1353.76 338.956 67.6419 122.691 129.214 71.327
-1353.11 339.718 67.6185 122.69 129.213 71.325
-1352.46 340.481 67.5951 122.69 129.214 71.328
-1351.82 341.243 67.5717 122.686 129.213 71.327
-1351.17 342.005 67.5483 122.686 129.213 71.325
-1350.52 342.768 67.5249 122.686 129.213 71.325
-1349.88 343.53 67.5015 122.688 129.213 71.325
-1349.23 344.292 67.4781 122.688 129.215 71.326
-1348.58 345.055 67.4547 122.688 129.213 71.323
-1347.94 345.817 67.4314 122.689 129.211 71.325
-1347.29 346.579 67.408 122.686 129.21 71.322
-1346.64 347.342 67.3846 122.686 129.21 71.322
-1346 348.104 67.3612 122.686 129.212 71.323
-1345.35 348.866 67.3378 122.687 129.214 71.324
-1344.7 349.629 67.3144 122.69 129.216 71.328
-1344.06 350.391 67.291 122.688 129.215 71.325
-1343.41 351.153 67.2676 122.687 129.214 71.326
-1342.76 351.916 67.2442 122.687 129.215 71.326
-1342.12 352.678 67.2208 122.692 129.215 71.327
-1341.47 353.44 67.1975 122.692 129.215 71.327
-1340.82 354.203 67.1741 122.694 129.215 71.322
-1340.18 354.965 67.1507 122.692 129.216 71.32
-1339.53 355.727 67.1273 122.681 129.215 71.316
-1338.88 356.49 67.1039 122.681 129.215 71.316
-1338.24 357.252 67.0805 122.681 129.215 71.316
-1337.59 358.015 67.0571 122.681 129.215 71.316
-1336.94 358.777 67.0337 122.681 129.215 71.316
-1336.3 359.539 67.0103 122.681 129.215 71.316
-1335.65 360.302 66.9869 122.681 129.215 71.316
-1335 361.064 66.9635 122.681 129.215 71.316
