1
-713.711 564.191 383.703 -160.021 79.174 1.805
-713.716 564.183 382.703 -160.021 79.174 1.805
-713.721 564.175 381.703 -160.021 79.174 1.805
-713.726 564.166 380.703 -160.021 79.174 1.805
-713.731 564.158 379.703 -160.021 79.174 1.805
-713.736 564.149 378.703 -160.021 79.174 1.805
-713.741 564.141 377.703 -160.021 79.174 1.805
-713.746 564.132 376.703 -160.021 79.174 1.805
-713.751 564.124 375.703 -160.021 79.174 1.805
-713.756 564.115 374.703 -160.021 79.174 1.805
-713.761 564.107 373.703 -160.021 79.174 1.805
-713.766 564.099 372.703 -160.021 79.174 1.805
-713.771 564.09 371.703 -160.021 79.174 1.805
-713.776 564.082 370.703 -160.021 79.174 1.805
-713.781 564.073 369.703 -160.021 79.174 1.805
-713.786 564.065 368.703 -160.021 79.174 1.805
-713.791 564.056 367.703 -160.021 79.174 1.805
-713.796 564.048 366.704 -160.021 79.174 1.805
-713.801 564.04 365.704 -160.021 79.174 1.805
-713.806 564.031 364.704 -160.021 79.174 1.805
-713.811 564.023 363.704 -160.021 79.174 1.805
-713.816 564.014 362.704 -160.045 79.416 1.824
-713.821 564.006 361.704 -160.036 79.694 1.821
-713.826 563.997 360.704 -160.036 79.694 1.821
-713.832 563.989 359.704 -160.025 80.052 1.818
-713.837 563.981 358.704 -160.025 80.052 1.818
-713.842 563.972 357.704 -160.016 80.362 1.81
-713.847 563.964 356.704 -160.005 80.657 1.794
-713.852 563.955 355.704 -160.005 80.657 1.794
-713.857 563.947 354.704 -159.992 80.967 1.774
-713.862 563.938 353.704 -159.981 81.33 1.764
-713.867 563.93 352.704 -159.981 81.33 1.764
-713.872 563.922 351.704 -159.968 81.653 1.751
-713.877 563.913 350.704 -159.968 81.653 1.751
-713.882 563.905 349.704 -159.958 81.933 1.741
-713.887 563.896 348.704 -159.958 81.933 1.741
-713.892 563.888 347.704 -159.938 82.398 1.735
-713.897 563.879 346.704 -159.938 82.398 1.735
-713.902 563.871 345.705 -159.923 82.767 1.737
-713.907 563.862 344.705 -159.923 82.767 1.737
-713.912 563.854 343.705 -159.912 83.09 1.734
-713.917 563.846 342.705 -159.905 83.323 1.73
-713.922 563.837 341.705 -159.905 83.323 1.73
-713.927 563.829 340.705 -159.898 83.555 1.72
-713.932 563.82 339.705 -159.89 83.879 1.713
-713.937 563.812 338.705 -159.89 83.879 1.713
-713.942 563.803 337.705 -159.877 84.201 1.694
-713.947 563.795 336.705 -159.868 84.478 1.687
-713.952 563.787 335.705 -159.868 84.478 1.687
-713.957 563.778 334.705 -159.859 84.711 1.677
-713.962 563.77 333.705 -159.85 84.944 1.669
-713.968 563.761 332.705 -159.84 85.271 1.668
-713.973 563.753 331.705 -159.84 85.271 1.668
-713.978 563.744 330.705 -159.832 85.503 1.674
-713.983 563.736 329.705 -159.82 85.825 1.677
-713.988 563.728 328.705 -159.82 85.825 1.677
-713.993 563.719 327.705 -159.813 86.057 1.668
-713.998 563.711 326.705 -159.805 86.335 1.658
-714.003 563.702 325.705 -159.805 86.335 1.658
-714.008 563.694 324.706 -159.805 86.335 1.658
-714.013 563.685 323.706 -159.787 86.981 1.645
-714.018 563.677 322.706 -159.787 86.981 1.645
-714.023 563.669 321.706 -159.775 87.257 1.629
-714.028 563.66 320.706 -159.766 87.534 1.626
-714.033 563.652 319.706 -159.766 87.534 1.626
-714.038 563.643 318.706 -159.755 87.813 1.616
-714.043 563.635 317.706 -159.748 88.045 1.621
-714.048 563.626 316.706 -159.748 88.045 1.621
-714.053 563.618 315.706 -159.738 88.369 1.618
-714.058 563.609 314.706 -159.731 88.692 1.616
-714.063 563.601 313.706 -159.731 88.692 1.616
-714.068 563.593 312.706 -159.724 88.924 1.608
-714.073 563.584 311.706 -159.715 89.203 1.594
-714.078 563.576 310.706 -159.715 89.203 1.594
-714.083 563.567 309.706 -159.708 89.526 1.594
-714.088 563.559 308.706 -159.708 89.526 1.594
-714.093 563.55 307.706 -159.696 89.847 1.584
-714.098 563.542 306.706 -159.682 90.171 1.567
-714.104 563.534 305.706 -159.682 90.171 1.567
-714.109 563.525 304.706 -159.674 90.404 1.565
-714.114 563.517 303.707 -159.674 90.404 1.565
-714.119 563.508 302.707 -159.659 90.96 1.575
-714.124 563.5 301.707 -159.659 90.96 1.575
-714.129 563.491 300.707 -159.659 90.96 1.575
-714.134 563.483 299.707 -159.643 91.605 1.564
-714.139 563.475 298.707 -159.643 91.605 1.564
-714.144 563.466 297.707 -159.635 91.883 1.555
-714.149 563.458 296.707 -159.635 91.883 1.555
-714.154 563.449 295.707 -159.623 92.162 1.535
-714.159 563.441 294.707 -159.613 92.486 1.541
-714.164 563.432 293.707 -159.613 92.486 1.541
-714.169 563.424 292.707 -159.599 92.809 1.532
-714.174 563.416 291.707 -159.599 92.809 1.532
-714.179 563.407 290.707 -159.592 93.041 1.53
-714.184 563.399 289.707 -159.585 93.273 1.53
-714.189 563.39 288.707 -159.579 93.551 1.538
-714.194 563.382 287.707 -159.579 93.551 1.538
-714.199 563.373 286.707 -159.579 93.551 1.538
-714.204 563.365 285.707 -159.559 94.245 1.512
-714.209 563.356 284.707 -159.559 94.245 1.512
-714.214 563.348 283.708 -159.55 94.523 1.508
-714.219 563.34 282.708 -159.55 94.523 1.508
-714.224 563.331 281.708 -159.537 94.939 1.493
-714.229 563.323 280.708 -159.537 94.939 1.493
-714.234 563.314 279.708 -159.526 95.218 1.483
-714.24 563.306 278.708 -159.526 95.218 1.483
-714.245 563.297 277.708 -159.518 95.494 1.488
-714.25 563.289 276.708 -159.51 95.771 1.495
-714.255 563.281 275.708 -159.504 96.003 1.492
-714.26 563.272 274.708 -159.504 96.003 1.492
-714.265 563.264 273.708 -159.498 96.235 1.491
-714.27 563.255 272.708 -159.491 96.467 1.483
-714.275 563.247 271.708 -159.491 96.467 1.483
-714.28 563.238 270.708 -159.472 97.064 1.463
-714.285 563.23 269.708 -159.472 97.064 1.463
-714.29 563.222 268.708 -159.472 97.064 1.463
-714.295 563.213 267.708 -159.461 97.434 1.454
-714.3 563.205 266.708 -159.454 97.667 1.451
-714.305 563.196 265.708 -159.454 97.667 1.451
-714.31 563.188 264.708 -159.454 97.667 1.451
-714.315 563.179 263.708 -159.454 97.667 1.451
-714.32 563.171 262.709 -159.415 98.87 1.442
-714.325 563.163 261.709 -159.415 98.87 1.442
-714.33 563.154 260.709 -159.415 98.87 1.442
-714.335 563.146 259.709 -159.415 98.87 1.442
-714.34 563.137 258.709 -159.409 99.147 1.442
-714.345 563.129 257.709 -159.409 99.147 1.442
-714.35 563.12 256.709 -159.402 99.426 1.438
-714.355 563.112 255.709 -159.386 99.795 1.425
-714.36 563.103 254.709 -159.386 99.795 1.425
-714.365 563.095 253.709 -159.386 99.795 1.425
-714.37 563.087 252.709 -159.368 100.351 1.429
-714.376 563.078 251.709 -159.368 100.351 1.429
-714.381 563.07 250.709 -159.368 100.351 1.429
-714.386 563.061 249.709 -159.357 100.768 1.429
-714.391 563.053 248.709 -159.348 101.046 1.421
-714.396 563.044 247.709 -159.348 101.046 1.421
-714.401 563.036 246.709 -159.338 101.322 1.411
-714.406 563.028 245.709 -159.338 101.322 1.411
-714.411 563.019 244.709 -159.327 101.645 1.404
-714.416 563.011 243.709 -159.319 101.971 1.401
-714.421 563.002 242.709 -159.319 101.971 1.401
-714.426 562.994 241.71 -159.304 102.39 1.385
-714.431 562.985 240.71 -159.304 102.39 1.385
-714.436 562.977 239.71 -159.296 102.667 1.396
-714.441 562.969 238.71 -159.296 102.667 1.396
-714.446 562.96 237.71 -159.28 103.128 1.39
-714.451 562.952 236.71 -159.28 103.128 1.39
-714.456 562.943 235.71 -159.273 103.404 1.39
-714.461 562.935 234.71 -159.273 103.404 1.39
-714.466 562.926 233.71 -159.267 103.682 1.39
-714.471 562.918 232.71 -159.256 104.005 1.371
-714.476 562.91 231.71 -159.256 104.005 1.371
-714.481 562.901 230.71 -159.242 104.374 1.37
-714.486 562.893 229.71 -159.242 104.374 1.37
-714.491 562.884 228.71 -159.23 104.653 1.369
-714.496 562.876 227.71 -159.23 104.653 1.369
-714.501 562.867 226.71 -159.221 104.932 1.37
-714.506 562.859 225.71 -159.217 105.163 1.377
-714.512 562.85 224.71 -159.217 105.163 1.377
-714.517 562.842 223.71 -159.217 105.163 1.377
-714.522 562.834 222.71 -159.217 105.163 1.377
-714.527 562.825 221.711 -159.178 106.321 1.36
-714.532 562.817 220.711 -159.178 106.321 1.36
-714.537 562.808 219.711 -159.178 106.321 1.36
-714.542 562.8 218.711 -159.178 106.321 1.36
-714.547 562.791 217.711 -159.163 106.691 1.349
-714.552 562.783 216.711 -159.163 106.691 1.349
-714.557 562.775 215.711 -159.155 106.966 1.353
-714.562 562.766 214.711 -159.155 106.966 1.353
-714.567 562.758 213.711 -159.146 107.288 1.36
-714.572 562.749 212.711 -159.138 107.567 1.353
-714.577 562.741 211.711 -159.138 107.567 1.353
-714.582 562.732 210.711 -159.132 107.799 1.352
-714.587 562.724 209.711 -159.125 108.078 1.345
-714.592 562.716 208.711 -159.125 108.078 1.345
-714.597 562.707 207.711 -159.111 108.403 1.339
-714.602 562.699 206.711 -159.1 108.68 1.334
-714.607 562.69 205.711 -159.1 108.68 1.334
-714.612 562.682 204.711 -159.09 108.911 1.33
-714.617 562.673 203.711 -159.09 108.911 1.33
-714.622 562.665 202.711 -159.08 109.327 1.34
-714.627 562.657 201.711 -159.073 109.559 1.343
-714.632 562.648 200.712 -159.073 109.559 1.343
-714.637 562.64 199.712 -159.063 109.836 1.334
-714.642 562.631 198.712 -159.054 110.112 1.335
-714.648 562.623 197.712 -159.054 110.112 1.335
-714.653 562.614 196.712 -159.039 110.483 1.324
-714.658 562.606 195.712 -159.039 110.483 1.324
-714.663 562.597 194.712 -159.028 110.76 1.315
-714.668 562.589 193.712 -159.028 110.76 1.315
-714.673 562.581 192.712 -159.022 111.077 1.323
-714.678 562.572 191.712 -159.012 111.377 1.327
-714.683 562.564 190.712 -159.012 111.377 1.327
-714.688 562.555 189.712 -159.007 111.616 1.335
-714.693 562.547 188.712 -159.001 111.866 1.329
-714.698 562.538 187.712 -159.001 111.866 1.329
-714.703 562.53 186.712 -158.993 112.123 1.306
-714.708 562.522 185.712 -158.993 112.123 1.306
-714.713 562.513 184.712 -158.993 112.123 1.306
-714.718 562.505 183.712 -158.993 112.123 1.306
-714.723 562.496 182.712 -158.993 112.123 1.306
-714.728 562.488 181.712 -158.993 112.123 1.306
-714.733 562.479 180.712 -158.993 112.123 1.306
-714.738 562.471 179.713 -158.993 112.123 1.306
-714.743 562.463 178.713 -158.993 112.123 1.306
-714.748 562.454 177.713 -158.993 112.123 1.306
-714.753 562.446 176.713 -158.993 112.123 1.306
-714.758 562.437 175.713 -158.993 112.123 1.306
-714.763 562.429 174.713 -158.993 112.123 1.306
-714.768 562.42 173.713 -158.993 112.123 1.306
-714.773 562.412 172.713 -158.993 112.123 1.306
-714.778 562.404 171.713 -158.993 112.123 1.306
-714.784 562.395 170.713 -158.993 112.123 1.306
-714.789 562.387 169.713 -158.993 112.123 1.306
-714.794 562.378 168.713 -158.993 112.123 1.306
2
-713.664 563.685 384.18 -160.019 79.172 1.807
-713.671 563.676 383.181 -160.019 79.172 1.807
-713.678 563.667 382.181 -160.019 79.172 1.807
-713.686 563.659 381.181 -160.019 79.172 1.807
-713.693 563.65 380.181 -160.019 79.172 1.807
-713.7 563.641 379.181 -160.019 79.172 1.807
-713.707 563.632 378.181 -160.019 79.172 1.807
-713.714 563.623 377.181 -160.019 79.172 1.807
-713.721 563.614 376.181 -160.019 79.172 1.807
-713.728 563.605 375.181 -160.019 79.172 1.807
-713.736 563.597 374.181 -160.019 79.172 1.807
-713.743 563.588 373.181 -160.019 79.172 1.807
-713.75 563.579 372.181 -160.019 79.172 1.807
-713.757 563.57 371.181 -160.019 79.172 1.807
-713.764 563.561 370.181 -160.019 79.172 1.807
-713.771 563.552 369.181 -160.019 79.172 1.807
-713.778 563.543 368.181 -160.019 79.172 1.807
-713.785 563.535 367.182 -160.019 79.172 1.807
-713.793 563.526 366.182 -160.019 79.172 1.807
-713.8 563.517 365.182 -160.019 79.172 1.807
-713.807 563.508 364.182 -160.019 79.172 1.807
-713.814 563.499 363.182 -160.042 79.437 1.824
-713.821 563.49 362.182 -160.042 79.437 1.824
-713.828 563.481 361.182 -160.031 79.723 1.817
-713.835 563.472 360.182 -160.022 80.018 1.812
-713.843 563.464 359.182 -160.022 80.018 1.812
-713.85 563.455 358.182 -160.016 80.286 1.808
-713.857 563.446 357.182 -160.005 80.575 1.786
-713.864 563.437 356.182 -160.005 80.575 1.786
-713.871 563.428 355.182 -159.992 80.879 1.774
-713.878 563.419 354.182 -159.982 81.194 1.763
-713.885 563.41 353.182 -159.982 81.194 1.763
-713.892 563.402 352.183 -159.972 81.514 1.755
-713.9 563.393 351.183 -159.972 81.514 1.755
-713.907 563.384 350.183 -159.962 81.841 1.749
-713.914 563.375 349.183 -159.947 82.169 1.734
-713.921 563.366 348.183 -159.947 82.169 1.734
-713.928 563.357 347.183 -159.938 82.447 1.739
-713.935 563.348 346.183 -159.938 82.447 1.739
-713.942 563.34 345.183 -159.925 82.723 1.734
-713.95 563.331 344.183 -159.916 82.953 1.733
-713.957 563.322 343.183 -159.904 83.323 1.722
-713.964 563.313 342.183 -159.904 83.323 1.722
-713.971 563.304 341.183 -159.898 83.555 1.712
-713.978 563.295 340.183 -159.892 83.834 1.71
-713.985 563.286 339.183 -159.892 83.834 1.71
-713.992 563.278 338.183 -159.892 83.834 1.71
-714 563.269 337.183 -159.874 84.433 1.692
-714.007 563.26 336.184 -159.874 84.433 1.692
-714.014 563.251 335.184 -159.864 84.711 1.683
-714.021 563.242 334.184 -159.852 84.99 1.675
-714.028 563.233 333.184 -159.852 84.99 1.675
-714.035 563.224 332.184 -159.852 84.99 1.675
-714.042 563.215 331.184 -159.83 85.549 1.673
-714.049 563.207 330.184 -159.83 85.549 1.673
-714.057 563.198 329.184 -159.82 85.827 1.671
-714.064 563.189 328.184 -159.811 86.104 1.661
-714.071 563.18 327.184 -159.811 86.104 1.661
-714.078 563.171 326.184 -159.804 86.382 1.655
-714.085 563.162 325.184 -159.804 86.382 1.655
-714.092 563.153 324.184 -159.787 86.98 1.648
-714.099 563.145 323.184 -159.787 86.98 1.648
-714.107 563.136 322.184 -159.777 87.257 1.638
-714.114 563.127 321.185 -159.777 87.257 1.638
-714.121 563.118 320.185 -159.777 87.257 1.638
-714.128 563.109 319.185 -159.748 88.046 1.622
-714.135 563.1 318.185 -159.748 88.046 1.622
-714.142 563.091 317.185 -159.748 88.046 1.622
-714.149 563.083 316.185 -159.734 88.461 1.617
-714.157 563.074 315.185 -159.734 88.461 1.617
-714.164 563.065 314.185 -159.727 88.739 1.609
-714.171 563.056 313.185 -159.727 88.739 1.609
-714.178 563.047 312.185 -159.722 88.971 1.604
-714.185 563.038 311.185 -159.722 88.971 1.604
-714.192 563.029 310.185 -159.722 88.971 1.604
-714.199 563.021 309.185 -159.696 89.893 1.588
-714.206 563.012 308.185 -159.696 89.893 1.588
-714.214 563.003 307.185 -159.696 89.893 1.588
-714.221 562.994 306.186 -159.683 90.172 1.572
-714.228 562.985 305.186 -159.673 90.451 1.57
-714.235 562.976 304.186 -159.673 90.451 1.57
-714.242 562.967 303.186 -159.662 90.821 1.57
-714.249 562.958 302.186 -159.662 90.821 1.57
-714.256 562.95 301.186 -159.654 91.099 1.563
-714.264 562.941 300.186 -159.644 91.421 1.554
-714.271 562.932 299.186 -159.644 91.421 1.554
-714.278 562.923 298.186 -159.644 91.421 1.554
-714.285 562.914 297.186 -159.632 91.977 1.547
-714.292 562.905 296.186 -159.632 91.977 1.547
-714.299 562.896 295.186 -159.621 92.301 1.541
-714.306 562.888 294.186 -159.621 92.301 1.541
-714.314 562.879 293.186 -159.602 92.808 1.535
-714.321 562.87 292.186 -159.602 92.808 1.535
-714.328 562.861 291.186 -159.594 93.041 1.531
-714.335 562.852 290.187 -159.594 93.041 1.531
-714.342 562.843 289.187 -159.576 93.552 1.533
-714.349 562.834 288.187 -159.576 93.552 1.533
-714.356 562.826 287.187 -159.568 93.828 1.526
-714.363 562.817 286.187 -159.568 93.828 1.526
-714.371 562.808 285.187 -159.559 94.151 1.513
-714.378 562.799 284.187 -159.552 94.429 1.512
-714.385 562.79 283.187 -159.552 94.429 1.512
-714.392 562.781 282.187 -159.545 94.754 1.506
-714.399 562.772 281.187 -159.545 94.754 1.506
-714.406 562.763 280.187 -159.538 94.985 1.496
-714.413 562.755 279.187 -159.527 95.263 1.491
-714.421 562.746 278.187 -159.515 95.586 1.491
-714.428 562.737 277.187 -159.515 95.586 1.491
-714.435 562.728 276.187 -159.505 95.91 1.49
-714.442 562.719 275.188 -159.505 95.91 1.49
-714.449 562.71 274.188 -159.496 96.236 1.486
-714.456 562.701 273.188 -159.489 96.467 1.48
-714.463 562.693 272.188 -159.489 96.467 1.48
-714.471 562.684 271.188 -159.481 96.834 1.477
-714.478 562.675 270.188 -159.481 96.834 1.477
-714.485 562.666 269.188 -159.471 97.156 1.468
-714.492 562.657 268.188 -159.463 97.434 1.462
-714.499 562.648 267.188 -159.463 97.434 1.462
-714.506 562.639 266.188 -159.454 97.712 1.457
-714.513 562.631 265.188 -159.454 97.712 1.457
-714.52 562.622 264.188 -159.436 98.269 1.456
-714.528 562.613 263.188 -159.436 98.269 1.456
-714.535 562.604 262.188 -159.425 98.547 1.452
-714.542 562.595 261.188 -159.425 98.547 1.452
-714.549 562.586 260.188 -159.414 98.87 1.438
-714.556 562.577 259.189 -159.414 98.87 1.438
-714.563 562.569 258.189 -159.403 99.425 1.443
-714.57 562.56 257.189 -159.403 99.425 1.443
-714.578 562.551 256.189 -159.403 99.425 1.443
-714.585 562.542 255.189 -159.391 99.749 1.432
-714.592 562.533 254.189 -159.391 99.749 1.432
-714.599 562.524 253.189 -159.371 100.258 1.429
-714.606 562.515 252.189 -159.371 100.258 1.429
-714.613 562.506 251.189 -159.364 100.491 1.425
-714.62 562.498 250.189 -159.364 100.491 1.425
-714.628 562.489 249.189 -159.355 100.768 1.424
-714.635 562.48 248.189 -159.345 101.092 1.415
-714.642 562.471 247.189 -159.345 101.092 1.415
-714.649 562.462 246.189 -159.334 101.414 1.404
-714.656 562.453 245.189 -159.334 101.414 1.404
-714.663 562.444 244.19 -159.327 101.692 1.406
-714.67 562.436 243.19 -159.319 102.017 1.407
-714.677 562.427 242.19 -159.319 102.017 1.407
-714.685 562.418 241.19 -159.308 102.296 1.39
-714.692 562.409 240.19 -159.299 102.575 1.395
-714.699 562.4 239.19 -159.299 102.575 1.395
-714.706 562.391 238.19 -159.299 102.575 1.395
-714.713 562.382 237.19 -159.272 103.359 1.382
-714.72 562.374 236.19 -159.272 103.359 1.382
-714.727 562.365 235.19 -159.272 103.359 1.382
-714.735 562.356 234.19 -159.267 103.681 1.389
-714.742 562.347 233.19 -159.267 103.681 1.389
-714.749 562.338 232.19 -159.267 103.681 1.389
-714.756 562.329 231.19 -159.247 104.235 1.378
-714.763 562.32 230.19 -159.247 104.235 1.378
-714.77 562.312 229.19 -159.236 104.515 1.374
-714.777 562.303 228.191 -159.226 104.793 1.37
-714.785 562.294 227.191 -159.226 104.793 1.37
-714.792 562.285 226.191 -159.218 105.071 1.372
-714.799 562.276 225.191 -159.218 105.071 1.372
-714.806 562.267 224.191 -159.208 105.395 1.373
-714.813 562.258 223.191 -159.198 105.669 1.366
-714.82 562.249 222.191 -159.198 105.669 1.366
-714.827 562.241 221.191 -159.192 105.901 1.368
-714.834 562.232 220.191 -159.184 106.182 1.364
-714.842 562.223 219.191 -159.184 106.182 1.364
-714.849 562.214 218.191 -159.172 106.506 1.36
-714.856 562.205 217.191 -159.172 106.506 1.36
-714.863 562.196 216.191 -159.159 106.829 1.352
-714.87 562.187 215.191 -159.15 107.149 1.358
-714.877 562.179 214.191 -159.15 107.149 1.358
-714.884 562.17 213.192 -159.142 107.428 1.351
-714.892 562.161 212.192 -159.142 107.428 1.351
-714.899 562.152 211.192 -159.133 107.706 1.344
-714.906 562.143 210.192 -159.126 107.984 1.347
-714.913 562.134 209.192 -159.126 107.984 1.347
-714.92 562.125 208.192 -159.116 108.264 1.342
-714.927 562.117 207.192 -159.103 108.587 1.342
-714.934 562.108 206.192 -159.103 108.587 1.342
-714.942 562.099 205.192 -159.094 108.865 1.338
-714.949 562.09 204.192 -159.094 108.865 1.338
-714.956 562.081 203.192 -159.084 109.142 1.335
-714.963 562.072 202.192 -159.077 109.42 1.338
-714.97 562.063 201.192 -159.077 109.42 1.338
-714.977 562.055 200.192 -159.064 109.744 1.33
-714.984 562.046 199.192 -159.064 109.744 1.33
-714.991 562.037 198.192 -159.052 110.159 1.332
-714.999 562.028 197.193 -159.052 110.159 1.332
-715.006 562.019 196.193 -159.04 110.484 1.328
-715.013 562.01 195.193 -159.04 110.484 1.328
-715.02 562.001 194.193 -159.029 110.807 1.322
-715.027 561.992 193.193 -159.029 110.807 1.322
-715.034 561.984 192.193 -159.021 111.121 1.329
-715.041 561.975 191.193 -159.01 111.418 1.326
-715.049 561.966 190.193 -159.01 111.418 1.326
-715.056 561.957 189.193 -159.004 111.655 1.328
-715.063 561.948 188.193 -158.999 111.899 1.321
-715.07 561.939 187.193 -158.999 111.899 1.321
-715.077 561.93 186.193 -158.999 111.899 1.321
-715.084 561.922 185.193 -158.999 111.899 1.321
-715.091 561.913 184.193 -158.999 111.899 1.321
-715.099 561.904 183.193 -158.999 111.899 1.321
-715.106 561.895 182.194 -158.999 111.899 1.321
-715.113 561.886 181.194 -158.999 111.899 1.321
-715.12 561.877 180.194 -158.999 111.899 1.321
-715.127 561.868 179.194 -158.999 111.899 1.321
-715.134 561.86 178.194 -158.999 111.899 1.321
-715.141 561.851 177.194 -158.999 111.899 1.321
-715.148 561.842 176.194 -158.999 111.899 1.321
-715.156 561.833 175.194 -158.999 111.899 1.321
-715.163 561.824 174.194 -158.999 111.899 1.321
-715.17 561.815 173.194 -158.999 111.899 1.321
-715.177 561.806 172.194 -158.999 111.899 1.321
-715.184 561.798 171.194 -158.999 111.899 1.321
-715.191 561.789 170.194 -158.999 111.899 1.321
-715.198 561.78 169.194 -158.999 111.899 1.321
3
-716.724 562.956 381.826 -160.02 79.173 1.805
-716.736 562.94 380.826 -160.02 79.173 1.805
-716.747 562.925 379.827 -160.02 79.173 1.805
-716.758 562.909 378.827 -160.02 79.173 1.805
-716.77 562.893 377.827 -160.02 79.173 1.805
-716.781 562.878 376.827 -160.02 79.173 1.805
-716.792 562.862 375.827 -160.02 79.173 1.805
-716.804 562.846 374.827 -160.02 79.173 1.805
-716.815 562.831 373.828 -160.02 79.173 1.805
-716.826 562.815 372.828 -160.02 79.173 1.805
-716.838 562.799 371.828 -160.02 79.173 1.805
-716.849 562.784 370.828 -160.02 79.173 1.805
-716.86 562.768 369.828 -160.02 79.173 1.805
-716.871 562.752 368.829 -160.02 79.173 1.805
-716.883 562.737 367.829 -160.02 79.173 1.805
-716.894 562.721 366.829 -160.02 79.173 1.805
-716.905 562.705 365.829 -160.02 79.173 1.805
-716.917 562.69 364.829 -160.02 79.173 1.805
-716.928 562.674 363.83 -160.043 79.421 1.823
-716.939 562.658 362.83 -160.043 79.421 1.823
-716.951 562.643 361.83 -160.043 79.421 1.823
-716.962 562.627 360.83 -160.025 79.984 1.819
-716.973 562.611 359.83 -160.025 79.984 1.819
-716.985 562.596 358.83 -160.02 80.245 1.823
-716.996 562.58 357.831 -160.02 80.245 1.823
-717.007 562.564 356.831 -159.999 80.792 1.79
-717.019 562.549 355.831 -159.999 80.792 1.79
-717.03 562.533 354.831 -159.999 80.792 1.79
-717.041 562.518 353.831 -159.999 80.792 1.79
-717.052 562.502 352.832 -159.999 80.792 1.79
-717.064 562.486 351.832 -159.999 80.792 1.79
-717.075 562.471 350.832 -159.999 80.792 1.79
-717.086 562.455 349.832 -159.918 82.955 1.74
-717.098 562.439 348.832 -159.918 82.955 1.74
-717.109 562.424 347.832 -159.918 82.955 1.74
-717.12 562.408 346.833 -159.918 82.955 1.74
-717.132 562.392 345.833 -159.918 82.955 1.74
-717.143 562.377 344.833 -159.918 82.955 1.74
-717.154 562.361 343.833 -159.918 82.955 1.74
-717.166 562.345 342.833 -159.899 83.509 1.722
-717.177 562.33 341.834 -159.899 83.509 1.722
-717.188 562.314 340.834 -159.899 83.509 1.722
-717.2 562.298 339.834 -159.883 84.111 1.699
-717.211 562.283 338.834 -159.883 84.111 1.699
-717.222 562.267 337.834 -159.883 84.111 1.699
-717.233 562.251 336.835 -159.861 84.711 1.673
-717.245 562.236 335.835 -159.861 84.711 1.673
-717.256 562.22 334.835 -159.861 84.711 1.673
-717.267 562.204 333.835 -159.842 85.178 1.666
-717.279 562.189 332.835 -159.842 85.178 1.666
-717.29 562.173 331.835 -159.842 85.178 1.666
-717.301 562.157 330.836 -159.842 85.178 1.666
-717.313 562.142 329.836 -159.842 85.178 1.666
-717.324 562.126 328.836 -159.842 85.178 1.666
-717.335 562.11 327.836 -159.79 86.889 1.648
-717.347 562.095 326.836 -159.79 86.889 1.648
-717.358 562.079 325.837 -159.79 86.889 1.648
-717.369 562.063 324.837 -159.79 86.889 1.648
-717.381 562.048 323.837 -159.79 86.889 1.648
-717.392 562.032 322.837 -159.79 86.889 1.648
-717.403 562.016 321.837 -159.79 86.889 1.648
-717.414 562.001 320.838 -159.79 86.889 1.648
-717.426 561.985 319.838 -159.79 86.889 1.648
-717.437 561.97 318.838 -159.79 86.889 1.648
-717.448 561.954 317.838 -159.725 88.831 1.613
-717.46 561.938 316.838 -159.725 88.831 1.613
-717.471 561.923 315.838 -159.725 88.831 1.613
-717.482 561.907 314.839 -159.725 88.831 1.613
-717.494 561.891 313.839 -159.725 88.831 1.613
-717.505 561.876 312.839 -159.725 88.831 1.613
-717.516 561.86 311.839 -159.725 88.831 1.613
-717.528 561.844 310.839 -159.725 88.831 1.613
-717.539 561.829 309.84 -159.699 89.801 1.581
-717.55 561.813 308.84 -159.699 89.801 1.581
-717.562 561.797 307.84 -159.699 89.801 1.581
-717.573 561.782 306.84 -159.683 90.125 1.569
-717.584 561.766 305.84 -159.683 90.125 1.569
-717.595 561.75 304.841 -159.672 90.404 1.563
-717.607 561.735 303.841 -159.665 90.684 1.574
-717.618 561.719 302.841 -159.665 90.684 1.574
-717.629 561.703 301.841 -159.659 90.963 1.577
-717.641 561.688 300.841 -159.65 91.238 1.566
-717.652 561.672 299.841 -159.65 91.238 1.566
-717.663 561.656 298.842 -159.644 91.513 1.564
-717.675 561.641 297.842 -159.635 91.837 1.552
-717.686 561.625 296.842 -159.635 91.837 1.552
-717.697 561.609 295.842 -159.625 92.115 1.536
-717.709 561.594 294.842 -159.625 92.115 1.536
-717.72 561.578 293.843 -159.607 92.624 1.532
-717.731 561.562 292.843 -159.607 92.624 1.532
-717.743 561.547 291.843 -159.607 92.624 1.532
-717.754 561.531 290.843 -159.607 92.624 1.532
-717.765 561.515 289.843 -159.607 92.624 1.532
-717.776 561.5 288.844 -159.565 94.013 1.525
-717.788 561.484 287.844 -159.565 94.013 1.525
-717.799 561.468 286.844 -159.565 94.013 1.525
-717.81 561.453 285.844 -159.565 94.013 1.525
-717.822 561.437 284.844 -159.565 94.013 1.525
-717.833 561.422 283.844 -159.556 94.289 1.514
-717.844 561.406 282.845 -159.556 94.289 1.514
-717.856 561.39 281.845 -159.556 94.289 1.514
-717.867 561.375 280.845 -159.526 95.217 1.483
-717.878 561.359 279.845 -159.526 95.217 1.483
-717.89 561.343 278.845 -159.526 95.217 1.483
-717.901 561.328 277.846 -159.526 95.217 1.483
-717.912 561.312 276.846 -159.526 95.217 1.483
-717.924 561.296 275.846 -159.503 96.049 1.496
-717.935 561.281 274.846 -159.503 96.049 1.496
-717.946 561.265 273.846 -159.503 96.049 1.496
-717.957 561.249 272.846 -159.503 96.049 1.496
-717.969 561.234 271.847 -159.486 96.698 1.481
-717.98 561.218 270.847 -159.486 96.698 1.481
-717.991 561.202 269.847 -159.486 96.698 1.481
-718.003 561.187 268.847 -159.486 96.698 1.481
-718.014 561.171 267.847 -159.457 97.527 1.449
-718.025 561.155 266.848 -159.457 97.527 1.449
-718.037 561.14 265.848 -159.457 97.527 1.449
-718.048 561.124 264.848 -159.451 97.759 1.447
-718.059 561.108 263.848 -159.444 98.038 1.452
-718.071 561.093 262.848 -159.438 98.27 1.46
-718.082 561.077 261.849 -159.438 98.27 1.46
-718.093 561.061 260.849 -159.438 98.27 1.46
-718.105 561.046 259.849 -159.438 98.27 1.46
-718.116 561.03 258.849 -159.404 99.334 1.44
-718.127 561.014 257.849 -159.404 99.334 1.44
-718.138 560.999 256.849 -159.404 99.334 1.44
-718.15 560.983 255.85 -159.404 99.334 1.44
-718.161 560.967 254.85 -159.384 99.841 1.424
-718.172 560.952 253.85 -159.384 99.841 1.424
-718.184 560.936 252.85 -159.384 99.841 1.424
-718.195 560.92 251.85 -159.37 100.212 1.426
-718.206 560.905 250.851 -159.37 100.212 1.426
-718.218 560.889 249.851 -159.37 100.212 1.426
-718.229 560.874 248.851 -159.345 101.138 1.424
-718.24 560.858 247.851 -159.345 101.138 1.424
-718.252 560.842 246.851 -159.345 101.138 1.424
-718.263 560.827 245.852 -159.345 101.138 1.424
-718.274 560.811 244.852 -159.345 101.138 1.424
-718.286 560.795 243.852 -159.317 102.017 1.399
-718.297 560.78 242.852 -159.317 102.017 1.399
-718.308 560.764 241.852 -159.317 102.017 1.399
-718.319 560.748 240.852 -159.306 102.344 1.385
-718.331 560.733 239.853 -159.306 102.344 1.385
-718.342 560.717 238.853 -159.297 102.622 1.394
-718.353 560.701 237.853 -159.297 102.622 1.394
-718.365 560.686 236.853 -159.284 102.99 1.4
-718.376 560.67 235.853 -159.284 102.99 1.4
-718.387 560.654 234.854 -159.274 103.312 1.389
-718.399 560.639 233.854 -159.274 103.312 1.389
-718.41 560.623 232.854 -159.27 103.635 1.391
-718.421 560.607 231.854 -159.27 103.635 1.391
-718.433 560.592 230.854 -159.257 104.004 1.371
-718.444 560.576 229.855 -159.245 104.281 1.371
-718.455 560.56 228.855 -159.245 104.281 1.371
-718.467 560.545 227.855 -159.234 104.514 1.367
-718.478 560.529 226.855 -159.225 104.794 1.368
-718.489 560.513 225.855 -159.225 104.794 1.368
-718.5 560.498 224.855 -159.225 104.794 1.368
-718.512 560.482 223.856 -159.213 105.348 1.382
-718.523 560.466 222.856 -159.213 105.348 1.382
-718.534 560.451 221.856 -159.203 105.623 1.375
-718.546 560.435 220.856 -159.194 105.855 1.369
-718.557 560.419 219.856 -159.194 105.855 1.369
-718.568 560.404 218.857 -159.186 106.088 1.363
-718.58 560.388 217.857 -159.176 106.367 1.357
-718.591 560.372 216.857 -159.176 106.367 1.357
-718.602 560.357 215.857 -159.164 106.646 1.347
-718.614 560.341 214.857 -159.154 106.966 1.351
-718.625 560.325 213.857 -159.154 106.966 1.351
-718.636 560.31 212.858 -159.154 106.966 1.351
-718.648 560.294 211.858 -159.14 107.521 1.355
-718.659 560.279 210.858 -159.14 107.521 1.355
-718.67 560.263 209.858 -159.133 107.8 1.351
-718.681 560.247 208.858 -159.133 107.8 1.351
-718.693 560.232 207.859 -159.126 108.078 1.346
-718.704 560.216 206.859 -159.111 108.403 1.337
-718.715 560.2 205.859 -159.111 108.403 1.337
-718.727 560.185 204.859 -159.095 108.772 1.33
-718.738 560.169 203.859 -159.095 108.772 1.33
-718.749 560.153 202.86 -159.087 109.003 1.331
-718.761 560.138 201.86 -159.087 109.003 1.331
-718.772 560.122 200.86 -159.081 109.28 1.34
-718.783 560.106 199.86 -159.073 109.605 1.346
-718.795 560.091 198.86 -159.073 109.605 1.346
-718.806 560.075 197.86 -159.057 109.973 1.337
-718.817 560.059 196.861 -159.057 109.973 1.337
-718.829 560.044 195.861 -159.047 110.251 1.332
-718.84 560.028 194.861 -159.039 110.484 1.322
-718.851 560.012 193.861 -159.039 110.484 1.322
-718.862 559.997 192.861 -159.03 110.715 1.313
-718.874 559.981 191.862 -159.022 111.077 1.321
-718.885 559.965 190.862 -159.022 111.077 1.321
-718.896 559.95 189.862 -159.012 111.377 1.332
-718.908 559.934 188.862 -159.012 111.377 1.332
-718.919 559.918 187.862 -159.005 111.654 1.34
-718.93 559.903 186.863 -159.005 111.654 1.34
-718.942 559.887 185.863 -158.997 111.989 1.321
-718.953 559.871 184.863 -158.997 111.989 1.321
-718.964 559.856 183.863 -158.997 111.989 1.321
-718.976 559.84 182.863 -158.997 111.989 1.321
-718.987 559.824 181.863 -158.997 111.989 1.321
-718.998 559.809 180.864 -158.997 111.989 1.321
-719.01 559.793 179.864 -158.997 111.989 1.321
-719.021 559.777 178.864 -158.997 111.989 1.321
-719.032 559.762 177.864 -158.997 111.989 1.321
-719.043 559.746 176.864 -158.997 111.989 1.321
-719.055 559.731 175.865 -158.997 111.989 1.321
-719.066 559.715 174.865 -158.997 111.989 1.321
-719.077 559.699 173.865 -158.997 111.989 1.321
-719.089 559.684 172.865 -158.997 111.989 1.321
-719.1 559.668 171.865 -158.997 111.989 1.321
-719.111 559.652 170.866 -158.997 111.989 1.321
-719.123 559.637 169.866 -158.997 111.989 1.321
-719.134 559.621 168.866 -158.997 111.989 1.321
-719.145 559.605 167.866 -158.997 111.989 1.321
-719.157 559.59 166.866 -158.997 111.989 1.321
4
-718.486 565.324 382.288 -160.019 79.173 1.807
-718.494 565.315 381.288 -160.019 79.173 1.807
-718.501 565.306 380.289 -160.019 79.173 1.807
-718.508 565.296 379.289 -160.019 79.173 1.807
-718.516 565.287 378.289 -160.019 79.173 1.807
-718.523 565.278 377.289 -160.019 79.173 1.807
-718.53 565.268 376.289 -160.019 79.173 1.807
-718.538 565.259 375.289 -160.019 79.173 1.807
-718.545 565.249 374.289 -160.019 79.173 1.807
-718.552 565.24 373.289 -160.019 79.173 1.807
-718.56 565.231 372.289 -160.019 79.173 1.807
-718.567 565.221 371.289 -160.019 79.173 1.807
-718.574 565.212 370.289 -160.019 79.173 1.807
-718.582 565.203 369.289 -160.019 79.173 1.807
-718.589 565.193 368.289 -160.019 79.173 1.807
-718.596 565.184 367.289 -160.019 79.173 1.807
-718.603 565.175 366.29 -160.019 79.173 1.807
-718.611 565.165 365.29 -160.019 79.173 1.807
-718.618 565.156 364.29 -160.019 79.173 1.807
-718.625 565.147 363.29 -160.043 79.404 1.822
-718.633 565.137 362.29 -160.036 79.67 1.824
-718.64 565.128 361.29 -160.026 79.95 1.818
-718.647 565.119 360.29 -160.026 79.95 1.818
-718.655 565.109 359.29 -160.022 80.207 1.824
-718.662 565.1 358.29 -160.013 80.448 1.807
-718.669 565.091 357.29 -160.013 80.448 1.807
-718.677 565.081 356.29 -159.999 80.792 1.792
-718.684 565.072 355.29 -159.987 81.105 1.772
-718.691 565.063 354.29 -159.987 81.105 1.772
-718.698 565.053 353.29 -159.976 81.424 1.759
-718.706 565.044 352.291 -159.976 81.424 1.759
-718.713 565.035 351.291 -159.96 81.84 1.742
-718.72 565.025 350.291 -159.96 81.84 1.742
-718.728 565.016 349.291 -159.949 82.075 1.73
-718.735 565.007 348.291 -159.936 82.401 1.732
-718.742 564.997 347.291 -159.936 82.401 1.732
-718.75 564.988 346.291 -159.927 82.679 1.737
-718.757 564.979 345.291 -159.927 82.679 1.737
-718.764 564.969 344.291 -159.907 83.231 1.737
-718.772 564.96 343.291 -159.907 83.231 1.737
-718.779 564.951 342.291 -159.9 83.463 1.726
-718.786 564.941 341.291 -159.9 83.463 1.726
-718.794 564.932 340.291 -159.894 83.695 1.72
-718.801 564.923 339.291 -159.885 84.019 1.706
-718.808 564.913 338.292 -159.885 84.019 1.706
-718.815 564.904 337.292 -159.876 84.293 1.689
-718.823 564.895 336.292 -159.866 84.571 1.681
-718.83 564.885 335.292 -159.855 84.851 1.67
-718.837 564.876 334.292 -159.855 84.851 1.67
-718.845 564.867 333.292 -159.847 85.084 1.668
-718.852 564.857 332.292 -159.837 85.364 1.671
-718.859 564.848 331.292 -159.837 85.364 1.671
-718.867 564.839 330.292 -159.819 85.872 1.682
-718.874 564.829 329.292 -159.819 85.872 1.682
-718.881 564.82 328.292 -159.819 85.872 1.682
-718.889 564.811 327.292 -159.809 86.15 1.667
-718.896 564.801 326.292 -159.804 86.428 1.662
-718.903 564.792 325.292 -159.798 86.705 1.655
-718.911 564.782 324.293 -159.798 86.705 1.655
-718.918 564.773 323.293 -159.787 86.98 1.641
-718.925 564.764 322.293 -159.787 86.98 1.641
-718.932 564.754 321.293 -159.787 86.98 1.641
-718.94 564.745 320.293 -159.76 87.673 1.619
-718.947 564.736 319.293 -159.76 87.673 1.619
-718.954 564.726 318.293 -159.75 87.953 1.619
-718.962 564.717 317.293 -159.75 87.953 1.619
-718.969 564.708 316.293 -159.743 88.185 1.619
-718.976 564.698 315.293 -159.735 88.462 1.624
-718.984 564.689 314.293 -159.735 88.462 1.624
-718.991 564.68 313.293 -159.724 88.831 1.613
-718.998 564.67 312.293 -159.716 89.156 1.598
-719.006 564.661 311.293 -159.716 89.156 1.598
-719.013 564.652 310.293 -159.711 89.388 1.589
-719.02 564.642 309.294 -159.711 89.388 1.589
-719.028 564.633 308.294 -159.698 89.801 1.58
-719.035 564.624 307.294 -159.698 89.801 1.58
-719.042 564.614 306.294 -159.681 90.17 1.567
-719.049 564.605 305.294 -159.672 90.451 1.566
-719.057 564.596 304.294 -159.672 90.451 1.566
-719.064 564.586 303.294 -159.665 90.73 1.576
-719.071 564.577 302.294 -159.665 90.73 1.576
-719.079 564.568 301.294 -159.657 91.054 1.575
-719.086 564.558 300.294 -159.646 91.376 1.565
-719.093 564.549 299.294 -159.646 91.376 1.565
-719.101 564.54 298.294 -159.637 91.744 1.556
-719.108 564.53 297.294 -159.637 91.744 1.556
-719.115 564.521 296.294 -159.63 92.022 1.542
-719.123 564.512 295.295 -159.622 92.254 1.532
-719.13 564.502 294.295 -159.622 92.254 1.532
-719.137 564.493 293.295 -159.613 92.532 1.533
-719.144 564.484 292.295 -159.598 92.901 1.529
-719.152 564.474 291.295 -159.598 92.901 1.529
-719.159 564.465 290.295 -159.588 93.18 1.533
-719.166 564.456 289.295 -159.588 93.18 1.533
-719.174 564.446 288.295 -159.581 93.413 1.538
-719.181 564.437 287.295 -159.571 93.784 1.535
-719.188 564.428 286.295 -159.571 93.784 1.535
-719.196 564.418 285.295 -159.561 94.105 1.52
-719.203 564.409 284.295 -159.561 94.105 1.52
-719.21 564.4 283.295 -159.552 94.382 1.509
-719.218 564.39 282.295 -159.546 94.66 1.499
-719.225 564.381 281.296 -159.546 94.66 1.499
-719.232 564.372 280.296 -159.539 94.939 1.49
-719.24 564.362 279.296 -159.53 95.172 1.48
-719.247 564.353 278.296 -159.52 95.449 1.485
-719.254 564.344 277.296 -159.52 95.449 1.485
-719.261 564.334 276.296 -159.511 95.724 1.496
-719.269 564.325 275.296 -159.504 95.956 1.497
-719.276 564.316 274.296 -159.504 95.956 1.497
-719.283 564.306 273.296 -159.498 96.19 1.494
-719.291 564.297 272.296 -159.491 96.422 1.486
-719.298 564.287 271.296 -159.486 96.699 1.48
-719.305 564.278 270.296 -159.486 96.699 1.48
-719.313 564.269 269.296 -159.475 97.018 1.466
-719.32 564.259 268.296 -159.475 97.018 1.466
-719.327 564.25 267.297 -159.461 97.433 1.451
-719.335 564.241 266.297 -159.461 97.433 1.451
-719.342 564.231 265.297 -159.451 97.759 1.447
-719.349 564.222 264.297 -159.451 97.759 1.447
-719.357 564.213 263.297 -159.443 98.084 1.456
-719.364 564.203 262.297 -159.433 98.362 1.462
-719.371 564.194 261.297 -159.433 98.362 1.462
-719.378 564.185 260.297 -159.423 98.639 1.455
-719.386 564.175 259.297 -159.413 98.916 1.444
-719.393 564.166 258.297 -159.413 98.916 1.444
-719.4 564.157 257.297 -159.41 99.148 1.441
-719.408 564.147 256.297 -159.402 99.471 1.434
-719.415 564.138 255.297 -159.402 99.471 1.434
-719.422 564.129 254.297 -159.387 99.794 1.423
-719.43 564.119 253.297 -159.387 99.794 1.423
-719.437 564.11 252.298 -159.371 100.165 1.424
-719.444 564.101 251.298 -159.371 100.165 1.424
-719.452 564.091 250.298 -159.363 100.49 1.43
-719.459 564.082 249.298 -159.356 100.77 1.433
-719.466 564.073 248.298 -159.356 100.77 1.433
-719.474 564.063 247.298 -159.349 101.046 1.424
-719.481 564.054 246.298 -159.349 101.046 1.424
-719.488 564.045 245.298 -159.336 101.368 1.41
-719.495 564.035 244.298 -159.326 101.691 1.402
-719.503 564.026 243.298 -159.326 101.691 1.402
-719.51 564.017 242.298 -159.317 102.018 1.397
-719.517 564.007 241.298 -159.317 102.018 1.397
-719.525 563.998 240.298 -159.307 102.297 1.383
-719.532 563.989 239.298 -159.299 102.576 1.392
-719.539 563.979 238.299 -159.299 102.576 1.392
-719.547 563.97 237.299 -159.288 102.898 1.404
-719.554 563.961 236.299 -159.288 102.898 1.404
-719.561 563.951 235.299 -159.275 103.266 1.391
-719.569 563.942 234.299 -159.275 103.266 1.391
-719.576 563.933 233.299 -159.271 103.589 1.392
-719.583 563.923 232.299 -159.271 103.589 1.392
-719.59 563.914 231.299 -159.262 103.866 1.382
-719.598 563.905 230.299 -159.25 104.142 1.372
-719.605 563.895 229.299 -159.25 104.142 1.372
-719.612 563.886 228.299 -159.237 104.467 1.368
-719.62 563.877 227.299 -159.226 104.746 1.368
-719.627 563.867 226.299 -159.226 104.746 1.368
-719.634 563.858 225.299 -159.22 104.979 1.372
-719.642 563.849 224.3 -159.214 105.303 1.384
-719.649 563.839 223.3 -159.214 105.303 1.384
-719.656 563.83 222.3 -159.205 105.577 1.377
-719.664 563.82 221.3 -159.205 105.577 1.377
-719.671 563.811 220.3 -159.193 105.901 1.37
-719.678 563.802 219.3 -159.193 105.901 1.37
-719.686 563.792 218.3 -159.18 106.274 1.358
-719.693 563.783 217.3 -159.18 106.274 1.358
-719.7 563.774 216.3 -159.166 106.599 1.347
-719.707 563.764 215.3 -159.166 106.599 1.347
-719.715 563.755 214.3 -159.154 107.012 1.354
-719.722 563.746 213.3 -159.154 107.012 1.354
-719.729 563.736 212.3 -159.147 107.334 1.362
-719.737 563.727 211.3 -159.139 107.612 1.354
-719.744 563.718 210.301 -159.139 107.612 1.354
-719.751 563.708 209.301 -159.13 107.892 1.35
-719.759 563.699 208.301 -159.13 107.892 1.35
-719.766 563.69 207.301 -159.119 108.218 1.34
-719.773 563.68 206.301 -159.119 108.218 1.34
-719.781 563.671 205.301 -159.102 108.541 1.333
-719.788 563.662 204.301 -159.09 108.864 1.329
-719.795 563.652 203.301 -159.09 108.864 1.329
-719.803 563.643 202.301 -159.084 109.096 1.331
-719.81 563.634 201.301 -159.084 109.096 1.331
-719.817 563.624 200.301 -159.078 109.466 1.346
-719.824 563.615 199.301 -159.078 109.466 1.346
-719.832 563.606 198.301 -159.068 109.744 1.34
-719.839 563.596 197.301 -159.053 110.066 1.335
-719.846 563.587 196.302 -159.053 110.066 1.335
-719.854 563.578 195.302 -159.04 110.392 1.329
-719.861 563.568 194.302 -159.04 110.392 1.329
-719.868 563.559 193.302 -159.03 110.669 1.314
-719.876 563.55 192.302 -159.024 110.899 1.311
-719.883 563.54 191.302 -159.024 110.899 1.311
-719.89 563.531 190.302 -159.017 111.251 1.331
-719.898 563.522 189.302 -159.017 111.251 1.331
-719.905 563.512 188.302 -159.01 111.498 1.337
-719.912 563.503 187.302 -159 111.832 1.33
-719.92 563.494 186.302 -159 111.832 1.33
-719.927 563.484 185.302 -158.991 112.097 1.306
-719.934 563.475 184.302 -158.991 112.097 1.306
-719.941 563.466 183.302 -158.991 112.097 1.306
-719.949 563.456 182.302 -158.991 112.097 1.306
-719.956 563.447 181.303 -158.991 112.097 1.306
-719.963 563.438 180.303 -158.991 112.097 1.306
-719.971 563.428 179.303 -158.991 112.097 1.306
-719.978 563.419 178.303 -158.991 112.097 1.306
-719.985 563.41 177.303 -158.991 112.097 1.306
-719.993 563.4 176.303 -158.991 112.097 1.306
-720 563.391 175.303 -158.991 112.097 1.306
-720.007 563.382 174.303 -158.991 112.097 1.306
-720.015 563.372 173.303 -158.991 112.097 1.306
-720.022 563.363 172.303 -158.991 112.097 1.306
-720.029 563.353 171.303 -158.991 112.097 1.306
-720.037 563.344 170.303 -158.991 112.097 1.306
-720.044 563.335 169.303 -158.991 112.097 1.306
-720.051 563.325 168.303 -158.991 112.097 1.306
-720.058 563.316 167.304 -158.991 112.097 1.306
5
-713.935 575.594 383.738 -160.021 79.171 1.805
-713.94 575.581 382.738 -160.021 79.171 1.805
-713.945 575.567 381.738 -160.021 79.171 1.805
-713.95 575.554 380.739 -160.021 79.171 1.805
-713.955 575.541 379.739 -160.021 79.171 1.805
-713.96 575.527 378.739 -160.021 79.171 1.805
-713.964 575.514 377.739 -160.021 79.171 1.805
-713.969 575.5 376.739 -160.021 79.171 1.805
-713.974 575.487 375.739 -160.021 79.171 1.805
-713.979 575.474 374.739 -160.021 79.171 1.805
-713.984 575.46 373.739 -160.021 79.171 1.805
-713.989 575.447 372.739 -160.021 79.171 1.805
-713.994 575.434 371.739 -160.021 79.171 1.805
-713.999 575.42 370.74 -160.021 79.171 1.805
-714.004 575.407 369.74 -160.021 79.171 1.805
-714.009 575.393 368.74 -160.021 79.171 1.805
-714.014 575.38 367.74 -160.021 79.171 1.805
-714.019 575.367 366.74 -160.021 79.171 1.805
-714.024 575.353 365.74 -160.021 79.171 1.805
-714.029 575.34 364.74 -160.021 79.171 1.805
-714.034 575.326 363.74 -160.021 79.171 1.805
-714.039 575.313 362.74 -160.021 79.171 1.805
-714.044 575.3 361.74 -160.043 79.421 1.823
-714.049 575.286 360.741 -160.034 79.697 1.82
-714.054 575.273 359.741 -160.034 79.697 1.82
-714.059 575.26 358.741 -160.025 79.951 1.811
-714.064 575.246 357.741 -160.019 80.21 1.814
-714.069 575.233 356.741 -160.01 80.452 1.797
-714.074 575.219 355.741 -160.01 80.452 1.797
-714.079 575.206 354.741 -159.994 80.793 1.783
-714.084 575.193 353.741 -159.994 80.793 1.783
-714.089 575.179 352.741 -159.978 81.242 1.762
-714.094 575.166 351.742 -159.978 81.242 1.762
-714.099 575.152 350.742 -159.968 81.564 1.753
-714.104 575.139 349.742 -159.961 81.843 1.748
-714.109 575.126 348.742 -159.961 81.843 1.748
-714.114 575.112 347.742 -159.949 82.122 1.735
-714.119 575.099 346.742 -159.939 82.354 1.734
-714.124 575.086 345.742 -159.931 82.586 1.736
-714.129 575.072 344.742 -159.931 82.586 1.736
-714.134 575.059 343.742 -159.919 82.909 1.735
-714.139 575.045 342.742 -159.908 83.186 1.73
-714.144 575.032 341.743 -159.908 83.186 1.73
-714.148 575.019 340.743 -159.898 83.463 1.718
-714.153 575.005 339.743 -159.889 83.742 1.711
-714.158 574.992 338.743 -159.889 83.742 1.711
-714.163 574.979 337.743 -159.88 84.066 1.703
-714.168 574.965 336.743 -159.871 84.388 1.69
-714.173 574.952 335.743 -159.871 84.388 1.69
-714.178 574.938 334.743 -159.861 84.712 1.68
-714.183 574.925 333.743 -159.861 84.712 1.68
-714.188 574.912 332.743 -159.851 84.99 1.673
-714.193 574.898 331.744 -159.843 85.222 1.669
-714.198 574.885 330.744 -159.835 85.455 1.671
-714.203 574.871 329.744 -159.826 85.687 1.675
-714.208 574.858 328.744 -159.826 85.687 1.675
-714.213 574.845 327.744 -159.816 85.966 1.671
-714.218 574.831 326.744 -159.808 86.196 1.657
-714.223 574.818 325.744 -159.802 86.473 1.66
-714.228 574.805 324.744 -159.802 86.473 1.66
-714.233 574.791 323.744 -159.792 86.797 1.653
-714.238 574.778 322.744 -159.792 86.797 1.653
-714.243 574.764 321.745 -159.783 87.074 1.644
-714.248 574.751 320.745 -159.773 87.35 1.636
-714.253 574.738 319.745 -159.763 87.627 1.628
-714.258 574.724 318.745 -159.763 87.627 1.628
-714.263 574.711 317.745 -159.753 87.906 1.622
-714.268 574.698 316.745 -159.744 88.183 1.619
-714.273 574.684 315.745 -159.744 88.183 1.619
-714.278 574.671 314.745 -159.735 88.507 1.619
-714.283 574.657 313.745 -159.735 88.507 1.619
-714.288 574.644 312.745 -159.725 88.831 1.607
-714.293 574.631 311.746 -159.718 89.11 1.599
-714.298 574.617 310.746 -159.718 89.11 1.599
-714.303 574.604 309.746 -159.708 89.434 1.593
-714.308 574.59 308.746 -159.699 89.71 1.59
-714.313 574.577 307.746 -159.699 89.71 1.59
-714.318 574.564 306.746 -159.687 90.033 1.58
-714.323 574.55 305.746 -159.677 90.311 1.57
-714.328 574.537 304.746 -159.677 90.311 1.57
-714.332 574.524 303.746 -159.669 90.589 1.574
-714.337 574.51 302.747 -159.662 90.867 1.574
-714.342 574.497 301.747 -159.662 90.867 1.574
-714.347 574.483 300.747 -159.65 91.236 1.56
-714.352 574.47 299.747 -159.65 91.236 1.56
-714.357 574.457 298.747 -159.641 91.607 1.56
-714.362 574.443 297.747 -159.641 91.607 1.56
-714.367 574.43 296.747 -159.631 91.93 1.55
-714.372 574.416 295.747 -159.623 92.162 1.539
-714.377 574.403 294.747 -159.623 92.162 1.539
-714.382 574.39 293.747 -159.613 92.486 1.54
-714.387 574.376 292.748 -159.601 92.809 1.534
-714.392 574.363 291.748 -159.601 92.809 1.534
-714.397 574.35 290.748 -159.594 93.042 1.531
-714.402 574.336 289.748 -159.588 93.274 1.531
-714.407 574.323 288.748 -159.58 93.505 1.533
-714.412 574.309 287.748 -159.58 93.505 1.533
-714.417 574.296 286.748 -159.571 93.782 1.528
-714.422 574.283 285.748 -159.562 94.105 1.514
-714.427 574.269 284.748 -159.562 94.105 1.514
-714.432 574.256 283.748 -159.555 94.337 1.51
-714.437 574.243 282.749 -159.547 94.615 1.505
-714.442 574.229 281.749 -159.541 94.894 1.502
-714.447 574.216 280.749 -159.541 94.894 1.502
-714.452 574.202 279.749 -159.529 95.171 1.488
-714.457 574.189 278.749 -159.52 95.448 1.488
-714.462 574.176 277.749 -159.52 95.448 1.488
-714.467 574.162 276.749 -159.512 95.725 1.491
-714.472 574.149 275.749 -159.505 96.003 1.49
-714.477 574.135 274.749 -159.505 96.003 1.49
-714.482 574.122 273.749 -159.497 96.235 1.486
-714.487 574.109 272.75 -159.488 96.513 1.479
-714.492 574.095 271.75 -159.482 96.789 1.481
-714.497 574.082 270.75 -159.482 96.789 1.481
-714.502 574.069 269.75 -159.471 97.111 1.466
-714.507 574.055 268.75 -159.465 97.343 1.461
-714.511 574.042 267.75 -159.465 97.343 1.461
-714.516 574.028 266.75 -159.454 97.621 1.455
-714.521 574.015 265.75 -159.445 97.944 1.45
-714.526 574.002 264.75 -159.445 97.944 1.45
-714.531 573.988 263.75 -159.439 98.223 1.454
-714.536 573.975 262.751 -159.432 98.455 1.454
-714.541 573.962 261.751 -159.432 98.455 1.454
-714.546 573.948 260.751 -159.419 98.778 1.442
-714.551 573.935 259.751 -159.412 99.009 1.44
-714.556 573.921 258.751 -159.412 99.009 1.44
-714.561 573.908 257.751 -159.402 99.38 1.442
-714.566 573.895 256.751 -159.402 99.38 1.442
-714.571 573.881 255.751 -159.39 99.703 1.432
-714.576 573.868 254.751 -159.379 99.98 1.426
-714.581 573.854 253.752 -159.379 99.98 1.426
-714.586 573.841 252.752 -159.371 100.212 1.428
-714.591 573.828 251.752 -159.364 100.49 1.428
-714.596 573.814 250.752 -159.364 100.49 1.428
-714.601 573.801 249.752 -159.35 100.952 1.42
-714.606 573.788 248.752 -159.35 100.952 1.42
-714.611 573.774 247.752 -159.341 101.23 1.417
-714.616 573.761 246.752 -159.341 101.23 1.417
-714.621 573.747 245.752 -159.328 101.554 1.404
-714.626 573.734 244.752 -159.323 101.832 1.405
-714.631 573.721 243.753 -159.323 101.832 1.405
-714.636 573.707 242.753 -159.316 102.064 1.402
-714.641 573.694 241.753 -159.306 102.342 1.39
-714.646 573.68 240.753 -159.299 102.574 1.393
-714.651 573.667 239.753 -159.299 102.574 1.393
-714.656 573.654 238.753 -159.29 102.851 1.398
-714.661 573.64 237.753 -159.278 103.174 1.385
-714.666 573.627 236.753 -159.278 103.174 1.385
-714.671 573.614 235.753 -159.273 103.405 1.387
-714.676 573.6 234.753 -159.266 103.728 1.389
-714.681 573.587 233.754 -159.266 103.728 1.389
-714.686 573.573 232.754 -159.254 104.051 1.375
-714.691 573.56 231.754 -159.254 104.051 1.375
-714.695 573.547 230.754 -159.242 104.374 1.373
-714.7 573.533 229.754 -159.233 104.606 1.371
-714.705 573.52 228.754 -159.233 104.606 1.371
-714.71 573.507 227.754 -159.225 104.838 1.37
-714.715 573.493 226.754 -159.219 105.07 1.374
-714.72 573.48 225.754 -159.211 105.348 1.376
-714.725 573.466 224.754 -159.211 105.348 1.376
-714.73 573.453 223.755 -159.202 105.624 1.372
-714.735 573.44 222.755 -159.194 105.856 1.368
-714.74 573.426 221.755 -159.187 106.089 1.365
-714.745 573.413 220.755 -159.187 106.089 1.365
-714.75 573.399 219.755 -159.175 106.414 1.362
-714.755 573.386 218.755 -159.175 106.414 1.362
-714.76 573.373 217.755 -159.16 106.737 1.353
-714.765 573.359 216.755 -159.151 107.058 1.358
-714.77 573.346 215.755 -159.151 107.058 1.358
-714.775 573.333 214.755 -159.144 107.336 1.357
-714.78 573.319 213.756 -159.144 107.336 1.357
-714.785 573.306 212.756 -159.135 107.661 1.346
-714.79 573.292 211.756 -159.126 107.938 1.346
-714.795 573.279 210.756 -159.126 107.938 1.346
-714.8 573.266 209.756 -159.12 108.17 1.344
-714.805 573.252 208.756 -159.107 108.494 1.34
-714.81 573.239 207.756 -159.107 108.494 1.34
-714.815 573.226 206.756 -159.099 108.725 1.336
-714.82 573.212 205.756 -159.088 109.003 1.333
-714.825 573.199 204.756 -159.088 109.003 1.333
-714.83 573.185 203.757 -159.08 109.281 1.338
-714.835 573.172 202.757 -159.072 109.559 1.341
-714.84 573.159 201.757 -159.072 109.559 1.341
-714.845 573.145 200.757 -159.059 109.882 1.33
-714.85 573.132 199.757 -159.059 109.882 1.33
-714.855 573.118 198.757 -159.047 110.251 1.333
-714.86 573.105 197.757 -159.047 110.251 1.333
-714.865 573.092 196.757 -159.037 110.53 1.326
-714.87 573.078 195.757 -159.027 110.808 1.319
-714.875 573.065 194.758 -159.027 110.808 1.319
-714.879 573.052 193.758 -159.019 111.166 1.33
-714.884 573.038 192.758 -159.019 111.166 1.33
-714.889 573.025 191.758 -159.011 111.419 1.328
-714.894 573.011 190.758 -159.004 111.654 1.329
-714.899 572.998 189.758 -158.997 111.959 1.321
-714.904 572.985 188.758 -158.997 111.959 1.321
-714.909 572.971 187.758 -158.997 111.959 1.321
-714.914 572.958 186.758 -158.997 111.959 1.321
-714.919 572.944 185.758 -158.997 111.959 1.321
-714.924 572.931 184.759 -158.997 111.959 1.321
-714.929 572.918 183.759 -158.997 111.959 1.321
-714.934 572.904 182.759 -158.997 111.959 1.321
-714.939 572.891 181.759 -158.997 111.959 1.321
-714.944 572.878 180.759 -158.997 111.959 1.321
-714.949 572.864 179.759 -158.997 111.959 1.321
-714.954 572.851 178.759 -158.997 111.959 1.321
-714.959 572.837 177.759 -158.997 111.959 1.321
-714.964 572.824 176.759 -158.997 111.959 1.321
-714.969 572.811 175.759 -158.997 111.959 1.321
-714.974 572.797 174.76 -158.997 111.959 1.321
-714.979 572.784 173.76 -158.997 111.959 1.321
-714.984 572.771 172.76 -158.997 111.959 1.321
-714.989 572.757 171.76 -158.997 111.959 1.321
-714.994 572.744 170.76 -158.997 111.959 1.321
-714.999 572.73 169.76 -158.997 111.959 1.321
-715.004 572.717 168.76 -158.997 111.959 1.321
6
-715.668 565.183 380.525 -160.02 79.173 1.806
-715.678 565.175 379.525 -160.02 79.173 1.806
-715.687 565.166 378.525 -160.02 79.173 1.806
-715.697 565.157 377.525 -160.02 79.173 1.806
-715.707 565.149 376.525 -160.02 79.173 1.806
-715.716 565.14 375.525 -160.02 79.173 1.806
-715.726 565.131 374.525 -160.02 79.173 1.806
-715.736 565.123 373.525 -160.02 79.173 1.806
-715.745 565.114 372.525 -160.02 79.173 1.806
-715.755 565.105 371.525 -160.02 79.173 1.806
-715.764 565.096 370.525 -160.02 79.173 1.806
-715.774 565.088 369.526 -160.02 79.173 1.806
-715.784 565.079 368.526 -160.02 79.173 1.806
-715.793 565.07 367.526 -160.02 79.173 1.806
-715.803 565.062 366.526 -160.02 79.173 1.806
-715.812 565.053 365.526 -160.02 79.173 1.806
-715.822 565.044 364.526 -160.02 79.173 1.806
-715.832 565.035 363.526 -160.043 79.403 1.822
-715.841 565.027 362.526 -160.043 79.403 1.822
-715.851 565.018 361.526 -160.035 79.642 1.824
-715.86 565.009 360.526 -160.027 79.882 1.815
-715.87 565.001 359.526 -160.022 80.13 1.823
-715.88 564.992 358.526 -160.022 80.13 1.823
-715.889 564.983 357.527 -160.012 80.448 1.806
-715.899 564.974 356.527 -160.001 80.748 1.792
-715.908 564.966 355.527 -160.001 80.748 1.792
-715.918 564.957 354.527 -159.986 81.105 1.769
-715.928 564.948 353.527 -159.986 81.105 1.769
-715.937 564.94 352.527 -159.977 81.378 1.762
-715.947 564.931 351.527 -159.967 81.609 1.749
-715.956 564.922 350.527 -159.958 81.888 1.742
-715.966 564.914 349.527 -159.958 81.888 1.742
-715.976 564.905 348.527 -159.942 82.214 1.726
-715.985 564.896 347.527 -159.942 82.214 1.726
-715.995 564.887 346.527 -159.934 82.493 1.736
-716.005 564.879 345.528 -159.925 82.724 1.736
-716.014 564.87 344.528 -159.912 83.092 1.737
-716.024 564.861 343.528 -159.912 83.092 1.737
-716.033 564.853 342.528 -159.903 83.37 1.729
-716.043 564.844 341.528 -159.903 83.37 1.729
-716.053 564.835 340.528 -159.895 83.65 1.718
-716.062 564.826 339.528 -159.895 83.65 1.718
-716.072 564.818 338.528 -159.878 84.248 1.691
-716.081 564.809 337.528 -159.878 84.248 1.691
-716.091 564.8 336.528 -159.864 84.618 1.679
-716.101 564.792 335.528 -159.864 84.618 1.679
-716.11 564.783 334.528 -159.851 84.945 1.668
-716.12 564.774 333.529 -159.851 84.945 1.668
-716.129 564.765 332.529 -159.838 85.318 1.669
-716.139 564.757 331.529 -159.838 85.318 1.669
-716.149 564.748 330.529 -159.83 85.55 1.676
-716.158 564.739 329.529 -159.821 85.78 1.679
-716.168 564.731 328.529 -159.821 85.78 1.679
-716.177 564.722 327.529 -159.81 86.103 1.669
-716.187 564.713 326.529 -159.804 86.381 1.662
-716.197 564.704 325.529 -159.801 86.612 1.66
-716.206 564.696 324.529 -159.801 86.612 1.66
-716.216 564.687 323.529 -159.791 86.889 1.649
-716.225 564.678 322.529 -159.791 86.889 1.649
-716.235 564.67 321.53 -159.773 87.302 1.628
-716.245 564.661 320.53 -159.763 87.58 1.622
-716.254 564.652 319.53 -159.763 87.58 1.622
-716.264 564.644 318.53 -159.753 87.86 1.616
-716.273 564.635 317.53 -159.753 87.86 1.616
-716.283 564.626 316.53 -159.744 88.184 1.62
-716.293 564.617 315.53 -159.736 88.507 1.625
-716.302 564.609 314.53 -159.736 88.507 1.625
-716.312 564.6 313.53 -159.727 88.784 1.615
-716.322 564.591 312.53 -159.72 89.063 1.604
-716.331 564.583 311.53 -159.72 89.063 1.604
-716.341 564.574 310.53 -159.712 89.388 1.59
-716.35 564.565 309.531 -159.712 89.388 1.59
-716.36 564.556 308.531 -159.705 89.664 1.589
-716.37 564.548 307.531 -159.693 89.939 1.579
-716.379 564.539 306.531 -159.682 90.171 1.567
-716.389 564.53 305.531 -159.682 90.171 1.567
-716.398 564.522 304.531 -159.672 90.45 1.566
-716.408 564.513 303.531 -159.666 90.683 1.573
-716.418 564.504 302.531 -159.666 90.683 1.573
-716.427 564.495 301.531 -159.656 91.054 1.574
-716.437 564.487 300.531 -159.646 91.375 1.562
-716.446 564.478 299.531 -159.646 91.375 1.562
-716.456 564.469 298.532 -159.639 91.698 1.56
-716.466 564.461 297.532 -159.639 91.698 1.56
-716.475 564.452 296.532 -159.632 91.93 1.548
-716.485 564.443 295.532 -159.623 92.162 1.533
-716.494 564.435 294.532 -159.615 92.44 1.536
-716.504 564.426 293.532 -159.615 92.44 1.536
-716.514 564.417 292.532 -159.602 92.763 1.529
-716.523 564.408 291.532 -159.594 92.994 1.529
-716.533 564.4 290.532 -159.594 92.994 1.529
-716.542 564.391 289.532 -159.585 93.32 1.534
-716.552 564.382 288.532 -159.585 93.32 1.534
-716.562 564.374 287.532 -159.577 93.644 1.539
-716.571 564.365 286.533 -159.565 94.012 1.524
-716.581 564.356 285.533 -159.565 94.012 1.524
-716.591 564.347 284.533 -159.553 94.382 1.511
-716.6 564.339 283.533 -159.553 94.382 1.511
-716.61 564.33 282.533 -159.546 94.614 1.501
-716.619 564.321 281.533 -159.541 94.846 1.497
-716.629 564.313 280.533 -159.541 94.846 1.497
-716.639 564.304 279.533 -159.531 95.125 1.483
-716.648 564.295 278.533 -159.519 95.448 1.486
-716.658 564.286 277.533 -159.519 95.448 1.486
-716.667 564.278 276.533 -159.51 95.724 1.494
-716.677 564.269 275.533 -159.504 95.956 1.497
-716.687 564.26 274.534 -159.504 95.956 1.497
-716.696 564.252 273.534 -159.497 96.236 1.492
-716.706 564.243 272.534 -159.489 96.468 1.485
-716.715 564.234 271.534 -159.484 96.744 1.48
-716.725 564.225 270.534 -159.484 96.744 1.48
-716.735 564.217 269.534 -159.47 97.111 1.462
-716.744 564.208 268.534 -159.47 97.111 1.462
-716.754 564.199 267.534 -159.459 97.434 1.451
-716.763 564.191 266.534 -159.452 97.666 1.449
-716.773 564.182 265.534 -159.452 97.666 1.449
-716.783 564.173 264.534 -159.446 97.945 1.449
-716.792 564.165 263.534 -159.44 98.178 1.457
-716.802 564.156 262.535 -159.44 98.178 1.457
-716.811 564.147 261.535 -159.429 98.501 1.462
-716.821 564.138 260.535 -159.418 98.778 1.449
-716.831 564.13 259.535 -159.418 98.778 1.449
-716.84 564.121 258.535 -159.411 99.055 1.444
-716.85 564.112 257.535 -159.406 99.288 1.442
-716.86 564.104 256.535 -159.406 99.288 1.442
-716.869 564.095 255.535 -159.393 99.657 1.429
-716.879 564.086 254.535 -159.393 99.657 1.429
-716.888 564.077 253.535 -159.38 99.933 1.424
-716.898 564.069 252.535 -159.37 100.212 1.426
-716.908 564.06 251.535 -159.37 100.212 1.426
-716.917 564.051 250.536 -159.363 100.49 1.429
-716.927 564.043 249.536 -159.355 100.815 1.429
-716.936 564.034 248.536 -159.355 100.815 1.429
-716.946 564.025 247.536 -159.347 101.092 1.425
-716.956 564.016 246.536 -159.347 101.092 1.425
-716.965 564.008 245.536 -159.335 101.414 1.405
-716.975 563.999 244.536 -159.325 101.784 1.402
-716.984 563.99 243.536 -159.325 101.784 1.402
-716.994 563.982 242.536 -159.317 102.017 1.398
-717.004 563.973 241.536 -159.309 102.251 1.385
-717.013 563.964 240.536 -159.309 102.251 1.385
-717.023 563.956 239.536 -159.3 102.483 1.386
-717.032 563.947 238.537 -159.3 102.483 1.386
-717.042 563.938 237.537 -159.287 102.898 1.403
-717.052 563.929 236.537 -159.278 103.174 1.391
-717.061 563.921 235.537 -159.278 103.174 1.391
-717.071 563.912 234.537 -159.27 103.635 1.392
-717.08 563.903 233.537 -159.27 103.635 1.392
-717.09 563.895 232.537 -159.261 103.912 1.379
-717.1 563.886 231.537 -159.261 103.912 1.379
-717.109 563.877 230.537 -159.247 104.235 1.373
-717.119 563.868 229.537 -159.247 104.235 1.373
-717.128 563.86 228.537 -159.234 104.514 1.37
-717.138 563.851 227.537 -159.225 104.793 1.369
-717.148 563.842 226.538 -159.225 104.793 1.369
-717.157 563.834 225.538 -159.22 105.025 1.373
-717.167 563.825 224.538 -159.217 105.256 1.383
-717.177 563.816 223.538 -159.217 105.256 1.383
-717.186 563.807 222.538 -159.206 105.576 1.376
-717.196 563.799 221.538 -159.193 105.9 1.369
-717.205 563.79 220.538 -159.193 105.9 1.369
-717.215 563.781 219.538 -159.193 105.9 1.369
-717.225 563.773 218.538 -159.172 106.46 1.355
-717.234 563.764 217.538 -159.172 106.46 1.355
-717.244 563.755 216.538 -159.16 106.738 1.346
-717.253 563.746 215.538 -159.16 106.738 1.346
-717.263 563.738 214.539 -159.16 106.738 1.346
-717.273 563.729 213.539 -159.16 106.738 1.346
-717.282 563.72 212.539 -159.16 106.738 1.346
-717.292 563.712 211.539 -159.114 108.31 1.337
-717.301 563.703 210.539 -159.114 108.31 1.337
-717.311 563.694 209.539 -159.114 108.31 1.337
-717.321 563.686 208.539 -159.114 108.31 1.337
-717.33 563.677 207.539 -159.114 108.31 1.337
-717.34 563.668 206.539 -159.114 108.31 1.337
-717.349 563.659 205.539 -159.1 108.633 1.334
-717.359 563.651 204.539 -159.087 108.957 1.33
-717.369 563.642 203.539 -159.087 108.957 1.33
-717.378 563.633 202.54 -159.087 108.957 1.33
-717.388 563.625 201.54 -159.075 109.512 1.347
-717.397 563.616 200.54 -159.075 109.512 1.347
-717.407 563.607 199.54 -159.065 109.79 1.34
-717.417 563.598 198.54 -159.065 109.79 1.34
-717.426 563.59 197.54 -159.053 110.113 1.335
-717.436 563.581 196.54 -159.053 110.113 1.335
-717.446 563.572 195.54 -159.042 110.391 1.329
-717.455 563.564 194.54 -159.033 110.623 1.316
-717.465 563.555 193.54 -159.033 110.623 1.316
-717.474 563.546 192.54 -159.022 110.988 1.316
-717.484 563.537 191.541 -159.022 110.988 1.316
-717.494 563.529 190.541 -159.014 111.251 1.329
-717.503 563.52 189.541 -159.008 111.499 1.336
-717.513 563.511 188.541 -159.008 111.499 1.336
-717.522 563.503 187.541 -159.001 111.798 1.331
-717.532 563.494 186.541 -158.994 112.072 1.309
-717.542 563.485 185.541 -158.994 112.072 1.309
-717.551 563.477 184.541 -158.994 112.072 1.309
-717.561 563.468 183.541 -158.994 112.072 1.309
-717.57 563.459 182.541 -158.994 112.072 1.309
-717.58 563.45 181.541 -158.994 112.072 1.309
-717.59 563.442 180.541 -158.994 112.072 1.309
-717.599 563.433 179.542 -158.994 112.072 1.309
-717.609 563.424 178.542 -158.994 112.072 1.309
-717.618 563.416 177.542 -158.994 112.072 1.309
-717.628 563.407 176.542 -158.994 112.072 1.309
-717.638 563.398 175.542 -158.994 112.072 1.309
-717.647 563.389 174.542 -158.994 112.072 1.309
-717.657 563.381 173.542 -158.994 112.072 1.309
-717.666 563.372 172.542 -158.994 112.072 1.309
-717.676 563.363 171.542 -158.994 112.072 1.309
-717.686 563.355 170.542 -158.994 112.072 1.309
-717.695 563.346 169.542 -158.994 112.072 1.309
-717.705 563.337 168.542 -158.994 112.072 1.309
-717.715 563.328 167.543 -158.994 112.072 1.309
-717.724 563.32 166.543 -158.994 112.072 1.309
-717.734 563.311 165.543 -158.994 112.072 1.309
7
-712.815 571.324 381.442 -160.019 79.172 1.808
-712.827 571.316 380.442 -160.019 79.172 1.808
-712.84 571.309 379.442 -160.019 79.172 1.808
-712.853 571.301 378.442 -160.019 79.172 1.808
-712.865 571.293 377.442 -160.019 79.172 1.808
-712.878 571.285 376.442 -160.019 79.172 1.808
-712.891 571.277 375.442 -160.019 79.172 1.808
-712.903 571.269 374.442 -160.019 79.172 1.808
-712.916 571.261 373.443 -160.019 79.172 1.808
-712.929 571.253 372.443 -160.019 79.172 1.808
-712.941 571.245 371.443 -160.019 79.172 1.808
-712.954 571.237 370.443 -160.019 79.172 1.808
-712.967 571.23 369.443 -160.019 79.172 1.808
-712.979 571.222 368.443 -160.019 79.172 1.808
-712.992 571.214 367.443 -160.019 79.172 1.808
-713.005 571.206 366.443 -160.019 79.172 1.808
-713.017 571.198 365.443 -160.019 79.172 1.808
-713.03 571.19 364.444 -160.019 79.172 1.808
-713.043 571.182 363.444 -160.019 79.172 1.808
-713.055 571.174 362.444 -160.045 79.403 1.824
-713.068 571.166 361.444 -160.045 79.403 1.824
-713.081 571.158 360.444 -160.037 79.641 1.825
-713.093 571.15 359.444 -160.027 79.915 1.817
-713.106 571.143 358.444 -160.022 80.169 1.822
-713.119 571.135 357.444 -160.014 80.408 1.806
-713.131 571.127 356.444 -160.014 80.408 1.806
-713.144 571.119 355.445 -160.003 80.706 1.79
-713.157 571.111 354.445 -160.003 80.706 1.79
-713.169 571.103 353.445 -159.987 81.06 1.768
-713.182 571.095 352.445 -159.977 81.377 1.759
-713.195 571.087 351.445 -159.977 81.377 1.759
-713.207 571.079 350.445 -159.968 81.608 1.749
-713.22 571.071 349.445 -159.968 81.608 1.749
-713.233 571.064 348.445 -159.943 82.216 1.73
-713.245 571.056 347.445 -159.943 82.216 1.73
-713.258 571.048 346.446 -159.934 82.494 1.738
-713.271 571.04 345.446 -159.934 82.494 1.738
-713.283 571.032 344.446 -159.923 82.77 1.738
-713.296 571.024 343.446 -159.914 83.046 1.738
-713.309 571.016 342.446 -159.906 83.278 1.731
-713.321 571.008 341.446 -159.906 83.278 1.731
-713.334 571 340.446 -159.898 83.556 1.718
-713.347 570.992 339.446 -159.89 83.881 1.71
-713.359 570.985 338.446 -159.89 83.881 1.71
-713.372 570.977 337.447 -159.877 84.248 1.69
-713.385 570.969 336.447 -159.877 84.248 1.69
-713.397 570.961 335.447 -159.868 84.525 1.683
-713.41 570.953 334.447 -159.859 84.805 1.674
-713.423 570.945 333.447 -159.859 84.805 1.674
-713.435 570.937 332.447 -159.851 85.038 1.671
-713.448 570.929 331.447 -159.842 85.27 1.672
-713.461 570.921 330.447 -159.83 85.548 1.677
-713.473 570.913 329.447 -159.821 85.78 1.678
-713.486 570.906 328.448 -159.821 85.78 1.678
-713.499 570.898 327.448 -159.809 86.15 1.663
-713.511 570.89 326.448 -159.809 86.15 1.663
-713.524 570.882 325.448 -159.804 86.428 1.659
-713.537 570.874 324.448 -159.796 86.75 1.653
-713.549 570.866 323.448 -159.796 86.75 1.653
-713.562 570.858 322.448 -159.786 87.025 1.641
-713.575 570.85 321.448 -159.775 87.303 1.631
-713.588 570.842 320.448 -159.775 87.303 1.631
-713.6 570.834 319.449 -159.762 87.674 1.624
-713.613 570.826 318.449 -159.762 87.674 1.624
-713.626 570.819 317.449 -159.75 87.952 1.623
-713.638 570.811 316.449 -159.738 88.322 1.621
-713.651 570.803 315.449 -159.738 88.322 1.621
-713.664 570.795 314.449 -159.73 88.6 1.618
-713.676 570.787 313.449 -159.722 88.878 1.608
-713.689 570.779 312.449 -159.722 88.878 1.608
-713.702 570.771 311.449 -159.716 89.157 1.599
-713.714 570.763 310.45 -159.716 89.157 1.599
-713.727 570.755 309.45 -159.708 89.526 1.593
-713.74 570.747 308.45 -159.698 89.801 1.583
-713.752 570.74 307.45 -159.698 89.801 1.583
-713.765 570.732 306.45 -159.686 90.078 1.574
-713.778 570.724 305.45 -159.674 90.404 1.568
-713.79 570.716 304.45 -159.674 90.404 1.568
-713.803 570.708 303.45 -159.667 90.637 1.576
-713.816 570.7 302.45 -159.659 90.916 1.577
-713.828 570.692 301.451 -159.659 90.916 1.577
-713.841 570.684 300.451 -159.649 91.192 1.564
-713.854 570.676 299.451 -159.641 91.56 1.558
-713.866 570.668 298.451 -159.641 91.56 1.558
-713.879 570.661 297.451 -159.635 91.838 1.551
-713.892 570.653 296.451 -159.635 91.838 1.551
-713.904 570.645 295.451 -159.625 92.161 1.532
-713.917 570.637 294.451 -159.616 92.439 1.537
-713.93 570.629 293.451 -159.616 92.439 1.537
-713.942 570.621 292.452 -159.605 92.716 1.532
-713.955 570.613 291.452 -159.593 93.041 1.533
-713.968 570.605 290.452 -159.593 93.041 1.533
-713.98 570.597 289.452 -159.583 93.321 1.536
-713.993 570.589 288.452 -159.577 93.553 1.539
-714.006 570.582 287.452 -159.577 93.553 1.539
-714.018 570.574 286.452 -159.564 93.967 1.524
-714.031 570.566 285.452 -159.564 93.967 1.524
-714.044 570.558 284.452 -159.557 94.243 1.51
-714.056 570.55 283.453 -159.55 94.521 1.504
-714.069 570.542 282.453 -159.55 94.521 1.504
-714.082 570.534 281.453 -159.544 94.8 1.498
-714.094 570.526 280.453 -159.536 95.032 1.488
-714.107 570.518 279.453 -159.523 95.356 1.486
-714.12 570.51 278.453 -159.523 95.356 1.486
-714.132 570.503 277.453 -159.511 95.725 1.496
-714.145 570.495 276.453 -159.511 95.725 1.496
-714.158 570.487 275.453 -159.504 95.957 1.495
-714.17 570.479 274.454 -159.495 96.283 1.487
-714.183 570.471 273.454 -159.495 96.283 1.487
-714.196 570.463 272.454 -159.487 96.606 1.48
-714.208 570.455 271.454 -159.487 96.606 1.48
-714.221 570.447 270.454 -159.473 97.064 1.462
-714.234 570.439 269.454 -159.473 97.064 1.462
-714.246 570.431 268.454 -159.465 97.341 1.456
-714.259 570.423 267.454 -159.457 97.574 1.452
-714.272 570.416 266.454 -159.457 97.574 1.452
-714.284 570.408 265.455 -159.449 97.851 1.451
-714.297 570.4 264.455 -159.439 98.223 1.459
-714.31 570.392 263.455 -159.439 98.223 1.459
-714.322 570.384 262.455 -159.425 98.594 1.454
-714.335 570.376 261.455 -159.425 98.594 1.454
-714.348 570.368 260.455 -159.414 98.917 1.44
-714.36 570.36 259.455 -159.414 98.917 1.44
-714.373 570.352 258.455 -159.409 99.148 1.44
-714.386 570.344 257.455 -159.403 99.379 1.439
-714.398 570.337 256.456 -159.395 99.61 1.43
-714.411 570.329 255.456 -159.395 99.61 1.43
-714.424 570.321 254.456 -159.379 99.979 1.426
-714.436 570.313 253.456 -159.379 99.979 1.426
-714.449 570.305 252.456 -159.369 100.305 1.435
-714.462 570.297 251.456 -159.361 100.584 1.433
-714.474 570.289 250.456 -159.361 100.584 1.433
-714.487 570.281 249.456 -159.352 100.908 1.426
-714.5 570.273 248.457 -159.352 100.908 1.426
-714.513 570.265 247.457 -159.339 101.276 1.416
-714.525 570.258 246.457 -159.339 101.276 1.416
-714.538 570.25 245.457 -159.329 101.552 1.401
-714.551 570.242 244.457 -159.324 101.831 1.402
-714.563 570.234 243.457 -159.324 101.831 1.402
-714.576 570.226 242.457 -159.314 102.157 1.394
-714.589 570.218 241.457 -159.302 102.436 1.388
-714.601 570.21 240.457 -159.302 102.436 1.388
-714.614 570.202 239.458 -159.295 102.667 1.398
-714.627 570.194 238.458 -159.286 102.944 1.401
-714.639 570.186 237.458 -159.286 102.944 1.401
-714.652 570.179 236.458 -159.277 103.22 1.388
-714.665 570.171 235.458 -159.272 103.496 1.389
-714.677 570.163 234.458 -159.272 103.496 1.389
-714.69 570.155 233.458 -159.264 103.818 1.385
-714.703 570.147 232.458 -159.264 103.818 1.385
-714.715 570.139 231.458 -159.247 104.188 1.372
-714.728 570.131 230.459 -159.237 104.467 1.37
-714.741 570.123 229.459 -159.237 104.467 1.37
-714.753 570.115 228.459 -159.227 104.747 1.37
-714.766 570.107 227.459 -159.22 104.979 1.374
-714.779 570.099 226.459 -159.22 104.979 1.374
-714.791 570.092 225.459 -159.214 105.302 1.382
-714.804 570.084 224.459 -159.214 105.302 1.382
-714.817 570.076 223.459 -159.2 105.669 1.372
-714.829 570.068 222.459 -159.193 105.901 1.367
-714.842 570.06 221.46 -159.193 105.901 1.367
-714.855 570.052 220.46 -159.184 106.135 1.36
-714.867 570.044 219.46 -159.184 106.135 1.36
-714.88 570.036 218.46 -159.165 106.599 1.351
-714.893 570.028 217.46 -159.165 106.599 1.351
-714.905 570.02 216.46 -159.154 106.921 1.353
-714.918 570.013 215.46 -159.15 107.196 1.363
-714.931 570.005 214.46 -159.15 107.196 1.363
-714.943 569.997 213.46 -159.142 107.474 1.355
-714.956 569.989 212.461 -159.142 107.474 1.355
-714.969 569.981 211.461 -159.127 107.984 1.346
-714.981 569.973 210.461 -159.127 107.984 1.346
-714.994 569.965 209.461 -159.118 108.217 1.341
-715.007 569.957 208.461 -159.118 108.217 1.341
-715.019 569.949 207.461 -159.105 108.495 1.335
-715.032 569.941 206.461 -159.096 108.773 1.332
-715.045 569.934 205.461 -159.088 109.004 1.333
-715.057 569.926 204.461 -159.088 109.004 1.333
-715.07 569.918 203.462 -159.079 109.373 1.342
-715.083 569.91 202.462 -159.079 109.373 1.342
-715.095 569.902 201.462 -159.071 109.604 1.344
-715.108 569.894 200.462 -159.057 109.928 1.333
-715.121 569.886 199.462 -159.057 109.928 1.333
-715.133 569.878 198.462 -159.046 110.252 1.33
-715.146 569.87 197.462 -159.046 110.252 1.33
-715.159 569.862 196.462 -159.037 110.531 1.321
-715.171 569.855 195.462 -159.037 110.531 1.321
-715.184 569.847 194.463 -159.024 110.899 1.315
-715.197 569.839 193.463 -159.024 110.899 1.315
-715.209 569.831 192.463 -159.017 111.208 1.33
-715.222 569.823 191.463 -159.007 111.538 1.334
-715.235 569.815 190.463 -159.007 111.538 1.334
-715.247 569.807 189.463 -158.999 111.798 1.326
-715.26 569.799 188.463 -158.999 111.798 1.326
-715.273 569.791 187.463 -158.992 112.122 1.304
-715.285 569.783 186.463 -158.992 112.122 1.304
-715.298 569.776 185.464 -158.992 112.122 1.304
-715.311 569.768 184.464 -158.992 112.122 1.304
-715.323 569.76 183.464 -158.992 112.122 1.304
-715.336 569.752 182.464 -158.992 112.122 1.304
-715.349 569.744 181.464 -158.992 112.122 1.304
-715.361 569.736 180.464 -158.992 112.122 1.304
-715.374 569.728 179.464 -158.992 112.122 1.304
-715.387 569.72 178.464 -158.992 112.122 1.304
-715.399 569.712 177.464 -158.992 112.122 1.304
-715.412 569.704 176.465 -158.992 112.122 1.304
-715.425 569.696 175.465 -158.992 112.122 1.304
-715.438 569.689 174.465 -158.992 112.122 1.304
-715.45 569.681 173.465 -158.992 112.122 1.304
-715.463 569.673 172.465 -158.992 112.122 1.304
-715.476 569.665 171.465 -158.992 112.122 1.304
-715.488 569.657 170.465 -158.992 112.122 1.304
-715.501 569.649 169.465 -158.992 112.122 1.304
-715.514 569.641 168.465 -158.992 112.122 1.304
-715.526 569.633 167.466 -158.992 112.122 1.304
-715.539 569.625 166.466 -158.992 112.122 1.304
8
-716.667 574.103 382.706 -160.019 79.172 1.808
-716.675 574.097 381.706 -160.019 79.172 1.808
-716.683 574.091 380.706 -160.019 79.172 1.808
-716.691 574.085 379.706 -160.019 79.172 1.808
-716.699 574.079 378.706 -160.019 79.172 1.808
-716.708 574.072 377.706 -160.019 79.172 1.808
-716.716 574.066 376.706 -160.019 79.172 1.808
-716.724 574.06 375.706 -160.019 79.172 1.808
-716.732 574.054 374.706 -160.019 79.172 1.808
-716.74 574.048 373.707 -160.019 79.172 1.808
-716.749 574.042 372.707 -160.019 79.172 1.808
-716.757 574.036 371.707 -160.019 79.172 1.808
-716.765 574.03 370.707 -160.019 79.172 1.808
-716.773 574.024 369.707 -160.019 79.172 1.808
-716.781 574.018 368.707 -160.019 79.172 1.808
-716.789 574.012 367.707 -160.019 79.172 1.808
-716.798 574.005 366.707 -160.019 79.172 1.808
-716.806 573.999 365.707 -160.019 79.172 1.808
-716.814 573.993 364.707 -160.019 79.172 1.808
-716.822 573.987 363.707 -160.019 79.172 1.808
-716.83 573.981 362.707 -160.045 79.404 1.822
-716.838 573.975 361.707 -160.045 79.404 1.822
-716.847 573.969 360.707 -160.038 79.642 1.823
-716.855 573.963 359.707 -160.026 79.915 1.812
-716.863 573.957 358.707 -160.02 80.207 1.814
-716.871 573.951 357.707 -160.02 80.207 1.814
-716.879 573.944 356.707 -160.012 80.449 1.798
-716.888 573.938 355.707 -160.002 80.75 1.786
-716.896 573.932 354.708 -160.002 80.75 1.786
-716.904 573.926 353.708 -159.99 81.061 1.77
-716.912 573.92 352.708 -159.98 81.378 1.761
-716.92 573.914 351.708 -159.98 81.378 1.761
-716.928 573.908 350.708 -159.968 81.655 1.751
-716.937 573.902 349.708 -159.954 81.983 1.741
-716.945 573.896 348.708 -159.954 81.983 1.741
-716.953 573.89 347.708 -159.941 82.263 1.733
-716.961 573.883 346.708 -159.933 82.495 1.737
-716.969 573.877 345.708 -159.933 82.495 1.737
-716.978 573.871 344.708 -159.922 82.771 1.736
-716.986 573.865 343.708 -159.912 83.046 1.735
-716.994 573.859 342.708 -159.912 83.046 1.735
-717.002 573.853 341.708 -159.905 83.278 1.727
-717.01 573.847 340.708 -159.898 83.51 1.717
-717.018 573.841 339.708 -159.891 83.835 1.712
-717.027 573.835 338.708 -159.891 83.835 1.712
-717.035 573.829 337.708 -159.88 84.156 1.697
-717.043 573.822 336.708 -159.871 84.432 1.689
-717.051 573.816 335.708 -159.871 84.432 1.689
-717.059 573.81 334.709 -159.863 84.665 1.682
-717.068 573.804 333.709 -159.855 84.898 1.674
-717.076 573.798 332.709 -159.844 85.177 1.67
-717.084 573.792 331.709 -159.844 85.177 1.67
-717.092 573.786 330.709 -159.834 85.409 1.672
-717.1 573.78 329.709 -159.822 85.687 1.675
-717.108 573.774 328.709 -159.822 85.687 1.675
-717.117 573.768 327.709 -159.811 86.012 1.671
-717.125 573.761 326.709 -159.804 86.289 1.658
-717.133 573.755 325.709 -159.804 86.289 1.658
-717.141 573.749 324.709 -159.801 86.566 1.659
-717.149 573.743 323.709 -159.792 86.888 1.65
-717.157 573.737 322.709 -159.792 86.888 1.65
-717.166 573.731 321.709 -159.779 87.21 1.636
-717.174 573.725 320.709 -159.779 87.21 1.636
-717.182 573.719 319.709 -159.765 87.581 1.627
-717.19 573.713 318.709 -159.755 87.814 1.618
-717.198 573.707 317.709 -159.755 87.814 1.618
-717.207 573.7 316.709 -159.746 88.092 1.622
-717.215 573.694 315.71 -159.736 88.369 1.617
-717.223 573.688 314.71 -159.736 88.369 1.617
-717.231 573.682 313.71 -159.728 88.646 1.613
-717.239 573.676 312.71 -159.722 88.878 1.605
-717.247 573.67 311.71 -159.717 89.157 1.598
-717.256 573.664 310.71 -159.717 89.157 1.598
-717.264 573.658 309.71 -159.711 89.479 1.594
-717.272 573.652 308.71 -159.702 89.755 1.587
-717.28 573.646 307.71 -159.702 89.755 1.587
-717.288 573.639 306.71 -159.687 90.124 1.577
-717.297 573.633 305.71 -159.687 90.124 1.577
-717.305 573.627 304.71 -159.675 90.404 1.568
-717.313 573.621 303.71 -159.665 90.683 1.573
-717.321 573.615 302.71 -159.665 90.683 1.573
-717.329 573.609 301.71 -159.657 90.915 1.573
-717.337 573.603 300.71 -159.646 91.237 1.561
-717.346 573.597 299.71 -159.646 91.237 1.561
-717.354 573.591 298.71 -159.64 91.559 1.559
-717.362 573.585 297.71 -159.635 91.837 1.553
-717.37 573.578 296.711 -159.635 91.837 1.553
-717.378 573.572 295.711 -159.626 92.161 1.539
-717.386 573.566 294.711 -159.626 92.161 1.539
-717.395 573.56 293.711 -159.617 92.485 1.541
-717.403 573.554 292.711 -159.617 92.485 1.541
-717.411 573.548 291.711 -159.6 92.855 1.532
-717.419 573.542 290.711 -159.591 93.088 1.532
-717.427 573.536 289.711 -159.582 93.321 1.532
-717.436 573.53 288.711 -159.582 93.321 1.532
-717.444 573.524 287.711 -159.576 93.553 1.534
-717.452 573.517 286.711 -159.567 93.876 1.527
-717.46 573.511 285.711 -159.567 93.876 1.527
-717.468 573.505 284.711 -159.559 94.198 1.513
-717.476 573.499 283.711 -159.552 94.475 1.509
-717.485 573.493 282.711 -159.552 94.475 1.509
-717.493 573.487 281.711 -159.543 94.846 1.501
-717.501 573.481 280.711 -159.543 94.846 1.501
-717.509 573.475 279.711 -159.528 95.217 1.487
-717.517 573.469 278.711 -159.528 95.217 1.487
-717.526 573.463 277.712 -159.516 95.54 1.49
-717.534 573.456 276.712 -159.516 95.54 1.49
-717.542 573.45 275.712 -159.507 95.817 1.494
-717.55 573.444 274.712 -159.497 96.144 1.488
-717.558 573.438 273.712 -159.497 96.144 1.488
-717.566 573.432 272.712 -159.489 96.422 1.482
-717.575 573.426 271.712 -159.484 96.698 1.482
-717.583 573.42 270.712 -159.484 96.698 1.482
-717.591 573.414 269.712 -159.474 97.017 1.469
-717.599 573.408 268.712 -159.474 97.017 1.469
-717.607 573.402 267.712 -159.465 97.341 1.462
-717.615 573.395 266.712 -159.457 97.573 1.456
-717.624 573.389 265.712 -159.457 97.573 1.456
-717.632 573.383 264.712 -159.445 97.945 1.45
-717.64 573.377 263.712 -159.445 97.945 1.45
-717.648 573.371 262.712 -159.433 98.316 1.458
-717.656 573.365 261.712 -159.433 98.316 1.458
-717.665 573.359 260.712 -159.421 98.64 1.45
-717.673 573.353 259.712 -159.413 98.917 1.441
-717.681 573.347 258.713 -159.413 98.917 1.441
-717.689 573.341 257.713 -159.408 99.195 1.44
-717.697 573.334 256.713 -159.402 99.471 1.44
-717.705 573.328 255.713 -159.402 99.471 1.44
-717.714 573.322 254.713 -159.388 99.794 1.428
-717.722 573.316 253.713 -159.377 100.072 1.426
-717.73 573.31 252.713 -159.377 100.072 1.426
-717.738 573.304 251.713 -159.369 100.305 1.43
-717.746 573.298 250.713 -159.359 100.63 1.426
-717.755 573.292 249.713 -159.359 100.63 1.426
-717.763 573.286 248.713 -159.35 100.908 1.422
-717.771 573.28 247.713 -159.341 101.184 1.417
-717.779 573.273 246.713 -159.341 101.184 1.417
-717.787 573.267 245.713 -159.331 101.505 1.404
-717.795 573.261 244.713 -159.331 101.505 1.404
-717.804 573.255 243.713 -159.324 101.831 1.404
-717.812 573.249 242.713 -159.319 102.064 1.401
-717.82 573.243 241.713 -159.319 102.064 1.401
-717.828 573.237 240.713 -159.308 102.297 1.388
-717.836 573.231 239.713 -159.296 102.621 1.395
-717.845 573.225 238.714 -159.296 102.621 1.395
-717.853 573.219 237.714 -159.285 102.899 1.399
-717.861 573.212 236.714 -159.285 102.899 1.399
-717.869 573.206 235.714 -159.272 103.313 1.385
-717.877 573.2 234.714 -159.27 103.589 1.39
-717.885 573.194 233.714 -159.27 103.589 1.39
-717.894 573.188 232.714 -159.26 103.957 1.378
-717.902 573.182 231.714 -159.26 103.957 1.378
-717.91 573.176 230.714 -159.243 104.374 1.373
-717.918 573.17 229.714 -159.243 104.374 1.373
-717.926 573.164 228.714 -159.232 104.608 1.37
-717.934 573.158 227.714 -159.232 104.608 1.37
-717.943 573.151 226.714 -159.223 104.887 1.371
-717.951 573.145 225.714 -159.217 105.21 1.376
-717.959 573.139 224.714 -159.217 105.21 1.376
-717.967 573.133 223.714 -159.207 105.486 1.373
-717.975 573.127 222.714 -159.197 105.762 1.368
-717.984 573.121 221.714 -159.197 105.762 1.368
-717.992 573.115 220.714 -159.187 106.088 1.364
-718 573.109 219.715 -159.187 106.088 1.364
-718.008 573.103 218.715 -159.176 106.414 1.36
-718.016 573.097 217.715 -159.165 106.645 1.352
-718.024 573.091 216.715 -159.165 106.645 1.352
-718.033 573.084 215.715 -159.153 107.012 1.353
-718.041 573.078 214.715 -159.153 107.012 1.353
-718.049 573.072 213.715 -159.142 107.381 1.356
-718.057 573.066 212.715 -159.142 107.381 1.356
-718.065 573.06 211.715 -159.135 107.66 1.346
-718.074 573.054 210.715 -159.128 107.938 1.346
-718.082 573.048 209.715 -159.128 107.938 1.346
-718.09 573.042 208.715 -159.115 108.31 1.338
-718.098 573.036 207.715 -159.115 108.31 1.338
-718.106 573.03 206.715 -159.1 108.68 1.336
-718.114 573.023 205.715 -159.1 108.68 1.336
-718.123 573.017 204.715 -159.088 108.958 1.331
-718.131 573.011 203.715 -159.082 109.189 1.335
-718.139 573.005 202.715 -159.082 109.189 1.335
-718.147 572.999 201.715 -159.077 109.42 1.339
-718.155 572.993 200.716 -159.067 109.697 1.337
-718.163 572.987 199.716 -159.067 109.697 1.337
-718.172 572.981 198.716 -159.053 110.021 1.332
-718.18 572.975 197.716 -159.053 110.021 1.332
-718.188 572.969 196.716 -159.045 110.299 1.332
-718.196 572.962 195.716 -159.038 110.531 1.324
-718.204 572.956 194.716 -159.027 110.853 1.317
-718.213 572.95 193.716 -159.027 110.853 1.317
-718.221 572.944 192.716 -159.021 111.121 1.326
-718.229 572.938 191.716 -159.021 111.121 1.326
-718.237 572.932 190.716 -159.009 111.417 1.329
-718.245 572.926 189.716 -159.003 111.654 1.332
-718.253 572.92 188.716 -159.003 111.654 1.332
-718.262 572.914 187.716 -158.996 111.99 1.319
-718.27 572.908 186.716 -158.996 111.99 1.319
-718.278 572.901 185.716 -158.996 111.99 1.319
-718.286 572.895 184.716 -158.996 111.99 1.319
-718.294 572.889 183.716 -158.996 111.99 1.319
-718.303 572.883 182.716 -158.996 111.99 1.319
-718.311 572.877 181.717 -158.996 111.99 1.319
-718.319 572.871 180.717 -158.996 111.99 1.319
-718.327 572.865 179.717 -158.996 111.99 1.319
-718.335 572.859 178.717 -158.996 111.99 1.319
-718.343 572.853 177.717 -158.996 111.99 1.319
-718.352 572.847 176.717 -158.996 111.99 1.319
-718.36 572.84 175.717 -158.996 111.99 1.319
-718.368 572.834 174.717 -158.996 111.99 1.319
-718.376 572.828 173.717 -158.996 111.99 1.319
-718.384 572.822 172.717 -158.996 111.99 1.319
-718.392 572.816 171.717 -158.996 111.99 1.319
-718.401 572.81 170.717 -158.996 111.99 1.319
-718.409 572.804 169.717 -158.996 111.99 1.319
-718.417 572.798 168.717 -158.996 111.99 1.319
-718.425 572.792 167.717 -158.996 111.99 1.319
9
-714.524 569.1 380.891 -160.02 79.173 1.806
-714.536 569.091 379.891 -160.02 79.173 1.806
-714.547 569.082 378.891 -160.02 79.173 1.806
-714.558 569.073 377.891 -160.02 79.173 1.806
-714.569 569.064 376.892 -160.02 79.173 1.806
-714.58 569.055 375.892 -160.02 79.173 1.806
-714.591 569.046 374.892 -160.02 79.173 1.806
-714.602 569.037 373.892 -160.02 79.173 1.806
-714.614 569.028 372.892 -160.02 79.173 1.806
-714.625 569.019 371.892 -160.02 79.173 1.806
-714.636 569.01 370.892 -160.02 79.173 1.806
-714.647 569.001 369.892 -160.02 79.173 1.806
-714.658 568.992 368.892 -160.02 79.173 1.806
-714.669 568.983 367.892 -160.02 79.173 1.806
-714.68 568.974 366.893 -160.02 79.173 1.806
-714.692 568.965 365.893 -160.02 79.173 1.806
-714.703 568.956 364.893 -160.02 79.173 1.806
-714.714 568.947 363.893 -160.02 79.173 1.806
-714.725 568.938 362.893 -160.043 79.388 1.823
-714.736 568.929 361.893 -160.043 79.388 1.823
-714.747 568.92 360.893 -160.035 79.669 1.823
-714.758 568.911 359.893 -160.026 79.915 1.813
-714.769 568.902 358.893 -160.019 80.207 1.816
-714.781 568.893 357.893 -160.019 80.207 1.816
-714.792 568.884 356.894 -160.011 80.45 1.798
-714.803 568.875 355.894 -160.002 80.706 1.786
-714.814 568.866 354.894 -159.992 80.971 1.774
-714.825 568.857 353.894 -159.992 80.971 1.774
-714.836 568.848 352.894 -159.983 81.242 1.764
-714.847 568.839 351.894 -159.971 81.563 1.754
-714.859 568.83 350.894 -159.971 81.563 1.754
-714.87 568.821 349.894 -159.962 81.795 1.747
-714.881 568.812 348.894 -159.95 82.076 1.737
-714.892 568.803 347.894 -159.95 82.076 1.737
-714.903 568.794 346.895 -159.937 82.402 1.736
-714.914 568.785 345.895 -159.925 82.679 1.736
-714.925 568.776 344.895 -159.925 82.679 1.736
-714.937 568.767 343.895 -159.915 82.954 1.736
-714.948 568.758 342.895 -159.903 83.277 1.728
-714.959 568.749 341.895 -159.903 83.277 1.728
-714.97 568.74 340.895 -159.897 83.556 1.717
-714.981 568.731 339.895 -159.897 83.556 1.717
-714.992 568.722 338.895 -159.89 83.88 1.711
-715.003 568.713 337.896 -159.881 84.156 1.698
-715.015 568.704 336.896 -159.881 84.156 1.698
-715.026 568.695 335.896 -159.87 84.478 1.689
-715.037 568.686 334.896 -159.86 84.758 1.677
-715.048 568.677 333.896 -159.851 84.992 1.673
-715.059 568.668 332.896 -159.851 84.992 1.673
-715.07 568.659 331.896 -159.843 85.224 1.671
-715.081 568.65 330.896 -159.831 85.502 1.674
-715.093 568.641 329.896 -159.821 85.733 1.675
-715.104 568.633 328.896 -159.821 85.733 1.675
-715.115 568.624 327.897 -159.814 85.965 1.672
-715.126 568.615 326.897 -159.807 86.197 1.659
-715.137 568.606 325.897 -159.803 86.428 1.658
-715.148 568.597 324.897 -159.803 86.428 1.658
-715.159 568.588 323.897 -159.796 86.751 1.655
-715.17 568.579 322.897 -159.785 87.071 1.642
-715.182 568.57 321.897 -159.785 87.071 1.642
-715.193 568.561 320.897 -159.77 87.441 1.63
-715.204 568.552 319.897 -159.77 87.441 1.63
-715.215 568.543 318.897 -159.762 87.675 1.623
-715.226 568.534 317.898 -159.752 87.907 1.618
-715.237 568.525 316.898 -159.74 88.231 1.616
-715.248 568.516 315.898 -159.74 88.231 1.616
-715.26 568.507 314.898 -159.729 88.6 1.615
-715.271 568.498 313.898 -159.729 88.6 1.615
-715.282 568.489 312.898 -159.722 88.878 1.605
-715.293 568.48 311.898 -159.717 89.157 1.596
-715.304 568.471 310.898 -159.717 89.157 1.596
-715.315 568.462 309.898 -159.712 89.433 1.592
-715.326 568.453 308.898 -159.7 89.801 1.586
-715.338 568.444 307.899 -159.7 89.801 1.586
-715.349 568.435 306.899 -159.683 90.171 1.571
-715.36 568.426 305.899 -159.683 90.171 1.571
-715.371 568.417 304.899 -159.673 90.404 1.566
-715.382 568.408 303.899 -159.664 90.684 1.572
-715.393 568.399 302.899 -159.664 90.684 1.572
-715.404 568.39 301.899 -159.655 91.008 1.57
-715.416 568.381 300.899 -159.655 91.008 1.57
-715.427 568.372 299.899 -159.645 91.376 1.559
-715.438 568.363 298.899 -159.645 91.376 1.559
-715.449 568.354 297.9 -159.638 91.699 1.556
-715.46 568.345 296.9 -159.632 91.976 1.548
-715.471 568.336 295.9 -159.632 91.976 1.548
-715.482 568.327 294.9 -159.624 92.208 1.537
-715.494 568.318 293.9 -159.617 92.439 1.542
-715.505 568.309 292.9 -159.604 92.716 1.534
-715.516 568.3 291.9 -159.596 92.948 1.532
-715.527 568.291 290.9 -159.596 92.948 1.532
-715.538 568.282 289.9 -159.586 93.228 1.533
-715.549 568.273 288.901 -159.578 93.507 1.535
-715.56 568.264 287.901 -159.578 93.507 1.535
-715.572 568.255 286.901 -159.569 93.829 1.53
-715.583 568.246 285.901 -159.569 93.829 1.53
-715.594 568.237 284.901 -159.56 94.105 1.517
-715.605 568.228 283.901 -159.551 94.382 1.509
-715.616 568.219 282.901 -159.551 94.382 1.509
-715.627 568.21 281.901 -159.545 94.753 1.503
-715.638 568.201 280.901 -159.545 94.753 1.503
-715.649 568.192 279.901 -159.535 95.077 1.491
-715.661 568.183 278.902 -159.522 95.401 1.487
-715.672 568.174 277.902 -159.522 95.401 1.487
-715.683 568.165 276.902 -159.511 95.678 1.493
-715.694 568.156 275.902 -159.503 95.957 1.492
-715.705 568.147 274.902 -159.503 95.957 1.492
-715.716 568.138 273.902 -159.495 96.237 1.488
-715.727 568.129 272.902 -159.488 96.469 1.481
-715.739 568.12 271.902 -159.488 96.469 1.481
-715.75 568.111 270.902 -159.479 96.835 1.477
-715.761 568.102 269.902 -159.479 96.835 1.477
-715.772 568.093 268.903 -159.471 97.11 1.465
-715.783 568.084 267.903 -159.464 97.388 1.459
-715.794 568.075 266.903 -159.457 97.62 1.455
-715.805 568.066 265.903 -159.457 97.62 1.455
-715.817 568.057 264.903 -159.447 97.945 1.45
-715.828 568.048 263.903 -159.447 97.945 1.45
-715.839 568.039 262.903 -159.436 98.269 1.456
-715.85 568.03 261.903 -159.421 98.639 1.448
-715.861 568.021 260.903 -159.421 98.639 1.448
-715.872 568.012 259.903 -159.412 98.917 1.44
-715.883 568.003 258.904 -159.412 98.917 1.44
-715.895 567.994 257.904 -159.408 99.194 1.442
-715.906 567.985 256.904 -159.401 99.471 1.44
-715.917 567.976 255.904 -159.401 99.471 1.44
-715.928 567.967 254.904 -159.392 99.703 1.432
-715.939 567.958 253.904 -159.379 99.979 1.428
-715.95 567.949 252.904 -159.379 99.979 1.428
-715.961 567.94 251.904 -159.37 100.259 1.43
-715.973 567.931 250.904 -159.361 100.537 1.427
-715.984 567.922 249.905 -159.361 100.537 1.427
-715.995 567.913 248.905 -159.352 100.815 1.425
-716.006 567.904 247.905 -159.342 101.184 1.42
-716.017 567.895 246.905 -159.342 101.184 1.42
-716.028 567.886 245.905 -159.332 101.459 1.404
-716.039 567.877 244.905 -159.332 101.459 1.404
-716.05 567.868 243.905 -159.325 101.83 1.404
-716.062 567.859 242.905 -159.325 101.83 1.404
-716.073 567.85 241.905 -159.315 102.156 1.396
-716.084 567.841 240.905 -159.305 102.39 1.39
-716.095 567.832 239.906 -159.305 102.39 1.39
-716.106 567.823 238.906 -159.295 102.667 1.397
-716.117 567.814 237.906 -159.282 102.99 1.395
-716.128 567.805 236.906 -159.282 102.99 1.395
-716.14 567.796 235.906 -159.273 103.267 1.384
-716.151 567.787 234.906 -159.271 103.589 1.39
-716.162 567.778 233.906 -159.271 103.589 1.39
-716.173 567.769 232.906 -159.262 103.911 1.382
-716.184 567.76 231.906 -159.262 103.911 1.382
-716.195 567.751 230.906 -159.249 104.188 1.375
-716.206 567.742 229.907 -159.241 104.42 1.375
-716.218 567.733 228.907 -159.231 104.654 1.373
-716.229 567.724 227.907 -159.231 104.654 1.373
-716.24 567.715 226.907 -159.221 104.933 1.37
-716.251 567.706 225.907 -159.216 105.21 1.376
-716.262 567.698 224.907 -159.216 105.21 1.376
-716.273 567.689 223.907 -159.205 105.531 1.372
-716.284 567.68 222.907 -159.205 105.531 1.372
-716.296 567.671 221.907 -159.195 105.807 1.367
-716.307 567.662 220.907 -159.188 106.04 1.365
-716.318 567.653 219.908 -159.181 106.274 1.362
-716.329 567.644 218.908 -159.181 106.274 1.362
-716.34 567.635 217.908 -159.172 106.507 1.357
-716.351 567.626 216.908 -159.161 106.738 1.35
-716.362 567.617 215.908 -159.153 107.013 1.354
-716.374 567.608 214.908 -159.153 107.013 1.354
-716.385 567.599 213.908 -159.145 107.288 1.357
-716.396 567.59 212.908 -159.145 107.288 1.357
-716.407 567.581 211.908 -159.135 107.613 1.347
-716.418 567.572 210.909 -159.129 107.892 1.347
-716.429 567.563 209.909 -159.129 107.892 1.347
-716.44 567.554 208.909 -159.122 108.171 1.345
-716.452 567.545 207.909 -159.122 108.171 1.345
-716.463 567.536 206.909 -159.104 108.541 1.338
-716.474 567.527 205.909 -159.096 108.773 1.334
-716.485 567.518 204.909 -159.096 108.773 1.334
-716.496 567.509 203.909 -159.086 109.05 1.331
-716.507 567.5 202.909 -159.079 109.327 1.337
-716.518 567.491 201.909 -159.079 109.327 1.337
-716.529 567.482 200.91 -159.071 109.604 1.341
-716.541 567.473 199.91 -159.058 109.882 1.332
-716.552 567.464 198.91 -159.058 109.882 1.332
-716.563 567.455 197.91 -159.05 110.159 1.333
-716.574 567.446 196.91 -159.05 110.159 1.333
-716.585 567.437 195.91 -159.042 110.439 1.33
-716.596 567.428 194.91 -159.032 110.716 1.317
-716.607 567.419 193.91 -159.032 110.716 1.317
-716.619 567.41 192.91 -159.024 110.988 1.321
-716.63 567.401 191.91 -159.011 111.334 1.329
-716.641 567.392 190.911 -159.011 111.334 1.329
-716.652 567.383 189.911 -159.004 111.577 1.333
-716.663 567.374 188.911 -159.004 111.577 1.333
-716.674 567.365 187.911 -158.998 111.866 1.323
-716.685 567.356 186.911 -158.998 111.866 1.323
-716.697 567.347 185.911 -158.998 111.866 1.323
-716.708 567.338 184.911 -158.998 111.866 1.323
-716.719 567.329 183.911 -158.998 111.866 1.323
-716.73 567.32 182.911 -158.998 111.866 1.323
-716.741 567.311 181.911 -158.998 111.866 1.323
-716.752 567.302 180.912 -158.998 111.866 1.323
-716.763 567.293 179.912 -158.998 111.866 1.323
-716.775 567.284 178.912 -158.998 111.866 1.323
-716.786 567.275 177.912 -158.998 111.866 1.323
-716.797 567.266 176.912 -158.998 111.866 1.323
-716.808 567.257 175.912 -158.998 111.866 1.323
-716.819 567.248 174.912 -158.998 111.866 1.323
-716.83 567.239 173.912 -158.998 111.866 1.323
-716.841 567.23 172.912 -158.998 111.866 1.323
-716.853 567.221 171.913 -158.998 111.866 1.323
-716.864 567.212 170.913 -158.998 111.866 1.323
-716.875 567.203 169.913 -158.998 111.866 1.323
-716.886 567.194 168.913 -158.998 111.866 1.323
-716.897 567.185 167.913 -158.998 111.866 1.323
-716.908 567.176 166.913 -158.998 111.866 1.323
-716.919 567.167 165.913 -158.998 111.866 1.323
