1
-1364.85 316.017 63.0026 105.748 124.406 12.634
-1364.87 316 62.0028 105.748 124.406 12.634
-1364.88 315.984 61.0031 105.748 124.406 12.634
-1364.9 315.967 60.0033 105.748 124.406 12.634
-1364.91 315.95 59.0036 105.777 124.397 12.662
-1364.93 315.934 58.0038 105.777 124.397 12.662
-1364.95 315.917 57.0041 105.791 124.397 12.666
-1364.96 315.9 56.0044 105.791 124.397 12.666
-1364.98 315.884 55.0046 105.791 124.397 12.666
-1364.99 315.867 54.0049 105.791 124.397 12.666
-1365.01 315.85 53.0051 105.807 124.399 12.666
-1365.02 315.834 52.0054 105.807 124.399 12.666
-1365.04 315.817 51.0056 105.807 124.399 12.666
-1365.05 315.8 50.0059 105.807 124.399 12.666
-1365.07 315.784 49.0062 105.807 124.399 12.666
-1365.08 315.767 48.0064 105.807 124.399 12.666
-1365.1 315.751 47.0067 105.805 124.409 12.664
-1365.11 315.734 46.0069 105.805 124.409 12.664
-1365.13 315.717 45.0072 105.805 124.409 12.664
-1365.14 315.701 44.0074 105.809 124.409 12.664
-1365.16 315.684 43.0077 105.813 124.408 12.667
-1365.18 315.667 42.008 105.813 124.408 12.667
-1365.19 315.651 41.0082 105.817 124.405 12.671
-1365.21 315.634 40.0085 105.817 124.405 12.671
-1365.22 315.617 39.0087 105.817 124.405 12.674
-1365.24 315.601 38.009 105.816 124.406 12.672
-1365.25 315.584 37.0092 105.816 124.406 12.665
-1365.27 315.567 36.0095 105.815 124.406 12.669
-1365.28 315.551 35.0097 105.812 124.407 12.679
-1365.3 315.534 34.01 105.81 124.408 12.677
-1365.31 315.517 33.0103 105.81 124.408 12.677
-1365.33 315.501 32.0105 105.811 124.408 12.674
-1365.34 315.484 31.0108 105.813 124.408 12.675
-1365.36 315.467 30.011 105.813 124.408 12.677
-1365.37 315.451 29.0113 105.816 124.407 12.677
-1365.39 315.434 28.0115 105.819 124.405 12.676
-1365.41 315.417 27.0118 105.819 124.405 12.676
-1365.42 315.401 26.0121 105.822 124.404 12.672
-1365.44 315.384 25.0123 105.823 124.402 12.666
-1365.45 315.368 24.0126 105.822 124.402 12.668
-1365.47 315.351 23.0128 105.822 124.403 12.673
-1365.48 315.334 22.0131 105.82 124.404 12.67
-1365.5 315.318 21.0133 105.818 124.404 12.665
-1365.51 315.301 20.0136 105.818 124.404 12.663
-1365.53 315.284 19.0139 105.818 124.404 12.663
-1365.54 315.268 18.0141 105.816 124.405 12.662
-1365.56 315.251 17.0144 105.816 124.405 12.662
-1365.57 315.234 16.0146 105.816 124.404 12.66
-1365.59 315.218 15.0149 105.82 124.404 12.657
-1365.61 315.201 14.0151 105.818 124.403 12.657
-1365.62 315.184 13.0154 105.818 124.403 12.657
-1365.64 315.168 12.0156 105.817 124.403 12.665
-1365.65 315.151 11.0159 105.817 124.402 12.664
-1365.67 315.134 10.0162 105.816 124.404 12.665
-1365.68 315.118 9.01642 105.816 124.404 12.665
-1365.7 315.101 8.01668 105.814 124.406 12.67
-1365.71 315.084 7.01693 105.812 124.406 12.669
-1365.73 315.068 6.01719 105.812 124.406 12.669
-1365.74 315.051 5.01745 105.814 124.406 12.671
-1365.76 315.034 4.0177 105.816 124.407 12.669
-1365.77 315.018 3.01796 105.817 124.406 12.669
-1365.79 315.001 2.01822 105.818 124.405 12.674
-1365.8 314.984 1.01847 105.819 124.404 12.675
-1365.82 314.968 0.0187283 105.819 124.404 12.675
-1365.84 314.951 -0.981015 105.82 124.404 12.674
-1365.85 314.935 -1.98076 105.821 124.403 12.672
-1365.87 314.918 -2.9805 105.82 124.402 12.672
-1365.88 314.901 -3.98025 105.821 124.402 12.671
-1365.9 314.885 -4.97999 105.821 124.402 12.671
-1365.91 314.868 -5.97973 105.822 124.403 12.668
-1365.93 314.851 -6.97948 105.822 124.402 12.662
-1365.94 314.835 -7.97922 105.821 124.402 12.659
-1365.96 314.818 -8.97896 105.821 124.402 12.659
-1365.97 314.801 -9.97871 105.818 124.403 12.664
-1365.99 314.785 -10.9784 105.818 124.404 12.665
-1366 314.768 -11.9782 105.819 124.403 12.661
-1366.02 314.751 -12.9779 105.819 124.403 12.661
-1366.04 314.735 -13.9777 105.818 124.404 12.661
-1366.05 314.718 -14.9774 105.818 124.404 12.664
-1366.07 314.701 -15.9772 105.817 124.405 12.665
-1366.08 314.685 -16.9769 105.817 124.405 12.665
-1366.1 314.668 -17.9767 105.817 124.405 12.665
-1366.11 314.651 -18.9764 105.818 124.405 12.663
-1366.13 314.635 -19.9761 105.82 124.406 12.665
-1366.14 314.618 -20.9759 105.819 124.407 12.671
-1366.16 314.601 -21.9756 105.819 124.407 12.671
-1366.17 314.585 -22.9754 105.817 124.407 12.674
-1366.19 314.568 -23.9751 105.817 124.406 12.674
-1366.2 314.552 -24.9749 105.816 124.405 12.673
-1366.22 314.535 -25.9746 105.815 124.404 12.672
-1366.23 314.518 -26.9743 105.816 124.405 12.673
-1366.25 314.502 -27.9741 105.816 124.405 12.673
-1366.27 314.485 -28.9738 105.817 124.405 12.672
-1366.28 314.468 -29.9736 105.819 124.405 12.666
-1366.3 314.452 -30.9733 105.821 124.403 12.661
-1366.31 314.435 -31.9731 105.821 124.403 12.661
-1366.33 314.418 -32.9728 105.82 124.403 12.666
-1366.34 314.402 -33.9725 105.82 124.403 12.664
-1366.36 314.385 -34.9723 105.82 124.403 12.664
-1366.37 314.368 -35.972 105.821 124.403 12.662
-1366.39 314.352 -36.9718 105.821 124.403 12.661
-1366.4 314.335 -37.9715 105.82 124.403 12.662
-1366.42 314.318 -38.9713 105.819 124.403 12.662
-1366.43 314.302 -39.971 105.82 124.403 12.664
-1366.45 314.285 -40.9708 105.82 124.403 12.664
-1366.47 314.268 -41.9705 105.823 124.403 12.659
-1366.48 314.252 -42.9702 105.822 124.404 12.661
-1366.5 314.235 -43.97 105.821 124.404 12.663
-1366.51 314.218 -44.9697 105.82 124.404 12.666
-1366.53 314.202 -45.9695 105.82 124.404 12.666
-1366.54 314.185 -46.9692 105.82 124.405 12.666
-1366.56 314.169 -47.969 105.819 124.405 12.666
-1366.57 314.152 -48.9687 105.821 124.407 12.668
-1366.59 314.135 -49.9684 105.822 124.406 12.671
-1366.6 314.119 -50.9682 105.823 124.406 12.673
-1366.62 314.102 -51.9679 105.823 124.406 12.673
-1366.63 314.085 -52.9677 105.826 124.409 12.671
-1366.65 314.069 -53.9674 105.823 124.41 12.676
-1366.66 314.052 -54.9672 105.823 124.41 12.676
-1366.68 314.035 -55.9669 105.823 124.41 12.676
-1366.7 314.019 -56.9666 105.823 124.41 12.676
-1366.71 314.002 -57.9664 105.823 124.41 12.676
-1366.73 313.985 -58.9661 105.823 124.41 12.676
-1366.74 313.969 -59.9659 105.823 124.41 12.676
-1366.76 313.952 -60.9656 105.823 124.41 12.676
-1366.77 313.935 -61.9654 105.823 124.41 12.676
-1366.79 313.919 -62.9651 105.823 124.41 12.676
-1366.8 313.902 -63.9649 105.823 124.41 12.676
-1366.82 313.885 -64.9646 105.823 124.41 12.676
-1366.83 313.869 -65.9643 105.823 124.41 12.676
-1366.85 313.852 -66.9641 105.823 124.41 12.676
-1366.86 313.835 -67.9638 105.823 124.41 12.676
-1366.88 313.819 -68.9636 105.823 124.41 12.676
-1366.9 313.802 -69.9633 105.823 124.41 12.676
-1366.91 313.785 -70.9631 105.823 124.41 12.676
-1366.93 313.769 -71.9628 105.823 124.41 12.676
-1366.94 313.752 -72.9625 105.823 124.41 12.676
-1366.96 313.736 -73.9623 105.823 124.41 12.676
-1366.97 313.719 -74.962 105.823 124.41 12.676
-1366.99 313.702 -75.9618 105.823 124.41 12.676
-1367 313.686 -76.9615 105.823 124.41 12.676
-1367.02 313.669 -77.9613 105.823 124.41 12.676
-1367.03 313.652 -78.961 105.823 124.41 12.676
-1367.05 313.636 -79.9607 105.823 124.41 12.676
-1367.06 313.619 -80.9605 105.823 124.41 12.676
-1367.08 313.602 -81.9602 105.823 124.41 12.676
-1367.09 313.586 -82.96 105.823 124.41 12.676
-1367.11 313.569 -83.9597 105.823 124.41 12.676
-1367.13 313.552 -84.9595 105.823 124.41 12.676
-1367.14 313.536 -85.9592 105.823 124.41 12.676
-1367.16 313.519 -86.9589 105.823 124.41 12.676
-1367.17 313.502 -87.9587 105.823 124.41 12.676
-1367.19 313.486 -88.9584 105.823 124.41 12.676
-1367.2 313.469 -89.9582 105.823 124.41 12.676
-1367.22 313.452 -90.9579 105.823 124.41 12.676
-1367.23 313.436 -91.9577 105.823 124.41 12.676
2
-1368.13 319.656 63.0202 105.747 124.403 12.635
-1368.14 319.639 62.0205 105.747 124.403 12.635
-1368.15 319.622 61.0207 105.747 124.403 12.635
-1368.17 319.605 60.0209 105.747 124.403 12.635
-1368.18 319.588 59.0212 105.747 124.403 12.635
-1368.19 319.572 58.0214 105.747 124.403 12.635
-1368.21 319.555 57.0216 105.747 124.403 12.635
-1368.22 319.538 56.0218 105.747 124.403 12.635
-1368.23 319.521 55.0221 105.747 124.403 12.635
-1368.25 319.505 54.0223 105.781 124.399 12.668
-1368.26 319.488 53.0225 105.781 124.399 12.668
-1368.27 319.471 52.0228 105.793 124.398 12.67
-1368.29 319.454 51.023 105.793 124.398 12.67
-1368.3 319.438 50.0232 105.793 124.398 12.67
-1368.31 319.421 49.0235 105.793 124.398 12.67
-1368.33 319.404 48.0237 105.793 124.398 12.67
-1368.34 319.387 47.0239 105.811 124.409 12.671
-1368.35 319.37 46.0241 105.811 124.409 12.671
-1368.37 319.354 45.0244 105.811 124.409 12.671
-1368.38 319.337 44.0246 105.811 124.409 12.671
-1368.39 319.32 43.0248 105.811 124.409 12.671
-1368.41 319.303 42.0251 105.815 124.408 12.667
-1368.42 319.287 41.0253 105.814 124.407 12.667
-1368.43 319.27 40.0255 105.816 124.405 12.667
-1368.45 319.253 39.0258 105.816 124.405 12.667
-1368.46 319.236 38.026 105.818 124.405 12.671
-1368.47 319.22 37.0262 105.813 124.406 12.67
-1368.49 319.203 36.0264 105.812 124.406 12.665
-1368.5 319.186 35.0267 105.811 124.406 12.66
-1368.51 319.169 34.0269 105.811 124.408 12.665
-1368.53 319.153 33.0271 105.808 124.408 12.677
-1368.54 319.136 32.0274 105.808 124.408 12.677
-1368.55 319.119 31.0276 105.811 124.406 12.676
-1368.57 319.102 30.0278 105.813 124.405 12.677
-1368.58 319.085 29.0281 105.814 124.404 12.678
-1368.59 319.069 28.0283 105.814 124.404 12.678
-1368.61 319.052 27.0285 105.815 124.404 12.679
-1368.62 319.035 26.0287 105.818 124.405 12.677
-1368.63 319.018 25.029 105.817 124.404 12.674
-1368.65 319.002 24.0292 105.819 124.403 12.665
-1368.66 318.985 23.0294 105.819 124.403 12.665
-1368.67 318.968 22.0297 105.82 124.403 12.665
-1368.69 318.951 21.0299 105.819 124.404 12.671
-1368.7 318.935 20.0301 105.818 124.404 12.669
-1368.71 318.918 19.0304 105.818 124.403 12.666
-1368.73 318.901 18.0306 105.818 124.403 12.663
-1368.74 318.884 17.0308 105.818 124.403 12.663
-1368.75 318.868 16.031 105.816 124.403 12.663
-1368.77 318.851 15.0313 105.817 124.405 12.663
-1368.78 318.834 14.0315 105.817 124.405 12.663
-1368.79 318.817 13.0317 105.817 124.405 12.661
-1368.81 318.8 12.032 105.816 124.405 12.653
-1368.82 318.784 11.0322 105.814 124.405 12.656
-1368.83 318.767 10.0324 105.813 124.405 12.663
-1368.85 318.75 9.03266 105.814 124.405 12.664
-1368.86 318.733 8.03289 105.813 124.405 12.662
-1368.87 318.717 7.03312 105.813 124.405 12.662
-1368.89 318.7 6.03335 105.81 124.406 12.664
-1368.9 318.683 5.03358 105.81 124.407 12.669
-1368.91 318.666 4.03381 105.812 124.408 12.67
-1368.93 318.65 3.03404 105.812 124.407 12.672
-1368.94 318.633 2.03427 105.814 124.405 12.666
-1368.95 318.616 1.0345 105.814 124.405 12.666
-1368.97 318.599 0.0347281 105.817 124.405 12.669
-1368.98 318.583 -0.965042 105.818 124.404 12.677
-1368.99 318.566 -1.96481 105.818 124.404 12.677
-1369.01 318.549 -2.96458 105.819 124.404 12.676
-1369.02 318.532 -3.96435 105.82 124.404 12.673
-1369.03 318.515 -4.96412 105.819 124.403 12.673
-1369.05 318.499 -5.96389 105.82 124.402 12.673
-1369.06 318.482 -6.96366 105.82 124.402 12.673
-1369.08 318.465 -7.96343 105.822 124.403 12.673
-1369.09 318.448 -8.9632 105.819 124.403 12.667
-1369.1 318.432 -9.96297 105.82 124.401 12.657
-1369.12 318.415 -10.9627 105.819 124.402 12.663
-1369.13 318.398 -11.9625 105.819 124.402 12.663
-1369.14 318.381 -12.9623 105.82 124.403 12.666
-1369.16 318.365 -13.9621 105.818 124.403 12.662
-1369.17 318.348 -14.9618 105.814 124.403 12.661
-1369.18 318.331 -15.9616 105.814 124.403 12.661
-1369.2 318.314 -16.9614 105.813 124.404 12.66
-1369.21 318.297 -17.9611 105.815 124.406 12.663
-1369.22 318.281 -18.9609 105.815 124.406 12.663
-1369.24 318.264 -19.9607 105.816 124.405 12.662
-1369.25 318.247 -20.9604 105.817 124.405 12.659
-1369.26 318.23 -21.9602 105.816 124.406 12.661
-1369.28 318.214 -22.96 105.816 124.406 12.661
-1369.29 318.197 -23.9598 105.815 124.407 12.668
-1369.3 318.18 -24.9595 105.816 124.406 12.671
-1369.32 318.163 -25.9593 105.816 124.405 12.673
-1369.33 318.147 -26.9591 105.816 124.405 12.673
-1369.34 318.13 -27.9588 105.817 124.405 12.673
-1369.36 318.113 -28.9586 105.817 124.405 12.673
-1369.37 318.096 -29.9584 105.814 124.405 12.673
-1369.38 318.08 -30.9581 105.814 124.405 12.673
-1369.4 318.063 -31.9579 105.817 124.404 12.67
-1369.41 318.046 -32.9577 105.822 124.403 12.661
-1369.42 318.029 -33.9575 105.821 124.402 12.666
-1369.44 318.012 -34.9572 105.821 124.402 12.666
-1369.45 317.996 -35.957 105.819 124.402 12.667
-1369.46 317.979 -36.9568 105.818 124.402 12.666
-1369.48 317.962 -37.9565 105.82 124.403 12.665
-1369.49 317.945 -38.9563 105.82 124.403 12.665
-1369.5 317.929 -39.9561 105.82 124.403 12.665
-1369.52 317.912 -40.9558 105.819 124.403 12.664
-1369.53 317.895 -41.9556 105.819 124.403 12.665
-1369.54 317.878 -42.9554 105.819 124.405 12.665
-1369.56 317.862 -43.9552 105.82 124.405 12.657
-1369.57 317.845 -44.9549 105.817 124.405 12.659
-1369.58 317.828 -45.9547 105.817 124.405 12.659
-1369.6 317.811 -46.9545 105.816 124.405 12.664
-1369.61 317.795 -47.9542 105.818 124.404 12.664
-1369.62 317.778 -48.954 105.818 124.406 12.664
-1369.64 317.761 -49.9538 105.818 124.405 12.662
-1369.65 317.744 -50.9535 105.818 124.405 12.662
-1369.66 317.727 -51.9533 105.817 124.406 12.665
-1369.68 317.711 -52.9531 105.819 124.407 12.669
-1369.69 317.694 -53.9529 105.818 124.407 12.669
-1369.7 317.677 -54.9526 105.82 124.406 12.666
-1369.72 317.66 -55.9524 105.824 124.407 12.667
-1369.73 317.644 -56.9522 105.822 124.408 12.675
-1369.74 317.627 -57.9519 105.822 124.408 12.675
-1369.76 317.61 -58.9517 105.822 124.408 12.675
-1369.77 317.593 -59.9515 105.822 124.408 12.675
-1369.78 317.577 -60.9512 105.822 124.408 12.675
-1369.8 317.56 -61.951 105.822 124.408 12.675
-1369.81 317.543 -62.9508 105.822 124.408 12.675
-1369.82 317.526 -63.9506 105.822 124.408 12.675
-1369.84 317.51 -64.9503 105.822 124.408 12.675
-1369.85 317.493 -65.9501 105.822 124.408 12.675
-1369.86 317.476 -66.9499 105.822 124.408 12.675
-1369.88 317.459 -67.9496 105.822 124.408 12.675
-1369.89 317.442 -68.9494 105.822 124.408 12.675
-1369.9 317.426 -69.9492 105.822 124.408 12.675
-1369.92 317.409 -70.9489 105.822 124.408 12.675
-1369.93 317.392 -71.9487 105.822 124.408 12.675
-1369.94 317.375 -72.9485 105.822 124.408 12.675
-1369.96 317.359 -73.9483 105.822 124.408 12.675
-1369.97 317.342 -74.948 105.822 124.408 12.675
-1369.98 317.325 -75.9478 105.822 124.408 12.675
-1370 317.308 -76.9476 105.822 124.408 12.675
-1370.01 317.292 -77.9473 105.822 124.408 12.675
-1370.02 317.275 -78.9471 105.822 124.408 12.675
-1370.04 317.258 -79.9469 105.822 124.408 12.675
-1370.05 317.241 -80.9466 105.822 124.408 12.675
-1370.06 317.224 -81.9464 105.822 124.408 12.675
-1370.08 317.208 -82.9462 105.822 124.408 12.675
-1370.09 317.191 -83.946 105.822 124.408 12.675
-1370.1 317.174 -84.9457 105.822 124.408 12.675
-1370.12 317.157 -85.9455 105.822 124.408 12.675
-1370.13 317.141 -86.9453 105.822 124.408 12.675
-1370.14 317.124 -87.945 105.822 124.408 12.675
-1370.16 317.107 -88.9448 105.822 124.408 12.675
-1370.17 317.09 -89.9446 105.822 124.408 12.675
-1370.19 317.074 -90.9443 105.822 124.408 12.675
-1370.2 317.057 -91.9441 105.822 124.408 12.675
3
-1366.77 318.91 63.125 105.746 124.405 12.634
-1366.78 318.891 62.1253 105.746 124.405 12.634
-1366.8 318.872 61.1256 105.746 124.405 12.634
-1366.81 318.853 60.1259 105.746 124.405 12.634
-1366.83 318.835 59.1262 105.746 124.405 12.634
-1366.84 318.816 58.1264 105.746 124.405 12.634
-1366.85 318.797 57.1267 105.746 124.405 12.634
-1366.87 318.778 56.127 105.746 124.405 12.634
-1366.88 318.759 55.1273 105.746 124.405 12.634
-1366.9 318.74 54.1275 105.746 124.405 12.634
-1366.91 318.721 53.1278 105.788 124.401 12.669
-1366.92 318.702 52.1281 105.788 124.401 12.669
-1366.94 318.683 51.1284 105.788 124.401 12.669
-1366.95 318.664 50.1287 105.788 124.401 12.669
-1366.97 318.645 49.1289 105.808 124.406 12.674
-1366.98 318.626 48.1292 105.808 124.406 12.674
-1366.99 318.607 47.1295 105.808 124.406 12.674
-1367.01 318.588 46.1298 105.808 124.406 12.674
-1367.02 318.569 45.13 105.808 124.406 12.674
-1367.04 318.55 44.1303 105.809 124.405 12.673
-1367.05 318.532 43.1306 105.809 124.405 12.673
-1367.06 318.513 42.1309 105.811 124.405 12.668
-1367.08 318.494 41.1311 105.813 124.405 12.668
-1367.09 318.475 40.1314 105.811 124.404 12.666
-1367.11 318.456 39.1317 105.809 124.405 12.667
-1367.12 318.437 38.132 105.806 124.405 12.667
-1367.13 318.418 37.1323 105.809 124.405 12.663
-1367.15 318.399 36.1325 105.809 124.405 12.663
-1367.16 318.38 35.1328 105.812 124.403 12.662
-1367.18 318.361 34.1331 105.811 124.404 12.666
-1367.19 318.342 33.1334 105.811 124.406 12.676
-1367.2 318.323 32.1336 105.809 124.405 12.672
-1367.22 318.304 31.1339 105.809 124.405 12.671
-1367.23 318.285 30.1342 105.812 124.405 12.673
-1367.25 318.266 29.1345 105.812 124.405 12.673
-1367.26 318.247 28.1348 105.815 124.404 12.674
-1367.27 318.229 27.135 105.814 124.405 12.674
-1367.29 318.21 26.1353 105.813 124.405 12.674
-1367.3 318.191 25.1356 105.818 124.405 12.67
-1367.32 318.172 24.1359 105.818 124.405 12.67
-1367.33 318.153 23.1361 105.819 124.403 12.666
-1367.34 318.134 22.1364 105.814 124.405 12.67
-1367.36 318.115 21.1367 105.814 124.407 12.671
-1367.37 318.096 20.137 105.815 124.406 12.67
-1367.39 318.077 19.1373 105.815 124.406 12.67
-1367.4 318.058 18.1375 105.814 124.404 12.667
-1367.41 318.039 17.1378 105.814 124.404 12.668
-1367.43 318.02 16.1381 105.814 124.405 12.668
-1367.44 318.001 15.1384 105.815 124.405 12.668
-1367.46 317.982 14.1386 105.815 124.404 12.666
-1367.47 317.963 13.1389 105.815 124.404 12.661
-1367.48 317.944 12.1392 105.815 124.404 12.662
-1367.5 317.926 11.1395 105.815 124.404 12.668
-1367.51 317.907 10.1397 105.815 124.404 12.668
-1367.53 317.888 9.14002 105.814 124.404 12.666
-1367.54 317.869 8.1403 105.81 124.405 12.665
-1367.55 317.85 7.14058 105.811 124.405 12.666
-1367.57 317.831 6.14085 105.814 124.406 12.671
-1367.58 317.812 5.14113 105.814 124.406 12.671
-1367.6 317.793 4.14141 105.815 124.406 12.671
-1367.61 317.774 3.14169 105.812 124.406 12.671
-1367.62 317.755 2.14196 105.816 124.405 12.669
-1367.64 317.736 1.14224 105.819 124.405 12.669
-1367.65 317.717 0.142519 105.816 124.405 12.674
-1367.67 317.698 -0.857204 105.815 124.405 12.672
-1367.68 317.679 -1.85693 105.815 124.405 12.672
-1367.69 317.66 -2.85665 105.814 124.405 12.672
-1367.71 317.641 -3.85637 105.819 124.406 12.671
-1367.72 317.623 -4.85609 105.817 124.404 12.671
-1367.74 317.604 -5.85582 105.816 124.404 12.671
-1367.75 317.585 -6.85554 105.814 124.405 12.669
-1367.76 317.566 -7.85526 105.813 124.406 12.666
-1367.78 317.547 -8.85499 105.814 124.405 12.661
-1367.79 317.528 -9.85471 105.813 124.404 12.663
-1367.81 317.509 -10.8544 105.813 124.404 12.663
-1367.82 317.49 -11.8542 105.813 124.405 12.669
-1367.83 317.471 -12.8539 105.813 124.405 12.665
-1367.85 317.452 -13.8536 105.811 124.404 12.664
-1367.86 317.433 -14.8533 105.813 124.406 12.666
-1367.88 317.414 -15.853 105.814 124.407 12.667
-1367.89 317.395 -16.8528 105.814 124.407 12.667
-1367.9 317.376 -17.8525 105.811 124.406 12.665
-1367.92 317.357 -18.8522 105.81 124.406 12.664
-1367.93 317.338 -19.8519 105.814 124.405 12.665
-1367.95 317.32 -20.8517 105.817 124.405 12.663
-1367.96 317.301 -21.8514 105.817 124.406 12.664
-1367.97 317.282 -22.8511 105.814 124.406 12.668
-1367.99 317.263 -23.8508 105.813 124.406 12.669
-1368 317.244 -24.8505 105.816 124.405 12.672
-1368.02 317.225 -25.8503 105.816 124.404 12.671
-1368.03 317.206 -26.85 105.815 124.404 12.671
-1368.04 317.187 -27.8497 105.813 124.406 12.671
-1368.06 317.168 -28.8494 105.813 124.406 12.671
-1368.07 317.149 -29.8492 105.812 124.407 12.669
-1368.09 317.13 -30.8489 105.814 124.406 12.668
-1368.1 317.111 -31.8486 105.816 124.405 12.662
-1368.11 317.092 -32.8483 105.816 124.405 12.663
-1368.13 317.073 -33.8481 105.815 124.405 12.666
-1368.14 317.054 -34.8478 105.815 124.405 12.667
-1368.16 317.036 -35.8475 105.815 124.405 12.667
-1368.17 317.017 -36.8472 105.815 124.405 12.666
-1368.18 316.998 -37.8469 105.814 124.406 12.666
-1368.2 316.979 -38.8467 105.814 124.405 12.665
-1368.21 316.96 -39.8464 105.813 124.404 12.667
-1368.23 316.941 -40.8461 105.813 124.404 12.667
-1368.24 316.922 -41.8458 105.813 124.405 12.668
-1368.25 316.903 -42.8456 105.814 124.406 12.666
-1368.27 316.884 -43.8453 105.814 124.406 12.663
-1368.28 316.865 -44.845 105.812 124.406 12.663
-1368.3 316.846 -45.8447 105.811 124.405 12.667
-1368.31 316.827 -46.8444 105.813 124.405 12.668
-1368.32 316.808 -47.8442 105.813 124.405 12.667
-1368.34 316.789 -48.8439 105.814 124.406 12.665
-1368.35 316.77 -49.8436 105.813 124.406 12.666
-1368.37 316.751 -50.8433 105.814 124.407 12.668
-1368.38 316.733 -51.8431 105.814 124.407 12.668
-1368.39 316.714 -52.8428 105.814 124.406 12.669
-1368.41 316.695 -53.8425 105.814 124.406 12.668
-1368.42 316.676 -54.8422 105.816 124.405 12.662
-1368.44 316.657 -55.842 105.817 124.406 12.669
-1368.45 316.638 -56.8417 105.817 124.407 12.673
-1368.46 316.619 -57.8414 105.817 124.407 12.673
-1368.48 316.6 -58.8411 105.817 124.407 12.673
-1368.49 316.581 -59.8408 105.817 124.407 12.673
-1368.51 316.562 -60.8406 105.817 124.407 12.673
-1368.52 316.543 -61.8403 105.817 124.407 12.673
-1368.53 316.524 -62.84 105.817 124.407 12.673
-1368.55 316.505 -63.8397 105.817 124.407 12.673
-1368.56 316.486 -64.8395 105.817 124.407 12.673
-1368.58 316.467 -65.8392 105.817 124.407 12.673
-1368.59 316.448 -66.8389 105.817 124.407 12.673
-1368.6 316.43 -67.8386 105.817 124.407 12.673
-1368.62 316.411 -68.8383 105.817 124.407 12.673
-1368.63 316.392 -69.8381 105.817 124.407 12.673
-1368.65 316.373 -70.8378 105.817 124.407 12.673
-1368.66 316.354 -71.8375 105.817 124.407 12.673
-1368.67 316.335 -72.8372 105.817 124.407 12.673
-1368.69 316.316 -73.837 105.817 124.407 12.673
-1368.7 316.297 -74.8367 105.817 124.407 12.673
-1368.72 316.278 -75.8364 105.817 124.407 12.673
-1368.73 316.259 -76.8361 105.817 124.407 12.673
-1368.74 316.24 -77.8359 105.817 124.407 12.673
-1368.76 316.221 -78.8356 105.817 124.407 12.673
-1368.77 316.202 -79.8353 105.817 124.407 12.673
-1368.79 316.183 -80.835 105.817 124.407 12.673
-1368.8 316.164 -81.8347 105.817 124.407 12.673
-1368.81 316.145 -82.8345 105.817 124.407 12.673
-1368.83 316.127 -83.8342 105.817 124.407 12.673
-1368.84 316.108 -84.8339 105.817 124.407 12.673
-1368.86 316.089 -85.8336 105.817 124.407 12.673
-1368.87 316.07 -86.8334 105.817 124.407 12.673
-1368.88 316.051 -87.8331 105.817 124.407 12.673
-1368.9 316.032 -88.8328 105.817 124.407 12.673
-1368.91 316.013 -89.8325 105.817 124.407 12.673
-1368.93 315.994 -90.8322 105.817 124.407 12.673
-1368.94 315.975 -91.832 105.817 124.407 12.673
4
-1367.21 321.101 62.8547 105.747 124.405 12.635
-1367.22 321.087 61.8549 105.747 124.405 12.635
-1367.24 321.073 60.8551 105.747 124.405 12.635
-1367.25 321.059 59.8554 105.747 124.405 12.635
-1367.27 321.045 58.8556 105.747 124.405 12.635
-1367.29 321.032 57.8558 105.747 124.405 12.635
-1367.3 321.018 56.856 105.747 124.405 12.635
-1367.32 321.004 55.8563 105.747 124.405 12.635
-1367.33 320.99 54.8565 105.747 124.405 12.635
-1367.35 320.977 53.8567 105.747 124.405 12.635
-1367.37 320.963 52.8569 105.747 124.405 12.635
-1367.38 320.949 51.8571 105.747 124.405 12.635
-1367.4 320.935 50.8574 105.747 124.405 12.635
-1367.41 320.921 49.8576 105.747 124.405 12.635
-1367.43 320.908 48.8578 105.747 124.405 12.635
-1367.45 320.894 47.858 105.814 124.407 12.664
-1367.46 320.88 46.8583 105.814 124.407 12.664
-1367.48 320.866 45.8585 105.814 124.407 12.664
-1367.49 320.853 44.8587 105.814 124.407 12.664
-1367.51 320.839 43.8589 105.814 124.407 12.664
-1367.53 320.825 42.8591 105.811 124.407 12.67
-1367.54 320.811 41.8594 105.811 124.406 12.669
-1367.56 320.797 40.8596 105.813 124.405 12.667
-1367.57 320.784 39.8598 105.814 124.405 12.666
-1367.59 320.77 38.86 105.814 124.405 12.666
-1367.61 320.756 37.8603 105.812 124.405 12.667
-1367.62 320.742 36.8605 105.809 124.407 12.667
-1367.64 320.729 35.8607 105.805 124.406 12.666
-1367.65 320.715 34.8609 105.808 124.406 12.665
-1367.67 320.701 33.8611 105.811 124.404 12.664
-1367.69 320.687 32.8614 105.81 124.404 12.667
-1367.7 320.673 31.8616 105.808 124.406 12.679
-1367.72 320.66 30.8618 105.807 124.405 12.676
-1367.73 320.646 29.862 105.807 124.405 12.676
-1367.75 320.632 28.8623 105.806 124.405 12.674
-1367.76 320.618 27.8625 105.81 124.405 12.676
-1367.78 320.605 26.8627 105.812 124.404 12.676
-1367.8 320.591 25.8629 105.813 124.405 12.676
-1367.81 320.577 24.8631 105.813 124.405 12.674
-1367.83 320.563 23.8634 105.816 124.406 12.671
-1367.84 320.549 22.8636 105.816 124.406 12.671
-1367.86 320.536 21.8638 105.818 124.404 12.667
-1367.88 320.522 20.864 105.816 124.404 12.665
-1367.89 320.508 19.8642 105.814 124.405 12.668
-1367.91 320.494 18.8645 105.815 124.406 12.668
-1367.92 320.481 17.8647 105.816 124.404 12.665
-1367.94 320.467 16.8649 105.816 124.403 12.663
-1367.96 320.453 15.8651 105.816 124.403 12.663
-1367.97 320.439 14.8654 105.815 124.404 12.662
-1367.99 320.425 13.8656 105.815 124.405 12.662
-1368 320.412 12.8658 105.815 124.405 12.661
-1368.02 320.398 11.866 105.813 124.404 12.656
-1368.04 320.384 10.8662 105.813 124.404 12.656
-1368.05 320.37 9.86647 105.814 124.404 12.656
-1368.07 320.357 8.86669 105.813 124.404 12.663
-1368.08 320.343 7.86691 105.813 124.404 12.663
-1368.1 320.329 6.86713 105.807 124.405 12.663
-1368.12 320.315 5.86736 105.807 124.405 12.663
-1368.13 320.301 4.86758 105.808 124.406 12.664
-1368.15 320.288 3.8678 105.81 124.407 12.67
-1368.16 320.274 2.86802 105.81 124.407 12.673
-1368.18 320.26 1.86824 105.81 124.406 12.673
-1368.2 320.246 0.868466 105.81 124.406 12.673
-1368.21 320.233 -0.131312 105.814 124.405 12.672
-1368.23 320.219 -1.13109 105.817 124.406 12.674
-1368.24 320.205 -2.13087 105.816 124.406 12.677
-1368.26 320.191 -3.13065 105.814 124.406 12.676
-1368.27 320.177 -4.13042 105.816 124.406 12.675
-1368.29 320.164 -5.1302 105.818 124.406 12.674
-1368.31 320.15 -6.12998 105.818 124.406 12.674
-1368.32 320.136 -7.12976 105.817 124.404 12.673
-1368.34 320.122 -8.12954 105.816 124.405 12.671
-1368.35 320.109 -9.12931 105.815 124.405 12.667
-1368.37 320.095 -10.1291 105.815 124.405 12.663
-1368.39 320.081 -11.1289 105.816 124.403 12.657
-1368.4 320.067 -12.1286 105.816 124.403 12.657
-1368.42 320.053 -13.1284 105.816 124.404 12.662
-1368.43 320.04 -14.1282 105.814 124.404 12.663
-1368.45 320.026 -15.128 105.813 124.403 12.659
-1368.47 320.012 -16.1278 105.812 124.403 12.66
-1368.48 319.998 -17.1275 105.813 124.405 12.661
-1368.5 319.985 -18.1273 105.813 124.406 12.663
-1368.51 319.971 -19.1271 105.813 124.406 12.663
-1368.53 319.957 -20.1269 105.811 124.406 12.662
-1368.55 319.943 -21.1266 105.811 124.405 12.662
-1368.56 319.929 -22.1264 105.814 124.405 12.662
-1368.58 319.916 -23.1262 105.815 124.407 12.662
-1368.59 319.902 -24.126 105.815 124.408 12.665
-1368.61 319.888 -25.1258 105.811 124.408 12.671
-1368.63 319.874 -26.1255 105.813 124.406 12.672
-1368.64 319.861 -27.1253 105.816 124.406 12.676
-1368.66 319.847 -28.1251 105.816 124.405 12.675
-1368.67 319.833 -29.1249 105.813 124.405 12.676
-1368.69 319.819 -30.1247 105.812 124.406 12.675
-1368.71 319.805 -31.1244 105.812 124.406 12.675
-1368.72 319.792 -32.1242 105.813 124.407 12.674
-1368.74 319.778 -33.124 105.814 124.407 12.673
-1368.75 319.764 -34.1238 105.817 124.405 12.665
-1368.77 319.75 -35.1235 105.816 124.404 12.668
-1368.78 319.737 -36.1233 105.817 124.405 12.669
-1368.8 319.723 -37.1231 105.817 124.405 12.67
-1368.82 319.709 -38.1229 105.816 124.405 12.669
-1368.83 319.695 -39.1227 105.815 124.404 12.666
-1368.85 319.681 -40.1224 105.815 124.405 12.664
-1368.86 319.668 -41.1222 105.815 124.405 12.664
-1368.88 319.654 -42.122 105.815 124.404 12.663
-1368.9 319.64 -43.1218 105.814 124.404 12.663
-1368.91 319.626 -44.1215 105.815 124.405 12.663
-1368.93 319.612 -45.1213 105.815 124.405 12.658
-1368.94 319.599 -46.1211 105.814 124.405 12.66
-1368.96 319.585 -47.1209 105.814 124.405 12.66
-1368.98 319.571 -48.1207 105.813 124.405 12.664
-1368.99 319.557 -49.1204 105.813 124.405 12.667
-1369.01 319.544 -50.1202 105.814 124.405 12.665
-1369.02 319.53 -51.12 105.815 124.406 12.666
-1369.04 319.516 -52.1198 105.814 124.406 12.666
-1369.06 319.502 -53.1195 105.814 124.407 12.669
-1369.07 319.488 -54.1193 105.815 124.407 12.671
-1369.09 319.475 -55.1191 105.814 124.407 12.673
-1369.1 319.461 -56.1189 105.814 124.406 12.666
-1369.12 319.447 -57.1187 105.817 124.406 12.672
-1369.14 319.433 -58.1184 105.817 124.406 12.672
-1369.15 319.42 -59.1182 105.819 124.407 12.678
-1369.17 319.406 -60.118 105.819 124.407 12.678
-1369.18 319.392 -61.1178 105.819 124.407 12.678
-1369.2 319.378 -62.1175 105.819 124.407 12.678
-1369.22 319.364 -63.1173 105.819 124.407 12.678
-1369.23 319.351 -64.1171 105.819 124.407 12.678
-1369.25 319.337 -65.1169 105.819 124.407 12.678
-1369.26 319.323 -66.1167 105.819 124.407 12.678
-1369.28 319.309 -67.1164 105.819 124.407 12.678
-1369.3 319.296 -68.1162 105.819 124.407 12.678
-1369.31 319.282 -69.116 105.819 124.407 12.678
-1369.33 319.268 -70.1158 105.819 124.407 12.678
-1369.34 319.254 -71.1155 105.819 124.407 12.678
-1369.36 319.24 -72.1153 105.819 124.407 12.678
-1369.37 319.227 -73.1151 105.819 124.407 12.678
-1369.39 319.213 -74.1149 105.819 124.407 12.678
-1369.41 319.199 -75.1147 105.819 124.407 12.678
-1369.42 319.185 -76.1144 105.819 124.407 12.678
-1369.44 319.172 -77.1142 105.819 124.407 12.678
-1369.45 319.158 -78.114 105.819 124.407 12.678
-1369.47 319.144 -79.1138 105.819 124.407 12.678
-1369.49 319.13 -80.1136 105.819 124.407 12.678
-1369.5 319.116 -81.1133 105.819 124.407 12.678
-1369.52 319.103 -82.1131 105.819 124.407 12.678
-1369.53 319.089 -83.1129 105.819 124.407 12.678
-1369.55 319.075 -84.1127 105.819 124.407 12.678
-1369.57 319.061 -85.1124 105.819 124.407 12.678
-1369.58 319.048 -86.1122 105.819 124.407 12.678
-1369.6 319.034 -87.112 105.819 124.407 12.678
-1369.61 319.02 -88.1118 105.819 124.407 12.678
-1369.63 319.006 -89.1116 105.819 124.407 12.678
-1369.65 318.992 -90.1113 105.819 124.407 12.678
-1369.66 318.979 -91.1111 105.819 124.407 12.678
-1369.68 318.965 -92.1109 105.819 124.407 12.678
