1
-1372.37 326.14 -96.3888 88.584 127.307 50.379
-1361.68 315.618 -96.3888 99.148 133.232 57.268
-1360.98 316.33 -96.4079 99.148 133.232 57.268
-1360.28 317.043 -96.4271 99.148 133.232 57.268
-1359.57 317.755 -96.4462 99.148 133.232 57.268
-1358.87 318.468 -96.4654 99.148 133.232 57.268
-1358.17 319.18 -96.4845 99.148 133.232 57.268
-1357.47 319.893 -96.5036 99.148 133.232 57.268
-1356.77 320.605 -96.5228 99.148 133.232 57.268
-1356.07 321.318 -96.5419 99.148 133.232 57.268
-1355.37 322.031 -96.5611 99.148 133.232 57.268
-1354.67 322.743 -96.5802 99.148 133.232 57.268
-1353.96 323.456 -96.5994 99.148 133.232 57.268
-1353.26 324.168 -96.6185 99.148 133.232 57.268
-1352.56 324.881 -96.6376 99.149 133.232 57.269
-1351.86 325.593 -96.6568 99.145 133.236 57.264
-1351.16 326.306 -96.6759 99.134 133.24 57.261
-1350.46 327.018 -96.6951 99.124 133.241 57.259
-1349.76 327.731 -96.7142 99.124 133.241 57.259
-1349.05 328.443 -96.7333 99.131 133.242 57.267
-1348.35 329.156 -96.7525 99.131 133.242 57.267
-1347.65 329.869 -96.7716 99.145 133.24 57.277
-1346.95 330.581 -96.7908 99.148 133.238 57.282
-1346.25 331.294 -96.8099 99.15 133.237 57.286
-1345.55 332.006 -96.829 99.15 133.237 57.286
-1344.85 332.719 -96.8482 99.146 133.239 57.291
-1344.14 333.431 -96.8673 99.143 133.242 57.292
-1343.44 334.144 -96.8865 99.147 133.243 57.294
-1342.74 334.856 -96.9056 99.148 133.244 57.294
-1342.04 335.569 -96.9248 99.148 133.244 57.294
-1341.34 336.282 -96.9439 99.141 133.245 57.292
-1340.64 336.994 -96.963 99.132 133.245 57.283
-1339.94 337.707 -96.9822 99.132 133.245 57.283
-1339.24 338.419 -97.0013 99.125 133.245 57.28
-1338.53 339.132 -97.0205 99.126 133.243 57.283
-1337.83 339.844 -97.0396 99.126 133.243 57.283
-1337.13 340.557 -97.0587 99.126 133.243 57.283
-1336.43 341.269 -97.0779 99.126 133.243 57.283
-1335.73 341.982 -97.097 99.126 133.243 57.283
-1335.03 342.694 -97.1162 99.126 133.243 57.283
-1334.33 343.407 -97.1353 99.126 133.243 57.283
-1333.62 344.12 -97.1544 99.126 133.243 57.283
2
-1369.97 323.516 -96.3299 88.584 127.307 50.379
-1359.13 313.142 -96.3299 99.147 133.235 57.27
-1358.44 313.864 -96.3345 99.147 133.235 57.27
-1357.75 314.587 -96.3391 99.147 133.235 57.27
-1357.06 315.309 -96.3438 99.147 133.235 57.27
-1356.37 316.031 -96.3484 99.147 133.235 57.27
-1355.68 316.753 -96.3531 99.147 133.235 57.27
-1354.98 317.475 -96.3577 99.147 133.235 57.27
-1354.29 318.198 -96.3624 99.147 133.235 57.27
-1353.6 318.92 -96.367 99.147 133.235 57.27
-1352.91 319.642 -96.3716 99.147 133.235 57.27
-1352.22 320.364 -96.3763 99.147 133.235 57.27
-1351.53 321.087 -96.3809 99.147 133.235 57.27
-1350.84 321.809 -96.3856 99.147 133.235 57.27
-1350.14 322.531 -96.3902 99.147 133.235 57.27
-1349.45 323.253 -96.3948 99.138 133.239 57.266
-1348.76 323.976 -96.3995 99.126 133.241 57.264
-1348.07 324.698 -96.4041 99.121 133.242 57.264
-1347.38 325.42 -96.4088 99.13 133.242 57.271
-1346.69 326.142 -96.4134 99.13 133.242 57.271
-1345.99 326.865 -96.4181 99.143 133.24 57.279
-1345.3 327.587 -96.4227 99.147 133.239 57.284
-1344.61 328.309 -96.4273 99.147 133.237 57.289
-1343.92 329.031 -96.432 99.147 133.237 57.289
-1343.23 329.754 -96.4366 99.146 133.237 57.29
-1342.54 330.476 -96.4413 99.141 133.24 57.292
-1341.84 331.198 -96.4459 99.143 133.243 57.294
-1341.15 331.92 -96.4506 99.149 133.244 57.295
-1340.46 332.643 -96.4552 99.147 133.245 57.296
-1339.77 333.365 -96.4598 99.147 133.245 57.296
-1339.08 334.087 -96.4645 99.14 133.245 57.288
-1338.39 334.809 -96.4691 99.133 133.246 57.283
-1337.69 335.532 -96.4738 99.126 133.244 57.279
-1337 336.254 -96.4784 99.127 133.242 57.281
-1336.31 336.976 -96.4831 99.127 133.242 57.281
-1335.62 337.698 -96.4877 99.127 133.242 57.281
-1334.93 338.421 -96.4923 99.127 133.242 57.281
-1334.24 339.143 -96.497 99.127 133.242 57.281
-1333.54 339.865 -96.5016 99.127 133.242 57.281
-1332.85 340.587 -96.5063 99.127 133.242 57.281
-1332.16 341.31 -96.5109 99.127 133.242 57.281
-1331.47 342.032 -96.5155 99.127 133.242 57.281
3
-1371.95 324.649 -96.5584 88.584 127.307 50.379
-1361.15 314.243 -96.5584 99.15 133.231 57.272
-1360.45 314.963 -96.5796 99.15 133.231 57.272
-1359.76 315.683 -96.6008 99.15 133.231 57.272
-1359.07 316.403 -96.622 99.15 133.231 57.272
-1358.37 317.123 -96.6433 99.15 133.231 57.272
-1357.68 317.843 -96.6645 99.15 133.231 57.272
-1356.99 318.563 -96.6857 99.15 133.231 57.272
-1356.29 319.283 -96.7069 99.15 133.231 57.272
-1355.6 320.003 -96.7282 99.15 133.231 57.272
-1354.91 320.723 -96.7494 99.15 133.231 57.272
-1354.21 321.444 -96.7706 99.15 133.231 57.272
-1353.52 322.164 -96.7918 99.15 133.231 57.272
-1352.83 322.884 -96.8131 99.15 133.231 57.272
-1352.13 323.604 -96.8343 99.15 133.231 57.272
-1351.44 324.324 -96.8555 99.149 133.23 57.269
-1350.74 325.044 -96.8768 99.149 133.23 57.269
-1350.05 325.764 -96.898 99.146 133.233 57.267
-1349.36 326.484 -96.9192 99.133 133.241 57.27
-1348.66 327.204 -96.9404 99.12 133.242 57.265
-1347.97 327.924 -96.9617 99.12 133.242 57.265
-1347.28 328.644 -96.9829 99.12 133.242 57.264
-1346.58 329.364 -97.0041 99.129 133.243 57.269
-1345.89 330.084 -97.0253 99.142 133.24 57.276
-1345.2 330.804 -97.0466 99.142 133.24 57.276
-1344.5 331.524 -97.0678 99.151 133.238 57.284
-1343.81 332.244 -97.089 99.15 133.238 57.289
-1343.12 332.964 -97.1102 99.146 133.238 57.292
-1342.42 333.685 -97.1315 99.142 133.238 57.295
-1341.73 334.405 -97.1527 99.142 133.238 57.295
-1341.03 335.125 -97.1739 99.146 133.241 57.297
-1340.34 335.845 -97.1951 99.143 133.244 57.291
-1339.65 336.565 -97.2164 99.137 133.244 57.283
-1338.95 337.285 -97.2376 99.137 133.244 57.283
-1338.26 338.005 -97.2588 99.126 133.243 57.278
-1337.57 338.725 -97.28 99.126 133.243 57.278
-1336.87 339.445 -97.3013 99.126 133.243 57.278
-1336.18 340.165 -97.3225 99.126 133.243 57.278
-1335.49 340.885 -97.3437 99.126 133.243 57.278
-1334.79 341.605 -97.3649 99.126 133.243 57.278
-1334.1 342.325 -97.3862 99.126 133.243 57.278
-1333.4 343.045 -97.4074 99.126 133.243 57.278
4
-1370.21 324.684 -96.8689 88.584 127.307 50.379
-1359.45 314.229 -96.8689 99.151 133.23 57.269
-1358.75 314.946 -96.8942 99.151 133.23 57.269
-1358.06 315.663 -96.9194 99.151 133.23 57.269
-1357.36 316.38 -96.9447 99.151 133.23 57.269
-1356.66 317.097 -96.9699 99.151 133.23 57.269
-1355.97 317.814 -96.9952 99.151 133.23 57.269
-1355.27 318.531 -97.0205 99.151 133.23 57.269
-1354.57 319.247 -97.0457 99.151 133.23 57.269
-1353.88 319.964 -97.071 99.151 133.23 57.269
-1353.18 320.681 -97.0962 99.151 133.23 57.269
-1352.48 321.398 -97.1215 99.151 133.23 57.269
-1351.79 322.115 -97.1468 99.151 133.23 57.269
-1351.09 322.832 -97.172 99.151 133.23 57.269
-1350.39 323.549 -97.1973 99.151 133.23 57.269
-1349.7 324.266 -97.2225 99.144 133.235 57.269
-1349 324.982 -97.2478 99.144 133.235 57.269
-1348.3 325.699 -97.273 99.134 133.24 57.271
-1347.61 326.416 -97.2983 99.123 133.241 57.266
-1346.91 327.133 -97.3236 99.117 133.242 57.264
-1346.21 327.85 -97.3488 99.123 133.243 57.267
-1345.52 328.567 -97.3741 99.134 133.242 57.272
-1344.82 329.284 -97.3993 99.134 133.242 57.272
-1344.12 330 -97.4246 99.146 133.239 57.277
-1343.43 330.717 -97.4499 99.152 133.238 57.287
-1342.73 331.434 -97.4751 99.145 133.238 57.292
-1342.03 332.151 -97.5004 99.145 133.238 57.292
-1341.34 332.868 -97.5256 99.141 133.238 57.294
-1340.64 333.585 -97.5509 99.143 133.239 57.296
-1339.94 334.302 -97.5761 99.144 133.243 57.293
-1339.25 335.019 -97.6014 99.142 133.244 57.285
-1338.55 335.735 -97.6267 99.135 133.244 57.283
-1337.85 336.452 -97.6519 99.135 133.244 57.283
-1337.16 337.169 -97.6772 99.123 133.242 57.274
-1336.46 337.886 -97.7024 99.123 133.242 57.274
-1335.76 338.603 -97.7277 99.123 133.242 57.274
-1335.07 339.32 -97.753 99.123 133.242 57.274
-1334.37 340.037 -97.7782 99.123 133.242 57.274
-1333.67 340.754 -97.8035 99.123 133.242 57.274
-1332.98 341.47 -97.8287 99.123 133.242 57.274
-1332.28 342.187 -97.854 99.123 133.242 57.274
-1331.58 342.904 -97.8793 99.123 133.242 57.274
5
-1371.26 324.806 -97.534 88.584 127.307 50.379
-1360.43 314.42 -97.534 99.154 133.236 57.281
-1359.74 315.141 -97.5458 99.154 133.236 57.281
-1359.05 315.862 -97.5576 99.154 133.236 57.281
-1358.36 316.584 -97.5693 99.154 133.236 57.281
-1357.66 317.305 -97.5811 99.154 133.236 57.281
-1356.97 318.027 -97.5928 99.154 133.236 57.281
-1356.28 318.748 -97.6046 99.154 133.236 57.281
-1355.59 319.469 -97.6164 99.154 133.236 57.281
-1354.89 320.191 -97.6281 99.154 133.236 57.281
-1354.2 320.912 -97.6399 99.154 133.236 57.281
-1353.51 321.634 -97.6516 99.154 133.236 57.281
-1352.82 322.355 -97.6634 99.154 133.236 57.281
-1352.12 323.077 -97.6752 99.154 133.236 57.281
-1351.43 323.798 -97.6869 99.151 133.23 57.275
-1350.74 324.519 -97.6987 99.151 133.23 57.275
-1350.05 325.241 -97.7104 99.148 133.233 57.272
-1349.35 325.962 -97.7222 99.142 133.237 57.275
-1348.66 326.684 -97.734 99.133 133.241 57.276
-1347.97 327.405 -97.7457 99.122 133.243 57.273
-1347.28 328.126 -97.7575 99.116 133.243 57.269
-1346.59 328.848 -97.7692 99.12 133.242 57.27
-1345.89 329.569 -97.781 99.128 133.243 57.275
-1345.2 330.291 -97.7927 99.141 133.241 57.279
-1344.51 331.012 -97.8045 99.15 133.239 57.287
-1343.82 331.734 -97.8163 99.15 133.239 57.287
-1343.12 332.455 -97.828 99.146 133.238 57.294
-1342.43 333.176 -97.8398 99.146 133.238 57.294
-1341.74 333.898 -97.8515 99.143 133.238 57.295
-1341.05 334.619 -97.8633 99.144 133.239 57.297
-1340.35 335.341 -97.8751 99.146 133.243 57.295
-1339.66 336.062 -97.8868 99.141 133.245 57.284
-1338.97 336.783 -97.8986 99.141 133.245 57.284
-1338.28 337.505 -97.9103 99.134 133.244 57.281
-1337.58 338.226 -97.9221 99.124 133.243 57.272
-1336.89 338.948 -97.9339 99.124 133.243 57.272
-1336.2 339.669 -97.9456 99.124 133.243 57.272
-1335.51 340.39 -97.9574 99.124 133.243 57.272
-1334.81 341.112 -97.9691 99.124 133.243 57.272
-1334.12 341.833 -97.9809 99.124 133.243 57.272
-1333.43 342.555 -97.9927 99.124 133.243 57.272
-1332.74 343.276 -98.0044 99.124 133.243 57.272
6
-1371.64 323.632 -96.5284 88.584 127.307 50.379
-1360.88 313.183 -96.5284 99.155 133.235 57.277
-1360.18 313.9 -96.5351 99.155 133.235 57.277
-1359.49 314.618 -96.5419 99.155 133.235 57.277
-1358.79 315.335 -96.5486 99.155 133.235 57.277
-1358.09 316.052 -96.5553 99.155 133.235 57.277
-1357.4 316.77 -96.562 99.155 133.235 57.277
-1356.7 317.487 -96.5687 99.155 133.235 57.277
-1356 318.205 -96.5754 99.155 133.235 57.277
-1355.31 318.922 -96.5822 99.155 133.235 57.277
-1354.61 319.639 -96.5889 99.155 133.235 57.277
-1353.91 320.357 -96.5956 99.155 133.235 57.277
-1353.22 321.074 -96.6023 99.155 133.235 57.277
-1352.52 321.792 -96.609 99.155 133.235 57.277
-1351.82 322.509 -96.6157 99.155 133.235 57.277
-1351.13 323.226 -96.6224 99.153 133.23 57.272
-1350.43 323.944 -96.6292 99.151 133.23 57.267
-1349.73 324.661 -96.6359 99.145 133.235 57.269
-1349.04 325.379 -96.6426 99.137 133.239 57.27
-1348.34 326.096 -96.6493 99.125 133.242 57.267
-1347.64 326.813 -96.656 99.119 133.242 57.265
-1346.95 327.531 -96.6627 99.124 133.242 57.266
-1346.25 328.248 -96.6695 99.132 133.242 57.27
-1345.55 328.966 -96.6762 99.132 133.242 57.27
-1344.86 329.683 -96.6829 99.144 133.241 57.276
-1344.16 330.401 -96.6896 99.151 133.239 57.286
-1343.46 331.118 -96.6963 99.151 133.239 57.286
-1342.77 331.835 -96.703 99.146 133.238 57.289
-1342.07 332.553 -96.7098 99.142 133.239 57.293
-1341.37 333.27 -96.7165 99.142 133.239 57.295
-1340.68 333.988 -96.7232 99.146 133.242 57.297
-1339.98 334.705 -96.7299 99.143 133.243 57.288
-1339.28 335.422 -96.7366 99.143 133.243 57.288
-1338.59 336.14 -96.7433 99.133 133.244 57.283
-1337.89 336.857 -96.7501 99.122 133.243 57.276
-1337.2 337.575 -96.7568 99.122 133.243 57.276
-1336.5 338.292 -96.7635 99.122 133.243 57.276
-1335.8 339.009 -96.7702 99.122 133.243 57.276
-1335.11 339.727 -96.7769 99.122 133.243 57.276
-1334.41 340.444 -96.7836 99.122 133.243 57.276
-1333.71 341.162 -96.7903 99.122 133.243 57.276
-1333.02 341.879 -96.7971 99.122 133.243 57.276
7
-1370.65 323.25 -95.9028 88.584 127.307 50.379
-1359.7 312.996 -95.9028 99.149 133.232 57.275
-1359.02 313.726 -95.9303 99.149 133.232 57.275
-1358.34 314.456 -95.9578 99.149 133.232 57.275
-1357.65 315.185 -95.9853 99.149 133.232 57.275
-1356.97 315.915 -96.0128 99.149 133.232 57.275
-1356.29 316.644 -96.0403 99.149 133.232 57.275
-1355.6 317.374 -96.0677 99.149 133.232 57.275
-1354.92 318.103 -96.0952 99.149 133.232 57.275
-1354.24 318.833 -96.1227 99.149 133.232 57.275
-1353.55 319.563 -96.1502 99.149 133.232 57.275
-1352.87 320.292 -96.1777 99.149 133.232 57.275
-1352.19 321.022 -96.2051 99.149 133.232 57.275
-1351.5 321.751 -96.2326 99.149 133.232 57.275
-1350.82 322.481 -96.2601 99.149 133.232 57.275
-1350.14 323.211 -96.2876 99.145 133.233 57.271
-1349.45 323.94 -96.3151 99.137 133.239 57.274
-1348.77 324.67 -96.3426 99.125 133.242 57.274
-1348.09 325.399 -96.37 99.125 133.242 57.274
-1347.4 326.129 -96.3975 99.115 133.243 57.27
-1346.72 326.859 -96.425 99.112 133.242 57.266
-1346.04 327.588 -96.4525 99.119 133.241 57.27
-1345.35 328.318 -96.48 99.13 133.239 57.274
-1344.67 329.047 -96.5074 99.143 133.236 57.279
-1343.99 329.777 -96.5349 99.143 133.236 57.279
-1343.3 330.507 -96.5624 99.149 133.235 57.289
-1342.62 331.236 -96.5899 99.147 133.236 57.293
-1341.94 331.966 -96.6174 99.146 133.238 57.299
-1341.25 332.695 -96.6448 99.146 133.238 57.299
-1340.57 333.425 -96.6723 99.149 133.24 57.3
-1339.89 334.154 -96.6998 99.149 133.245 57.294
-1339.2 334.884 -96.7273 99.144 133.246 57.285
-1338.52 335.614 -96.7548 99.131 133.246 57.28
-1337.84 336.343 -96.7823 99.131 133.246 57.28
-1337.15 337.073 -96.8097 99.119 133.245 57.271
-1336.47 337.802 -96.8372 99.119 133.245 57.271
-1335.79 338.532 -96.8647 99.119 133.245 57.271
-1335.1 339.262 -96.8922 99.119 133.245 57.271
-1334.42 339.991 -96.9197 99.119 133.245 57.271
-1333.74 340.721 -96.9471 99.119 133.245 57.271
-1333.05 341.45 -96.9746 99.119 133.245 57.271
-1332.37 342.18 -97.0021 99.119 133.245 57.271
8
-1371.71 325.84 -96.2147 88.584 127.307 50.379
-1361.07 315.263 -96.2147 99.151 133.231 57.274
-1360.37 315.972 -96.2273 99.151 133.231 57.274
-1359.66 316.681 -96.2399 99.151 133.231 57.274
-1358.96 317.39 -96.2526 99.151 133.231 57.274
-1358.25 318.099 -96.2652 99.151 133.231 57.274
-1357.55 318.808 -96.2778 99.151 133.231 57.274
-1356.84 319.517 -96.2904 99.151 133.231 57.274
-1356.14 320.226 -96.303 99.151 133.231 57.274
-1355.43 320.935 -96.3157 99.151 133.231 57.274
-1354.73 321.644 -96.3283 99.151 133.231 57.274
-1354.02 322.353 -96.3409 99.151 133.231 57.274
-1353.32 323.062 -96.3535 99.151 133.231 57.274
-1352.61 323.771 -96.3662 99.151 133.231 57.274
-1351.91 324.48 -96.3788 99.151 133.231 57.274
-1351.2 325.189 -96.3914 99.15 133.23 57.271
-1350.5 325.898 -96.404 99.145 133.235 57.272
-1349.79 326.607 -96.4167 99.136 133.239 57.273
-1349.09 327.316 -96.4293 99.123 133.241 57.27
-1348.38 328.025 -96.4419 99.123 133.241 57.27
-1347.68 328.734 -96.4545 99.119 133.242 57.266
-1346.97 329.443 -96.4671 99.128 133.242 57.27
-1346.27 330.152 -96.4798 99.128 133.242 57.27
-1345.56 330.861 -96.4924 99.142 133.24 57.276
-1344.86 331.57 -96.505 99.149 133.238 57.284
-1344.15 332.279 -96.5176 99.146 133.237 57.29
-1343.45 332.988 -96.5303 99.146 133.237 57.29
-1342.74 333.697 -96.5429 99.143 133.238 57.293
-1342.04 334.406 -96.5555 99.145 133.239 57.295
-1341.33 335.115 -96.5681 99.145 133.239 57.295
-1340.63 335.824 -96.5808 99.146 133.242 57.292
-1339.92 336.534 -96.5934 99.143 133.244 57.285
-1339.22 337.243 -96.606 99.131 133.243 57.28
-1338.51 337.952 -96.6186 99.124 133.243 57.273
-1337.8 338.661 -96.6312 99.124 133.243 57.273
-1337.1 339.37 -96.6439 99.124 133.243 57.273
-1336.39 340.079 -96.6565 99.124 133.243 57.273
-1335.69 340.788 -96.6691 99.124 133.243 57.273
-1334.98 341.497 -96.6817 99.124 133.243 57.273
-1334.28 342.206 -96.6944 99.124 133.243 57.273
-1333.57 342.915 -96.707 99.124 133.243 57.273
-1332.87 343.624 -96.7196 99.124 133.243 57.273
9
-1371.31 325.593 -96.0813 88.584 127.307 50.379
-1360.62 315.071 -96.0813 99.151 133.23 57.273
-1359.92 315.784 -96.1108 99.151 133.23 57.273
-1359.22 316.496 -96.1402 99.151 133.23 57.273
-1358.52 317.209 -96.1697 99.151 133.23 57.273
-1357.81 317.921 -96.1991 99.151 133.23 57.273
-1357.11 318.633 -96.2286 99.151 133.23 57.273
-1356.41 319.346 -96.258 99.151 133.23 57.273
-1355.71 320.058 -96.2874 99.151 133.23 57.273
-1355.01 320.771 -96.3169 99.151 133.23 57.273
-1354.31 321.483 -96.3463 99.151 133.23 57.273
-1353.61 322.195 -96.3758 99.151 133.23 57.273
-1352.91 322.908 -96.4052 99.151 133.23 57.273
-1352.21 323.62 -96.4347 99.151 133.23 57.273
-1351.5 324.333 -96.4641 99.151 133.23 57.273
-1350.8 325.045 -96.4935 99.148 133.233 57.271
-1350.1 325.757 -96.523 99.14 133.237 57.273
-1349.4 326.47 -96.5524 99.126 133.242 57.272
-1348.7 327.182 -96.5819 99.126 133.242 57.272
-1348 327.895 -96.6113 99.116 133.242 57.265
-1347.3 328.607 -96.6408 99.121 133.242 57.268
-1346.6 329.319 -96.6702 99.129 133.242 57.271
-1345.89 330.032 -96.6996 99.129 133.242 57.271
-1345.19 330.744 -96.7291 99.145 133.238 57.278
-1344.49 331.457 -96.7585 99.15 133.237 57.288
-1343.79 332.169 -96.788 99.15 133.237 57.288
-1343.09 332.881 -96.8174 99.145 133.237 57.29
-1342.39 333.594 -96.8469 99.143 133.237 57.294
-1341.69 334.306 -96.8763 99.143 133.237 57.294
-1340.99 335.019 -96.9057 99.147 133.24 57.297
-1340.29 335.731 -96.9352 99.145 133.243 57.292
-1339.58 336.443 -96.9646 99.139 133.244 57.282
-1338.88 337.156 -96.9941 99.131 133.243 57.279
-1338.18 337.868 -97.0235 99.122 133.243 57.272
-1337.48 338.581 -97.053 99.122 133.243 57.272
-1336.78 339.293 -97.0824 99.122 133.243 57.272
-1336.08 340.005 -97.1118 99.122 133.243 57.272
-1335.38 340.718 -97.1413 99.122 133.243 57.272
-1334.68 341.43 -97.1707 99.122 133.243 57.272
-1333.98 342.143 -97.2002 99.122 133.243 57.272
-1333.27 342.855 -97.2296 99.122 133.243 57.272
-1332.57 343.567 -97.2591 99.122 133.243 57.272
10
-1370.52 324.18 -95.8349 88.584 127.307 50.379
-1359.77 313.72 -95.8349 99.146 133.233 57.271
-1359.07 314.437 -95.862 99.146 133.233 57.271
-1358.37 315.153 -95.8891 99.146 133.233 57.271
-1357.68 315.87 -95.9161 99.146 133.233 57.271
-1356.98 316.586 -95.9432 99.146 133.233 57.271
-1356.28 317.303 -95.9703 99.146 133.233 57.271
-1355.58 318.019 -95.9973 99.146 133.233 57.271
-1354.89 318.736 -96.0244 99.146 133.233 57.271
-1354.19 319.452 -96.0514 99.146 133.233 57.271
-1353.49 320.168 -96.0785 99.146 133.233 57.271
-1352.8 320.885 -96.1056 99.146 133.233 57.271
-1352.1 321.601 -96.1326 99.146 133.233 57.271
-1351.4 322.318 -96.1597 99.146 133.233 57.271
-1350.7 323.034 -96.1868 99.146 133.233 57.271
-1350.01 323.751 -96.2138 99.141 133.237 57.269
-1349.31 324.467 -96.2409 99.141 133.237 57.269
-1348.61 325.184 -96.2679 99.133 133.242 57.273
-1347.92 325.9 -96.295 99.121 133.245 57.271
-1347.22 326.617 -96.3221 99.115 133.244 57.268
-1346.52 327.333 -96.3491 99.122 133.242 57.271
-1345.83 328.05 -96.3762 99.122 133.242 57.271
-1345.13 328.766 -96.4032 99.138 133.24 57.276
-1344.43 329.483 -96.4303 99.148 133.236 57.284
-1343.73 330.199 -96.4574 99.148 133.236 57.284
-1343.04 330.916 -96.4844 99.15 133.236 57.29
-1342.34 331.632 -96.5115 99.147 133.237 57.296
-1341.64 332.349 -96.5386 99.144 133.238 57.297
-1340.95 333.065 -96.5656 99.145 133.238 57.298
-1340.25 333.781 -96.5927 99.148 133.242 57.297
-1339.55 334.498 -96.6197 99.143 133.244 57.286
-1338.85 335.214 -96.6468 99.134 133.244 57.279
-1338.16 335.931 -96.6739 99.134 133.244 57.279
-1337.46 336.647 -96.7009 99.124 133.244 57.273
-1336.76 337.364 -96.728 99.124 133.244 57.273
-1336.07 338.08 -96.7551 99.124 133.244 57.273
-1335.37 338.797 -96.7821 99.124 133.244 57.273
-1334.67 339.513 -96.8092 99.124 133.244 57.273
-1333.97 340.23 -96.8362 99.124 133.244 57.273
-1333.28 340.946 -96.8633 99.124 133.244 57.273
-1332.58 341.663 -96.8904 99.124 133.244 57.273
-1331.88 342.379 -96.9174 99.124 133.244 57.273
11
-1369.8 322.312 -95.8738 88.584 127.307 50.379
-1358.84 312.071 -95.8738 99.149 133.23 57.274
-1358.16 312.801 -95.8992 99.149 133.23 57.274
-1357.48 313.532 -95.9247 99.149 133.23 57.274
-1356.8 314.262 -95.9501 99.149 133.23 57.274
-1356.11 314.992 -95.9755 99.149 133.23 57.274
-1355.43 315.723 -96.001 99.149 133.23 57.274
-1354.75 316.453 -96.0264 99.149 133.23 57.274
-1354.07 317.184 -96.0518 99.149 133.23 57.274
-1353.38 317.914 -96.0773 99.149 133.23 57.274
-1352.7 318.644 -96.1027 99.149 133.23 57.274
-1352.02 319.375 -96.1281 99.149 133.23 57.274
-1351.34 320.105 -96.1536 99.149 133.23 57.274
-1350.65 320.836 -96.179 99.149 133.23 57.274
-1349.97 321.566 -96.2044 99.149 133.23 57.274
-1349.29 322.296 -96.2299 99.151 133.231 57.272
-1348.6 323.027 -96.2553 99.145 133.235 57.274
-1347.92 323.757 -96.2807 99.136 133.238 57.277
-1347.24 324.488 -96.3062 99.121 133.241 57.273
-1346.56 325.218 -96.3316 99.121 133.241 57.273
-1345.87 325.948 -96.3571 99.118 133.242 57.271
-1345.19 326.679 -96.3825 99.122 133.243 57.274
-1344.51 327.409 -96.4079 99.132 133.242 57.276
-1343.83 328.14 -96.4334 99.143 133.24 57.283
-1343.14 328.87 -96.4588 99.143 133.24 57.283
-1342.46 329.6 -96.4842 99.147 133.239 57.288
-1341.78 330.331 -96.5097 99.144 133.238 57.291
-1341.1 331.061 -96.5351 99.141 133.238 57.294
-1340.41 331.792 -96.5605 99.143 133.24 57.296
-1339.73 332.522 -96.586 99.143 133.24 57.296
-1339.05 333.252 -96.6114 99.146 133.243 57.294
-1338.37 333.983 -96.6368 99.144 133.245 57.286
-1337.68 334.713 -96.6623 99.138 133.244 57.284
-1337 335.444 -96.6877 99.127 133.243 57.276
-1336.32 336.174 -96.7131 99.127 133.243 57.276
-1335.64 336.904 -96.7386 99.127 133.243 57.276
-1334.95 337.635 -96.764 99.127 133.243 57.276
-1334.27 338.365 -96.7894 99.127 133.243 57.276
-1333.59 339.096 -96.8149 99.127 133.243 57.276
-1332.91 339.826 -96.8403 99.127 133.243 57.276
-1332.22 340.556 -96.8657 99.127 133.243 57.276
-1331.54 341.287 -96.8912 99.127 133.243 57.276
12
-1370.7 325.806 -97.0762 88.584 127.307 50.379
-1359.88 315.414 -97.0762 99.149 133.231 57.276
-1359.19 316.135 -97.0943 99.149 133.231 57.276
-1358.5 316.856 -97.1125 99.149 133.231 57.276
-1357.8 317.577 -97.1306 99.149 133.231 57.276
-1357.11 318.298 -97.1488 99.149 133.231 57.276
-1356.42 319.019 -97.1669 99.149 133.231 57.276
-1355.73 319.74 -97.1851 99.149 133.231 57.276
-1355.03 320.461 -97.2032 99.149 133.231 57.276
-1354.34 321.182 -97.2214 99.149 133.231 57.276
-1353.65 321.903 -97.2395 99.149 133.231 57.276
-1352.95 322.624 -97.2577 99.149 133.231 57.276
-1352.26 323.346 -97.2758 99.149 133.231 57.276
-1351.57 324.067 -97.294 99.149 133.231 57.276
-1350.88 324.788 -97.3121 99.148 133.232 57.272
-1350.18 325.509 -97.3303 99.141 133.237 57.274
-1349.49 326.23 -97.3484 99.133 133.241 57.275
-1348.8 326.951 -97.3666 99.119 133.243 57.272
-1348.11 327.672 -97.3848 99.119 133.243 57.272
-1347.41 328.393 -97.4029 99.113 133.242 57.268
-1346.72 329.114 -97.4211 99.121 133.242 57.272
-1346.03 329.835 -97.4392 99.133 133.241 57.277
-1345.34 330.556 -97.4574 99.143 133.239 57.282
-1344.64 331.277 -97.4755 99.143 133.239 57.282
-1343.95 331.998 -97.4937 99.148 133.238 57.289
-1343.26 332.719 -97.5118 99.147 133.238 57.294
-1342.56 333.44 -97.53 99.143 133.238 57.297
-1341.87 334.161 -97.5481 99.143 133.238 57.297
-1341.18 334.882 -97.5663 99.146 133.24 57.299
-1340.49 335.603 -97.5844 99.145 133.243 57.292
-1339.79 336.324 -97.6026 99.145 133.243 57.292
-1339.1 337.045 -97.6207 99.141 133.244 57.282
-1338.41 337.766 -97.6389 99.129 133.244 57.277
-1337.72 338.487 -97.657 99.12 133.243 57.271
-1337.02 339.208 -97.6752 99.12 133.243 57.271
-1336.33 339.929 -97.6933 99.12 133.243 57.271
-1335.64 340.65 -97.7115 99.12 133.243 57.271
-1334.95 341.371 -97.7296 99.12 133.243 57.271
-1334.25 342.092 -97.7478 99.12 133.243 57.271
-1333.56 342.813 -97.7659 99.12 133.243 57.271
-1332.87 343.534 -97.7841 99.12 133.243 57.271
-1332.17 344.255 -97.8023 99.12 133.243 57.271
13
-1369.04 321.307 -96.4811 88.584 127.307 50.379
-1358.13 311.016 -96.4811 99.15 133.231 57.276
-1357.44 311.744 -96.4874 99.15 133.231 57.276
-1356.75 312.471 -96.4938 99.15 133.231 57.276
-1356.07 313.199 -96.5001 99.15 133.231 57.276
-1355.38 313.926 -96.5064 99.15 133.231 57.276
-1354.7 314.654 -96.5127 99.15 133.231 57.276
-1354.01 315.381 -96.5191 99.15 133.231 57.276
-1353.32 316.109 -96.5254 99.15 133.231 57.276
-1352.64 316.836 -96.5317 99.15 133.231 57.276
-1351.95 317.564 -96.5381 99.15 133.231 57.276
-1351.27 318.292 -96.5444 99.15 133.231 57.276
-1350.58 319.019 -96.5507 99.15 133.231 57.276
-1349.89 319.747 -96.5571 99.15 133.231 57.276
-1349.21 320.474 -96.5634 99.15 133.231 57.276
-1348.52 321.202 -96.5697 99.15 133.231 57.272
-1347.84 321.929 -96.5761 99.143 133.237 57.277
-1347.15 322.657 -96.5824 99.133 133.24 57.276
-1346.46 323.384 -96.5887 99.12 133.242 57.272
-1345.78 324.112 -96.595 99.116 133.242 57.267
-1345.09 324.839 -96.6014 99.116 133.242 57.267
-1344.41 325.567 -96.6077 99.121 133.243 57.271
-1343.72 326.294 -96.614 99.132 133.242 57.276
-1343.03 327.022 -96.6204 99.142 133.24 57.281
-1342.35 327.749 -96.6267 99.148 133.238 57.288
-1341.66 328.477 -96.633 99.148 133.238 57.288
-1340.98 329.205 -96.6394 99.144 133.238 57.294
-1340.29 329.932 -96.6457 99.143 133.238 57.295
-1339.6 330.66 -96.652 99.143 133.238 57.295
-1338.92 331.387 -96.6583 99.148 133.241 57.298
-1338.23 332.115 -96.6647 99.144 133.244 57.287
-1337.55 332.842 -96.671 99.144 133.244 57.287
-1336.86 333.57 -96.6773 99.134 133.244 57.282
-1336.17 334.297 -96.6837 99.122 133.243 57.273
-1335.49 335.025 -96.69 99.122 133.243 57.273
-1334.8 335.752 -96.6963 99.122 133.243 57.273
-1334.12 336.48 -96.7027 99.122 133.243 57.273
-1333.43 337.207 -96.709 99.122 133.243 57.273
-1332.74 337.935 -96.7153 99.122 133.243 57.273
-1332.06 338.662 -96.7217 99.122 133.243 57.273
-1331.37 339.39 -96.728 99.122 133.243 57.273
-1330.69 340.118 -96.7343 99.122 133.243 57.273
14
-1372 326.924 -97.511 88.584 127.307 50.379
-1361.34 316.365 -97.511 99.152 133.23 57.275
-1360.64 317.075 -97.5221 99.152 133.23 57.275
-1359.94 317.785 -97.5333 99.152 133.23 57.275
-1359.23 318.495 -97.5444 99.152 133.23 57.275
-1358.53 319.206 -97.5555 99.152 133.23 57.275
-1357.82 319.916 -97.5667 99.152 133.23 57.275
-1357.12 320.626 -97.5778 99.152 133.23 57.275
-1356.42 321.336 -97.589 99.152 133.23 57.275
-1355.71 322.046 -97.6001 99.152 133.23 57.275
-1355.01 322.756 -97.6112 99.152 133.23 57.275
-1354.3 323.467 -97.6224 99.152 133.23 57.275
-1353.6 324.177 -97.6335 99.152 133.23 57.275
-1352.9 324.887 -97.6447 99.152 133.23 57.275
-1352.19 325.597 -97.6558 99.152 133.23 57.275
-1351.49 326.307 -97.667 99.15 133.234 57.274
-1350.79 327.018 -97.6781 99.141 133.238 57.278
-1350.08 327.728 -97.6892 99.141 133.238 57.278
-1349.38 328.438 -97.7004 99.128 133.241 57.275
-1348.67 329.148 -97.7115 99.116 133.243 57.27
-1347.97 329.858 -97.7227 99.116 133.243 57.27
-1347.27 330.568 -97.7338 99.121 133.243 57.271
-1346.56 331.279 -97.745 99.136 133.242 57.277
-1345.86 331.989 -97.7561 99.136 133.242 57.277
-1345.15 332.699 -97.7672 99.146 133.239 57.286
-1344.45 333.409 -97.7784 99.146 133.239 57.286
-1343.75 334.119 -97.7895 99.145 133.239 57.294
-1343.04 334.83 -97.8007 99.143 133.238 57.296
-1342.34 335.54 -97.8118 99.146 133.239 57.298
-1341.63 336.25 -97.8229 99.146 133.239 57.298
-1340.93 336.96 -97.8341 99.146 133.243 57.289
-1340.23 337.67 -97.8452 99.146 133.243 57.289
-1339.52 338.38 -97.8564 99.135 133.244 57.282
-1338.82 339.091 -97.8675 99.122 133.243 57.274
-1338.11 339.801 -97.8787 99.122 133.243 57.274
-1337.41 340.511 -97.8898 99.122 133.243 57.274
-1336.71 341.221 -97.9009 99.122 133.243 57.274
-1336 341.931 -97.9121 99.122 133.243 57.274
-1335.3 342.642 -97.9232 99.122 133.243 57.274
-1334.59 343.352 -97.9344 99.122 133.243 57.274
-1333.89 344.062 -97.9455 99.122 133.243 57.274
-1333.19 344.772 -97.9566 99.122 133.243 57.274
15
-1371.53 325.058 -97.7346 88.584 127.307 50.379
-1360.71 314.677 -97.7346 99.151 133.231 57.276
-1360.01 315.398 -97.7433 99.151 133.231 57.276
-1359.32 316.12 -97.7519 99.151 133.231 57.276
-1358.63 316.842 -97.7606 99.151 133.231 57.276
-1357.94 317.564 -97.7693 99.151 133.231 57.276
-1357.24 318.285 -97.778 99.151 133.231 57.276
-1356.55 319.007 -97.7867 99.151 133.231 57.276
-1355.86 319.729 -97.7954 99.151 133.231 57.276
-1355.17 320.451 -97.8041 99.151 133.231 57.276
-1354.48 321.172 -97.8127 99.151 133.231 57.276
-1353.78 321.894 -97.8214 99.151 133.231 57.276
-1353.09 322.616 -97.8301 99.151 133.231 57.276
-1352.4 323.338 -97.8388 99.151 133.231 57.276
-1351.71 324.059 -97.8475 99.151 133.231 57.276
-1351.02 324.781 -97.8562 99.15 133.232 57.273
-1350.32 325.503 -97.8648 99.15 133.232 57.273
-1349.63 326.225 -97.8735 99.143 133.237 57.277
-1348.94 326.947 -97.8822 99.131 133.241 57.276
-1348.25 327.668 -97.8909 99.12 133.242 57.274
-1347.56 328.39 -97.8996 99.116 133.243 57.269
-1346.86 329.112 -97.9083 99.116 133.243 57.269
-1346.17 329.834 -97.917 99.123 133.243 57.273
-1345.48 330.555 -97.9256 99.136 133.241 57.278
-1344.79 331.277 -97.9343 99.147 133.239 57.285
-1344.1 331.999 -97.943 99.147 133.239 57.285
-1343.4 332.721 -97.9517 99.146 133.239 57.294
-1342.71 333.442 -97.9604 99.146 133.239 57.294
-1342.02 334.164 -97.9691 99.144 133.238 57.296
-1341.33 334.886 -97.9778 99.144 133.238 57.296
-1340.63 335.608 -97.9864 99.148 133.241 57.298
-1339.94 336.33 -97.9951 99.144 133.243 57.286
-1339.25 337.051 -98.0038 99.135 133.245 57.282
-1338.56 337.773 -98.0125 99.125 133.244 57.276
-1337.87 338.495 -98.0212 99.125 133.244 57.276
-1337.17 339.217 -98.0299 99.125 133.244 57.276
-1336.48 339.938 -98.0385 99.125 133.244 57.276
-1335.79 340.66 -98.0472 99.125 133.244 57.276
-1335.1 341.382 -98.0559 99.125 133.244 57.276
-1334.41 342.104 -98.0646 99.125 133.244 57.276
-1333.71 342.825 -98.0733 99.125 133.244 57.276
-1333.02 343.547 -98.082 99.125 133.244 57.276
16
-1370.17 324.872 -97.0759 88.584 127.307 50.379
-1359.37 314.461 -97.0759 99.15 133.231 57.274
-1358.68 315.181 -97.0968 99.15 133.231 57.274
-1357.98 315.901 -97.1176 99.15 133.231 57.274
-1357.29 316.621 -97.1385 99.15 133.231 57.274
-1356.59 317.34 -97.1594 99.15 133.231 57.274
-1355.9 318.06 -97.1802 99.15 133.231 57.274
-1355.21 318.78 -97.2011 99.15 133.231 57.274
-1354.51 319.5 -97.2219 99.15 133.231 57.274
-1353.82 320.219 -97.2428 99.15 133.231 57.274
-1353.12 320.939 -97.2637 99.15 133.231 57.274
-1352.43 321.659 -97.2845 99.15 133.231 57.274
-1351.74 322.379 -97.3054 99.15 133.231 57.274
-1351.04 323.098 -97.3262 99.15 133.231 57.274
-1350.35 323.818 -97.3471 99.15 133.231 57.274
-1349.66 324.538 -97.368 99.145 133.236 57.275
-1348.96 325.258 -97.3888 99.133 133.24 57.276
-1348.27 325.977 -97.4097 99.133 133.24 57.276
-1347.57 326.697 -97.4305 99.12 133.243 57.272
-1346.88 327.417 -97.4514 99.114 133.242 57.267
-1346.19 328.137 -97.4723 99.12 133.243 57.271
-1345.49 328.856 -97.4931 99.13 133.242 57.276
-1344.8 329.576 -97.514 99.13 133.242 57.276
-1344.1 330.296 -97.5348 99.146 133.238 57.285
-1343.41 331.016 -97.5557 99.148 133.238 57.291
-1342.72 331.735 -97.5766 99.148 133.238 57.291
-1342.02 332.455 -97.5974 99.145 133.238 57.293
-1341.33 333.175 -97.6183 99.143 133.238 57.296
-1340.63 333.895 -97.6391 99.147 133.24 57.299
-1339.94 334.615 -97.66 99.147 133.243 57.294
-1339.25 335.334 -97.6808 99.141 133.244 57.283
-1338.55 336.054 -97.7017 99.141 133.244 57.283
-1337.86 336.774 -97.7226 99.129 133.245 57.279
-1337.17 337.494 -97.7434 99.121 133.243 57.272
-1336.47 338.213 -97.7643 99.121 133.243 57.272
-1335.78 338.933 -97.7851 99.121 133.243 57.272
-1335.08 339.653 -97.806 99.121 133.243 57.272
-1334.39 340.373 -97.8269 99.121 133.243 57.272
-1333.7 341.092 -97.8477 99.121 133.243 57.272
-1333 341.812 -97.8686 99.121 133.243 57.272
-1332.31 342.532 -97.8894 99.121 133.243 57.272
-1331.61 343.252 -97.9103 99.121 133.243 57.272
17
-1372.48 324.644 -96.0599 88.584 127.307 50.379
-1361.83 314.074 -96.0599 99.151 133.237 57.272
-1361.13 314.783 -96.066 99.151 133.237 57.272
-1360.42 315.493 -96.0721 99.151 133.237 57.272
-1359.72 316.202 -96.0782 99.151 133.237 57.272
-1359.01 316.912 -96.0843 99.151 133.237 57.272
-1358.31 317.621 -96.0904 99.151 133.237 57.272
-1357.6 318.331 -96.0965 99.151 133.237 57.272
-1356.9 319.04 -96.1026 99.151 133.237 57.272
-1356.2 319.75 -96.1087 99.151 133.237 57.272
-1355.49 320.459 -96.1148 99.151 133.237 57.272
-1354.79 321.169 -96.1209 99.151 133.237 57.272
-1354.08 321.878 -96.127 99.151 133.237 57.272
-1353.38 322.587 -96.1331 99.148 133.235 57.271
-1352.67 323.297 -96.1392 99.148 133.234 57.271
-1351.97 324.006 -96.1452 99.148 133.234 57.271
-1351.26 324.716 -96.1513 99.144 133.238 57.268
-1350.56 325.425 -96.1574 99.132 133.24 57.269
-1349.85 326.135 -96.1635 99.123 133.241 57.268
-1349.15 326.844 -96.1696 99.119 133.241 57.266
-1348.44 327.554 -96.1757 99.127 133.241 57.268
-1347.74 328.263 -96.1818 99.139 133.24 57.278
-1347.03 328.973 -96.1879 99.139 133.24 57.278
-1346.33 329.682 -96.194 99.143 133.238 57.281
-1345.63 330.392 -96.2001 99.146 133.238 57.286
-1344.92 331.101 -96.2062 99.146 133.238 57.286
-1344.22 331.811 -96.2123 99.144 133.238 57.29
-1343.51 332.52 -96.2184 99.142 133.24 57.292
-1342.81 333.23 -96.2244 99.147 133.242 57.295
-1342.1 333.939 -96.2305 99.15 133.244 57.295
-1341.4 334.649 -96.2366 99.145 133.246 57.296
-1340.69 335.358 -96.2427 99.145 133.246 57.296
-1339.99 336.068 -96.2488 99.138 133.246 57.285
-1339.28 336.777 -96.2549 99.13 133.248 57.285
-1338.58 337.486 -96.261 99.123 133.245 57.281
-1337.87 338.196 -96.2671 99.128 133.243 57.281
-1337.17 338.905 -96.2732 99.128 133.243 57.281
-1336.46 339.615 -96.2793 99.128 133.243 57.281
-1335.76 340.324 -96.2854 99.128 133.243 57.281
-1335.05 341.034 -96.2915 99.128 133.243 57.281
-1334.35 341.743 -96.2976 99.128 133.243 57.281
-1333.65 342.453 -96.3037 99.128 133.243 57.281
18
-1371.75 325.003 -95.434 88.584 127.307 50.379
-1361.01 314.531 -95.434 99.153 133.23 57.272
-1360.31 315.247 -95.4571 99.153 133.23 57.272
-1359.61 315.963 -95.4801 99.153 133.23 57.272
-1358.91 316.679 -95.5032 99.153 133.23 57.272
-1358.21 317.394 -95.5262 99.153 133.23 57.272
-1357.52 318.11 -95.5493 99.153 133.23 57.272
-1356.82 318.826 -95.5724 99.153 133.23 57.272
-1356.12 319.542 -95.5954 99.153 133.23 57.272
-1355.42 320.258 -95.6185 99.153 133.23 57.272
-1354.72 320.973 -95.6415 99.153 133.23 57.272
-1354.03 321.689 -95.6646 99.153 133.23 57.272
-1353.33 322.405 -95.6877 99.153 133.23 57.272
-1352.63 323.121 -95.7107 99.153 133.23 57.272
-1351.93 323.837 -95.7338 99.153 133.23 57.272
-1351.23 324.552 -95.7568 99.152 133.231 57.269
-1350.54 325.268 -95.7799 99.146 133.236 57.273
-1349.84 325.984 -95.803 99.135 133.24 57.275
-1349.14 326.7 -95.826 99.121 133.242 57.269
-1348.44 327.416 -95.8491 99.121 133.242 57.269
-1347.74 328.131 -95.8721 99.121 133.243 57.267
-1347.05 328.847 -95.8952 99.128 133.244 57.273
-1346.35 329.563 -95.9182 99.138 133.241 57.277
-1345.65 330.279 -95.9413 99.147 133.239 57.283
-1344.95 330.995 -95.9644 99.147 133.239 57.283
-1344.26 331.71 -95.9874 99.149 133.239 57.29
-1343.56 332.426 -96.0105 99.143 133.24 57.294
-1342.86 333.142 -96.0335 99.143 133.24 57.294
-1342.16 333.858 -96.0566 99.142 133.239 57.295
-1341.46 334.573 -96.0797 99.144 133.24 57.297
-1340.77 335.289 -96.1027 99.143 133.243 57.292
-1340.07 336.005 -96.1258 99.138 133.243 57.283
-1339.37 336.721 -96.1488 99.127 133.243 57.281
-1338.67 337.437 -96.1719 99.127 133.243 57.281
-1337.97 338.152 -96.195 99.118 133.243 57.274
-1337.28 338.868 -96.218 99.118 133.243 57.274
-1336.58 339.584 -96.2411 99.118 133.243 57.274
-1335.88 340.3 -96.2641 99.118 133.243 57.274
-1335.18 341.016 -96.2872 99.118 133.243 57.274
-1334.48 341.731 -96.3103 99.118 133.243 57.274
-1333.79 342.447 -96.3333 99.118 133.243 57.274
-1333.09 343.163 -96.3564 99.118 133.243 57.274
19
-1372.66 327.098 -95.6928 88.584 127.307 50.379
-1362.16 316.387 -95.6928 99.153 133.23 57.273
-1361.45 317.087 -95.7131 99.153 133.23 57.273
-1360.73 317.787 -95.7334 99.153 133.23 57.273
-1360.02 318.487 -95.7536 99.153 133.23 57.273
-1359.31 319.187 -95.7739 99.153 133.23 57.273
-1358.59 319.887 -95.7942 99.153 133.23 57.273
-1357.88 320.587 -95.8145 99.153 133.23 57.273
-1357.16 321.287 -95.8347 99.153 133.23 57.273
-1356.45 321.987 -95.855 99.153 133.23 57.273
-1355.74 322.687 -95.8753 99.153 133.23 57.273
-1355.02 323.387 -95.8955 99.153 133.23 57.273
-1354.31 324.087 -95.9158 99.153 133.23 57.273
-1353.6 324.787 -95.9361 99.153 133.23 57.273
-1352.88 325.487 -95.9563 99.153 133.23 57.273
-1352.17 326.187 -95.9766 99.153 133.232 57.27
-1351.45 326.887 -95.9969 99.144 133.237 57.275
-1350.74 327.587 -96.0171 99.129 133.241 57.275
-1350.03 328.287 -96.0374 99.129 133.241 57.275
-1349.31 328.987 -96.0577 99.12 133.242 57.268
-1348.6 329.687 -96.0779 99.118 133.242 57.265
-1347.88 330.387 -96.0982 99.126 133.244 57.273
-1347.17 331.087 -96.1185 99.136 133.243 57.275
-1346.46 331.787 -96.1387 99.147 133.24 57.281
-1345.74 332.487 -96.159 99.147 133.24 57.281
-1345.03 333.187 -96.1793 99.15 133.239 57.29
-1344.31 333.886 -96.1995 99.145 133.239 57.293
-1343.6 334.586 -96.2198 99.141 133.237 57.295
-1342.89 335.286 -96.2401 99.141 133.239 57.296
-1342.17 335.986 -96.2604 99.141 133.239 57.296
-1341.46 336.686 -96.2806 99.143 133.242 57.296
-1340.75 337.386 -96.3009 99.141 133.244 57.286
-1340.03 338.086 -96.3212 99.135 133.245 57.285
-1339.32 338.786 -96.3414 99.123 133.243 57.278
-1338.6 339.486 -96.3617 99.123 133.243 57.278
-1337.89 340.186 -96.382 99.123 133.243 57.278
-1337.18 340.886 -96.4022 99.123 133.243 57.278
-1336.46 341.586 -96.4225 99.123 133.243 57.278
-1335.75 342.286 -96.4428 99.123 133.243 57.278
-1335.03 342.986 -96.463 99.123 133.243 57.278
-1334.32 343.686 -96.4833 99.123 133.243 57.278
-1333.61 344.386 -96.5036 99.123 133.243 57.278
20
-1369.82 324.869 -95.2553 88.584 127.307 50.379
-1359.09 314.389 -95.2553 99.151 133.235 57.274
-1358.39 315.105 -95.2803 99.151 133.235 57.274
-1357.69 315.82 -95.3053 99.151 133.235 57.274
-1356.99 316.535 -95.3303 99.151 133.235 57.274
-1356.29 317.25 -95.3553 99.151 133.235 57.274
-1355.59 317.966 -95.3803 99.151 133.235 57.274
-1354.9 318.681 -95.4053 99.151 133.235 57.274
-1354.2 319.396 -95.4303 99.151 133.235 57.274
-1353.5 320.111 -95.4553 99.151 133.235 57.274
-1352.8 320.827 -95.4803 99.151 133.235 57.274
-1352.1 321.542 -95.5054 99.151 133.235 57.274
-1351.4 322.257 -95.5304 99.151 133.235 57.274
-1350.71 322.972 -95.5554 99.151 133.235 57.274
-1350.01 323.687 -95.5804 99.151 133.235 57.274
-1349.31 324.403 -95.6054 99.141 133.24 57.28
-1348.61 325.118 -95.6304 99.126 133.242 57.275
-1347.91 325.833 -95.6554 99.126 133.242 57.275
-1347.21 326.548 -95.6804 99.12 133.242 57.269
-1346.51 327.264 -95.7054 99.124 133.243 57.273
-1345.82 327.979 -95.7304 99.133 133.242 57.276
-1345.12 328.694 -95.7554 99.133 133.242 57.276
-1344.42 329.409 -95.7805 99.147 133.238 57.284
-1343.72 330.125 -95.8055 99.15 133.239 57.291
-1343.02 330.84 -95.8305 99.147 133.238 57.293
-1342.32 331.555 -95.8555 99.147 133.238 57.293
-1341.63 332.27 -95.8805 99.142 133.237 57.294
-1340.93 332.986 -95.9055 99.143 133.238 57.296
-1340.23 333.701 -95.9305 99.144 133.242 57.293
-1339.53 334.416 -95.9555 99.14 133.244 57.283
-1338.83 335.131 -95.9805 99.14 133.244 57.283
-1338.13 335.847 -96.0055 99.13 133.245 57.281
-1337.43 336.562 -96.0305 99.12 133.243 57.272
-1336.74 337.277 -96.0556 99.12 133.243 57.272
-1336.04 337.992 -96.0806 99.12 133.243 57.272
-1335.34 338.707 -96.1056 99.12 133.243 57.272
-1334.64 339.423 -96.1306 99.12 133.243 57.272
-1333.94 340.138 -96.1556 99.12 133.243 57.272
-1333.24 340.853 -96.1806 99.12 133.243 57.272
-1332.55 341.568 -96.2056 99.12 133.243 57.272
-1331.85 342.284 -96.2306 99.12 133.243 57.272
-1331.15 342.999 -96.2556 99.12 133.243 57.272
21
-1368.99 322.744 -95.9084 88.584 127.307 50.379
-1358.1 312.427 -95.9084 99.153 133.231 57.271
-1357.41 313.153 -95.9183 99.153 133.231 57.271
-1356.72 313.879 -95.9282 99.153 133.231 57.271
-1356.03 314.605 -95.9381 99.153 133.231 57.271
-1355.35 315.331 -95.9481 99.153 133.231 57.271
-1354.66 316.057 -95.958 99.153 133.231 57.271
-1353.97 316.783 -95.9679 99.153 133.231 57.271
-1353.28 317.509 -95.9779 99.153 133.231 57.271
-1352.6 318.235 -95.9878 99.153 133.231 57.271
-1351.91 318.961 -95.9977 99.153 133.231 57.271
-1351.22 319.687 -96.0077 99.153 133.231 57.271
-1350.53 320.412 -96.0176 99.153 133.231 57.271
-1349.84 321.138 -96.0275 99.153 133.231 57.271
-1349.16 321.864 -96.0374 99.151 133.234 57.272
-1348.47 322.59 -96.0474 99.14 133.239 57.277
-1347.78 323.316 -96.0573 99.14 133.239 57.277
-1347.09 324.042 -96.0672 99.125 133.241 57.273
-1346.41 324.768 -96.0772 99.12 133.242 57.268
-1345.72 325.494 -96.0871 99.124 133.244 57.273
-1345.03 326.22 -96.097 99.124 133.244 57.273
-1344.34 326.946 -96.1069 99.135 133.243 57.276
-1343.66 327.672 -96.1169 99.147 133.24 57.281
-1342.97 328.397 -96.1268 99.152 133.24 57.29
-1342.28 329.123 -96.1367 99.152 133.24 57.29
-1341.59 329.849 -96.1467 99.145 133.239 57.293
-1340.9 330.575 -96.1566 99.141 133.238 57.294
-1340.22 331.301 -96.1665 99.141 133.238 57.296
-1339.53 332.027 -96.1764 99.143 133.242 57.296
-1338.84 332.753 -96.1864 99.143 133.242 57.296
-1338.15 333.479 -96.1963 99.14 133.244 57.286
-1337.47 334.205 -96.2062 99.134 133.245 57.285
-1336.78 334.931 -96.2162 99.125 133.243 57.279
-1336.09 335.657 -96.2261 99.125 133.243 57.279
-1335.4 336.383 -96.236 99.125 133.243 57.279
-1334.71 337.108 -96.2459 99.125 133.243 57.279
-1334.03 337.834 -96.2559 99.125 133.243 57.279
-1333.34 338.56 -96.2658 99.125 133.243 57.279
-1332.65 339.286 -96.2757 99.125 133.243 57.279
-1331.96 340.012 -96.2857 99.125 133.243 57.279
-1331.28 340.738 -96.2956 99.125 133.243 57.279
-1330.59 341.464 -96.3055 99.125 133.243 57.279
22
-1371.28 325.408 -95.2364 88.584 127.307 50.379
-1360.53 314.949 -95.2364 99.155 133.232 57.271
-1359.83 315.665 -95.2675 99.155 133.232 57.271
-1359.13 316.382 -95.2986 99.155 133.232 57.271
-1358.44 317.098 -95.3297 99.155 133.232 57.271
-1357.74 317.814 -95.3608 99.155 133.232 57.271
-1357.04 318.531 -95.3919 99.155 133.232 57.271
-1356.35 319.247 -95.423 99.155 133.232 57.271
-1355.65 319.964 -95.454 99.155 133.232 57.271
-1354.95 320.68 -95.4851 99.155 133.232 57.271
-1354.26 321.397 -95.5162 99.155 133.232 57.271
-1353.56 322.113 -95.5473 99.155 133.232 57.271
-1352.86 322.829 -95.5784 99.155 133.232 57.271
-1352.16 323.546 -95.6095 99.155 133.232 57.271
-1351.47 324.262 -95.6406 99.155 133.232 57.271
-1350.77 324.979 -95.6716 99.148 133.236 57.274
-1350.07 325.695 -95.7027 99.14 133.239 57.275
-1349.38 326.411 -95.7338 99.128 133.24 57.27
-1348.68 327.128 -95.7649 99.123 133.24 57.266
-1347.98 327.844 -95.796 99.123 133.24 57.266
-1347.29 328.561 -95.8271 99.127 133.242 57.27
-1346.59 329.277 -95.8582 99.138 133.242 57.273
-1345.89 329.994 -95.8892 99.138 133.242 57.273
-1345.19 330.71 -95.9203 99.149 133.239 57.282
-1344.5 331.426 -95.9514 99.15 133.239 57.287
-1343.8 332.143 -95.9825 99.145 133.239 57.289
-1343.1 332.859 -96.0136 99.145 133.239 57.289
-1342.41 333.576 -96.0447 99.139 133.238 57.291
-1341.71 334.292 -96.0757 99.14 133.239 57.294
-1341.01 335.009 -96.1068 99.14 133.239 57.294
-1340.32 335.725 -96.1379 99.14 133.243 57.289
-1339.62 336.441 -96.169 99.138 133.244 57.283
-1338.92 337.158 -96.2001 99.128 133.243 57.282
-1338.22 337.874 -96.2312 99.128 133.243 57.282
-1337.53 338.591 -96.2623 99.128 133.243 57.282
-1336.83 339.307 -96.2933 99.128 133.243 57.282
-1336.13 340.024 -96.3244 99.128 133.243 57.282
-1335.44 340.74 -96.3555 99.128 133.243 57.282
-1334.74 341.456 -96.3866 99.128 133.243 57.282
-1334.04 342.173 -96.4177 99.128 133.243 57.282
-1333.35 342.889 -96.4488 99.128 133.243 57.282
-1332.65 343.606 -96.4799 99.128 133.243 57.282
23
-1369.91 321.522 -95.7878 88.584 127.307 50.379
-1359.05 311.172 -95.7878 99.154 133.231 57.273
-1358.36 311.895 -95.8082 99.154 133.231 57.273
-1357.67 312.619 -95.8286 99.154 133.231 57.273
-1356.98 313.343 -95.849 99.154 133.231 57.273
-1356.29 314.066 -95.8695 99.154 133.231 57.273
-1355.6 314.79 -95.8899 99.154 133.231 57.273
-1354.91 315.514 -95.9103 99.154 133.231 57.273
-1354.22 316.237 -95.9307 99.154 133.231 57.273
-1353.53 316.961 -95.9511 99.154 133.231 57.273
-1352.84 317.685 -95.9715 99.154 133.231 57.273
-1352.15 318.408 -95.9919 99.154 133.231 57.273
-1351.46 319.132 -96.0123 99.154 133.231 57.273
-1350.77 319.856 -96.0327 99.154 133.231 57.273
-1350.08 320.579 -96.0532 99.154 133.231 57.273
-1349.39 321.303 -96.0736 99.155 133.231 57.27
-1348.7 322.027 -96.094 99.148 133.236 57.274
-1348.01 322.75 -96.1144 99.148 133.236 57.274
-1347.32 323.474 -96.1348 99.132 133.241 57.272
-1346.63 324.198 -96.1552 99.121 133.242 57.265
-1345.94 324.921 -96.1756 99.121 133.242 57.265
-1345.25 325.645 -96.196 99.126 133.243 57.269
-1344.56 326.369 -96.2164 99.133 133.243 57.271
-1343.87 327.092 -96.2369 99.144 133.24 57.275
-1343.18 327.816 -96.2573 99.144 133.24 57.275
-1342.49 328.54 -96.2777 99.151 133.239 57.286
-1341.8 329.263 -96.2981 99.145 133.239 57.291
-1341.11 329.987 -96.3185 99.145 133.239 57.291
-1340.42 330.711 -96.3389 99.139 133.237 57.292
-1339.73 331.434 -96.3593 99.139 133.237 57.292
-1339.04 332.158 -96.3797 99.142 133.24 57.295
-1338.35 332.882 -96.4001 99.141 133.243 57.29
-1337.66 333.605 -96.4206 99.139 133.244 57.283
-1336.97 334.329 -96.441 99.129 133.244 57.282
-1336.28 335.053 -96.4614 99.118 133.243 57.274
-1335.59 335.776 -96.4818 99.118 133.243 57.274
-1334.91 336.5 -96.5022 99.118 133.243 57.274
-1334.22 337.224 -96.5226 99.118 133.243 57.274
-1333.53 337.947 -96.543 99.118 133.243 57.274
-1332.84 338.671 -96.5634 99.118 133.243 57.274
-1332.15 339.395 -96.5838 99.118 133.243 57.274
-1331.46 340.118 -96.6043 99.118 133.243 57.274
24
-1371.77 326.078 -96.6471 88.584 127.307 50.379
-1361.04 315.595 -96.6471 99.153 133.231 57.273
-1360.34 316.31 -96.6724 99.153 133.231 57.273
-1359.64 317.025 -96.6977 99.153 133.231 57.273
-1358.94 317.74 -96.723 99.153 133.231 57.273
-1358.25 318.455 -96.7482 99.153 133.231 57.273
-1357.55 319.17 -96.7735 99.153 133.231 57.273
-1356.85 319.885 -96.7988 99.153 133.231 57.273
-1356.15 320.6 -96.8241 99.153 133.231 57.273
-1355.45 321.315 -96.8494 99.153 133.231 57.273
-1354.75 322.03 -96.8747 99.153 133.231 57.273
-1354.05 322.745 -96.9 99.153 133.231 57.273
-1353.35 323.46 -96.9253 99.153 133.231 57.273
-1352.66 324.175 -96.9505 99.153 133.231 57.273
-1351.96 324.89 -96.9758 99.153 133.231 57.273
-1351.26 325.605 -97.0011 99.153 133.231 57.271
-1350.56 326.32 -97.0264 99.147 133.237 57.275
-1349.86 327.035 -97.0517 99.136 133.24 57.276
-1349.16 327.75 -97.077 99.125 133.241 57.272
-1348.46 328.465 -97.1023 99.119 133.242 57.267
-1347.77 329.18 -97.1276 99.119 133.242 57.267
-1347.07 329.895 -97.1528 99.125 133.244 57.273
-1346.37 330.61 -97.1781 99.133 133.243 57.275
-1345.67 331.325 -97.2034 99.146 133.24 57.28
-1344.97 332.04 -97.2287 99.153 133.239 57.29
-1344.27 332.755 -97.254 99.153 133.239 57.29
-1343.57 333.47 -97.2793 99.148 133.239 57.293
-1342.87 334.185 -97.3046 99.142 133.238 57.294
-1342.18 334.9 -97.3299 99.14 133.237 57.295
-1341.48 335.615 -97.3551 99.143 133.24 57.297
-1340.78 336.331 -97.3804 99.141 133.244 57.291
-1340.08 337.046 -97.4057 99.137 133.244 57.285
-1339.38 337.761 -97.431 99.137 133.244 57.285
-1338.68 338.476 -97.4563 99.128 133.244 57.281
-1337.98 339.191 -97.4816 99.115 133.243 57.272
-1337.29 339.906 -97.5069 99.115 133.243 57.272
-1336.59 340.621 -97.5322 99.115 133.243 57.272
-1335.89 341.336 -97.5574 99.115 133.243 57.272
-1335.19 342.051 -97.5827 99.115 133.243 57.272
-1334.49 342.766 -97.608 99.115 133.243 57.272
-1333.79 343.481 -97.6333 99.115 133.243 57.272
-1333.09 344.196 -97.6586 99.115 133.243 57.272
25
-1371.25 326.359 -96.426 88.584 127.307 50.379
-1360.5 315.901 -96.426 99.152 133.23 57.273
-1359.8 316.618 -96.4431 99.152 133.23 57.273
-1359.1 317.335 -96.4602 99.152 133.23 57.273
-1358.41 318.051 -96.4772 99.152 133.23 57.273
-1357.71 318.768 -96.4943 99.152 133.23 57.273
-1357.01 319.485 -96.5114 99.152 133.23 57.273
-1356.31 320.202 -96.5285 99.152 133.23 57.273
-1355.62 320.919 -96.5455 99.152 133.23 57.273
-1354.92 321.635 -96.5626 99.152 133.23 57.273
-1354.22 322.352 -96.5797 99.152 133.23 57.273
-1353.53 323.069 -96.5967 99.152 133.23 57.273
-1352.83 323.786 -96.6138 99.152 133.23 57.273
-1352.13 324.503 -96.6309 99.152 133.23 57.273
-1351.43 325.219 -96.648 99.152 133.232 57.27
-1350.74 325.936 -96.665 99.144 133.238 57.276
-1350.04 326.653 -96.6821 99.144 133.238 57.276
-1349.34 327.37 -96.6992 99.129 133.241 57.274
-1348.65 328.087 -96.7163 99.119 133.243 57.268
-1347.95 328.803 -96.7333 99.124 133.243 57.27
-1347.25 329.52 -96.7504 99.124 133.243 57.27
-1346.55 330.237 -96.7675 99.13 133.243 57.272
-1345.86 330.954 -96.7845 99.143 133.24 57.279
-1345.16 331.671 -96.8016 99.151 133.239 57.288
-1344.46 332.387 -96.8187 99.151 133.239 57.288
-1343.77 333.104 -96.8358 99.149 133.24 57.293
-1343.07 333.821 -96.8528 99.143 133.239 57.295
-1342.37 334.538 -96.8699 99.141 133.237 57.296
-1341.68 335.255 -96.887 99.145 133.24 57.299
-1340.98 335.971 -96.9041 99.145 133.24 57.299
-1340.28 336.688 -96.9211 99.143 133.243 57.29
-1339.58 337.405 -96.9382 99.137 133.243 57.284
-1338.89 338.122 -96.9553 99.129 133.244 57.283
-1338.19 338.839 -96.9724 99.12 133.242 57.275
-1337.49 339.555 -96.9894 99.12 133.242 57.275
-1336.8 340.272 -97.0065 99.12 133.242 57.275
-1336.1 340.989 -97.0236 99.12 133.242 57.275
-1335.4 341.706 -97.0406 99.12 133.242 57.275
-1334.7 342.423 -97.0577 99.12 133.242 57.275
-1334.01 343.139 -97.0748 99.12 133.242 57.275
-1333.31 343.856 -97.0919 99.12 133.242 57.275
-1332.61 344.573 -97.1089 99.12 133.242 57.275
26
-1371.36 326.654 -96.3326 88.584 127.307 50.379
-1360.68 316.126 -96.3326 99.146 133.232 57.272
-1359.98 316.838 -96.3628 99.146 133.232 57.272
-1359.28 317.55 -96.3931 99.146 133.232 57.272
-1358.58 318.262 -96.4233 99.146 133.232 57.272
-1357.87 318.973 -96.4535 99.146 133.232 57.272
-1357.17 319.685 -96.4838 99.146 133.232 57.272
-1356.47 320.397 -96.514 99.146 133.232 57.272
-1355.77 321.109 -96.5443 99.146 133.232 57.272
-1355.07 321.821 -96.5745 99.146 133.232 57.272
-1354.37 322.533 -96.6048 99.146 133.232 57.272
-1353.67 323.245 -96.635 99.146 133.232 57.272
-1352.96 323.957 -96.6653 99.146 133.232 57.272
-1352.26 324.669 -96.6955 99.146 133.232 57.272
-1351.56 325.381 -96.7257 99.146 133.232 57.272
-1350.86 326.093 -96.756 99.14 133.237 57.275
-1350.16 326.805 -96.7862 99.132 133.241 57.277
-1349.46 327.517 -96.8165 99.121 133.243 57.275
-1348.75 328.229 -96.8467 99.114 133.243 57.27
-1348.05 328.941 -96.877 99.114 133.243 57.27
-1347.35 329.653 -96.9072 99.116 133.242 57.27
-1346.65 330.365 -96.9375 99.125 133.242 57.273
-1345.95 331.077 -96.9677 99.137 133.239 57.278
-1345.25 331.788 -96.9979 99.147 133.237 57.286
-1344.54 332.5 -97.0282 99.147 133.237 57.286
-1343.84 333.212 -97.0584 99.147 133.239 57.294
-1343.14 333.924 -97.0887 99.143 133.239 57.297
-1342.44 334.636 -97.1189 99.144 133.238 57.297
-1341.74 335.348 -97.1492 99.144 133.238 57.297
-1341.04 336.06 -97.1794 99.149 133.242 57.298
-1340.33 336.772 -97.2097 99.147 133.244 57.287
-1339.63 337.484 -97.2399 99.139 133.244 57.282
-1338.93 338.196 -97.2701 99.129 133.244 57.276
-1338.23 338.908 -97.3004 99.118 133.243 57.27
-1337.53 339.62 -97.3306 99.118 133.243 57.27
-1336.83 340.332 -97.3609 99.118 133.243 57.27
-1336.13 341.044 -97.3911 99.118 133.243 57.27
-1335.42 341.756 -97.4214 99.118 133.243 57.27
-1334.72 342.468 -97.4516 99.118 133.243 57.27
-1334.02 343.18 -97.4819 99.118 133.243 57.27
-1333.32 343.892 -97.5121 99.118 133.243 57.27
-1332.62 344.603 -97.5423 99.118 133.243 57.27
27
-1369.91 325.946 -95.3783 88.584 127.307 50.379
-1359.23 315.414 -95.3783 99.152 133.23 57.274
-1358.53 316.126 -95.3836 99.152 133.23 57.274
-1357.83 316.838 -95.389 99.152 133.23 57.274
-1357.13 317.55 -95.3943 99.152 133.23 57.274
-1356.42 318.263 -95.3996 99.152 133.23 57.274
-1355.72 318.975 -95.405 99.152 133.23 57.274
-1355.02 319.687 -95.4103 99.152 133.23 57.274
-1354.32 320.399 -95.4156 99.152 133.23 57.274
-1353.62 321.111 -95.4209 99.152 133.23 57.274
-1352.91 321.823 -95.4263 99.152 133.23 57.274
-1352.21 322.535 -95.4316 99.152 133.23 57.274
-1351.51 323.247 -95.4369 99.152 133.23 57.274
-1350.81 323.959 -95.4422 99.152 133.232 57.272
-1350.11 324.671 -95.4476 99.145 133.236 57.276
-1349.4 325.383 -95.4529 99.137 133.24 57.276
-1348.7 326.095 -95.4582 99.126 133.242 57.272
-1348 326.807 -95.4636 99.118 133.242 57.266
-1347.3 327.519 -95.4689 99.125 133.243 57.271
-1346.59 328.231 -95.4742 99.125 133.243 57.271
-1345.89 328.943 -95.4795 99.135 133.242 57.275
-1345.19 329.655 -95.4849 99.147 133.238 57.281
-1344.49 330.367 -95.4902 99.147 133.238 57.281
-1343.79 331.079 -95.4955 99.148 133.239 57.29
-1343.08 331.791 -95.5008 99.143 133.239 57.292
-1342.38 332.503 -95.5062 99.141 133.238 57.295
-1341.68 333.215 -95.5115 99.141 133.238 57.295
-1340.98 333.927 -95.5168 99.144 133.24 57.298
-1340.28 334.639 -95.5222 99.145 133.243 57.292
-1339.57 335.351 -95.5275 99.142 133.243 57.284
-1338.87 336.063 -95.5328 99.135 133.243 57.283
-1338.17 336.775 -95.5381 99.123 133.242 57.274
-1337.47 337.487 -95.5435 99.123 133.242 57.274
-1336.76 338.2 -95.5488 99.123 133.242 57.274
-1336.06 338.912 -95.5541 99.123 133.242 57.274
-1335.36 339.624 -95.5594 99.123 133.242 57.274
-1334.66 340.336 -95.5648 99.123 133.242 57.274
-1333.96 341.048 -95.5701 99.123 133.242 57.274
-1333.25 341.76 -95.5754 99.123 133.242 57.274
-1332.55 342.472 -95.5808 99.123 133.242 57.274
-1331.85 343.184 -95.5861 99.123 133.242 57.274
-1331.15 343.896 -95.5914 99.123 133.242 57.274
28
-1370.03 323.843 -95.467 88.584 127.307 50.379
-1359.41 313.253 -95.467 99.152 133.23 57.273
-1358.71 313.961 -95.4905 99.152 133.23 57.273
-1358 314.669 -95.5141 99.152 133.23 57.273
-1357.29 315.377 -95.5377 99.152 133.23 57.273
-1356.59 316.085 -95.5613 99.152 133.23 57.273
-1355.88 316.793 -95.5849 99.152 133.23 57.273
-1355.18 317.501 -95.6085 99.152 133.23 57.273
-1354.47 318.209 -95.6321 99.152 133.23 57.273
-1353.77 318.917 -95.6557 99.152 133.23 57.273
-1353.06 319.625 -95.6792 99.152 133.23 57.273
-1352.35 320.333 -95.7028 99.152 133.23 57.273
-1351.65 321.041 -95.7264 99.152 133.23 57.273
-1350.94 321.749 -95.75 99.152 133.23 57.273
-1350.24 322.457 -95.7736 99.153 133.232 57.272
-1349.53 323.165 -95.7972 99.153 133.232 57.272
-1348.82 323.873 -95.8208 99.144 133.237 57.278
-1348.12 324.581 -95.8444 99.135 133.241 57.278
-1347.41 325.289 -95.8679 99.125 133.242 57.272
-1346.71 325.997 -95.8915 99.121 133.243 57.269
-1346 326.705 -95.9151 99.127 133.244 57.274
-1345.3 327.413 -95.9387 99.136 133.243 57.275
-1344.59 328.121 -95.9623 99.136 133.243 57.275
-1343.88 328.829 -95.9859 99.147 133.24 57.283
-1343.18 329.537 -96.0095 99.15 133.239 57.289
-1342.47 330.245 -96.033 99.145 133.239 57.292
-1341.77 330.953 -96.0566 99.145 133.239 57.292
-1341.06 331.661 -96.0802 99.141 133.238 57.294
-1340.36 332.369 -96.1038 99.144 133.239 57.296
-1339.65 333.078 -96.1274 99.144 133.239 57.296
-1338.94 333.786 -96.151 99.142 133.243 57.288
-1338.24 334.494 -96.1746 99.134 133.244 57.282
-1337.53 335.202 -96.1982 99.124 133.242 57.275
-1336.83 335.91 -96.2217 99.124 133.242 57.275
-1336.12 336.618 -96.2453 99.124 133.242 57.275
-1335.41 337.326 -96.2689 99.124 133.242 57.275
-1334.71 338.034 -96.2925 99.124 133.242 57.275
-1334 338.742 -96.3161 99.124 133.242 57.275
-1333.3 339.45 -96.3397 99.124 133.242 57.275
-1332.59 340.158 -96.3633 99.124 133.242 57.275
-1331.89 340.866 -96.3869 99.124 133.242 57.275
-1331.18 341.574 -96.4104 99.124 133.242 57.275
29
-1371.34 327.064 -95.8334 88.584 127.307 50.379
-1360.9 316.293 -95.8334 99.152 133.231 57.274
-1360.18 316.988 -95.8561 99.152 133.231 57.274
-1359.46 317.684 -95.8789 99.152 133.231 57.274
-1358.75 318.38 -95.9016 99.152 133.231 57.274
-1358.03 319.076 -95.9243 99.152 133.231 57.274
-1357.31 319.772 -95.947 99.152 133.231 57.274
-1356.59 320.467 -95.9697 99.152 133.231 57.274
-1355.87 321.163 -95.9924 99.152 133.231 57.274
-1355.16 321.859 -96.0151 99.152 133.231 57.274
-1354.44 322.555 -96.0378 99.152 133.231 57.274
-1353.72 323.25 -96.0605 99.152 133.231 57.274
-1353 323.946 -96.0833 99.152 133.231 57.274
-1352.29 324.642 -96.106 99.152 133.231 57.274
-1351.57 325.338 -96.1287 99.152 133.233 57.273
-1350.85 326.033 -96.1514 99.143 133.239 57.279
-1350.13 326.729 -96.1741 99.143 133.239 57.279
-1349.41 327.425 -96.1968 99.13 133.241 57.275
-1348.7 328.121 -96.2195 99.121 133.242 57.269
-1347.98 328.816 -96.2422 99.121 133.243 57.268
-1347.26 329.512 -96.2649 99.128 133.245 57.274
-1346.54 330.208 -96.2877 99.137 133.242 57.277
-1345.82 330.904 -96.3104 99.147 133.24 57.283
-1345.11 331.599 -96.3331 99.147 133.24 57.283
-1344.39 332.295 -96.3558 99.148 133.239 57.292
-1343.67 332.991 -96.3785 99.148 133.239 57.292
-1342.95 333.687 -96.4012 99.143 133.239 57.293
-1342.23 334.383 -96.4239 99.14 133.238 57.294
-1341.52 335.078 -96.4466 99.144 133.241 57.296
-1340.8 335.774 -96.4694 99.144 133.241 57.296
-1340.08 336.47 -96.4921 99.141 133.243 57.285
-1339.36 337.166 -96.5148 99.137 133.244 57.283
-1338.64 337.861 -96.5375 99.128 133.243 57.279
-1337.93 338.557 -96.5602 99.116 133.243 57.271
-1337.21 339.253 -96.5829 99.116 133.243 57.271
-1336.49 339.949 -96.6056 99.116 133.243 57.271
-1335.77 340.644 -96.6283 99.116 133.243 57.271
-1335.06 341.34 -96.651 99.116 133.243 57.271
-1334.34 342.036 -96.6738 99.116 133.243 57.271
-1333.62 342.732 -96.6965 99.116 133.243 57.271
-1332.9 343.427 -96.7192 99.116 133.243 57.271
-1332.18 344.123 -96.7419 99.116 133.243 57.271
30
-1371.67 324.49 -94.4552 88.584 127.307 50.379
-1361.01 313.941 -94.4552 99.152 133.236 57.277
-1360.31 314.652 -94.48 99.152 133.236 57.277
-1359.6 315.362 -94.5047 99.152 133.236 57.277
-1358.9 316.073 -94.5295 99.152 133.236 57.277
-1358.2 316.784 -94.5542 99.152 133.236 57.277
-1357.5 317.494 -94.579 99.152 133.236 57.277
-1356.79 318.205 -94.6037 99.152 133.236 57.277
-1356.09 318.916 -94.6284 99.152 133.236 57.277
-1355.39 319.627 -94.6532 99.152 133.236 57.277
-1354.68 320.337 -94.6779 99.152 133.236 57.277
-1353.98 321.048 -94.7027 99.152 133.236 57.277
-1353.28 321.759 -94.7274 99.152 133.236 57.277
-1352.57 322.469 -94.7522 99.153 133.232 57.274
-1351.87 323.18 -94.7769 99.153 133.232 57.274
-1351.17 323.891 -94.8016 99.152 133.234 57.273
-1350.46 324.602 -94.8264 99.145 133.237 57.278
-1349.76 325.312 -94.8511 99.132 133.241 57.278
-1349.06 326.023 -94.8759 99.121 133.242 57.272
-1348.36 326.734 -94.9006 99.121 133.242 57.272
-1347.65 327.444 -94.9254 99.119 133.244 57.27
-1346.95 328.155 -94.9501 99.127 133.245 57.275
-1346.25 328.866 -94.9748 99.137 133.243 57.277
-1345.54 329.576 -94.9996 99.137 133.243 57.277
-1344.84 330.287 -95.0243 99.15 133.24 57.287
-1344.14 330.998 -95.0491 99.149 133.24 57.292
-1343.43 331.709 -95.0738 99.144 133.239 57.294
-1342.73 332.419 -95.0986 99.144 133.239 57.294
-1342.03 333.13 -95.1233 99.142 133.238 57.295
-1341.32 333.841 -95.148 99.144 133.239 57.297
-1340.62 334.551 -95.1728 99.142 133.243 57.289
-1339.92 335.262 -95.1975 99.139 133.243 57.283
-1339.22 335.973 -95.2223 99.13 133.243 57.28
-1338.51 336.684 -95.247 99.13 133.243 57.28
-1337.81 337.394 -95.2718 99.12 133.242 57.271
-1337.11 338.105 -95.2965 99.12 133.242 57.271
-1336.4 338.816 -95.3212 99.12 133.242 57.271
-1335.7 339.526 -95.346 99.12 133.242 57.271
-1335 340.237 -95.3707 99.12 133.242 57.271
-1334.29 340.948 -95.3955 99.12 133.242 57.271
-1333.59 341.658 -95.4202 99.12 133.242 57.271
-1332.89 342.369 -95.445 99.12 133.242 57.271
31
-1370.17 324.174 -96.5155 88.584 127.307 50.379
-1359.41 313.729 -96.5155 99.152 133.233 57.273
-1358.71 314.446 -96.5349 99.152 133.233 57.273
-1358.01 315.164 -96.5543 99.152 133.233 57.273
-1357.32 315.881 -96.5737 99.152 133.233 57.273
-1356.62 316.599 -96.5931 99.152 133.233 57.273
-1355.92 317.317 -96.6125 99.152 133.233 57.273
-1355.23 318.034 -96.6319 99.152 133.233 57.273
-1354.53 318.752 -96.6513 99.152 133.233 57.273
-1353.84 319.469 -96.6706 99.152 133.233 57.273
-1353.14 320.187 -96.69 99.152 133.233 57.273
-1352.44 320.905 -96.7094 99.152 133.233 57.273
-1351.75 321.622 -96.7288 99.152 133.233 57.273
-1351.05 322.34 -96.7482 99.152 133.233 57.273
-1350.35 323.057 -96.7676 99.154 133.23 57.27
-1349.66 323.775 -96.787 99.152 133.233 57.27
-1348.96 324.492 -96.8064 99.143 133.236 57.274
-1348.27 325.21 -96.8258 99.13 133.24 57.272
-1347.57 325.928 -96.8452 99.12 133.241 57.265
-1346.87 326.645 -96.8646 99.12 133.241 57.265
-1346.18 327.363 -96.884 99.122 133.242 57.266
-1345.48 328.08 -96.9034 99.131 133.243 57.271
-1344.78 328.798 -96.9227 99.144 133.24 57.275
-1344.09 329.515 -96.9421 99.144 133.24 57.275
-1343.39 330.233 -96.9615 99.151 133.239 57.285
-1342.7 330.951 -96.9809 99.148 133.24 57.291
-1342 331.668 -97.0003 99.141 133.24 57.293
-1341.3 332.386 -97.0197 99.141 133.24 57.293
-1340.61 333.103 -97.0391 99.14 133.239 57.294
-1339.91 333.821 -97.0585 99.142 133.242 57.295
-1339.22 334.538 -97.0779 99.139 133.243 57.284
-1338.52 335.256 -97.0973 99.139 133.243 57.284
-1337.82 335.974 -97.1167 99.13 133.244 57.283
-1337.13 336.691 -97.1361 99.121 133.242 57.276
-1336.43 337.409 -97.1555 99.121 133.242 57.276
-1335.73 338.126 -97.1748 99.121 133.242 57.276
-1335.04 338.844 -97.1942 99.121 133.242 57.276
-1334.34 339.562 -97.2136 99.121 133.242 57.276
-1333.65 340.279 -97.233 99.121 133.242 57.276
-1332.95 340.997 -97.2524 99.121 133.242 57.276
-1332.25 341.714 -97.2718 99.121 133.242 57.276
-1331.56 342.432 -97.2912 99.121 133.242 57.276
