1
-866.688 418.743 59.5849 119.523 140.865 103.23
-867.439 418.066 59.5955 119.523 140.865 103.23
-868.192 417.392 59.6062 119.505 140.826 103.243
-868.946 416.721 59.6169 119.392 140.746 103.222
-869.703 416.053 59.6278 119.311 140.693 103.222
-870.461 415.387 59.6386 119.215 140.622 103.187
-871.221 414.724 59.6496 119.118 140.561 103.168
-871.982 414.063 59.6606 119.026 140.505 103.162
-872.746 413.406 59.6717 118.928 140.442 103.13
-873.511 412.751 59.6828 118.842 140.384 103.098
-874.278 412.099 59.694 118.758 140.329 103.089
-875.046 411.449 59.7052 118.67 140.262 103.084
-875.817 410.803 59.7166 118.67 140.262 103.084
-876.589 410.159 59.728 118.564 140.178 103.04
-877.363 409.517 59.7394 118.475 140.112 103.041
-878.139 408.879 59.7509 118.368 140.035 103.027
-878.916 408.243 59.7625 118.368 140.035 103.027
-879.696 407.61 59.7741 118.268 139.966 102.995
-880.477 406.98 59.7858 118.187 139.908 102.981
-881.259 406.352 59.7976 118.091 139.842 102.97
-882.044 405.728 59.8094 117.994 139.773 102.946
-882.83 405.105 59.8213 117.887 139.692 102.916
-883.618 404.486 59.8333 117.887 139.692 102.916
-884.408 403.87 59.8453 117.795 139.629 102.913
-885.2 403.256 59.8574 117.687 139.554 102.895
-885.993 402.645 59.8695 117.588 139.484 102.862
-886.789 402.036 59.8817 117.479 139.408 102.849
-887.585 401.43 59.894 117.479 139.408 102.849
-888.384 400.827 59.9063 117.397 139.349 102.837
-889.185 400.227 59.9187 117.316 139.289 102.817
-889.987 399.63 59.9312 117.221 139.222 102.794
-890.791 399.035 59.9437 117.14 139.168 102.785
-891.597 398.443 59.9563 117.045 139.103 102.777
-892.404 397.854 59.9689 116.905 139.001 102.727
-893.213 397.267 59.9817 116.905 139.001 102.727
-894.024 396.683 59.9944 116.809 138.935 102.713
-894.837 396.102 60.0073 116.701 138.86 102.706
-895.652 395.524 60.0202 116.62 138.802 102.684
-896.468 394.948 60.0332 116.51 138.725 102.659
-897.286 394.375 60.0462 116.51 138.725 102.659
-898.106 393.805 60.0593 116.428 138.67 102.648
-898.928 393.238 60.0724 116.345 138.611 102.635
-899.751 392.673 60.0857 116.246 138.542 102.61
-900.576 392.111 60.0989 116.166 138.483 102.588
-901.403 391.552 60.1123 116.088 138.426 102.576
-902.232 390.996 60.1257 116.008 138.37 102.572
-903.062 390.442 60.1392 115.913 138.303 102.557
-903.895 389.891 60.1527 115.813 138.233 102.522
-904.729 389.343 60.1663 115.697 138.158 102.496
-905.564 388.797 60.18 115.697 138.158 102.496
-906.402 388.254 60.1937 115.613 138.101 102.483
-907.241 387.714 60.2075 115.535 138.046 102.479
-908.082 387.177 60.2213 115.453 137.986 102.456
-908.925 386.642 60.2352 115.358 137.918 102.433
-909.77 386.11 60.2492 115.249 137.842 102.416
-910.616 385.581 60.2633 115.167 137.784 102.404
-911.464 385.055 60.2774 115.072 137.717 102.391
-912.314 384.531 60.2915 115.072 137.717 102.391
-913.166 384.01 60.3058 114.957 137.639 102.356
-914.019 383.492 60.3201 114.861 137.573 102.334
-914.874 382.976 60.3344 114.777 137.516 102.321
-915.731 382.464 60.3488 114.695 137.46 102.309
-916.59 381.954 60.3633 114.586 137.382 102.29
-917.45 381.446 60.3779 114.586 137.382 102.29
-918.313 380.942 60.3925 114.49 137.311 102.256
-919.177 380.44 60.4072 114.381 137.236 102.241
-920.042 379.941 60.4219 114.285 137.169 102.226
-920.91 379.445 60.4367 114.191 137.105 102.215
-921.779 378.951 60.4516 114.191 137.105 102.215
-922.65 378.46 60.4665 114.048 137.014 102.188
-923.523 377.972 60.4815 113.96 136.954 102.152
-924.398 377.486 60.4965 113.848 136.88 102.136
-925.274 377.004 60.5117 113.848 136.88 102.136
-926.152 376.524 60.5268 113.736 136.804 102.116
-927.032 376.047 60.5421 113.629 136.727 102.104
-927.914 375.572 60.5574 113.551 136.665 102.075
-928.797 375.1 60.5728 113.458 136.599 102.064
-929.682 374.631 60.5882 113.458 136.599 102.064
-930.569 374.165 60.6037 113.36 136.529 102.03
-931.458 373.702 60.6192 113.276 136.475 102.034
-932.348 373.241 60.6349 113.189 136.419 102.014
-933.24 372.783 60.6506 113.105 136.362 101.995
-934.134 372.327 60.6663 113.007 136.293 101.971
-935.03 371.875 60.6821 112.911 136.225 101.945
-935.928 371.425 60.698 112.819 136.159 101.934
-936.827 370.978 60.7139 112.819 136.159 101.934
-937.728 370.533 60.7299 112.708 136.083 101.911
-938.631 370.092 60.746 112.608 136.021 101.91
-939.535 369.653 60.7621 112.522 135.963 101.879
-940.442 369.216 60.7783 112.423 135.896 101.855
-941.35 368.783 60.7946 112.308 135.818 101.822
-942.26 368.352 60.8109 112.226 135.759 101.802
-943.171 367.924 60.8273 112.144 135.703 101.795
-944.085 367.499 60.8437 112.061 135.645 101.779
-945 367.076 60.8602 112.061 135.645 101.779
-945.917 366.656 60.8768 111.953 135.572 101.771
-946.836 366.239 60.8934 111.87 135.514 101.745
-947.756 365.825 60.9101 111.787 135.454 101.718
-948.678 365.413 60.9269 111.7 135.396 101.7
-949.602 365.005 60.9437 111.584 135.318 101.672
-951.638 364.15 61.0022 111.39 135.191 101.648
-952.562 363.759 61.0182 111.305 135.132 101.628
-953.486 363.37 61.0342 111.208 135.064 101.609
-954.412 362.985 61.0502 111.208 135.064 101.609
-955.338 362.603 61.0663 111.115 134.996 101.593
-956.266 362.224 61.0823 110.952 134.879 101.549
-957.195 361.849 61.0984 110.952 134.879 101.549
-958.124 361.476 61.1146 110.866 134.825 101.539
-959.055 361.107 61.1307 110.866 134.825 101.539
-959.987 360.741 61.1468 110.866 134.825 101.539
-960.92 360.378 61.163 110.368 134.494 101.432
-961.854 360.019 61.1792 110.368 134.494 101.432
-962.789 359.662 61.1954 110.368 134.494 101.432
-963.725 359.309 61.2116 110.368 134.494 101.432
-964.663 358.959 61.2279 110.291 134.438 101.422
-965.601 358.612 61.2441 110.209 134.379 101.402
-966.541 358.269 61.2604 110.109 134.314 101.373
-967.481 357.928 61.2767 110.02 134.26 101.362
-968.423 357.591 61.293 109.933 134.202 101.343
-969.365 357.257 61.3093 109.845 134.144 101.323
-970.309 356.926 61.3257 109.763 134.088 101.311
-971.254 356.598 61.3421 109.683 134.031 101.298
-972.199 356.274 61.3584 109.587 133.966 101.279
-973.146 355.953 61.3749 109.587 133.966 101.279
-974.094 355.635 61.3913 109.473 133.889 101.251
-975.043 355.32 61.4077 109.388 133.831 101.224
-975.993 355.008 61.4242 109.245 133.739 101.199
-976.945 354.7 61.4407 109.245 133.739 101.199
-977.897 354.394 61.4572 109.117 133.652 101.174
-978.85 354.092 61.4737 109.019 133.586 101.148
-979.805 353.793 61.4902 108.906 133.514 101.143
-980.76 353.498 61.5068 108.906 133.514 101.143
-981.717 353.205 61.5233 108.793 133.436 101.116
-982.674 352.916 61.5399 108.709 133.377 101.096
-983.633 352.63 61.5566 108.628 133.321 101.077
-984.593 352.347 61.5732 108.517 133.246 101.057
-985.554 352.067 61.5898 108.517 133.246 101.057
-986.515 351.79 61.6065 108.416 133.179 101.029
-987.478 351.517 61.6232 108.299 133.102 101
-988.442 351.247 61.6399 108.197 133.032 100.971
-989.408 350.98 61.6566 108.085 132.958 100.957
-990.374 350.716 61.6733 108.085 132.958 100.957
-991.341 350.455 61.6901 107.963 132.875 100.936
-992.309 350.198 61.7069 107.881 132.822 100.924
-993.279 349.944 61.7237 107.797 132.765 100.901
-994.249 349.693 61.7405 107.71 132.709 100.893
-995.221 349.445 61.7573 107.607 132.639 100.869
-996.193 349.2 61.7742 107.522 132.581 100.848
-997.167 348.959 61.791 107.437 132.526 100.832
-999.639 348.294 61.8496 107.208 132.378 100.774
-1000.62 348.064 61.8659 107.208 132.378 100.774
-1001.59 347.837 61.8821 107.095 132.302 100.739
-1002.57 347.614 61.8984 106.981 132.227 100.721
-1003.55 347.394 61.9147 106.896 132.169 100.702
-1004.53 347.177 61.9309 106.808 132.11 100.677
-1005.51 346.965 61.9472 106.711 132.046 100.665
-1006.49 346.755 61.9634 106.627 131.991 100.654
-1007.47 346.549 61.9797 106.627 131.991 100.654
-1008.45 346.346 61.9959 106.544 131.933 100.638
-1009.43 346.147 62.0121 106.46 131.878 100.627
-1010.41 345.952 62.0283 106.377 131.824 100.613
-1011.39 345.759 62.0445 106.275 131.756 100.579
-1012.37 345.57 62.0607 106.173 131.69 100.553
-1013.36 345.385 62.0769 106.089 131.637 100.545
-1014.34 345.203 62.0931 105.975 131.559 100.519
-1015.32 345.025 62.1093 105.874 131.49 100.495
-1016.31 344.85 62.1255 105.874 131.49 100.495
-1017.29 344.678 62.1417 105.787 131.432 100.476
-1018.28 344.51 62.1579 105.704 131.377 100.461
-1019.27 344.345 62.174 105.507 131.246 100.402
-1020.25 344.184 62.1902 105.507 131.246 100.402
-1021.24 344.026 62.2063 105.406 131.184 100.394
-1022.23 343.872 62.2225 105.318 131.127 100.376
-1023.22 343.721 62.2386 105.229 131.067 100.353
-1024.21 343.574 62.2548 105.143 131.01 100.333
-1025.2 343.43 62.2709 105.046 130.946 100.315
-1026.19 343.289 62.287 105.046 130.946 100.315
-1027.18 343.152 62.3031 104.95 130.882 100.299
-1028.17 343.018 62.3192 104.852 130.816 100.28
-1029.16 342.888 62.3353 104.739 130.738 100.25
-1030.15 342.761 62.3514 104.653 130.68 100.234
-1031.14 342.638 62.3675 104.568 130.623 100.225
-1032.14 342.518 62.3836 104.568 130.623 100.225
-1033.13 342.402 62.3997 104.456 130.546 100.198
-1034.12 342.289 62.4158 104.341 130.473 100.173
-1035.12 342.179 62.4318 104.195 130.381 100.142
-1036.12 342.073 62.4479 104.195 130.381 100.142
-1037.11 341.971 62.464 104.094 130.313 100.118
-1038.11 341.872 62.48 103.982 130.237 100.093
-1039.1 341.776 62.4961 103.897 130.182 100.074
-1040.1 341.684 62.5121 103.897 130.182 100.074
-1041.1 341.595 62.5281 103.781 130.105 100.04
-1042.1 341.509 62.5442 103.695 130.051 100.025
-1043.1 341.427 62.5602 103.608 129.997 100.009
-1044.1 341.349 62.5762 103.52 129.94 99.991
-1045.1 341.274 62.5922 103.417 129.874 99.965
-1046.1 341.202 62.6082 103.329 129.819 99.945
-1047.1 341.134 62.6242 103.242 129.763 99.928
-1049.2 340.924 62.6429 103.105 129.672 99.9
-1050.2 340.87 62.6574 103.007 129.606 99.879
-1051.2 340.82 62.6719 102.919 129.549 99.859
-1052.2 340.773 62.6863 102.829 129.49 99.839
-1053.21 340.73 62.7008 102.74 129.434 99.821
-1054.21 340.69 62.7153 102.64 129.368 99.796
-1055.21 340.654 62.7297 102.554 129.313 99.774
-1056.21 340.621 62.7442 102.453 129.249 99.748
-1057.21 340.592 62.7586 102.335 129.179 99.724
-1058.21 340.566 62.7731 102.335 129.179 99.724
-1059.21 340.544 62.7875 102.216 129.102 99.697
-1060.21 340.526 62.802 102.131 129.045 99.684
-1061.21 340.511 62.8164 102.033 128.977 99.67
-1062.21 340.499 62.8308 101.949 128.922 99.651
-1063.22 340.491 62.8452 101.864 128.866 99.634
-1064.22 340.487 62.8596 101.748 128.794 99.609
-1065.22 340.486 62.874 101.748 128.794 99.609
-1066.22 340.489 62.8884 101.646 128.73 99.587
-1067.22 340.495 62.9028 101.528 128.658 99.559
-1068.22 340.505 62.9172 101.437 128.602 99.54
-1069.22 340.518 62.9315 101.32 128.526 99.512
-1070.22 340.535 62.9459 101.236 128.47 99.495
-1071.22 340.555 62.9603 101.152 128.413 99.477
-1072.22 340.579 62.9746 101.152 128.413 99.477
-1073.21 340.607 62.989 101.022 128.33 99.451
-1074.21 340.638 63.0033 100.905 128.255 99.428
-1075.21 340.672 63.0177 100.818 128.197 99.407
-1076.21 340.71 63.032 100.721 128.132 99.387
-1077.21 340.752 63.0463 100.721 128.132 99.387
-1078.21 340.797 63.0606 100.636 128.078 99.37
-1079.21 340.845 63.075 100.55 128.024 99.349
-1080.21 340.898 63.0893 100.447 127.961 99.327
-1081.21 340.953 63.1036 100.357 127.902 99.305
-1082.21 341.013 63.1179 100.269 127.845 99.283
-1083.21 341.075 63.1322 100.153 127.769 99.259
-1084.2 341.142 63.1464 100.068 127.714 99.244
-1085.2 341.212 63.1607 99.974 127.654 99.23
-1086.2 341.285 63.175 99.873 127.592 99.214
-1087.2 341.362 63.1893 99.873 127.592 99.214
-1088.2 341.442 63.2035 99.767 127.537 99.199
-1089.2 341.526 63.2178 99.646 127.483 99.183
-1090.19 341.614 63.232 99.559 127.45 99.18
-1091.19 341.705 63.2463 99.45 127.418 99.194
-1092.19 341.799 63.2605 99.372 127.405 99.217
-1093.19 341.898 63.2747 99.372 127.405 99.217
-1094.18 341.999 63.289 99.285 127.404 99.256
-1095.18 342.104 63.3032 99.205 127.411 99.298
-1096.18 342.213 63.3174 99.115 127.424 99.351
-1098.65 342.454 63.3685 98.977 127.45 99.435
-1099.65 342.573 63.3822 98.911 127.464 99.476
-1100.64 342.696 63.3957 98.812 127.485 99.542
-1101.64 342.822 63.4093 98.747 127.498 99.586
-1102.63 342.951 63.4228 98.683 127.513 99.631
-1103.62 343.084 63.4362 98.683 127.513 99.631
-1104.62 343.22 63.4496 98.595 127.533 99.69
-1105.61 343.36 63.463 98.527 127.547 99.733
-1106.6 343.503 63.4763 98.446 127.563 99.783
-1107.59 343.649 63.4896 98.356 127.581 99.841
-1108.58 343.798 63.5028 98.356 127.581 99.841
-1109.57 343.951 63.516 98.269 127.596 99.899
-1110.56 344.108 63.5292 98.18 127.614 99.96
-1111.54 344.267 63.5423 98.112 127.626 100.003
-1112.53 344.43 63.5553 98.024 127.642 100.062
-1113.52 344.597 63.5684 98.024 127.642 100.062
-1114.5 344.766 63.5813 97.959 127.656 100.104
-1115.49 344.939 63.5943 97.847 127.683 100.175
-1116.47 345.116 63.6072 97.847 127.683 100.175
-1117.46 345.296 63.62 97.73 127.708 100.241
-1118.44 345.479 63.6328 97.662 127.723 100.283
-1119.42 345.665 63.6456 97.584 127.737 100.329
-1120.41 345.855 63.6583 97.498 127.753 100.386
-1121.39 346.048 63.671 97.433 127.766 100.429
-1122.37 346.245 63.6836 97.433 127.766 100.429
-1123.35 346.445 63.6962 97.336 127.784 100.496
-1124.33 346.648 63.7088 97.262 127.799 100.549
-1125.3 346.855 63.7213 97.189 127.815 100.602
-1126.28 347.065 63.7337 97.189 127.815 100.602
-1127.26 347.279 63.7462 97.123 127.83 100.645
-1128.24 347.495 63.7585 97.054 127.846 100.685
-1129.21 347.715 63.7709 96.877 127.88 100.784
-1130.19 347.939 63.7832 96.877 127.88 100.784
-1131.16 348.166 63.7954 96.786 127.899 100.84
-1132.13 348.396 63.8076 96.708 127.914 100.89
-1133.11 348.63 63.8198 96.708 127.914 100.89
-1134.08 348.867 63.8319 96.617 127.932 100.947
-1135.05 349.107 63.844 96.531 127.948 101.007
-1136.02 349.351 63.856 96.469 127.961 101.051
-1136.99 349.598 63.868 96.469 127.961 101.051
-1137.96 349.848 63.88 96.386 127.98 101.112
-1138.93 350.102 63.8919 96.308 127.997 101.161
-1139.9 350.359 63.9037 96.239 128.011 101.204
-1140.87 350.619 63.9156 96.172 128.025 101.246
-1141.83 350.883 63.9273 96.081 128.043 101.3
-1142.8 351.15 63.9391 96.015 128.055 101.343
-1143.77 351.421 63.9508 95.935 128.071 101.392
-1144.73 351.695 63.9624 95.856 128.087 101.445
-1145.7 351.972 63.974 95.856 128.087 101.445
-1148.5 352.942 63.9871 95.666 128.131 101.583
-1149.46 353.23 63.9987 95.6 128.146 101.624
-1150.42 353.521 64.0103 95.519 128.162 101.67
-1151.38 353.814 64.0218 95.43 128.18 101.728
-1152.34 354.111 64.0333 95.341 128.197 101.781
-1153.3 354.412 64.0448 95.341 128.197 101.781
-1154.25 354.715 64.0562 95.238 128.217 101.842
-1155.2 355.021 64.0676 95.159 128.232 101.889
-1156.16 355.33 64.0789 95.071 128.247 101.945
-1157.11 355.643 64.0902 95.071 128.247 101.945
-1158.06 355.958 64.1015 95.008 128.26 101.99
-1159.01 356.277 64.1127 94.946 128.274 102.037
-1159.96 356.599 64.1238 94.882 128.289 102.083
-1160.9 356.924 64.135 94.801 128.308 102.134
-1161.85 357.252 64.146 94.711 128.329 102.194
-1162.79 357.583 64.1571 94.622 128.348 102.25
-1163.73 357.917 64.1681 94.622 128.348 102.25
-1164.68 358.254 64.179 94.543 128.365 102.299
-1165.62 358.594 64.1899 94.475 128.38 102.341
-1166.56 358.938 64.2008 94.385 128.397 102.4
-1167.49 359.284 64.2116 94.3 128.414 102.459
-1168.43 359.634 64.2224 94.237 128.428 102.504
-1169.37 359.987 64.2332 94.237 128.428 102.504
-1170.3 360.343 64.2438 94.162 128.445 102.557
-1171.24 360.702 64.2545 94.094 128.458 102.599
-1172.17 361.064 64.2651 94.018 128.474 102.652
-1173.1 361.429 64.2757 93.929 128.493 102.708
-1174.03 361.797 64.2862 93.84 128.514 102.764
-1174.96 362.168 64.2967 93.84 128.514 102.764
-1175.88 362.543 64.3071 93.759 128.532 102.811
-1176.81 362.92 64.3175 93.664 128.549 102.866
-1177.74 363.301 64.3279 93.587 128.564 102.916
-1178.66 363.685 64.3382 93.491 128.584 102.982
-1179.58 364.071 64.3485 93.491 128.584 102.982
-1180.5 364.461 64.3587 93.406 128.604 103.044
-1181.42 364.854 64.3689 93.329 128.621 103.099
-1182.34 365.251 64.379 93.329 128.621 103.099
-1183.26 365.65 64.3891 93.242 128.639 103.159
-1184.18 366.052 64.3992 93.155 128.658 103.216
-1185.09 366.457 64.4092 93.077 128.676 103.265
-1186.01 366.866 64.4192 93.007 128.691 103.306
-1186.92 367.278 64.4291 92.919 128.708 103.36
-1187.83 367.692 64.439 92.854 128.721 103.398
-1188.74 368.11 64.4489 92.777 128.736 103.443
-1189.65 368.531 64.4587 92.777 128.736 103.443
-1190.56 368.955 64.4684 92.691 128.755 103.506
-1191.47 369.382 64.4781 92.613 128.77 103.558
-1192.38 369.812 64.4878 92.538 128.785 103.61
-1194.3 370.82 64.4908 92.472 128.799 103.653
-1195.21 371.265 64.4996 92.372 128.82 103.718
-1196.12 371.713 64.5083 92.302 128.836 103.76
-1197.02 372.164 64.517 92.213 128.858 103.816
-1197.92 372.618 64.5257 92.146 128.872 103.858
-1198.82 373.075 64.5344 92.079 128.886 103.9
-1199.72 373.535 64.5431 91.99 128.903 103.956
-1200.62 373.998 64.5517 91.924 128.915 103.999
-1201.51 374.463 64.5603 91.842 128.932 104.061
-1202.4 374.932 64.5689 91.842 128.932 104.061
-1203.29 375.403 64.5775 91.772 128.946 104.112
-1204.18 375.878 64.586 91.708 128.96 104.16
-1205.07 376.355 64.5946 91.639 128.975 104.201
-1205.95 376.836 64.6031 91.56 128.995 104.253
-1206.83 377.319 64.6116 91.481 129.013 104.303
-1207.71 377.805 64.62 91.413 129.03 104.345
-1208.59 378.294 64.6285 91.344 129.046 104.39
-1209.46 378.786 64.6369 91.274 129.06 104.43
-1210.33 379.281 64.6453 91.183 129.077 104.484
-1211.2 379.779 64.6536 91.118 129.09 104.525
-1212.07 380.279 64.662 91.044 129.104 104.576
-1212.94 380.783 64.6703 91.044 129.104 104.576
-1213.8 381.29 64.6786 90.971 129.12 104.625
-1214.67 381.799 64.6869 90.894 129.136 104.673
-1215.53 382.312 64.6951 90.829 129.15 104.722
-1216.39 382.827 64.7034 90.765 129.164 104.769
-1217.24 383.345 64.7116 90.69 129.183 104.819
-1218.1 383.867 64.7198 90.623 129.198 104.863
-1218.95 384.391 64.728 90.554 129.213 104.906
-1219.8 384.918 64.7361 90.474 129.231 104.955
-1220.65 385.448 64.7442 90.395 129.246 105.003
-1221.49 385.981 64.7523 90.331 129.26 105.048
-1222.34 386.517 64.7604 90.268 129.275 105.093
-1223.18 387.055 64.7685 90.268 129.275 105.093
-1224.02 387.597 64.7765 90.19 129.29 105.142
-1224.85 388.142 64.7845 90.126 129.304 105.186
-1225.69 388.689 64.7925 90.062 129.317 105.23
-1226.52 389.239 64.8005 89.995 129.332 105.273
-1227.35 389.793 64.8084 89.893 129.357 105.337
-1228.18 390.349 64.8163 89.811 129.373 105.384
-1229.01 390.908 64.8242 89.732 129.39 105.435
-1229.83 391.47 64.8321 89.666 129.405 105.481
-1230.66 392.036 64.84 89.666 129.405 105.481
-1231.48 392.604 64.8478 89.57 129.426 105.55
-1232.29 393.174 64.8556 89.493 129.441 105.599
-1233.11 393.748 64.8634 89.429 129.452 105.641
-1233.93 394.325 64.8712 89.355 129.467 105.693
-1234.74 394.905 64.8789 89.281 129.482 105.74
-1235.55 395.487 64.8866 89.281 129.482 105.74
-1236.36 396.073 64.8943 89.192 129.501 105.794
-1237.16 396.661 64.902 89.114 129.521 105.847
-1237.97 397.253 64.9097 89.049 129.538 105.892
-1238.77 397.847 64.9173 88.97 129.557 105.942
-1239.57 398.444 64.9249 88.88 129.577 105.999
-1240.36 399.044 64.9325 88.88 129.577 105.999
-1241.16 399.647 64.9401 88.776 129.597 106.061
-1241.95 400.253 64.9476 88.698 129.612 106.111
-1242.74 400.862 64.9551 88.613 129.627 106.17
-1243.53 401.474 64.9626 88.613 129.627 106.17
-1244.32 402.089 64.9701 88.519 129.649 106.241
-1245.11 402.706 64.9775 88.454 129.664 106.287
-1245.89 403.327 64.985 88.346 129.689 106.363
-1246.67 403.95 64.9924 88.346 129.689 106.363
-1247.45 404.577 64.9998 88.269 129.706 106.411
-1248.22 405.206 65.0071 88.19 129.724 106.46
-1249 405.838 65.0145 88.121 129.743 106.507
-1249.77 406.474 65.0218 88.053 129.759 106.551
-1250.54 407.112 65.0291 87.964 129.778 106.605
-1251.31 407.753 65.0364 87.898 129.791 106.641
-1252.08 408.397 65.0436 87.832 129.803 106.683
-1252.84 409.044 65.0508 87.755 129.818 106.73
-1253.6 409.694 65.058 87.692 129.83 106.77
-1254.36 410.346 65.0652 87.692 129.83 106.77
-1255.12 411.002 65.0724 87.617 129.845 106.822
-1255.88 411.661 65.0795 87.553 129.86 106.868
-1256.63 412.322 65.0866 87.472 129.88 106.918
-1257.38 412.986 65.0937 87.392 129.9 106.971
-1258.13 413.654 65.1008 87.325 129.916 107.013
-1258.88 414.324 65.1079 87.257 129.93 107.053
-1259.62 414.997 65.1149 87.179 129.946 107.101
-1260.37 415.673 65.1219 87.078 129.966 107.161
-1261.11 416.352 65.1289 87.015 129.979 107.207
-1261.85 417.034 65.1358 86.934 129.996 107.268
-1262.58 417.719 65.1428 86.934 129.996 107.268
-1263.32 418.407 65.1497 86.871 130.009 107.315
-1264.05 419.098 65.1566 86.796 130.028 107.368
-1264.78 419.792 65.1635 86.719 130.046 107.423
-1265.51 420.488 65.1703 86.656 130.062 107.471
-1266.23 421.188 65.1771 86.583 130.082 107.525
-1266.96 421.89 65.1839 86.501 130.104 107.582
-1267.68 422.595 65.1907 86.409 130.123 107.636
-1268.4 423.304 65.1975 86.409 130.123 107.636
-1269.12 424.015 65.2042 86.283 130.147 107.722
-1269.84 424.729 65.2109 86.225 130.162 107.775
-1270.55 425.446 65.2176 86.225 130.162 107.775
-1271.26 426.166 65.2243 86.165 130.172 107.821
2
-874.889 414.321 59.017 118.878 140.398 103.107
-875.649 413.657 59.0242 118.787 140.329 103.094
-876.41 412.997 59.0315 118.7 140.265 103.1
-877.173 412.34 59.039 118.599 140.195 103.063
-877.938 411.685 59.0465 118.488 140.12 103.035
-878.705 411.034 59.0541 118.405 140.063 103.031
-879.473 410.385 59.0619 118.405 140.063 103.031
-880.244 409.74 59.0697 118.312 139.996 103.006
-881.016 409.097 59.0776 118.208 139.919 102.984
-881.791 408.457 59.0857 118.116 139.852 102.978
-882.567 407.82 59.0938 118.029 139.791 102.962
-883.345 407.186 59.102 117.943 139.726 102.929
-884.124 406.555 59.1104 117.839 139.654 102.919
-884.906 405.927 59.1188 117.839 139.654 102.919
-885.689 405.302 59.1273 117.733 139.586 102.916
-886.475 404.68 59.1359 117.646 139.522 102.88
-887.262 404.06 59.1447 117.549 139.452 102.852
-888.051 403.444 59.1535 117.458 139.385 102.848
-888.842 402.83 59.1624 117.364 139.316 102.835
-889.635 402.22 59.1714 117.278 139.256 102.809
-890.43 401.612 59.1805 117.192 139.198 102.789
-891.226 401.007 59.1898 117.192 139.198 102.789
-892.024 400.406 59.1991 117.08 139.129 102.784
-892.825 399.807 59.2085 116.975 139.051 102.754
-893.627 399.211 59.218 116.883 138.98 102.721
-894.431 398.618 59.2276 116.813 138.931 102.725
-895.236 398.027 59.2374 116.717 138.864 102.713
-896.044 397.44 59.2472 116.627 138.804 102.688
-896.854 396.856 59.2571 116.627 138.804 102.688
-897.665 396.275 59.2671 116.528 138.736 102.665
-898.478 395.696 59.2772 116.412 138.655 102.64
-899.293 395.121 59.2874 116.309 138.581 102.626
-900.11 394.548 59.2977 116.238 138.531 102.622
-900.929 393.978 59.3082 116.15 138.468 102.586
-901.75 393.412 59.3187 116.064 138.41 102.58
-902.572 392.848 59.3293 116.064 138.41 102.58
-903.397 392.287 59.34 115.977 138.348 102.563
-904.223 391.729 59.3508 115.891 138.289 102.544
-905.051 391.174 59.3617 115.803 138.229 102.524
-905.881 390.622 59.3727 115.719 138.168 102.497
-906.713 390.072 59.3838 115.617 138.097 102.494
-907.546 389.526 59.395 115.537 138.037 102.481
-908.382 388.983 59.4063 115.448 137.976 102.464
-909.219 388.442 59.4177 115.347 137.908 102.435
-910.058 387.905 59.4292 115.259 137.848 102.414
-910.9 387.37 59.4408 115.259 137.848 102.414
-911.742 386.838 59.4525 115.177 137.79 102.408
-912.587 386.31 59.4643 115.094 137.732 102.398
-913.434 385.784 59.4762 114.985 137.656 102.37
-914.282 385.261 59.4882 114.898 137.595 102.341
-915.133 384.741 59.5003 114.812 137.538 102.332
-915.985 384.224 59.5125 114.727 137.477 102.311
-916.839 383.709 59.5248 114.643 137.418 102.308
-917.695 383.198 59.5372 114.559 137.354 102.277
-918.553 382.69 59.5497 114.47 137.295 102.259
-919.413 382.185 59.5623 114.383 137.236 102.236
-920.274 381.682 59.575 114.299 137.179 102.228
-921.138 381.182 59.5878 114.299 137.179 102.228
-922.003 380.686 59.6006 114.216 137.124 102.219
-922.87 380.192 59.6136 114.126 137.066 102.204
-923.739 379.701 59.6267 114.025 136.998 102.173
-924.61 379.213 59.6399 113.926 136.929 102.149
-925.482 378.729 59.6532 113.83 136.86 102.13
-926.357 378.246 59.6666 113.728 136.79 102.128
-927.233 377.767 59.6801 113.728 136.79 102.128
-928.112 377.291 59.6937 113.646 136.73 102.112
-928.992 376.818 59.7073 113.553 136.661 102.088
-929.874 376.348 59.7211 113.451 136.592 102.056
-930.757 375.88 59.735 113.335 136.518 102.03
-931.643 375.416 59.749 113.226 136.446 102.016
-932.531 374.954 59.7631 113.226 136.446 102.016
-933.42 374.495 59.7772 113.125 136.373 102.004
-934.311 374.04 59.7915 113.032 136.306 101.986
-935.204 373.587 59.8059 112.946 136.243 101.96
-936.099 373.137 59.8204 112.862 136.184 101.946
-936.996 372.69 59.835 112.771 136.122 101.915
-937.895 372.246 59.8496 112.68 136.067 101.91
-938.795 371.805 59.8644 112.581 136.004 101.897
-939.698 371.367 59.8793 112.581 136.004 101.897
-940.602 370.931 59.8942 112.495 135.945 101.873
-941.508 370.499 59.9093 112.396 135.879 101.849
-942.416 370.07 59.9245 112.31 135.816 101.821
-943.326 369.643 59.9398 112.228 135.755 101.808
-944.238 369.219 59.9551 112.132 135.687 101.793
-945.151 368.799 59.9706 112.037 135.621 101.78
-946.067 368.381 59.9862 111.935 135.556 101.765
-946.984 367.966 60.0018 111.935 135.556 101.765
-947.903 367.554 60.0176 111.834 135.489 101.733
-948.824 367.145 60.0335 111.734 135.423 101.706
-949.747 366.739 60.0494 111.636 135.357 101.686
-951.975 365.847 60.1101 111.438 135.217 101.658
-952.897 365.455 60.1253 111.34 135.148 101.641
-953.819 365.065 60.1406 111.251 135.084 101.615
-954.742 364.679 60.1559 111.251 135.084 101.615
-955.666 364.296 60.1713 111.166 135.028 101.611
-956.592 363.916 60.1867 111.066 134.962 101.578
-957.518 363.539 60.2022 110.978 134.902 101.55
-958.445 363.166 60.2177 110.881 134.841 101.542
-959.374 362.795 60.2332 110.77 134.768 101.513
-960.303 362.427 60.2488 110.679 134.708 101.496
-961.234 362.062 60.2645 110.572 134.634 101.488
-962.165 361.701 60.2802 110.572 134.634 101.488
-963.098 361.342 60.2959 110.488 134.574 101.471
-964.032 360.987 60.3117 110.403 134.51 101.442
-964.966 360.634 60.3275 110.309 134.448 101.433
-965.902 360.285 60.3434 110.219 134.391 101.406
-966.839 359.938 60.3593 110.103 134.317 101.368
-967.776 359.595 60.3753 109.981 134.237 101.353
-968.715 359.255 60.3913 109.981 134.237 101.353
-969.655 358.918 60.4073 109.895 134.173 101.331
-970.596 358.584 60.4234 109.801 134.105 101.318
-971.538 358.253 60.4396 109.719 134.049 101.314
-972.481 357.925 60.4557 109.608 133.978 101.289
-973.425 357.6 60.472 109.608 133.978 101.289
-974.37 357.278 60.4883 109.506 133.914 101.267
-975.316 356.959 60.5046 109.415 133.852 101.23
-976.263 356.643 60.5209 109.306 133.779 101.213
-977.211 356.331 60.5374 109.196 133.704 101.188
-978.16 356.021 60.5538 109.097 133.635 101.164
-979.111 355.714 60.5703 109.097 133.635 101.164
-980.062 355.411 60.5869 108.988 133.565 101.152
-981.014 355.111 60.6035 108.869 133.482 101.132
-981.967 354.813 60.6201 108.797 133.433 101.125
-982.922 354.519 60.6368 108.688 133.358 101.089
-983.877 354.228 60.6535 108.688 133.358 101.089
-984.834 353.939 60.6703 108.589 133.296 101.08
-985.791 353.654 60.6871 108.481 133.227 101.043
-986.75 353.372 60.704 108.366 133.153 101.02
-987.709 353.093 60.7209 108.269 133.081 100.983
-988.67 352.817 60.7379 108.188 133.023 100.976
-989.631 352.544 60.7549 108.188 133.023 100.976
-990.594 352.275 60.7719 108.115 132.972 100.965
-991.558 352.008 60.789 108.032 132.916 100.949
-992.523 351.744 60.8062 107.941 132.86 100.936
-993.488 351.483 60.8234 107.822 132.785 100.9
-994.455 351.226 60.8406 107.722 132.719 100.892
-995.423 350.971 60.8579 107.623 132.652 100.871
-996.392 350.72 60.8752 107.552 132.602 100.86
-997.362 350.471 60.8926 107.466 132.545 100.841
-1000.08 349.6 60.9673 107.25 132.405 100.784
-1001.06 349.366 60.9844 107.153 132.337 100.759
-1002.03 349.135 61.0016 107.032 132.256 100.734
-1003.01 348.907 61.0187 107.032 132.256 100.734
-1003.98 348.683 61.0359 106.923 132.183 100.709
-1004.96 348.463 61.053 106.808 132.109 100.676
-1005.94 348.246 61.0701 106.719 132.051 100.664
-1006.91 348.032 61.0871 106.632 131.993 100.651
-1007.89 347.822 61.1042 106.546 131.934 100.635
-1008.87 347.616 61.1213 106.471 131.885 100.63
-1009.85 347.413 61.1383 106.387 131.829 100.615
-1010.83 347.213 61.1553 106.387 131.829 100.615
-1011.81 347.017 61.1723 106.296 131.768 100.585
-1012.79 346.824 61.1893 106.204 131.708 100.559
-1013.77 346.634 61.2062 106.09 131.635 100.546
-1014.75 346.449 61.2232 106.002 131.577 100.529
-1015.73 346.266 61.2401 105.926 131.523 100.51
-1016.71 346.087 61.257 105.851 131.473 100.494
-1017.7 345.912 61.2739 105.754 131.41 100.475
-1018.68 345.74 61.2908 105.665 131.351 100.45
-1019.66 345.571 61.3076 105.549 131.277 100.411
-1020.65 345.406 61.3245 105.458 131.218 100.393
-1021.63 345.244 61.3413 105.357 131.153 100.385
-1022.62 345.086 61.3581 105.357 131.153 100.385
-1023.61 344.931 61.3749 105.267 131.091 100.362
-1024.59 344.78 61.3917 105.193 131.042 100.347
-1025.58 344.632 61.4084 105.118 130.992 100.331
-1026.57 344.488 61.4252 105.02 130.929 100.314
-1027.56 344.347 61.4419 104.92 130.862 100.293
-1028.54 344.21 61.4586 104.808 130.785 100.26
-1029.53 344.076 61.4753 104.72 130.723 100.241
-1030.52 343.945 61.492 104.645 130.672 100.231
-1031.51 343.818 61.5087 104.547 130.608 100.223
-1032.5 343.695 61.5253 104.547 130.608 100.223
-1033.5 343.574 61.5419 104.435 130.534 100.193
-1034.49 343.458 61.5585 104.323 130.463 100.17
-1035.48 343.345 61.5751 104.235 130.405 100.152
-1036.47 343.235 61.5917 104.148 130.346 100.131
-1037.47 343.128 61.6083 104.059 130.286 100.113
-1038.46 343.026 61.6248 104.059 130.286 100.113
-1039.46 342.926 61.6413 103.923 130.199 100.081
-1040.45 342.83 61.6578 103.818 130.134 100.047
-1041.45 342.738 61.6743 103.728 130.077 100.03
-1042.44 342.649 61.6908 103.615 130.004 100.006
-1043.44 342.563 61.7073 103.615 130.004 100.006
-1044.44 342.481 61.7237 103.513 129.939 99.99
-1045.43 342.403 61.7401 103.425 129.881 99.967
-1046.43 342.327 61.7566 103.328 129.818 99.95
-1047.43 342.256 61.7729 103.21 129.739 99.921
-1048.43 342.188 61.7893 103.21 129.739 99.921
-1050.79 342.109 61.8268 102.898 129.539 99.852
-1051.79 342.051 61.8425 102.821 129.488 99.837
-1052.79 341.997 61.8581 102.735 129.429 99.82
-1053.78 341.945 61.8737 102.735 129.429 99.82
-1054.78 341.898 61.8892 102.648 129.372 99.798
-1055.78 341.854 61.9047 102.546 129.309 99.772
-1056.78 341.813 61.9202 102.427 129.237 99.741
-1057.78 341.776 61.9356 102.303 129.157 99.715
-1058.78 341.742 61.951 102.303 129.157 99.715
-1059.78 341.712 61.9664 102.207 129.087 99.697
-1060.78 341.686 61.9817 102.132 129.036 99.689
-1061.78 341.663 61.9969 102.03 128.972 99.673
-1062.78 341.643 62.0122 101.926 128.91 99.646
-1063.78 341.627 62.0274 101.825 128.849 99.625
-1064.78 341.615 62.0425 101.734 128.789 99.6
-1065.78 341.606 62.0576 101.634 128.723 99.582
-1066.77 341.6 62.0727 101.634 128.723 99.582
-1067.77 341.598 62.0877 101.523 128.65 99.558
-1068.77 341.6 62.1027 101.434 128.592 99.541
-1069.77 341.605 62.1177 101.345 128.534 99.523
-1070.77 341.613 62.1326 101.232 128.461 99.496
-1071.77 341.625 62.1475 101.128 128.398 99.473
-1072.76 341.641 62.1623 101.008 128.326 99.443
-1073.76 341.66 62.1771 101.008 128.326 99.443
-1074.76 341.682 62.1919 100.908 128.26 99.424
-1075.76 341.709 62.2066 100.824 128.201 99.406
-1076.76 341.738 62.2213 100.741 128.144 99.389
-1077.75 341.771 62.236 100.626 128.071 99.363
-1078.75 341.808 62.2506 100.52 128.007 99.34
-1079.75 341.848 62.2652 100.52 128.007 99.34
-1080.75 341.891 62.2797 100.405 127.933 99.312
-1081.74 341.939 62.2942 100.307 127.867 99.291
-1082.74 341.989 62.3087 100.218 127.808 99.274
-1083.74 342.043 62.3231 100.129 127.751 99.254
-1084.74 342.101 62.3374 100.019 127.682 99.234
-1085.73 342.162 62.3518 99.923 127.621 99.212
-1086.73 342.227 62.3661 99.923 127.621 99.212
-1087.73 342.295 62.3804 99.824 127.563 99.192
-1088.72 342.367 62.3946 99.725 127.511 99.174
-1089.72 342.442 62.4088 99.625 127.462 99.165
-1090.72 342.52 62.4229 99.546 127.427 99.167
-1091.71 342.603 62.437 99.475 127.405 99.178
-1092.71 342.688 62.4511 99.384 127.393 99.203
-1093.71 342.778 62.4651 99.306 127.393 99.23
-1094.7 342.87 62.4791 99.236 127.399 99.265
-1095.7 342.966 62.4931 99.163 127.411 99.312
-1096.7 343.066 62.507 99.103 127.424 99.355
-1097.69 343.169 62.5209 99.037 127.439 99.398
-1098.69 343.276 62.5347 98.969 127.453 99.442
-1101.01 343.544 62.5951 98.825 127.484 99.54
-1102 343.663 62.6088 98.757 127.496 99.581
-1103 343.785 62.6225 98.679 127.514 99.633
-1103.99 343.91 62.6361 98.607 127.53 99.678
-1104.98 344.039 62.6496 98.517 127.546 99.73
-1105.97 344.172 62.663 98.517 127.546 99.73
-1106.96 344.308 62.6763 98.431 127.565 99.79
-1107.95 344.447 62.6896 98.374 127.575 99.831
-1108.94 344.59 62.7027 98.315 127.586 99.871
-1109.93 344.736 62.7158 98.226 127.604 99.93
-1110.92 344.885 62.7288 98.134 127.621 99.982
-1111.91 345.039 62.7416 98.134 127.621 99.982
-1112.89 345.195 62.7544 98.056 127.636 100.033
-1113.88 345.355 62.7672 97.999 127.648 100.071
-1114.87 345.519 62.7798 97.924 127.666 100.12
-1115.85 345.686 62.7923 97.852 127.683 100.165
-1116.83 345.856 62.8047 97.771 127.699 100.211
-1117.82 346.03 62.8171 97.7 127.712 100.254
-1118.8 346.207 62.8294 97.642 127.722 100.292
-1119.78 346.388 62.8416 97.584 127.732 100.328
-1120.76 346.572 62.8536 97.509 127.748 100.381
-1121.74 346.76 62.8657 97.432 127.766 100.432
-1122.72 346.951 62.8776 97.362 127.782 100.476
-1123.7 347.146 62.8894 97.294 127.795 100.521
-1124.68 347.344 62.9011 97.236 127.805 100.559
-1125.66 347.545 62.9128 97.157 127.822 100.608
-1126.64 347.75 62.9244 97.157 127.822 100.608
-1127.61 347.959 62.9358 97.077 127.838 100.658
-1128.59 348.17 62.9472 96.985 127.855 100.71
-1129.56 348.386 62.9585 96.926 127.868 100.75
-1130.54 348.605 62.9697 96.852 127.883 100.802
-1131.51 348.827 62.9809 96.776 127.901 100.854
-1132.49 349.052 62.9919 96.705 127.915 100.899
-1133.46 349.282 63.0028 96.705 127.915 100.899
-1134.43 349.514 63.0137 96.618 127.933 100.955
-1135.4 349.75 63.0245 96.533 127.948 101.01
-1136.37 349.99 63.0351 96.457 127.963 101.058
-1137.34 350.233 63.0457 96.38 127.982 101.111
-1138.31 350.479 63.0563 96.38 127.982 101.111
-1139.28 350.729 63.0667 96.283 128.003 101.171
-1140.25 350.982 63.077 96.207 128.019 101.224
-1141.21 351.239 63.0872 96.134 128.033 101.274
-1142.18 351.499 63.0974 96.064 128.046 101.32
-1143.15 351.763 63.1075 95.993 128.061 101.365
-1144.11 352.03 63.1174 95.993 128.061 101.365
-1145.07 352.301 63.1273 95.914 128.078 101.418
-1146.31 352.844 63.0873 95.838 128.097 101.474
-1147.27 353.123 63.0963 95.694 128.127 101.566
-1148.23 353.404 63.1052 95.621 128.142 101.605
-1149.19 353.688 63.1142 95.621 128.142 101.605
-1150.15 353.976 63.1231 95.539 128.158 101.651
-1151.11 354.266 63.132 95.474 128.17 101.698
-1152.06 354.56 63.1409 95.408 128.183 101.74
-1153.02 354.856 63.1498 95.34 128.198 101.787
-1153.97 355.156 63.1587 95.261 128.213 101.835
-1154.93 355.459 63.1675 95.182 128.228 101.883
-1155.88 355.764 63.1763 95.114 128.24 101.927
-1156.83 356.073 63.1852 95.114 128.24 101.927
-1157.78 356.385 63.194 95.04 128.253 101.975
-1158.73 356.7 63.2027 94.972 128.27 102.021
-1159.67 357.018 63.2115 94.9 128.287 102.066
-1160.62 357.338 63.2203 94.828 128.305 102.112
-1161.56 357.662 63.229 94.759 128.32 102.16
-1162.51 357.989 63.2377 94.694 128.334 102.204
-1163.45 358.319 63.2464 94.619 128.349 102.255
-1164.39 358.653 63.2551 94.54 128.365 102.306
-1165.33 358.989 63.2638 94.453 128.385 102.363
-1166.27 359.328 63.2725 94.453 128.385 102.363
-1167.21 359.67 63.2811 94.377 128.401 102.418
-1168.15 360.015 63.2897 94.319 128.413 102.455
-1169.08 360.364 63.2983 94.251 128.428 102.5
-1170.02 360.715 63.3069 94.17 128.444 102.549
-1170.95 361.069 63.3155 94.097 128.458 102.59
-1171.88 361.427 63.3241 94.038 128.471 102.632
-1172.81 361.787 63.3326 93.972 128.485 102.676
-1173.74 362.151 63.3412 93.902 128.499 102.719
-1174.67 362.518 63.3497 93.822 128.516 102.769
-1175.6 362.887 63.3582 93.741 128.532 102.816
-1176.53 363.26 63.3667 93.666 128.547 102.87
-1177.45 363.636 63.3752 93.666 128.547 102.87
-1178.38 364.014 63.3836 93.594 128.563 102.922
-1179.3 364.396 63.392 93.499 128.585 102.983
-1180.22 364.781 63.4005 93.409 128.603 103.04
-1181.14 365.169 63.4089 93.409 128.603 103.04
-1182.06 365.56 63.4173 93.329 128.62 103.091
-1182.98 365.954 63.4256 93.264 128.634 103.139
-1183.9 366.351 63.434 93.18 128.652 103.194
-1184.82 366.751 63.4424 93.111 128.669 103.238
-1185.73 367.154 63.4507 93.039 128.683 103.28
-1186.64 367.56 63.459 92.963 128.697 103.331
-1187.56 367.969 63.4673 92.892 128.712 103.378
-1188.47 368.382 63.4756 92.892 128.712 103.378
-1189.38 368.797 63.4838 92.818 128.727 103.425
-1190.29 369.215 63.4921 92.73 128.746 103.483
-1191.2 369.637 63.5003 92.657 128.76 103.526
-1193.12 370.645 63.4768 92.494 128.793 103.631
-1194.03 371.084 63.4827 92.415 128.81 103.681
-1194.93 371.525 63.4888 92.342 128.826 103.726
-1195.83 371.969 63.495 92.264 128.843 103.776
-1196.73 372.416 63.5013 92.208 128.857 103.817
-1197.63 372.864 63.5077 92.144 128.87 103.861
-1198.53 373.316 63.5141 92.144 128.87 103.861
-1199.42 373.77 63.5207 92.067 128.885 103.914
-1200.32 374.226 63.5274 91.998 128.9 103.958
-1201.21 374.685 63.5341 91.926 128.916 104.001
-1202.1 375.146 63.541 91.87 128.93 104.046
-1202.99 375.61 63.548 91.805 128.943 104.089
-1203.88 376.076 63.555 91.728 128.958 104.138
-1204.76 376.545 63.5622 91.654 128.973 104.18
-1205.65 377.016 63.5694 91.566 128.992 104.235
-1206.53 377.49 63.5768 91.489 129.012 104.288
-1207.41 377.966 63.5842 91.422 129.027 104.335
-1208.29 378.445 63.5918 91.352 129.042 104.383
-1209.16 378.926 63.5994 91.282 129.055 104.426
-1210.04 379.41 63.6072 91.282 129.055 104.426
-1210.91 379.896 63.615 91.205 129.07 104.474
-1211.79 380.384 63.6229 91.115 129.091 104.536
-1212.66 380.875 63.631 91.036 129.107 104.584
-1213.53 381.369 63.6391 90.965 129.121 104.622
-1214.39 381.865 63.6473 90.884 129.137 104.666
-1215.26 382.363 63.6557 90.81 129.156 104.724
-1216.12 382.864 63.6641 90.81 129.156 104.724
-1216.99 383.368 63.6726 90.753 129.168 104.767
-1217.85 383.874 63.6812 90.685 129.184 104.813
-1218.71 384.382 63.6899 90.607 129.2 104.866
-1219.56 384.893 63.6988 90.538 129.215 104.912
-1220.42 385.407 63.7077 90.466 129.232 104.966
-1221.27 385.923 63.7167 90.4 129.246 105.014
-1222.13 386.441 63.7258 90.313 129.266 105.068
-1222.98 386.962 63.735 90.241 129.28 105.11
-1223.83 387.485 63.7443 90.17 129.294 105.151
-1224.68 388.011 63.7537 90.104 129.309 105.197
-1225.52 388.539 63.7632 90.036 129.323 105.242
-1226.37 389.07 63.7728 90.036 129.323 105.242
-1227.21 389.603 63.7825 89.954 129.342 105.289
-1228.05 390.139 63.7923 89.874 129.358 105.34
-1228.89 390.677 63.8022 89.797 129.372 105.389
-1229.73 391.218 63.8121 89.743 129.385 105.436
-1230.56 391.761 63.8222 89.67 129.403 105.492
-1231.4 392.307 63.8324 89.593 129.422 105.549
-1232.23 392.855 63.8427 89.522 129.436 105.59
-1233.06 393.405 63.8531 89.422 129.456 105.654
-1233.89 393.958 63.8635 89.422 129.456 105.654
-1234.72 394.514 63.8741 89.365 129.468 105.692
-1235.55 395.072 63.8848 89.286 129.484 105.736
-1236.37 395.633 63.8955 89.204 129.501 105.777
-1237.19 396.196 63.9064 89.107 129.523 105.841
-1238.01 396.761 63.9174 89.044 129.538 105.89
-1238.83 397.329 63.9284 89.044 129.538 105.89
-1239.65 397.9 63.9396 88.961 129.558 105.95
-1240.47 398.472 63.9508 88.882 129.575 106.004
-1241.28 399.048 63.9622 88.793 129.592 106.058
-1242.1 399.626 63.9736 88.728 129.606 106.105
-1242.91 400.206 63.9852 88.655 129.621 106.157
-1243.72 400.789 63.9968 88.565 129.639 106.212
-1244.53 401.374 64.0086 88.565 129.639 106.212
-1245.33 401.962 64.0204 88.477 129.661 106.267
-1246.14 402.552 64.0324 88.408 129.677 106.311
-1246.94 403.145 64.0444 88.336 129.693 106.364
-1247.74 403.741 64.0565 88.258 129.709 106.411
-1248.54 404.338 64.0688 88.178 129.727 106.464
-1249.34 404.938 64.0811 88.099 129.747 106.518
-1250.14 405.541 64.0935 88.042 129.76 106.562
-1250.93 406.146 64.106 87.986 129.772 106.599
-1251.72 406.754 64.1187 87.986 129.772 106.599
-1252.52 407.364 64.1314 87.928 129.783 106.634
-1253.31 407.977 64.1442 87.846 129.8 106.683
-1254.09 408.592 64.1571 87.757 129.818 106.731
-1254.88 409.21 64.1701 87.672 129.834 106.778
-1255.67 409.83 64.1832 87.605 129.849 106.824
-1256.45 410.452 64.1964 87.525 129.866 106.875
-1257.23 411.077 64.2097 87.442 129.885 106.924
-1258.01 411.705 64.2231 87.368 129.903 106.98
-1258.79 412.335 64.2366 87.368 129.903 106.98
-1259.57 412.967 64.2502 87.238 129.931 107.073
-1260.34 413.602 64.2639 87.151 129.95 107.13
-1261.11 414.24 64.2777 87.072 129.967 107.178
-1261.89 414.879 64.2916 87.008 129.983 107.225
-1262.66 415.522 64.3056 86.918 130.003 107.288
-1263.43 416.167 64.3197 86.918 130.003 107.288
-1264.19 416.814 64.3339 86.837 130.02 107.336
-1264.96 417.464 64.3482 86.75 130.04 107.393
-1265.72 418.116 64.3625 86.684 130.057 107.444
-1266.48 418.771 64.377 86.6 130.077 107.504
-1267.24 419.428 64.3916 86.531 130.092 107.547
-1268 420.088 64.4063 86.433 130.112 107.611
-1268.76 420.75 64.421 86.433 130.112 107.611
-1269.51 421.415 64.4359 86.367 130.127 107.657
-1270.27 422.082 64.4509 86.311 130.139 107.699
-1271.02 422.752 64.4659 86.247 130.154 107.746
3
-866.986 418.893 59.8745 119.52 140.868 103.229
-867.743 418.226 59.8795 119.523 140.832 103.242
-868.502 417.561 59.8847 119.523 140.832 103.242
-869.262 416.9 59.8899 119.349 140.722 103.223
-870.025 416.241 59.8953 119.264 140.66 103.196
-870.789 415.585 59.9007 119.264 140.66 103.196
-871.554 414.932 59.9062 119.157 140.591 103.166
-872.322 414.281 59.9119 119.072 140.532 103.159
-873.091 413.633 59.9176 118.978 140.462 103.139
-873.862 412.988 59.9235 118.893 140.402 103.116
-874.635 412.346 59.9294 118.805 140.335 103.098
-875.409 411.707 59.9354 118.718 140.272 103.091
-876.185 411.07 59.9416 118.623 140.212 103.073
-876.963 410.436 59.9478 118.528 140.148 103.047
-877.743 409.805 59.9542 118.438 140.083 103.032
-878.525 409.177 59.9606 118.359 140.024 103.017
-879.308 408.551 59.9671 118.279 139.965 103.008
-880.093 407.929 59.9738 118.206 139.906 102.983
-880.88 407.309 59.9805 118.11 139.837 102.968
-881.668 406.691 59.9874 118.11 139.837 102.968
-882.458 406.077 59.9943 118.008 139.771 102.956
-883.25 405.465 60.0013 117.903 139.702 102.933
-884.044 404.856 60.0085 117.819 139.643 102.906
-884.839 404.25 60.0157 117.74 139.585 102.9
-885.637 403.647 60.023 117.665 139.53 102.888
-886.436 403.046 60.0305 117.584 139.469 102.866
-887.236 402.449 60.038 117.504 139.412 102.86
-888.039 401.854 60.0456 117.409 139.349 102.845
-888.843 401.261 60.0534 117.324 139.29 102.819
-889.649 400.672 60.0612 117.236 139.232 102.8
-890.457 400.085 60.0691 117.152 139.174 102.785
-891.266 399.501 60.0772 117.067 139.109 102.775
-892.078 398.92 60.0853 116.996 139.054 102.764
-892.89 398.341 60.0935 116.91 138.994 102.737
-893.705 397.766 60.1019 116.827 138.939 102.727
-894.522 397.193 60.1103 116.739 138.883 102.712
-895.34 396.623 60.1188 116.739 138.883 102.712
-896.16 396.056 60.1275 116.628 138.807 102.683
-896.982 395.491 60.1362 116.542 138.742 102.672
-897.805 394.929 60.145 116.468 138.687 102.655
-898.63 394.37 60.154 116.369 138.619 102.641
-899.457 393.814 60.163 116.285 138.562 102.629
-900.286 393.26 60.1721 116.199 138.503 102.599
-901.117 392.71 60.1814 116.124 138.451 102.592
-901.949 392.162 60.1907 116.034 138.384 102.571
-902.783 391.617 60.2001 115.941 138.318 102.552
-903.618 391.074 60.2096 115.852 138.255 102.538
-904.456 390.535 60.2193 115.852 138.255 102.538
-905.295 389.998 60.229 115.759 138.192 102.517
-906.136 389.464 60.2388 115.676 138.135 102.501
-906.979 388.933 60.2488 115.585 138.07 102.485
-907.823 388.404 60.2588 115.501 138.014 102.474
-908.67 387.878 60.2689 115.411 137.949 102.452
-909.518 387.355 60.2791 115.323 137.89 102.434
-910.367 386.835 60.2895 115.248 137.835 102.414
-911.219 386.318 60.2999 115.161 137.778 102.406
-912.072 385.803 60.3104 115.074 137.713 102.386
-912.927 385.291 60.3211 114.988 137.656 102.37
-913.784 384.782 60.3318 114.906 137.598 102.351
-914.642 384.276 60.3426 114.821 137.541 102.335
-915.502 383.772 60.3535 114.722 137.47 102.315
-916.364 383.271 60.3646 114.722 137.47 102.315
-917.228 382.773 60.3757 114.634 137.409 102.296
-918.094 382.278 60.3869 114.558 137.355 102.276
-918.961 381.786 60.3982 114.468 137.295 102.267
-919.83 381.296 60.4096 114.384 137.236 102.243
-920.701 380.809 60.4212 114.292 137.175 102.234
-921.573 380.325 60.4328 114.205 137.116 102.211
-922.447 379.843 60.4445 114.122 137.061 102.205
-923.323 379.365 60.4563 114.039 136.998 102.179
-924.201 378.889 60.4683 113.944 136.934 102.161
-925.08 378.416 60.4803 113.847 136.872 102.141
-925.962 377.945 60.4924 113.772 136.82 102.125
-926.845 377.478 60.5046 113.702 136.768 102.119
-927.729 377.013 60.5169 113.617 136.705 102.094
-928.616 376.551 60.5294 113.533 136.648 102.085
-929.504 376.092 60.5419 113.437 136.583 102.054
-930.394 375.636 60.5545 113.337 136.518 102.043
-931.286 375.182 60.5672 113.337 136.518 102.043
-932.179 374.731 60.5801 113.252 136.458 102.025
-933.074 374.283 60.593 113.167 136.399 102.006
-933.971 373.837 60.606 113.083 136.34 101.989
-934.87 373.395 60.6191 112.994 136.277 101.971
-935.771 372.955 60.6323 112.903 136.214 101.954
-936.673 372.518 60.6456 112.807 136.149 101.932
-937.577 372.084 60.6591 112.718 136.093 101.915
-938.483 371.652 60.6726 112.624 136.031 101.899
-939.39 371.223 60.6862 112.55 135.979 101.883
-940.299 370.798 60.6999 112.431 135.898 101.857
-941.21 370.374 60.7137 112.431 135.898 101.857
-942.123 369.954 60.7276 112.339 135.833 101.838
-943.037 369.536 60.7417 112.255 135.769 101.826
-943.954 369.121 60.7558 112.18 135.716 101.81
-944.872 368.709 60.77 112.081 135.652 101.784
-945.791 368.3 60.7843 111.989 135.596 101.772
-946.713 367.893 60.7987 111.888 135.528 101.749
-947.636 367.49 60.8132 111.814 135.471 101.718
-948.561 367.089 60.8279 111.72 135.413 101.714
-949.488 366.69 60.8426 111.636 135.353 101.699
-951.393 365.891 60.8925 111.477 135.241 101.668
-952.318 365.51 60.9069 111.381 135.179 101.651
-953.245 365.131 60.9213 111.303 135.121 101.615
-954.172 364.756 60.9358 111.208 135.061 101.614
-955.101 364.384 60.9504 111.115 134.997 101.591
-956.03 364.015 60.9651 111.038 134.942 101.564
-956.961 363.649 60.9798 110.958 134.889 101.567
-957.892 363.287 60.9946 110.958 134.889 101.567
-958.825 362.927 61.0094 110.87 134.831 101.537
-959.759 362.571 61.0243 110.754 134.758 101.508
-960.693 362.218 61.0393 110.654 134.691 101.504
-961.629 361.868 61.0543 110.564 134.624 101.482
-962.566 361.521 61.0694 110.473 134.561 101.462
-963.503 361.177 61.0846 110.388 134.503 101.443
-964.442 360.836 61.0998 110.3 134.447 101.424
-965.382 360.499 61.1151 110.202 134.384 101.402
-966.323 360.165 61.1305 110.127 134.33 101.38
-967.265 359.834 61.1459 110.048 134.273 101.376
-968.208 359.506 61.1614 110.048 134.273 101.376
-969.151 359.181 61.177 109.971 134.216 101.353
-970.096 358.859 61.1926 109.873 134.154 101.338
-971.042 358.541 61.2083 109.776 134.092 101.311
-971.989 358.226 61.2241 109.68 134.032 101.297
-972.938 357.913 61.2399 109.594 133.975 101.277
-973.887 357.604 61.2558 109.504 133.911 101.262
-974.837 357.299 61.2718 109.43 133.855 101.238
-975.788 356.996 61.2878 109.343 133.799 101.228
-976.74 356.696 61.3039 109.243 133.737 101.202
-977.693 356.4 61.32 109.138 133.669 101.181
-978.648 356.107 61.3363 109.061 133.616 101.157
-979.603 355.817 61.3525 108.98 133.557 101.152
-980.559 355.53 61.3689 108.899 133.497 101.14
-981.516 355.246 61.3853 108.899 133.497 101.14
-982.475 354.966 61.4018 108.822 133.445 101.126
-983.434 354.688 61.4183 108.723 133.383 101.097
-984.395 354.414 61.435 108.627 133.324 101.079
-985.356 354.143 61.4516 108.529 133.259 101.054
-986.319 353.875 61.4684 108.444 133.201 101.039
-987.282 353.61 61.4852 108.361 133.139 101.022
-988.247 353.348 61.5021 108.286 133.082 101
-989.212 353.09 61.519 108.19 133.023 100.987
-990.179 352.834 61.536 108.093 132.963 100.963
-991.146 352.582 61.5531 108.003 132.908 100.943
-992.115 352.333 61.5702 107.915 132.85 100.926
-993.085 352.087 61.5874 107.84 132.793 100.903
-994.056 351.845 61.6047 107.759 132.736 100.899
-995.027 351.605 61.622 107.672 132.678 100.881
-996 351.369 61.6394 107.576 132.618 100.861
-998.445 350.752 61.6901 107.371 132.486 100.803
-999.42 350.527 61.7068 107.296 132.434 100.788
-1000.4 350.306 61.7235 107.222 132.382 100.781
-1001.37 350.088 61.7401 107.13 132.319 100.757
-1002.35 349.874 61.7568 107.032 132.257 100.737
-1003.33 349.663 61.7734 106.94 132.199 100.716
-1004.31 349.455 61.79 106.849 132.141 100.691
-1005.28 349.25 61.8066 106.754 132.074 100.675
-1006.26 349.049 61.8231 106.671 132.017 100.666
-1007.24 348.852 61.8397 106.671 132.017 100.666
-1008.22 348.657 61.8562 106.568 131.945 100.644
-1009.2 348.466 61.8726 106.481 131.891 100.633
-1010.18 348.279 61.8891 106.386 131.831 100.609
-1011.17 348.094 61.9055 106.281 131.762 100.574
-1012.15 347.913 61.9219 106.177 131.691 100.553
-1013.13 347.736 61.9383 106.177 131.691 100.553
-1014.11 347.562 61.9547 106.083 131.627 100.547
-1015.1 347.391 61.971 106 131.569 100.528
-1016.08 347.223 61.9873 105.915 131.513 100.51
-1017.07 347.059 62.0036 105.814 131.452 100.485
-1018.05 346.898 62.0199 105.726 131.396 100.463
-1019.04 346.741 62.0361 105.637 131.339 100.44
-1020.02 346.587 62.0523 105.543 131.276 100.416
-1021.01 346.436 62.0685 105.45 131.215 100.407
-1022 346.289 62.0847 105.36 131.159 100.394
-1022.99 346.145 62.1008 105.271 131.098 100.371
-1023.97 346.004 62.1169 105.175 131.036 100.342
-1024.96 345.867 62.133 105.09 130.98 100.329
-1025.95 345.733 62.1491 105.012 130.926 100.31
-1026.94 345.602 62.1651 104.939 130.873 100.298
-1027.93 345.475 62.1811 104.86 130.819 100.28
-1028.92 345.351 62.1971 104.86 130.819 100.28
-1029.91 345.231 62.2131 104.751 130.743 100.251
-1030.9 345.114 62.229 104.664 130.685 100.237
-1031.9 345 62.245 104.576 130.628 100.222
-1032.89 344.889 62.2609 104.488 130.568 100.2
-1033.88 344.782 62.2767 104.403 130.511 100.179
-1034.88 344.679 62.2926 104.316 130.454 100.163
-1035.87 344.578 62.3084 104.208 130.381 100.142
-1036.86 344.481 62.3242 104.111 130.32 100.123
-1037.86 344.388 62.34 104.021 130.266 100.102
-1038.86 344.297 62.3558 103.93 130.211 100.078
-1039.85 344.211 62.3715 103.829 130.146 100.048
-1040.85 344.127 62.3872 103.751 130.093 100.033
-1041.85 344.047 62.4029 103.672 130.039 100.018
-1042.84 343.97 62.4185 103.672 130.039 100.018
-1043.84 343.896 62.4342 103.579 129.979 100.006
-1044.84 343.826 62.4498 103.493 129.925 99.989
-1047.03 343.586 62.4822 103.296 129.8 99.94
-1048.03 343.53 62.4965 103.219 129.749 99.922
-1049.03 343.478 62.5109 103.14 129.698 99.908
-1050.03 343.429 62.5252 103.043 129.633 99.887
-1051.03 343.384 62.5395 102.956 129.575 99.869
-1052.03 343.343 62.5538 102.851 129.508 99.848
-1053.03 343.305 62.5681 102.764 129.452 99.827
-1054.02 343.271 62.5823 102.664 129.391 99.804
-1055.02 343.24 62.5966 102.567 129.327 99.777
-1056.02 343.213 62.6108 102.481 129.271 99.758
-1057.02 343.19 62.625 102.405 129.22 99.745
-1058.02 343.17 62.6392 102.319 129.162 99.727
-1059.02 343.153 62.6534 102.223 129.099 99.707
-1060.02 343.141 62.6675 102.124 129.039 99.691
-1061.02 343.132 62.6817 102.124 129.039 99.691
-1062.02 343.126 62.6958 102.025 128.976 99.667
-1063.01 343.124 62.7099 101.936 128.919 99.645
-1064.01 343.126 62.724 101.843 128.857 99.625
-1065.01 343.131 62.738 101.764 128.805 99.61
-1066.01 343.14 62.7521 101.685 128.753 99.595
-1067.01 343.152 62.7661 101.598 128.698 99.577
-1068.01 343.168 62.7802 101.508 128.642 99.555
-1069 343.188 62.7942 101.4 128.575 99.529
-1070 343.211 62.8082 101.302 128.511 99.506
-1071 343.238 62.8221 101.203 128.448 99.486
-1072 343.268 62.8361 101.112 128.386 99.467
-1072.99 343.302 62.85 101.017 128.325 99.449
-1073.99 343.34 62.8639 100.938 128.272 99.432
-1074.99 343.381 62.8778 100.858 128.221 99.414
-1075.99 343.426 62.8917 100.769 128.165 99.393
-1076.98 343.474 62.9056 100.672 128.105 99.372
-1077.98 343.526 62.9194 100.672 128.105 99.372
-1078.98 343.582 62.9333 100.583 128.047 99.351
-1079.97 343.641 62.9471 100.495 127.989 99.333
-1080.97 343.704 62.9609 100.407 127.928 99.314
-1081.97 343.77 62.9747 100.312 127.868 99.294
-1082.96 343.84 62.9885 100.208 127.801 99.272
-1083.96 343.914 63.0022 100.118 127.746 99.249
-1084.96 343.991 63.0159 100.02 127.684 99.225
-1085.95 344.071 63.0297 99.931 127.628 99.203
-1086.95 344.156 63.0434 99.815 127.554 99.181
-1087.94 344.243 63.057 99.815 127.554 99.181
-1088.94 344.335 63.0707 99.727 127.502 99.166
-1089.94 344.43 63.0844 99.637 127.456 99.157
-1090.93 344.529 63.098 99.542 127.415 99.154
-1091.93 344.631 63.1116 99.456 127.393 99.166
-1092.92 344.737 63.1252 99.386 127.384 99.189
-1093.92 344.846 63.1388 99.312 127.386 99.226
-1094.91 344.959 63.1524 99.244 127.395 99.264
-1096.32 345.188 63.1881 99.166 127.413 99.318
-1097.32 345.306 63.2012 99.077 127.432 99.372
-1098.31 345.427 63.2142 99.005 127.448 99.42
-1099.3 345.552 63.2271 98.924 127.464 99.473
-1100.29 345.68 63.2399 98.847 127.478 99.523
-1101.29 345.812 63.2527 98.774 127.493 99.572
-1102.28 345.947 63.2654 98.774 127.493 99.572
-1103.27 346.085 63.278 98.694 127.512 99.62
-1104.26 346.227 63.2906 98.614 127.528 99.673
-1105.25 346.372 63.3031 98.548 127.542 99.717
-1106.24 346.52 63.3155 98.455 127.557 99.778
-1107.22 346.672 63.3278 98.388 127.57 99.819
-1108.21 346.827 63.3401 98.318 127.583 99.862
-1109.2 346.986 63.3522 98.248 127.597 99.908
-1110.18 347.148 63.3643 98.248 127.597 99.908
-1111.17 347.313 63.3764 98.162 127.615 99.962
-1112.15 347.482 63.3883 98.095 127.629 100.007
-1113.13 347.654 63.4002 98.026 127.642 100.049
-1114.12 347.829 63.412 97.966 127.656 100.086
-1115.1 348.008 63.4238 97.891 127.673 100.135
-1116.08 348.19 63.4354 97.829 127.686 100.174
-1117.06 348.376 63.447 97.747 127.7 100.225
-1118.04 348.565 63.4585 97.674 127.715 100.273
-1119.02 348.757 63.4699 97.606 127.729 100.314
-1120 348.953 63.4813 97.533 127.745 100.362
-1120.98 349.152 63.4926 97.468 127.76 100.408
-1121.96 349.355 63.5038 97.468 127.76 100.408
-1122.93 349.561 63.515 97.39 127.776 100.458
-1123.91 349.77 63.526 97.316 127.788 100.506
-1124.88 349.983 63.537 97.248 127.8 100.55
-1125.86 350.199 63.5479 97.172 127.818 100.597
-1126.83 350.418 63.5588 97.106 127.833 100.643
-1127.81 350.641 63.5695 97.03 127.848 100.689
-1128.78 350.867 63.5802 96.963 127.862 100.733
-1129.75 351.097 63.5908 96.883 127.877 100.784
-1130.72 351.33 63.6014 96.813 127.893 100.829
-1131.69 351.566 63.6119 96.746 127.907 100.876
-1132.66 351.806 63.6223 96.746 127.907 100.876
-1133.63 352.049 63.6326 96.673 127.922 100.921
-1134.6 352.295 63.6428 96.598 127.937 100.969
-1135.57 352.545 63.653 96.53 127.949 101.012
-1136.53 352.798 63.6631 96.457 127.966 101.059
-1137.5 353.055 63.6731 96.398 127.979 101.099
-1138.47 353.315 63.6831 96.332 127.994 101.146
-1139.43 353.578 63.6929 96.263 128.006 101.19
-1140.39 353.845 63.7028 96.196 128.017 101.233
-1141.36 354.115 63.7125 96.127 128.032 101.276
-1142.32 354.389 63.7221 96.046 128.05 101.329
-1143.28 354.666 63.7317 95.973 128.066 101.375
-1144.24 354.946 63.7412 95.913 128.08 101.416
-1146.54 355.777 63.723 95.774 128.107 101.505
-1147.5 356.068 63.732 95.703 128.122 101.547
-1148.46 356.363 63.7409 95.643 128.135 101.585
-1149.41 356.661 63.7499 95.577 128.151 101.629
-1150.36 356.961 63.7589 95.499 128.166 101.68
-1151.32 357.265 63.7678 95.421 128.18 101.731
-1152.27 357.572 63.7768 95.352 128.194 101.776
-1153.22 357.882 63.7857 95.284 128.207 101.82
-1154.17 358.195 63.7947 95.284 128.207 101.82
-1155.12 358.511 63.8036 95.154 128.232 101.898
-1156.06 358.83 63.8126 95.154 128.232 101.898
-1157.01 359.152 63.8215 95.081 128.246 101.945
-1157.95 359.478 63.8304 95.001 128.264 101.998
-1158.9 359.806 63.8394 94.935 128.279 102.043
-1159.84 360.138 63.8483 94.862 128.297 102.094
-1160.78 360.472 63.8572 94.778 128.312 102.145
-1161.72 360.81 63.8661 94.71 128.327 102.188
-1162.66 361.151 63.8751 94.643 128.343 102.233
-1163.6 361.495 63.884 94.584 128.356 102.275
-1164.53 361.842 63.8929 94.52 128.371 102.32
-1165.47 362.192 63.9018 94.451 128.385 102.366
-1166.4 362.545 63.9107 94.39 128.397 102.408
-1167.33 362.901 63.9196 94.314 128.412 102.452
-1168.26 363.26 63.9285 94.221 128.432 102.511
-1169.19 363.623 63.9374 94.221 128.432 102.511
-1170.12 363.988 63.9463 94.15 128.449 102.56
-1171.05 364.357 63.9551 94.075 128.463 102.608
-1171.98 364.728 63.964 94.003 128.477 102.656
-1172.9 365.103 63.9729 93.933 128.49 102.696
-1173.83 365.481 63.9818 93.864 128.505 102.74
-1174.75 365.862 63.9906 93.792 128.521 102.788
-1175.67 366.246 63.9995 93.724 128.537 102.833
-1176.59 366.633 64.0084 93.652 128.552 102.883
-1177.51 367.023 64.0172 93.584 128.566 102.926
-1178.43 367.416 64.0261 93.514 128.579 102.969
-1179.35 367.812 64.0349 93.448 128.593 103.013
-1180.26 368.212 64.0438 93.376 128.61 103.057
-1181.18 368.614 64.0526 93.312 128.624 103.105
-1182.09 369.02 64.0615 93.244 128.639 103.149
-1183 369.428 64.0703 93.244 128.639 103.149
-1183.91 369.84 64.0791 93.164 128.655 103.199
-1184.82 370.255 64.088 93.092 128.669 103.246
-1185.73 370.673 64.0968 93.032 128.681 103.287
-1186.64 371.094 64.1056 92.973 128.694 103.329
-1187.55 371.518 64.1144 92.909 128.708 103.37
-1188.45 371.945 64.1233 92.841 128.725 103.411
-1189.35 372.375 64.1321 92.772 128.738 103.453
-1190.26 372.809 64.1409 92.704 128.751 103.499
-1192.09 373.724 64.1392 92.563 128.781 103.593
-1192.99 374.174 64.1472 92.481 128.799 103.644
-1193.89 374.626 64.1552 92.4 128.818 103.697
-1194.79 375.081 64.1633 92.339 128.829 103.736
-1195.69 375.538 64.1714 92.27 128.843 103.78
-1196.58 375.998 64.1795 92.199 128.857 103.828
-1197.47 376.461 64.1876 92.12 128.876 103.881
-1198.36 376.926 64.1957 92.053 128.89 103.925
-1199.25 377.394 64.2039 92.053 128.89 103.925
-1200.14 377.864 64.2121 91.987 128.905 103.968
-1201.03 378.338 64.2203 91.912 128.92 104.015
-1201.91 378.813 64.2285 91.841 128.934 104.064
-1202.79 379.292 64.2368 91.76 128.95 104.113
-1203.67 379.773 64.2451 91.693 128.965 104.158
-1204.55 380.257 64.2534 91.626 128.982 104.202
-1205.43 380.744 64.2617 91.565 128.997 104.243
-1206.3 381.233 64.27 91.497 129.01 104.287
-1207.17 381.724 64.2784 91.42 129.024 104.335
-1208.04 382.219 64.2868 91.352 129.039 104.381
-1208.91 382.716 64.2952 91.286 129.056 104.426
-1209.78 383.216 64.3037 91.226 129.07 104.467
-1210.64 383.718 64.3121 91.161 129.084 104.509
-1211.51 384.223 64.3206 91.089 129.097 104.549
-1212.37 384.731 64.3291 91.013 129.109 104.592
-1213.23 385.241 64.3376 90.936 129.127 104.639
-1214.08 385.754 64.3462 90.878 129.143 104.685
-1214.94 386.27 64.3548 90.791 129.161 104.743
-1215.79 386.788 64.3634 90.791 129.161 104.743
-1216.64 387.309 64.372 90.71 129.177 104.795
-1217.49 387.833 64.3806 90.64 129.191 104.845
-1218.34 388.359 64.3893 90.568 129.208 104.896
-1219.19 388.888 64.398 90.489 129.228 104.951
-1220.03 389.42 64.4067 90.414 129.243 104.999
-1220.87 389.954 64.4154 90.337 129.258 105.042
-1221.71 390.491 64.4242 90.337 129.258 105.042
-1222.55 391.03 64.433 90.258 129.275 105.093
-1223.39 391.573 64.4418 90.178 129.292 105.142
-1224.23 392.117 64.4506 90.099 129.31 105.195
-1225.06 392.665 64.4595 90.032 129.325 105.24
-1225.89 393.215 64.4683 89.948 129.342 105.289
-1226.72 393.768 64.4772 89.876 129.356 105.337
-1227.55 394.323 64.4861 89.803 129.37 105.386
-1228.37 394.882 64.4951 89.74 129.385 105.437
-1229.2 395.442 64.504 89.666 129.404 105.488
-1230.02 396.006 64.513 89.666 129.404 105.488
-1230.84 396.572 64.522 89.594 129.42 105.539
-1231.66 397.14 64.5311 89.527 129.432 105.58
-1232.47 397.712 64.5401 89.442 129.448 105.633
-1233.29 398.286 64.5492 89.375 129.464 105.678
-1234.1 398.863 64.5583 89.305 129.481 105.717
-1234.91 399.442 64.5674 89.225 129.496 105.76
-1235.72 400.024 64.5766 89.145 129.514 105.814
-1236.52 400.608 64.5857 89.081 129.529 105.862
-1237.33 401.196 64.5949 89.015 129.545 105.909
-1238.13 401.786 64.6042 88.937 129.561 105.957
-1238.93 402.378 64.6134 88.878 129.575 106.001
-1239.73 402.973 64.6226 88.807 129.589 106.047
-1240.53 403.571 64.6319 88.746 129.602 106.091
-1241.33 404.172 64.6412 88.672 129.616 106.137
-1242.12 404.775 64.6506 88.601 129.631 106.181
-1242.91 405.381 64.6599 88.542 129.646 106.222
-1243.7 405.989 64.6693 88.469 129.664 106.27
-1244.49 406.601 64.6787 88.402 129.677 106.313
-1245.28 407.214 64.6881 88.329 129.692 106.36
-1246.06 407.831 64.6976 88.329 129.692 106.36
-1246.84 408.45 64.707 88.249 129.709 106.411
-1247.63 409.072 64.7165 88.183 129.726 106.461
-1248.4 409.696 64.726 88.117 129.743 106.508
-1249.18 410.323 64.7355 88.038 129.76 106.563
-1249.96 410.953 64.7451 87.956 129.775 106.606
-1250.73 411.585 64.7547 87.881 129.793 106.654
-1251.5 412.22 64.7643 87.809 129.809 106.699
-1252.27 412.858 64.7739 87.809 129.809 106.699
-1253.04 413.498 64.7836 87.728 129.825 106.744
-1253.8 414.141 64.7932 87.661 129.837 106.784
-1254.57 414.787 64.8029 87.581 129.855 106.839
-1255.33 415.435 64.8126 87.514 129.871 106.885
-1256.09 416.086 64.8224 87.445 129.886 106.93
-1256.85 416.74 64.8321 87.386 129.9 106.974
-1257.61 417.396 64.8419 87.247 129.928 107.067
-1258.36 418.055 64.8517 87.247 129.928 107.067
-1259.11 418.716 64.8616 87.107 129.962 107.161
-1259.86 419.38 64.8714 87.107 129.962 107.161
-1260.61 420.047 64.8813 87.042 129.976 107.207
-1261.36 420.717 64.8912 86.971 129.991 107.253
-1262.11 421.389 64.9011 86.895 130.006 107.3
-1262.85 422.064 64.9111 86.829 130.023 107.346
-1263.59 422.741 64.921 86.766 130.041 107.395
-1264.33 423.421 64.931 86.699 130.056 107.442
-1265.07 424.104 64.941 86.624 130.069 107.489
-1265.8 424.789 64.9511 86.554 130.085 107.533
-1266.54 425.477 64.9611 86.483 130.101 107.581
-1267.27 426.168 64.9712 86.406 130.12 107.631
-1268 426.862 64.9813 86.33 130.134 107.677
-1268.73 427.558 64.9914 86.257 130.149 107.723
-1269.46 428.256 65.0016 86.196 130.167 107.776
-1270.18 428.957 65.0118 86.126 130.18 107.813
-1270.9 429.661 65.022 86.126 130.18 107.813
4
-866.987 417.52 59.1272 119.521 140.867 103.228
-867.745 416.849 59.1355 119.514 140.828 103.237
-868.506 416.182 59.1439 119.408 140.766 103.213
-869.268 415.517 59.1524 119.348 140.724 103.232
-870.032 414.855 59.1609 119.254 140.656 103.199
-870.798 414.196 59.1696 119.162 140.594 103.157
-871.565 413.54 59.1783 119.094 140.548 103.159
-872.335 412.887 59.1871 119.027 140.497 103.16
-873.105 412.236 59.1959 118.942 140.434 103.13
-873.878 411.589 59.2049 118.848 140.368 103.101
-874.653 410.944 59.2139 118.778 140.314 103.103
-875.429 410.302 59.223 118.696 140.257 103.09
-876.207 409.663 59.2322 118.589 140.189 103.052
-876.986 409.028 59.2414 118.495 140.125 103.036
-877.768 408.394 59.2507 118.417 140.069 103.037
-878.551 407.764 59.2602 118.348 140.014 103.018
-879.335 407.137 59.2696 118.258 139.947 102.995
-880.122 406.512 59.2792 118.18 139.886 102.986
-880.91 405.891 59.2889 118.087 139.824 102.975
-881.7 405.272 59.2986 118.087 139.824 102.975
-882.492 404.656 59.3084 117.99 139.759 102.945
-883.286 404.044 59.3183 117.901 139.701 102.924
-884.081 403.433 59.3282 117.749 139.594 102.915
-884.878 402.826 59.3383 117.749 139.594 102.915
-885.677 402.222 59.3484 117.668 139.53 102.889
-886.477 401.621 59.3586 117.578 139.461 102.857
-887.279 401.022 59.3688 117.504 139.412 102.86
-888.083 400.427 59.3792 117.41 139.351 102.854
-888.889 399.834 59.3896 117.303 139.278 102.809
-889.696 399.244 59.4001 117.218 139.219 102.784
-890.505 398.657 59.4107 117.137 139.164 102.787
-891.316 398.073 59.4213 117.068 139.111 102.783
-892.129 397.492 59.4321 116.997 139.054 102.767
-892.943 396.913 59.4429 116.905 138.987 102.729
-893.759 396.338 59.4538 116.812 138.928 102.721
-894.577 395.765 59.4648 116.707 138.864 102.717
-895.396 395.196 59.4758 116.61 138.795 102.679
-896.218 394.629 59.4869 116.539 138.739 102.662
-897.041 394.065 59.4982 116.467 138.685 102.646
-897.865 393.504 59.5094 116.467 138.685 102.646
-898.692 392.946 59.5208 116.371 138.62 102.649
-899.52 392.39 59.5322 116.295 138.57 102.638
-900.35 391.838 59.5438 116.218 138.516 102.607
-901.182 391.288 59.5554 116.118 138.444 102.582
-902.015 390.742 59.567 116.023 138.378 102.569
-902.85 390.198 59.5788 115.939 138.319 102.559
-903.687 389.657 59.5906 115.868 138.267 102.548
-904.526 389.119 59.6025 115.783 138.207 102.518
-905.366 388.584 59.6145 115.7 138.148 102.496
-906.208 388.052 59.6266 115.594 138.078 102.494
-907.052 387.522 59.6387 115.503 138.017 102.484
-907.898 386.996 59.6509 115.503 138.017 102.484
-908.745 386.472 59.6632 115.402 137.943 102.445
-909.594 385.952 59.6756 115.312 137.881 102.422
-910.445 385.434 59.6881 115.231 137.823 102.408
-911.297 384.919 59.7006 115.148 137.77 102.414
-912.152 384.407 59.7132 115.075 137.716 102.396
-913.008 383.898 59.7259 114.99 137.656 102.371
-913.865 383.391 59.7387 114.883 137.581 102.338
-914.725 382.888 59.7515 114.789 137.518 102.321
-915.586 382.387 59.7644 114.705 137.459 102.319
-916.449 381.89 59.7774 114.611 137.394 102.299
-917.314 381.395 59.7905 114.525 137.334 102.269
-918.18 380.903 59.8037 114.525 137.334 102.269
-919.048 380.414 59.8169 114.43 137.267 102.248
-919.918 379.928 59.8302 114.347 137.209 102.233
-920.79 379.444 59.8436 114.265 137.155 102.235
-921.663 378.964 59.8571 114.168 137.091 102.213
-922.538 378.487 59.8706 114.075 137.026 102.189
-923.415 378.012 59.8843 113.98 136.957 102.152
-924.294 377.54 59.898 113.894 136.901 102.144
-925.174 377.071 59.9118 113.803 136.84 102.13
-926.056 376.605 59.9256 113.726 136.787 102.134
-926.94 376.142 59.9396 113.65 136.731 102.115
-927.825 375.682 59.9536 113.568 136.67 102.095
-928.712 375.225 59.9677 113.477 136.608 102.057
-929.601 374.77 59.9818 113.389 136.549 102.032
-930.492 374.319 59.9961 113.389 136.549 102.032
-931.385 373.87 60.0104 113.287 136.482 102.027
-932.279 373.424 60.0248 113.197 136.42 102.018
-933.175 372.981 60.0393 113.108 136.36 102.006
-934.072 372.541 60.0539 113.03 136.306 101.984
-934.972 372.104 60.0685 112.956 136.25 101.961
-935.873 371.67 60.0832 112.88 136.194 101.938
-936.776 371.239 60.098 112.775 136.126 101.918
-937.68 370.81 60.1129 112.685 136.074 101.916
-938.587 370.384 60.1279 112.6 136.016 101.903
-939.495 369.962 60.1429 112.523 135.963 101.881
-940.404 369.542 60.158 112.43 135.898 101.857
-941.316 369.125 60.1732 112.349 135.839 101.836
-942.229 368.711 60.1885 112.277 135.783 101.816
-943.144 368.3 60.2038 112.188 135.719 101.805
-944.061 367.891 60.2192 112.089 135.657 101.789
-944.98 367.486 60.2347 111.988 135.597 101.778
-945.9 367.083 60.2503 111.988 135.597 101.778
-946.822 366.683 60.266 111.888 135.53 101.755
-947.745 366.287 60.2817 111.806 135.467 101.718
-948.671 365.893 60.2975 111.711 135.405 101.704
-949.598 365.502 60.3134 111.621 135.341 101.689
-950.527 365.113 60.3294 111.541 135.28 101.663
-951.457 364.728 60.3454 111.455 135.225 101.661
-952.39 364.346 60.3615 111.357 135.164 101.652
-953.324 363.966 60.3777 111.357 135.164 101.652
-954.26 363.59 60.394 111.1 134.987 101.59
-955.197 363.216 60.4104 111.1 134.987 101.59
-956.137 362.845 60.4268 111.017 134.925 101.553
-957.078 362.477 60.4433 111.017 134.925 101.553
-958.021 362.112 60.4599 110.927 134.867 101.551
-958.965 361.75 60.4766 110.84 134.811 101.529
-959.911 361.39 60.4933 110.746 134.752 101.506
-961.914 360.636 60.5424 110.502 134.585 101.483
-962.856 360.294 60.5577 110.416 134.524 101.448
-963.799 359.956 60.573 110.342 134.473 101.436
-964.744 359.621 60.5883 110.342 134.473 101.436
-965.689 359.289 60.6036 110.246 134.41 101.407
-966.634 358.96 60.619 110.158 134.35 101.381
-967.581 358.635 60.6343 110.082 134.297 101.366
-968.529 358.313 60.6498 109.993 134.232 101.355
-969.477 357.994 60.6652 109.897 134.17 101.344
-970.426 357.678 60.6807 109.791 134.102 101.321
-971.376 357.365 60.6961 109.689 134.038 101.307
-972.327 357.056 60.7116 109.603 133.982 101.286
-973.279 356.75 60.7272 109.513 133.917 101.267
-974.232 356.447 60.7428 109.437 133.861 101.236
-975.185 356.147 60.7583 109.437 133.861 101.236
-976.14 355.851 60.774 109.334 133.794 101.218
-977.095 355.558 60.7896 109.224 133.725 101.191
-978.051 355.268 60.8053 109.121 133.656 101.171
-979.008 354.981 60.821 109.045 133.603 101.154
-979.966 354.697 60.8367 108.965 133.545 101.154
-980.924 354.417 60.8524 108.876 133.482 101.141
-981.884 354.14 60.8682 108.79 133.428 101.125
-982.844 353.866 60.884 108.683 133.361 101.092
-983.805 353.595 60.8998 108.683 133.361 101.092
-984.767 353.328 60.9156 108.586 133.299 101.073
-985.73 353.063 60.9315 108.489 133.23 101.044
-986.694 352.802 60.9474 108.4 133.165 101.029
-987.659 352.544 60.9633 108.316 133.102 100.999
-988.624 352.29 60.9793 108.22 133.041 100.984
-989.59 352.038 60.9952 108.132 132.986 100.963
-990.558 351.79 61.0112 108.055 132.938 100.949
-991.526 351.545 61.0273 107.957 132.878 100.935
-992.495 351.303 61.0433 107.879 132.824 100.919
-993.464 351.065 61.0594 107.806 132.768 100.905
-994.435 350.829 61.0755 107.711 132.706 100.899
-995.406 350.597 61.0916 107.622 132.648 100.875
-996.379 350.368 61.1078 107.526 132.589 100.854
-997.352 350.142 61.1239 107.437 132.532 100.828
-998.326 349.92 61.1402 107.349 132.471 100.8
-999.301 349.701 61.1564 107.269 132.414 100.787
-1000.28 349.484 61.1726 107.269 132.414 100.787
-1001.25 349.272 61.1889 107.187 132.356 100.771
-1002.23 349.062 61.2052 107.089 132.292 100.744
-1003.21 348.855 61.2215 106.982 132.223 100.719
-1004.19 348.652 61.2379 106.874 132.155 100.694
-1005.17 348.452 61.2543 106.797 132.102 100.673
-1006.15 348.255 61.2707 106.724 132.052 100.67
-1007.13 348.062 61.2871 106.632 131.989 100.659
-1008.11 347.872 61.3036 106.632 131.989 100.659
-1009.1 347.684 61.3201 106.346 131.808 100.608
-1010.08 347.5 61.3366 106.346 131.808 100.608
-1011.07 347.32 61.3531 106.346 131.808 100.608
-1012.05 347.142 61.3697 106.24 131.735 100.57
-1013.04 346.968 61.3863 106.154 131.675 100.557
-1014.03 346.797 61.4029 106.065 131.617 100.548
-1016.75 346.158 61.5059 105.783 131.432 100.475
-1017.74 345.998 61.5218 105.783 131.432 100.475
-1018.73 345.841 61.5377 105.67 131.36 100.446
-1019.72 345.689 61.5535 105.575 131.297 100.415
-1020.71 345.539 61.5692 105.49 131.24 100.405
-1021.7 345.394 61.5849 105.399 131.183 100.394
-1022.69 345.252 61.6005 105.301 131.118 100.37
-1023.68 345.113 61.6161 105.213 131.06 100.348
-1024.68 344.978 61.6317 105.113 130.994 100.328
-1025.67 344.847 61.6472 105.02 130.932 100.311
-1026.66 344.719 61.6626 105.02 130.932 100.311
-1027.65 344.595 61.678 104.947 130.88 100.298
-1028.65 344.474 61.6933 104.868 130.825 100.283
-1029.64 344.357 61.7086 104.783 130.766 100.26
-1030.63 344.243 61.7238 104.679 130.697 100.242
-1031.63 344.133 61.739 104.59 130.639 100.229
-1032.62 344.027 61.7541 104.487 130.568 100.205
-1033.61 343.924 61.7692 104.402 130.511 100.184
-1034.61 343.824 61.7842 104.31 130.45 100.17
-1035.6 343.728 61.7992 104.232 130.398 100.152
-1036.6 343.636 61.8141 104.155 130.349 100.137
-1037.59 343.547 61.829 104.055 130.289 100.114
-1038.58 343.462 61.8438 103.956 130.227 100.089
-1039.58 343.381 61.8586 103.845 130.157 100.053
-1040.58 343.303 61.8733 103.766 130.104 100.037
-1041.57 343.228 61.888 103.766 130.104 100.037
-1042.57 343.157 61.9026 103.67 130.038 100.018
-1043.56 343.09 61.9171 103.594 129.989 100.008
-1044.56 343.026 61.9316 103.5 129.929 99.989
-1045.56 342.966 61.9461 103.395 129.862 99.961
-1046.55 342.909 61.9605 103.305 129.806 99.941
-1047.55 342.856 61.9748 103.211 129.744 99.917
-1048.55 342.807 61.9891 103.132 129.692 99.903
-1049.54 342.761 62.0034 103.043 129.632 99.885
-1050.54 342.718 62.0176 102.954 129.573 99.864
-1051.54 342.68 62.0317 102.833 129.496 99.839
-1052.54 342.644 62.0458 102.833 129.496 99.839
-1053.54 342.613 62.0599 102.747 129.441 99.819
-1054.54 342.584 62.0738 102.656 129.385 99.799
-1055.53 342.56 62.0878 102.567 129.327 99.774
-1056.53 342.539 62.1017 102.49 129.276 99.756
-1057.53 342.521 62.1155 102.405 129.221 99.742
-1058.53 342.507 62.1293 102.289 129.141 99.719
-1059.53 342.497 62.143 102.19 129.078 99.7
-1060.53 342.49 62.1567 102.099 129.022 99.683
-1061.53 342.487 62.1703 102 128.959 99.658
-1062.53 342.487 62.1839 101.896 128.893 99.636
-1063.53 342.491 62.1974 101.896 128.893 99.636
-1064.53 342.499 62.2109 101.82 128.842 99.621
-1065.54 342.51 62.2243 101.742 128.791 99.605
-1066.54 342.524 62.2377 101.647 128.729 99.588
-1067.54 342.542 62.251 101.551 128.669 99.566
-1068.54 342.564 62.2642 101.451 128.607 99.544
-1069.54 342.589 62.2775 101.358 128.547 99.52
-1070.54 342.618 62.2906 101.26 128.484 99.499
-1072.96 342.72 62.3269 101.088 128.371 99.465
-1073.96 342.762 62.3404 101.001 128.315 99.448
-1074.96 342.807 62.3539 100.915 128.257 99.429
-1075.96 342.856 62.3673 100.824 128.201 99.406
-1076.96 342.908 62.3807 100.728 128.142 99.386
-1077.96 342.963 62.394 100.639 128.085 99.365
-1078.96 343.022 62.4073 100.558 128.031 99.348
-1079.96 343.085 62.4205 100.462 127.967 99.328
-1080.96 343.151 62.4337 100.381 127.912 99.31
-1081.96 343.22 62.4468 100.295 127.857 99.293
-1082.95 343.293 62.4599 100.201 127.797 99.271
-1083.95 343.369 62.473 100.102 127.737 99.246
-1084.95 343.449 62.4859 100.005 127.674 99.222
-1085.94 343.532 62.4989 100.005 127.674 99.222
-1086.94 343.618 62.5117 99.885 127.598 99.195
-1087.94 343.708 62.5246 99.794 127.542 99.18
-1088.93 343.801 62.5374 99.712 127.493 99.166
-1089.93 343.898 62.5501 99.609 127.442 99.157
-1090.92 343.998 62.5628 99.512 127.404 99.158
-1091.91 344.102 62.5754 99.43 127.389 99.173
-1092.91 344.209 62.588 99.369 127.384 99.2
-1093.9 344.32 62.6005 99.292 127.388 99.237
-1094.89 344.434 62.613 99.225 127.4 99.277
-1095.88 344.551 62.6255 99.149 127.416 99.328
-1096.87 344.672 62.6379 99.072 127.434 99.375
-1097.86 344.796 62.6502 99.006 127.449 99.421
-1098.85 344.924 62.6625 98.938 127.463 99.467
-1099.84 345.055 62.6747 98.938 127.463 99.467
-1100.83 345.19 62.6869 98.862 127.477 99.517
-1101.82 345.328 62.6991 98.794 127.49 99.563
-1102.81 345.469 62.7112 98.714 127.508 99.61
-1103.8 345.614 62.7232 98.645 127.524 99.654
-1104.79 345.762 62.7352 98.585 127.535 99.694
-1105.77 345.914 62.7472 98.51 127.548 99.742
-1106.76 346.069 62.7591 98.444 127.559 99.787
-1107.75 346.228 62.7709 98.37 127.574 99.834
-1108.73 346.39 62.7827 98.284 127.588 99.881
-1109.72 346.555 62.7945 98.216 127.603 99.925
-1110.7 346.724 62.8062 98.216 127.603 99.925
-1111.69 346.897 62.8178 98.136 127.62 99.976
-1112.67 347.072 62.8294 98.061 127.634 100.023
-1113.65 347.252 62.841 97.989 127.648 100.068
-1114.64 347.434 62.8525 97.908 127.668 100.12
-1115.62 347.62 62.864 97.842 127.682 100.164
-1116.6 347.81 62.8754 97.772 127.697 100.209
-1117.58 348.003 62.8867 97.697 127.71 100.256
-1118.56 348.199 62.898 97.625 127.725 100.304
-1119.54 348.399 62.9093 97.625 127.725 100.304
-1120.52 348.602 62.9205 97.552 127.74 100.352
-1121.5 348.809 62.9317 97.481 127.757 100.401
-1122.48 349.019 62.9428 97.416 127.771 100.444
-1123.46 349.233 62.9538 97.342 127.785 100.494
-1124.44 349.45 62.9649 97.281 127.795 100.53
-1125.42 349.67 62.9758 97.212 127.809 100.573
-1126.39 349.894 62.9867 97.136 127.826 100.62
-1127.37 350.122 62.9976 97.069 127.841 100.665
-1129.99 350.975 62.9781 96.927 127.869 100.755
-1130.96 351.213 62.9876 96.85 127.885 100.802
-1131.94 351.453 62.9971 96.774 127.9 100.851
-1132.91 351.697 63.0066 96.7 127.915 100.898
-1133.88 351.944 63.0161 96.619 127.931 100.95
-1134.85 352.194 63.0256 96.533 127.947 101.005
-1135.82 352.447 63.0351 96.533 127.947 101.005
-1136.78 352.703 63.0446 96.454 127.965 101.056
-1137.75 352.962 63.0541 96.391 127.979 101.101
-1138.72 353.224 63.0636 96.324 127.995 101.147
-1139.68 353.489 63.0731 96.256 128.007 101.191
-1140.64 353.758 63.0827 96.177 128.021 101.244
-1141.61 354.029 63.0922 96.102 128.037 101.291
-1142.57 354.304 63.1017 96.03 128.054 101.34
-1143.53 354.582 63.1112 95.963 128.069 101.383
-1144.49 354.863 63.1208 95.889 128.085 101.433
-1145.45 355.147 63.1303 95.889 128.085 101.433
-1146.4 355.434 63.1399 95.814 128.1 101.484
-1147.36 355.724 63.1494 95.736 128.115 101.529
-1148.31 356.017 63.1589 95.655 128.133 101.578
-1149.27 356.313 63.1685 95.577 128.152 101.629
-1150.22 356.613 63.178 95.51 128.164 101.673
-1151.17 356.915 63.1876 95.427 128.179 101.73
-1152.12 357.221 63.1972 95.427 128.179 101.73
-1153.07 357.53 63.2067 95.352 128.192 101.776
-1154.02 357.841 63.2163 95.29 128.205 101.818
-1154.97 358.156 63.2258 95.222 128.218 101.858
-1155.92 358.474 63.2354 95.154 128.231 101.899
-1156.86 358.795 63.245 95.094 128.243 101.938
-1157.81 359.12 63.2546 95.02 128.259 101.986
-1158.75 359.447 63.2641 94.96 128.274 102.028
-1159.69 359.777 63.2737 94.893 128.29 102.075
-1160.63 360.111 63.2833 94.822 128.306 102.118
-1161.57 360.447 63.2929 94.748 128.32 102.167
-1162.51 360.787 63.3025 94.679 128.336 102.212
-1163.45 361.13 63.3121 94.614 128.35 102.256
-1164.39 361.476 63.3217 94.549 128.365 102.304
-1165.32 361.824 63.3313 94.483 128.38 102.347
-1166.26 362.177 63.3409 94.415 128.394 102.392
-1167.19 362.532 63.3505 94.333 128.408 102.441
-1168.13 362.89 63.3601 94.264 128.424 102.484
-1169.06 363.251 63.3697 94.199 128.437 102.529
-1169.99 363.616 63.3793 94.12 128.456 102.581
-1170.92 363.983 63.3889 94.058 128.466 102.621
-1171.85 364.354 63.3986 94.058 128.466 102.621
-1172.78 364.727 63.4082 93.984 128.48 102.669
-1173.7 365.104 63.4178 93.913 128.494 102.712
-1174.63 365.484 63.4274 93.845 128.509 102.755
-1175.55 365.867 63.4371 93.778 128.523 102.798
-1176.48 366.253 63.4467 93.711 128.539 102.844
-1177.4 366.642 63.4563 93.645 128.553 102.89
-1178.32 367.035 63.466 93.583 128.566 102.928
-1179.24 367.43 63.4756 93.514 128.579 102.971
-1180.16 367.828 63.4853 93.455 128.592 103.011
-1182.06 368.721 63.4755 93.302 128.628 103.115
-1182.98 369.14 63.4828 93.215 128.646 103.17
-1183.9 369.562 63.4902 93.154 128.658 103.208
-1184.82 369.986 63.4977 93.087 128.672 103.252
-1185.73 370.413 63.5052 93.02 128.685 103.297
-1186.64 370.843 63.5129 92.962 128.697 103.338
-1187.55 371.276 63.5205 92.895 128.712 103.376
-1188.46 371.711 63.5283 92.827 128.728 103.418
-1189.37 372.15 63.5361 92.76 128.74 103.463
-1190.28 372.59 63.5439 92.698 128.752 103.503
-1191.18 373.034 63.5519 92.621 128.766 103.55
-1192.08 373.48 63.5599 92.561 128.779 103.59
-1192.98 373.929 63.5679 92.484 128.796 103.638
-1193.88 374.38 63.576 92.416 128.813 103.681
-1194.78 374.835 63.5842 92.343 128.827 103.73
-1195.67 375.291 63.5925 92.268 128.842 103.778
-1196.56 375.751 63.6008 92.204 128.855 103.822
-1197.45 376.213 63.6092 92.136 128.87 103.866
-1198.34 376.679 63.6177 92.063 128.887 103.915
-1199.23 377.146 63.6262 92.005 128.9 103.954
-1200.11 377.617 63.6348 91.937 128.915 103.997
-1201 378.09 63.6435 91.873 128.927 104.043
-1201.88 378.566 63.6522 91.873 128.927 104.043
-1202.76 379.044 63.661 91.799 128.941 104.087
-1203.64 379.525 63.6698 91.726 128.958 104.137
-1204.51 380.009 63.6788 91.658 128.975 104.181
-1205.39 380.496 63.6877 91.592 128.991 104.226
-1206.26 380.985 63.6968 91.529 129.005 104.267
-1207.13 381.477 63.7059 91.466 129.015 104.304
-1208 381.972 63.7151 91.389 129.031 104.355
-1208.86 382.47 63.7243 91.315 129.048 104.405
-1209.73 382.97 63.7337 91.249 129.064 104.448
-1210.59 383.473 63.743 91.188 129.077 104.488
-1211.45 383.978 63.7525 91.127 129.089 104.523
-1212.31 384.486 63.762 91.055 129.1 104.563
-1213.17 384.997 63.7716 90.969 129.117 104.612
-1214.03 385.511 63.7812 90.9 129.135 104.663
-1214.88 386.027 63.7909 90.814 129.156 104.724
-1215.73 386.546 63.8007 90.814 129.156 104.724
-1216.58 387.068 63.8106 90.742 129.17 104.772
-1217.43 387.592 63.8205 90.662 129.185 104.824
-1218.28 388.119 63.8304 90.587 129.203 104.883
-1219.12 388.649 63.8405 90.514 129.222 104.933
-1219.96 389.182 63.8506 90.44 129.239 104.982
-1220.8 389.717 63.8608 90.364 129.254 105.028
-1221.64 390.255 63.871 90.29 129.269 105.073
-1222.48 390.796 63.8813 90.211 129.286 105.124
-1223.32 391.339 63.8917 90.15 129.299 105.165
-1224.15 391.885 63.9021 90.15 129.299 105.165
-1224.98 392.434 63.9126 90.069 129.317 105.217
-1225.81 392.985 63.9232 89.992 129.333 105.263
-1226.64 393.539 63.9338 89.918 129.348 105.311
-1227.47 394.096 63.9445 89.857 129.359 105.351
-1228.29 394.655 63.9553 89.786 129.373 105.401
-1229.11 395.218 63.9661 89.709 129.392 105.46
-1229.93 395.783 63.977 89.642 129.41 105.508
-1230.75 396.35 63.988 89.557 129.428 105.565
-1231.57 396.92 63.999 89.557 129.428 105.565
-1232.38 397.493 64.0101 89.487 129.441 105.61
-1233.2 398.069 64.0213 89.428 129.454 105.652
-1234.01 398.648 64.0325 89.354 129.471 105.699
-1234.82 399.229 64.0438 89.284 129.487 105.737
-1235.63 399.812 64.0551 89.209 129.501 105.777
-1236.43 400.399 64.0666 89.13 129.519 105.832
-1237.24 400.988 64.0781 89.065 129.534 105.879
-1238.04 401.58 64.0896 88.989 129.552 105.929
-1238.84 402.175 64.1012 88.92 129.566 105.974
-1239.64 402.772 64.1129 88.847 129.581 106.023
-1240.43 403.372 64.1247 88.782 129.594 106.067
-1241.23 403.975 64.1365 88.715 129.608 106.111
-1242.02 404.58 64.1484 88.639 129.623 106.158
-1242.81 405.188 64.1603 88.558 129.642 106.21
-1243.6 405.799 64.1724 88.558 129.642 106.21
-1244.39 406.412 64.1844 88.486 129.659 106.258
-1245.18 407.029 64.1966 88.413 129.675 106.305
-1245.96 407.647 64.2088 88.34 129.69 106.354
-1246.74 408.269 64.2211 88.272 129.704 106.395
-1247.52 408.893 64.2334 88.207 129.72 106.441
-1248.3 409.52 64.2458 88.148 129.736 106.487
-1249.08 410.15 64.2583 88.082 129.752 106.534
-1249.85 410.782 64.2709 88.02 129.763 106.573
-1250.62 411.417 64.2835 87.951 129.777 106.609
-1251.39 412.055 64.2962 87.883 129.793 106.653
-1252.16 412.696 64.3089 87.809 129.809 106.698
-1252.93 413.339 64.3217 87.738 129.822 106.735
-1253.7 413.985 64.3346 87.678 129.832 106.77
-1254.46 414.633 64.3475 87.61 129.846 106.816
-1255.22 415.285 64.3605 87.536 129.863 106.866
-1255.98 415.938 64.3736 87.401 129.894 106.958
-1256.74 416.595 64.3867 87.331 129.911 107.009
-1257.5 417.255 64.3999 87.271 129.922 107.049
-1258.25 417.917 64.4132 87.203 129.937 107.092
-1259 418.581 64.4265 87.132 129.955 107.141
-1259.75 419.249 64.4399 87.06 129.972 107.19
-1260.5 419.919 64.4534 87.06 129.972 107.19
-1261.25 420.592 64.4669 86.996 129.985 107.234
-1261.99 421.267 64.4805 86.914 130.001 107.284
-1262.74 421.946 64.4942 86.84 130.019 107.334
-1263.48 422.627 64.5079 86.769 130.038 107.386
-1264.22 423.31 64.5217 86.703 130.052 107.431
-1264.96 423.997 64.5356 86.635 130.065 107.476
-1265.69 424.686 64.5495 86.559 130.082 107.525
-1266.43 425.377 64.5635 86.474 130.101 107.58
-1267.16 426.072 64.5776 86.404 130.119 107.628
-1267.89 426.769 64.5917 86.404 130.119 107.628
-1268.62 427.469 64.6059 86.26 130.148 107.718
-1269.35 428.171 64.6202 86.201 130.165 107.77
-1270.07 428.877 64.6345 86.13 130.18 107.813
-1270.79 429.585 64.6489 86.13 130.18 107.813
