1
-1412.11 593.581 67.0071 153.078 109.348 -100.314
-1412.24 594.589 67.0016 153.078 109.348 -100.314
-1412.36 595.596 66.996 153.078 109.348 -100.314
-1412.48 596.603 66.9903 152.771 109.351 -100.234
-1412.6 597.61 66.9845 152.555 109.36 -100.236
-1412.71 598.617 66.9787 152.341 109.361 -100.213
-1412.82 599.623 66.9727 152.341 109.361 -100.213
-1412.93 600.63 66.9667 152.068 109.36 -100.182
-1413.04 601.636 66.9606 152.068 109.36 -100.182
-1413.14 602.641 66.9545 151.86 109.359 -100.16
-1413.23 603.647 66.9482 151.583 109.359 -100.128
-1413.33 604.652 66.9419 151.583 109.359 -100.128
-1413.42 605.658 66.9355 151.359 109.358 -100.097
-1413.51 606.662 66.929 151.13 109.36 -100.081
-1413.6 607.667 66.9224 151.13 109.36 -100.081
-1413.68 608.672 66.9157 150.846 109.358 -100.039
-1413.76 609.676 66.909 150.614 109.359 -100.012
-1413.84 610.68 66.9022 150.614 109.359 -100.012
-1413.91 611.684 66.8953 150.384 109.36 -99.984
-1413.98 612.688 66.8883 150.099 109.361 -99.942
-1414.05 613.691 66.8812 150.099 109.361 -99.942
-1414.11 614.694 66.8741 149.843 109.365 -99.922
-1414.18 615.697 66.8669 149.613 109.367 -99.894
-1414.23 616.7 66.8596 149.613 109.367 -99.894
-1414.29 617.702 66.8522 149.355 109.367 -99.853
-1414.34 618.705 66.8447 149.355 109.367 -99.853
-1414.39 619.707 66.8372 149.095 109.373 -99.823
-1414.44 620.709 66.8296 148.839 109.375 -99.783
-1414.48 621.71 66.8219 148.839 109.375 -99.783
-1414.52 622.712 66.8141 148.61 109.379 -99.759
-1414.56 623.713 66.8062 148.383 109.386 -99.739
-1414.59 624.714 66.7983 148.383 109.386 -99.739
-1414.62 625.715 66.7903 148.154 109.386 -99.707
-1414.65 626.715 66.7821 147.866 109.385 -99.673
-1414.68 627.715 66.774 147.866 109.385 -99.673
-1414.7 628.716 66.7657 147.577 109.381 -99.631
-1414.72 629.715 66.7573 147.577 109.381 -99.631
-1414.73 630.715 66.7489 147.318 109.381 -99.604
-1414.75 631.715 66.7404 147.115 109.382 -99.593
-1414.76 632.714 66.7318 147.115 109.382 -99.593
-1414.76 633.713 66.7231 146.884 109.381 -99.557
-1414.77 634.712 66.7144 146.626 109.379 -99.529
-1414.77 635.71 66.7056 146.626 109.379 -99.529
-1414.77 636.708 66.6966 146.367 109.378 -99.494
-1414.76 637.707 66.6877 146.137 109.376 -99.464
-1414.75 638.704 66.6786 146.137 109.376 -99.464
-1414.74 639.702 66.6694 145.878 109.377 -99.444
-1414.72 640.7 66.6602 145.878 109.377 -99.444
-1414.71 641.697 66.6509 145.647 109.375 -99.412
-1414.69 642.694 66.6415 145.387 109.375 -99.378
-1414.66 643.691 66.632 145.387 109.375 -99.378
-1414.63 644.687 66.6224 145.131 109.374 -99.348
-1414.6 645.684 66.6128 144.901 109.372 -99.315
-1414.57 646.68 66.6031 144.901 109.372 -99.315
-1414.54 647.676 66.5933 144.672 109.378 -99.303
-1414.5 648.671 66.5834 144.325 109.378 -99.256
-1414.45 649.667 66.5734 144.325 109.378 -99.256
-1414.41 650.662 66.5634 144.325 109.378 -99.256
-1414.36 651.657 66.5533 144.067 109.379 -99.226
-1414.31 652.652 66.5431 143.837 109.376 -99.191
-1414.25 653.647 66.5328 143.837 109.376 -99.191
-1414.2 654.641 66.5224 143.521 109.376 -99.157
-1414.14 655.635 66.512 143.521 109.376 -99.157
-1414.07 656.629 66.5015 143.262 109.379 -99.137
-1414.01 657.623 66.4909 142.973 109.378 -99.097
-1413.94 658.616 66.4802 142.973 109.378 -99.097
-1413.86 659.61 66.4694 142.713 109.376 -99.063
-1413.79 660.603 66.4585 142.713 109.376 -99.063
-1413.71 661.595 66.4476 142.428 109.369 -99.018
-1413.63 662.588 66.4366 142.428 109.369 -99.018
-1413.54 663.58 66.4255 142.167 109.374 -99.008
-1413.45 664.573 66.4144 141.91 109.374 -98.976
-1413.36 665.565 66.4031 141.91 109.374 -98.976
-1413.27 666.556 66.3918 141.65 109.377 -98.947
-1413.17 667.548 66.3804 141.65 109.377 -98.947
-1413.07 668.539 66.3689 141.422 109.374 -98.914
-1412.97 669.53 66.3573 141.191 109.37 -98.879
-1412.86 670.521 66.3456 141.191 109.37 -98.879
-1412.75 671.512 66.3339 140.932 109.374 -98.867
-1412.64 672.502 66.3221 140.673 109.375 -98.832
-1412.52 673.492 66.3102 140.673 109.375 -98.832
-1412.41 674.482 66.2982 140.442 109.376 -98.805
-1412.28 675.472 66.2862 140.152 109.372 -98.765
-1412.16 676.462 66.274 140.152 109.372 -98.765
-1412.03 677.451 66.2618 139.834 109.371 -98.736
-1411.9 678.44 66.2495 139.834 109.371 -98.736
-1411.77 679.429 66.2371 139.548 109.371 -98.697
-1411.63 680.418 66.2247 139.548 109.371 -98.697
-1411.49 681.406 66.2121 139.261 109.375 -98.671
-1411.35 682.394 66.1995 139.261 109.375 -98.671
-1411.2 683.382 66.1868 139.033 109.37 -98.637
-1411.05 684.37 66.174 138.802 109.366 -98.607
-1410.9 685.358 66.1611 138.802 109.366 -98.607
-1410.74 686.345 66.1482 138.571 109.367 -98.597
-1410.58 687.332 66.1352 138.367 109.369 -98.569
-1410.42 688.319 66.1221 138.367 109.369 -98.569
-1410.26 689.306 66.1089 138.109 109.372 -98.541
-1410.09 690.292 66.0956 137.88 109.371 -98.512
-1409.92 691.278 66.0823 137.88 109.371 -98.512
-1409.75 692.264 66.0688 137.593 109.368 -98.477
-1409.57 693.25 66.0553 137.335 109.367 -98.449
-1409.39 694.236 66.0417 137.335 109.367 -98.449
-1409.21 695.221 66.0281 137.044 109.368 -98.418
-1409.02 696.206 66.0143 137.044 109.368 -98.418
-1408.83 697.191 66.0005 136.815 109.368 -98.389
-1408.64 698.176 65.9866 136.556 109.362 -98.349
-1408.45 699.16 65.9726 136.556 109.362 -98.349
-1408.25 700.145 65.9585 136.3 109.362 -98.333
-1408.05 701.129 65.9444 136.068 109.362 -98.306
-1407.84 702.112 65.9301 136.068 109.362 -98.306
-1407.64 703.096 65.9158 135.809 109.364 -98.278
-1407.43 704.079 65.9014 135.809 109.364 -98.278
-1407.21 705.063 65.8869 135.52 109.365 -98.246
-1407 706.046 65.8724 135.29 109.36 -98.211
-1406.78 707.028 65.8577 135.29 109.36 -98.211
-1406.55 708.011 65.843 135.001 109.362 -98.188
-1406.33 708.993 65.8282 135.001 109.362 -98.188
-1406.1 709.975 65.8134 134.74 109.362 -98.16
-1405.87 710.957 65.7984 134.74 109.362 -98.16
-1405.63 711.939 65.7834 134.453 109.358 -98.125
-1405.4 712.92 65.7682 134.166 109.353 -98.083
-1405.15 713.901 65.753 134.166 109.353 -98.083
-1404.91 714.882 65.7377 133.908 109.355 -98.066
-1404.66 715.863 65.7224 133.677 109.356 -98.042
-1404.41 716.843 65.7069 133.677 109.356 -98.042
-1404.16 717.824 65.6914 133.335 109.351 -97.999
-1403.9 718.804 65.6758 133.335 109.351 -97.999
-1403.65 719.784 65.6601 133.074 109.346 -97.966
-1403.38 720.763 65.6444 132.813 109.347 -97.943
-1403.12 721.743 65.6285 132.813 109.347 -97.943
-1402.85 722.722 65.6126 132.522 109.352 -97.915
-1401.98 725.594 65.5603 132.036 109.348 -97.855
-1401.71 726.559 65.5445 132.036 109.348 -97.855
-1401.43 727.523 65.5286 131.776 109.345 -97.82
-1401.15 728.486 65.5126 131.776 109.345 -97.82
-1400.87 729.448 65.4965 131.487 109.348 -97.805
-1400.59 730.409 65.4804 131.227 109.343 -97.765
-1400.3 731.369 65.4642 131.227 109.343 -97.765
-1400.01 732.328 65.448 130.939 109.336 -97.735
-1399.72 733.286 65.4317 130.939 109.336 -97.735
-1399.42 734.243 65.4153 130.65 109.33 -97.698
-1399.12 735.198 65.3989 130.65 109.33 -97.698
-1398.82 736.153 65.3824 130.392 109.335 -97.681
-1398.52 737.106 65.3658 130.138 109.333 -97.649
-1398.21 738.059 65.3492 130.138 109.333 -97.649
-1397.9 739.01 65.3325 129.818 109.335 -97.621
-1397.59 739.961 65.3157 129.818 109.335 -97.621
-1397.28 740.91 65.2989 129.614 109.334 -97.592
-1396.96 741.858 65.2821 129.408 109.335 -97.579
-1396.64 742.805 65.2651 129.149 109.333 -97.548
-1396.32 743.751 65.2481 129.149 109.333 -97.548
-1395.99 744.696 65.2311 128.922 109.325 -97.516
-1395.66 745.64 65.2139 128.922 109.325 -97.516
-1395.33 746.583 65.1967 128.576 109.321 -97.477
-1395 747.525 65.1795 128.576 109.321 -97.477
-1394.66 748.466 65.1622 128.23 109.319 -97.438
-1394.32 749.405 65.1448 128.23 109.319 -97.438
-1393.98 750.344 65.1273 128 109.321 -97.426
-1393.63 751.282 65.1098 127.74 109.319 -97.395
-1393.28 752.218 65.0923 127.74 109.319 -97.395
-1392.93 753.154 65.0746 127.45 109.319 -97.364
-1392.58 754.088 65.0569 127.45 109.319 -97.364
-1392.22 755.021 65.0392 127.131 109.315 -97.319
-1391.86 755.953 65.0213 127.131 109.315 -97.319
-1391.5 756.885 65.0035 126.874 109.315 -97.31
-1391.14 757.815 64.9855 126.874 109.315 -97.31
-1390.77 758.744 64.9675 126.614 109.312 -97.273
-1390.4 759.672 64.9494 126.354 109.31 -97.252
-1390.03 760.599 64.9313 126.354 109.31 -97.252
-1389.65 761.524 64.9131 126.354 109.31 -97.252
-1389.27 762.449 64.8948 125.723 109.296 -97.179
-1388.89 763.373 64.8765 125.723 109.296 -97.179
-1388.51 764.295 64.8581 125.723 109.296 -97.179
-1388.12 765.217 64.8396 125.259 109.297 -97.126
-1387.73 766.138 64.8211 125.259 109.297 -97.126
-1387.34 767.057 64.8025 124.97 109.294 -97.093
-1386.94 767.975 64.7839 124.97 109.294 -97.093
-1386.55 768.893 64.7652 124.97 109.294 -97.093
-1386.15 769.809 64.7464 124.68 109.296 -97.071
-1385.74 770.724 64.7276 124.446 109.295 -97.045
-1385.34 771.638 64.7087 124.446 109.295 -97.045
-1384.93 772.551 64.6897 124.22 109.29 -97.018
-1384.52 773.463 64.6707 123.991 109.285 -96.997
-1384.1 774.374 64.6516 123.991 109.285 -96.997
-1383.68 775.284 64.6325 123.762 109.276 -96.96
-1383.26 776.193 64.6133 123.502 109.276 -96.944
-1382.84 777.1 64.594 123.502 109.276 -96.944
-1382.42 778.007 64.5747 123.269 109.273 -96.918
-1381.99 778.913 64.5553 123.04 109.271 -96.89
-1381.56 779.817 64.5358 122.808 109.269 -96.866
-1381.12 780.721 64.5163 122.808 109.269 -96.866
-1380.69 781.623 64.4967 122.545 109.271 -96.84
-1380.25 782.524 64.477 122.545 109.271 -96.84
-1379.81 783.425 64.4573 122.199 109.269 -96.815
-1379.36 784.324 64.4375 122.199 109.269 -96.815
-1377.52 787.839 64.3308 121.423 109.255 -96.721
-1377.07 788.734 64.311 121.192 109.247 -96.695
-1376.61 789.627 64.2912 121.192 109.247 -96.695
-1376.16 790.519 64.2713 120.932 109.243 -96.671
-1375.69 791.409 64.2514 120.932 109.243 -96.671
-1375.23 792.298 64.2316 120.645 109.243 -96.644
-1374.76 793.185 64.2117 120.414 109.244 -96.622
-1374.29 794.07 64.1918 120.414 109.244 -96.622
-1373.82 794.954 64.1718 120.126 109.24 -96.591
-1373.35 795.836 64.1519 119.89 109.243 -96.575
-1372.87 796.716 64.1319 119.89 109.243 -96.575
-1372.39 797.595 64.112 119.685 109.24 -96.552
-1371.91 798.472 64.092 119.427 109.235 -96.524
-1371.43 799.347 64.072 119.427 109.235 -96.524
-1370.94 800.221 64.052 119.138 109.229 -96.49
-1370.45 801.093 64.032 118.881 109.221 -96.457
-1369.96 801.964 64.0119 118.653 109.214 -96.434
-1369.46 802.833 63.9919 118.653 109.214 -96.434
-1368.96 803.7 63.9718 118.393 109.21 -96.406
-1368.46 804.565 63.9517 118.393 109.21 -96.406
-1367.96 805.429 63.9317 118.162 109.208 -96.379
-1367.46 806.292 63.9115 118.162 109.208 -96.379
-1366.95 807.152 63.8914 117.871 109.211 -96.356
-1366.44 808.011 63.8713 117.871 109.211 -96.356
-1365.92 808.869 63.8511 117.608 109.208 -96.327
-1365.41 809.724 63.831 117.608 109.208 -96.327
-1364.89 810.579 63.8108 117.289 109.207 -96.306
-1364.37 811.431 63.7906 117.061 109.202 -96.285
-1363.85 812.282 63.7704 117.061 109.202 -96.285
-1363.32 813.131 63.7502 116.802 109.194 -96.25
-1362.79 813.979 63.7299 116.573 109.184 -96.216
-1362.26 814.824 63.7097 116.573 109.184 -96.216
-1361.73 815.669 63.6894 116.345 109.178 -96.194
-1361.19 816.511 63.6691 116.111 109.18 -96.177
-1360.65 817.352 63.6489 116.111 109.18 -96.177
-1360.11 818.192 63.6286 115.821 109.175 -96.141
-1359.56 819.029 63.6082 115.617 109.173 -96.129
-1359.02 819.865 63.5879 115.411 109.174 -96.109
-1358.47 820.7 63.5675 115.411 109.174 -96.109
-1357.92 821.532 63.5472 115.176 109.173 -96.078
-1357.36 822.364 63.5268 114.945 109.171 -96.071
-1356.8 823.193 63.5064 114.945 109.171 -96.071
-1356.24 824.021 63.486 114.715 109.163 -96.046
-1355.68 824.847 63.4656 114.484 109.159 -96.017
-1355.12 825.672 63.4452 114.484 109.159 -96.017
-1354.55 826.494 63.4247 114.168 109.146 -95.978
-1353.98 827.316 63.4042 114.168 109.146 -95.978
-1353.4 828.135 63.3838 113.88 109.137 -95.946
-1352.83 828.953 63.3633 113.648 109.14 -95.936
-1352.25 829.77 63.3428 113.648 109.14 -95.936
-1351.67 830.584 63.3223 113.21 109.137 -95.892
-1351.09 831.397 63.3017 113.21 109.137 -95.892
-1350.5 832.209 63.2812 113.21 109.137 -95.892
-1349.91 833.019 63.2606 112.979 109.136 -95.873
-1349.32 833.827 63.24 112.746 109.134 -95.836
-1348.73 834.633 63.2194 112.746 109.134 -95.836
-1348.13 835.438 63.1988 112.513 109.13 -95.822
-1347.53 836.241 63.1782 112.284 109.118 -95.8
-1346.93 837.043 63.1576 112.284 109.118 -95.8
-1346.33 837.843 63.1369 112.023 109.107 -95.766
-1345.72 838.641 63.1163 111.792 109.1 -95.739
-1345.11 839.438 63.0956 111.792 109.1 -95.739
-1344.5 840.233 63.0749 111.536 109.091 -95.706
-1342.21 842.35 62.976 111.071 109.099 -95.684
-1341.6 843.139 62.9555 110.837 109.096 -95.656
-1340.97 843.926 62.9351 110.603 109.093 -95.642
-1340.35 844.711 62.9147 110.603 109.093 -95.642
-1339.73 845.495 62.8944 110.397 109.087 -95.616
-1339.1 846.276 62.8741 110.163 109.081 -95.582
-1338.47 847.055 62.8539 109.932 109.073 -95.562
-1337.84 847.832 62.8337 109.932 109.073 -95.562
-1337.21 848.608 62.8136 109.704 109.065 -95.539
-1336.57 849.381 62.7935 109.417 109.061 -95.504
-1335.94 850.153 62.7735 109.417 109.061 -95.504
-1335.3 850.922 62.7536 109.072 109.056 -95.472
-1334.65 851.69 62.7337 109.072 109.056 -95.472
-1334.01 852.456 62.7138 108.812 109.051 -95.445
-1333.37 853.22 62.694 108.812 109.051 -95.445
-1332.72 853.982 62.6743 108.577 109.057 -95.442
-1332.07 854.742 62.6546 108.344 109.048 -95.407
-1331.42 855.5 62.635 108.344 109.048 -95.407
-1330.76 856.256 62.6154 107.827 109.032 -95.354
-1330.11 857.01 62.5959 107.827 109.032 -95.354
-1329.45 857.762 62.5764 107.827 109.032 -95.354
-1328.79 858.513 62.557 107.598 109.02 -95.31
-1328.12 859.261 62.5376 107.598 109.02 -95.31
-1327.46 860.007 62.5183 107.281 109.014 -95.298
-1326.79 860.752 62.499 107.281 109.014 -95.298
-1326.13 861.495 62.4798 106.991 109.013 -95.272
-1325.45 862.235 62.4606 106.756 109.014 -95.247
-1324.78 862.974 62.4415 106.525 109.011 -95.229
-1324.11 863.711 62.4225 106.525 109.011 -95.229
-1323.43 864.446 62.4035 106.293 109.006 -95.201
-1322.75 865.179 62.3845 106.293 109.006 -95.201
-1322.07 865.91 62.3656 105.772 108.982 -95.153
-1321.39 866.639 62.3468 105.772 108.982 -95.153
-1320.7 867.366 62.328 105.772 108.982 -95.153
-1320.01 868.091 62.3093 105.281 108.966 -95.094
-1319.32 868.815 62.2906 105.281 108.966 -95.094
-1318.63 869.536 62.272 105.281 108.966 -95.094
-1317.94 870.255 62.2534 105.051 108.962 -95.069
-1317.24 870.973 62.2349 104.822 108.964 -95.047
-1316.55 871.688 62.2164 104.588 108.966 -95.036
-1315.85 872.402 62.198 104.588 108.966 -95.036
-1315.14 873.114 62.1796 104.355 108.961 -95.019
-1314.44 873.824 62.1613 104.064 108.953 -94.988
-1313.73 874.532 62.143 104.064 108.953 -94.988
-1313.03 875.237 62.1248 103.833 108.943 -94.958
-1312.31 875.941 62.1067 103.548 108.93 -94.922
-1311.6 876.644 62.0886 103.548 108.93 -94.922
-1310.89 877.344 62.0705 103.263 108.926 -94.898
-1310.17 878.042 62.0526 103.263 108.926 -94.898
-1309.45 878.738 62.0346 103 108.92 -94.867
-1308.73 879.433 62.0167 102.765 108.919 -94.855
-1308.01 880.125 61.9989 102.765 108.919 -94.855
-1307.28 880.816 61.9811 102.327 108.91 -94.806
-1306.56 881.504 61.9634 102.327 108.91 -94.806
-1305.83 882.191 61.9457 102.327 108.91 -94.806
-1305.1 882.875 61.9281 102.096 108.906 -94.794
-1304.36 883.558 61.9105 101.808 108.896 -94.764
-1303.63 884.239 61.893 101.808 108.896 -94.764
-1302.89 884.918 61.8755 101.581 108.882 -94.732
-1300.59 886.569 61.817 101.093 108.873 -94.69
-1299.85 887.242 61.7996 100.833 108.867 -94.659
-1299.1 887.913 61.7823 100.833 108.867 -94.659
-1298.36 888.581 61.7651 100.599 108.866 -94.655
-1297.61 889.247 61.7479 100.365 108.859 -94.629
-1296.86 889.911 61.7309 100.365 108.859 -94.629
-1296.11 890.573 61.714 100.106 108.844 -94.6
-1295.35 891.232 61.6971 99.876 108.832 -94.573
-1294.6 891.889 61.6804 99.876 108.832 -94.573
-1293.84 892.544 61.6637 99.62 108.824 -94.534
-1293.08 893.196 61.6471 99.392 108.823 -94.527
-1292.32 893.846 61.6307 99.132 108.817 -94.503
-1291.56 894.493 61.6143 99.132 108.817 -94.503
-1290.8 895.139 61.598 98.872 108.81 -94.476
-1290.03 895.782 61.5818 98.641 108.802 -94.457
-1289.26 896.422 61.5657 98.641 108.802 -94.457
-1288.49 897.061 61.5496 98.418 108.794 -94.422
-1287.72 897.697 61.5337 98.161 108.782 -94.385
-1286.95 898.331 61.5179 98.161 108.782 -94.385
-1286.17 898.962 61.5021 97.924 108.775 -94.365
-1285.4 899.591 61.4865 97.693 108.771 -94.332
-1284.62 900.218 61.4709 97.693 108.771 -94.332
-1283.84 900.842 61.4555 97.519 108.765 -94.317
-1283.05 901.465 61.4401 97.372 108.764 -94.313
-1282.27 902.085 61.4248 97.26 108.767 -94.316
-1281.49 902.702 61.4096 97.17 108.769 -94.323
-1280.7 903.317 61.3945 97.17 108.769 -94.323
-1279.91 903.93 61.3795 97.085 108.777 -94.335
-1279.12 904.541 61.3646 96.99 108.787 -94.344
-1278.32 905.149 61.3498 96.917 108.792 -94.348
-1277.53 905.755 61.3351 96.827 108.797 -94.351
-1276.73 906.359 61.3204 96.827 108.797 -94.351
-1275.94 906.96 61.3059 96.74 108.797 -94.348
-1275.14 907.559 61.2914 96.643 108.794 -94.345
-1274.33 908.156 61.2771 96.564 108.794 -94.344
-1273.53 908.75 61.2628 96.486 108.797 -94.346
-1272.72 909.342 61.2486 96.486 108.797 -94.346
-1271.92 909.932 61.2345 96.407 108.803 -94.351
-1271.11 910.519 61.2205 96.407 108.803 -94.351
-1270.3 911.104 61.2066 96.294 108.813 -94.364
-1269.49 911.687 61.1928 96.222 108.819 -94.372
-1268.67 912.267 61.1791 96.149 108.824 -94.381
-1267.85 912.846 61.1655 96.068 108.829 -94.383
-1267.04 913.421 61.152 95.978 108.83 -94.383
-1266.22 913.995 61.1385 95.978 108.83 -94.383
-1265.4 914.566 61.1252 95.902 108.831 -94.383
-1264.57 915.135 61.1119 95.824 108.832 -94.383
-1263.75 915.702 61.0988 95.747 108.834 -94.384
-1262.92 916.266 61.0857 95.658 108.837 -94.389
-1262.09 916.828 61.0727 95.658 108.837 -94.389
-1261.26 917.387 61.0598 95.576 108.842 -94.399
-1260.43 917.945 61.047 95.476 108.848 -94.407
-1259.6 918.5 61.0343 95.396 108.854 -94.409
-1258.76 919.052 61.0217 95.325 108.858 -94.411
-1257.92 919.603 61.0092 95.325 108.858 -94.411
-1257.42 919.635 61.0476 95.325 108.858 -94.411
-1256.58 920.176 61.0353 95.155 108.862 -94.415
-1255.74 920.714 61.023 95.155 108.862 -94.415
-1254.89 921.25 61.0107 94.985 108.863 -94.417
-1254.04 921.784 60.9985 94.985 108.863 -94.417
-1253.19 922.315 60.9863 94.905 108.866 -94.419
-1252.34 922.843 60.9741 94.905 108.866 -94.419
-1251.49 923.369 60.9619 94.817 108.872 -94.421
-1250.64 923.892 60.9498 94.706 108.882 -94.427
-1249.78 924.413 60.9377 94.706 108.882 -94.427
-1248.93 924.932 60.9257 94.625 108.887 -94.431
-1248.07 925.447 60.9136 94.533 108.891 -94.436
-1247.21 925.961 60.9016 94.411 108.893 -94.439
-1246.35 926.472 60.8896 94.411 108.893 -94.439
-1245.49 926.98 60.8777 94.332 108.894 -94.44
-1244.63 927.486 60.8658 94.245 108.896 -94.44
-1243.76 927.989 60.8539 94.245 108.896 -94.44
-1242.9 928.49 60.842 94.157 108.898 -94.44
-1242.03 928.988 60.8302 94.058 108.902 -94.443
-1241.16 929.484 60.8184 93.978 108.907 -94.446
-1240.29 929.977 60.8066 93.978 108.907 -94.446
-1239.42 930.468 60.7949 93.905 108.912 -94.451
-1238.55 930.956 60.7832 93.813 108.916 -94.455
-1237.67 931.442 60.7715 93.733 108.919 -94.458
-1236.8 931.925 60.7599 93.733 108.919 -94.458
-1235.92 932.406 60.7482 93.632 108.923 -94.461
-1235.05 932.884 60.7367 93.552 108.925 -94.466
-1234.17 933.36 60.7251 93.552 108.925 -94.466
-1233.29 933.833 60.7136 93.472 108.928 -94.47
-1232.41 934.304 60.7021 93.383 108.93 -94.471
-1231.52 934.772 60.6906 93.383 108.93 -94.471
-1230.64 935.238 60.6791 93.206 108.937 -94.477
-1229.75 935.701 60.6677 93.206 108.937 -94.477
-1228.87 936.161 60.6563 93.124 108.941 -94.48
-1227.98 936.62 60.645 93.032 108.946 -94.483
-1227.09 937.075 60.6336 93.032 108.946 -94.483
-1226.2 937.528 60.6223 92.852 108.953 -94.487
-1225.3 937.979 60.6111 92.852 108.953 -94.487
-1224.41 938.427 60.5998 92.755 108.957 -94.49
-1223.51 938.873 60.5886 92.755 108.957 -94.49
-1222.62 939.316 60.5774 92.667 108.961 -94.493
-1221.72 939.756 60.5663 92.577 108.964 -94.495
-1220.82 940.194 60.5552 92.476 108.967 -94.5
-1219.92 940.63 60.5441 92.476 108.967 -94.5
-1219.02 941.063 60.533 92.405 108.97 -94.504
-1218.12 941.494 60.522 92.405 108.97 -94.504
-1217.21 941.922 60.511 92.231 108.977 -94.513
-1216.3 942.347 60.5 92.151 108.98 -94.515
-1215.4 942.77 60.489 92.151 108.98 -94.515
-1214.49 943.191 60.4781 92.074 108.984 -94.519
-1213.58 943.609 60.4672 91.995 108.986 -94.523
-1212.67 944.024 60.4564 91.905 108.989 -94.529
-1211.75 944.437 60.4456 91.905 108.989 -94.529
-1210.84 944.848 60.4348 91.813 108.992 -94.534
-1209.93 945.256 60.424 91.732 108.994 -94.537
-1207.47 946.333 60.426 91.574 109.003 -94.544
-1206.55 946.733 60.4153 91.476 109.007 -94.549
-1205.63 947.13 60.4046 91.476 109.007 -94.549
-1204.71 947.525 60.3939 91.385 109.01 -94.554
-1203.79 947.917 60.3831 91.305 109.013 -94.557
-1202.86 948.306 60.3723 91.305 109.013 -94.557
-1201.94 948.693 60.3615 91.197 109.018 -94.561
-1201.02 949.076 60.3506 91.107 109.022 -94.564
-1200.09 949.458 60.3398 91.107 109.022 -94.564
-1199.16 949.836 60.3288 90.924 109.028 -94.572
-1198.24 950.212 60.3179 90.924 109.028 -94.572
-1197.31 950.585 60.307 90.822 109.032 -94.578
-1196.38 950.956 60.296 90.822 109.032 -94.578
-1195.45 951.324 60.285 90.741 109.036 -94.582
-1194.52 951.689 60.2739 90.652 109.041 -94.585
-1193.59 952.051 60.2628 90.573 109.044 -94.589
-1192.65 952.411 60.2517 90.494 109.046 -94.589
-1191.72 952.768 60.2406 90.494 109.046 -94.589
-1190.78 953.123 60.2295 90.404 109.048 -94.591
-1189.85 953.475 60.2183 90.323 109.05 -94.593
-1188.91 953.824 60.2071 90.233 109.052 -94.595
-1187.98 954.17 60.1958 90.233 109.052 -94.595
-1187.04 954.514 60.1846 90.153 109.054 -94.598
-1186.1 954.855 60.1733 90.053 109.057 -94.599
-1185.16 955.194 60.162 89.974 109.059 -94.602
-1184.22 955.53 60.1506 89.974 109.059 -94.602
-1183.27 955.863 60.1393 89.895 109.062 -94.605
-1182.33 956.193 60.1279 89.795 109.065 -94.609
-1181.39 956.521 60.1164 89.696 109.068 -94.612
-1180.44 956.846 60.105 89.696 109.068 -94.612
-1179.49 957.169 60.0935 89.617 109.072 -94.615
-1178.55 957.488 60.082 89.526 109.077 -94.617
-1177.6 957.806 60.0705 89.444 109.081 -94.62
-1176.65 958.12 60.0589 89.444 109.081 -94.62
-1175.7 958.432 60.0473 89.35 109.085 -94.625
-1174.75 958.741 60.0357 89.278 109.087 -94.627
-1173.8 959.047 60.0241 89.188 109.091 -94.628
-1172.85 959.351 60.0124 89.188 109.091 -94.628
-1171.89 959.652 60.0007 89.109 109.094 -94.629
-1170.94 959.95 59.989 89.031 109.097 -94.631
-1169.98 960.246 59.9772 89.031 109.097 -94.631
-1169.03 960.539 59.9654 88.863 109.101 -94.633
-1168.07 960.83 59.9536 88.863 109.101 -94.633
-1167.11 961.117 59.9418 88.763 109.103 -94.636
-1166.15 961.402 59.9299 88.674 109.108 -94.638
-1165.19 961.685 59.918 88.674 109.108 -94.638
-1164.23 961.964 59.9061 88.574 109.114 -94.644
-1163.27 962.241 59.8942 88.483 109.117 -94.647
-1162.31 962.516 59.8822 88.392 109.118 -94.652
-1161.34 962.787 59.8702 88.392 109.118 -94.652
-1160.38 963.056 59.8582 88.303 109.12 -94.655
-1159.41 963.323 59.8461 88.214 109.121 -94.658
-1158.44 963.586 59.834 88.214 109.121 -94.658
-1155.81 964.215 59.7794 88.037 109.128 -94.663
-1154.84 964.467 59.7669 87.956 109.131 -94.665
-1153.87 964.717 59.7543 87.854 109.135 -94.669
-1152.9 964.963 59.7418 87.783 109.137 -94.671
-1151.93 965.207 59.7292 87.702 109.14 -94.674
-1150.96 965.448 59.7167 87.702 109.14 -94.674
-1149.99 965.687 59.7042 87.611 109.145 -94.676
-1149.01 965.922 59.6916 87.53 109.148 -94.677
-1148.04 966.155 59.6791 87.439 109.151 -94.682
-1147.07 966.385 59.6666 87.439 109.151 -94.682
-1146.09 966.612 59.6541 87.348 109.154 -94.684
-1145.12 966.837 59.6415 87.259 109.155 -94.684
-1144.14 967.058 59.629 87.259 109.155 -94.684
-1143.17 967.277 59.6165 87.153 109.159 -94.69
-1142.19 967.493 59.604 87.074 109.162 -94.693
-1141.21 967.707 59.5916 86.983 109.166 -94.699
-1140.24 967.917 59.5791 86.983 109.166 -94.699
-1139.26 968.125 59.5666 86.902 109.169 -94.703
-1138.28 968.33 59.5541 86.831 109.171 -94.709
-1137.3 968.532 59.5416 86.75 109.173 -94.713
-1136.32 968.731 59.5292 86.67 109.177 -94.715
-1135.34 968.928 59.5167 86.572 109.182 -94.718
-1134.36 969.122 59.5042 86.572 109.182 -94.718
-1133.38 969.313 59.4918 86.492 109.184 -94.721
-1132.4 969.501 59.4794 86.413 109.185 -94.724
-1131.42 969.687 59.4669 86.334 109.187 -94.725
-1130.43 969.87 59.4545 86.254 109.19 -94.729
-1129.45 970.05 59.442 86.254 109.19 -94.729
-1128.47 970.227 59.4296 86.174 109.194 -94.732
-1127.48 970.401 59.4172 86.083 109.198 -94.737
-1126.5 970.573 59.4048 85.992 109.202 -94.741
-1125.51 970.742 59.3924 85.992 109.202 -94.741
-1124.53 970.908 59.38 85.881 109.205 -94.744
-1123.54 971.071 59.3676 85.78 109.207 -94.747
-1122.55 971.232 59.3552 85.78 109.207 -94.747
-1121.57 971.39 59.3428 85.701 109.209 -94.748
-1120.58 971.545 59.3304 85.622 109.211 -94.75
-1119.59 971.697 59.318 85.541 109.213 -94.754
-1118.6 971.846 59.3056 85.541 109.213 -94.754
-1117.61 971.993 59.2932 85.45 109.216 -94.758
-1116.62 972.137 59.2809 85.37 109.22 -94.763
-1115.63 972.278 59.2685 85.37 109.22 -94.763
-1114.64 972.416 59.2562 85.28 109.224 -94.768
-1113.65 972.552 59.2438 85.2 109.227 -94.771
-1112.66 972.685 59.2315 85.102 109.23 -94.776
-1111.67 972.815 59.2191 85.023 109.232 -94.776
-1110.67 972.942 59.2068 85.023 109.232 -94.776
-1109.68 973.066 59.1945 84.945 109.233 -94.778
-1108.69 973.188 59.1821 84.854 109.236 -94.78
-1107.69 973.307 59.1698 84.775 109.239 -94.781
-1106.7 973.423 59.1575 84.775 109.239 -94.781
-1105.7 973.536 59.1452 84.674 109.243 -94.784
-1103.31 973.789 59.1064 84.448 109.253 -94.8
-1102.31 973.89 59.0935 84.448 109.253 -94.8
-1101.3 973.989 59.0806 84.358 109.256 -94.804
-1100.3 974.085 59.0677 84.358 109.256 -94.804
-1099.3 974.179 59.0549 84.18 109.26 -94.81
-1098.3 974.269 59.0421 84.18 109.26 -94.81
-1097.3 974.357 59.0293 84.09 109.263 -94.813
-1096.29 974.442 59.0166 83.999 109.266 -94.815
-1095.29 974.524 59.0039 83.999 109.266 -94.815
-1094.29 974.603 58.9912 83.919 109.268 -94.818
-1093.29 974.68 58.9786 83.821 109.269 -94.818
-1092.29 974.754 58.966 83.74 109.272 -94.821
-1091.28 974.825 58.9534 83.74 109.272 -94.821
-1090.28 974.893 58.9409 83.65 109.276 -94.821
-1089.28 974.959 58.9284 83.57 109.279 -94.826
-1088.28 975.021 58.9159 83.49 109.279 -94.829
-1087.28 975.081 58.9034 83.399 109.281 -94.831
-1086.28 975.139 58.891 83.399 109.281 -94.831
-1085.28 975.193 58.8786 83.3 109.284 -94.832
-1084.28 975.245 58.8662 83.191 109.289 -94.837
-1083.28 975.294 58.8539 83.191 109.289 -94.837
-1082.28 975.34 58.8416 83.111 109.291 -94.84
-1081.28 975.383 58.8293 83.018 109.294 -94.846
-1080.28 975.424 58.8171 82.937 109.298 -94.851
-1079.28 975.462 58.8049 82.937 109.298 -94.851
-1078.28 975.497 58.7927 82.858 109.302 -94.854
-1077.28 975.529 58.7806 82.769 109.306 -94.858
-1076.28 975.559 58.7685 82.769 109.306 -94.858
-1075.28 975.585 58.7564 82.67 109.309 -94.86
-1074.28 975.609 58.7443 82.589 109.31 -94.864
-1073.28 975.631 58.7323 82.5 109.312 -94.867
-1072.28 975.649 58.7203 82.5 109.312 -94.867
-1071.28 975.665 58.7084 82.41 109.315 -94.87
-1070.28 975.678 58.6964 82.33 109.317 -94.871
-1069.28 975.688 58.6845 82.251 109.319 -94.874
-1068.28 975.695 58.6727 82.169 109.321 -94.878
-1067.28 975.7 58.6608 82.169 109.321 -94.878
-1066.28 975.702 58.649 82.078 109.323 -94.882
-1065.28 975.701 58.6372 81.997 109.324 -94.885
-1064.29 975.697 58.6255 81.909 109.327 -94.888
-1063.29 975.69 58.6138 81.909 109.327 -94.888
-1062.29 975.681 58.6021 81.821 109.33 -94.891
-1061.29 975.669 58.5905 81.73 109.334 -94.897
-1060.29 975.654 58.5788 81.658 109.337 -94.904
-1059.29 975.637 58.5672 81.658 109.337 -94.904
-1058.3 975.616 58.5557 81.566 109.341 -94.909
-1057.3 975.593 58.5442 81.485 109.346 -94.911
-1056.3 975.567 58.5327 81.405 109.349 -94.915
-1055.3 975.539 58.5212 81.318 109.352 -94.919
-1054.31 975.507 58.5098 81.318 109.352 -94.919
-1053.31 975.473 58.4984 81.228 109.354 -94.921
-1052.31 975.436 58.487 81.127 109.354 -94.919
-1051.31 975.397 58.4756 81.049 109.356 -94.919
-1050.32 975.354 58.4643 81.049 109.356 -94.919
-1049.32 975.309 58.453 80.96 109.358 -94.916
-1048.32 975.261 58.4418 80.881 109.361 -94.92
-1047.33 975.21 58.4306 80.779 109.363 -94.928
-1046.33 975.156 58.4194 80.779 109.363 -94.928
-1045.33 975.1 58.4082 80.678 109.366 -94.936
-1044.34 975.041 58.3971 80.597 109.367 -94.941
-1043.34 974.979 58.386 80.597 109.367 -94.941
-1042.35 974.914 58.3749 80.507 109.37 -94.947
-1041.35 974.847 58.3639 80.416 109.373 -94.95
-1040.35 974.777 58.3529 80.325 109.375 -94.952
-1039.36 974.704 58.3419 80.325 109.375 -94.952
-1038.36 974.628 58.331 80.236 109.376 -94.953
-1037.37 974.549 58.3201 80.157 109.379 -94.954
-1036.37 974.468 58.3092 80.078 109.381 -94.953
-1035.38 974.384 58.2984 79.999 109.386 -94.956
-1034.38 974.297 58.2875 79.999 109.386 -94.956
-1033.39 974.208 58.2767 79.825 109.391 -94.965
-1032.39 974.115 58.266 79.825 109.391 -94.965
-1031.4 974.02 58.2553 79.744 109.393 -94.97
-1030.4 973.922 58.2446 79.744 109.393 -94.97
-1029.41 973.822 58.2339 79.655 109.395 -94.974
-1028.41 973.718 58.2233 79.566 109.398 -94.978
-1027.42 973.612 58.2127 79.456 109.4 -94.981
-1026.42 973.503 58.2021 79.456 109.4 -94.981
-1025.43 973.391 58.1916 79.377 109.402 -94.983
-1024.43 973.277 58.1811 79.268 109.405 -94.988
-1023.44 973.159 58.1706 79.268 109.405 -94.988
-1022.45 973.039 58.1601 79.19 109.408 -94.992
-1021.45 972.916 58.1497 79.091 109.412 -94.994
-1020.46 972.791 58.1393 79.001 109.414 -94.997
-1019.46 972.662 58.129 79.001 109.414 -94.997
-1018.47 972.531 58.1186 78.888 109.418 -95.004
-1017.48 972.397 58.1084 78.816 109.42 -95.004
-1016.48 972.261 58.0981 78.743 109.422 -95.005
-1015.49 972.121 58.0879 78.743 109.422 -95.005
-1014.5 971.979 58.0777 78.663 109.425 -95.008
-1013.51 971.834 58.0675 78.583 109.427 -95.009
-1012.51 971.686 58.0573 78.492 109.427 -95.014
-1011.52 971.536 58.0472 78.414 109.428 -95.017
-1010.53 971.382 58.0372 78.414 109.428 -95.017
-1009.54 971.226 58.0271 78.333 109.432 -95.019
-1008.54 971.067 58.0171 78.243 109.434 -95.023
-1007.55 970.906 58.0071 78.141 109.439 -95.032
-1006.56 970.741 57.9972 78.141 109.439 -95.032
-1005.57 970.574 57.9872 78.06 109.442 -95.035
-1004.57 970.404 57.9773 77.959 109.445 -95.043
-1003.58 970.231 57.9675 77.881 109.447 -95.047
-1002.59 970.056 57.9577 77.881 109.447 -95.047
-1001.6 969.878 57.9479 77.775 109.451 -95.048
-1000.61 969.697 57.9381 77.694 109.452 -95.049
-999.616 969.513 57.9283 77.616 109.452 -95.051
-998.625 969.326 57.9186 77.616 109.452 -95.051
-997.634 969.137 57.909 77.616 109.452 -95.051
-996.643 968.945 57.8993 77.616 109.452 -95.051
-995.652 968.75 57.8897 77.616 109.452 -95.051
-994.661 968.552 57.8801 77.616 109.452 -95.051
-993.67 968.352 57.8706 77.616 109.452 -95.051
-992.679 968.149 57.861 77.616 109.452 -95.051
-991.689 967.943 57.8516 77.616 109.452 -95.051
-990.698 967.734 57.8421 77.616 109.452 -95.051
-989.708 967.523 57.8327 77.616 109.452 -95.051
-988.718 967.308 57.8233 77.616 109.452 -95.051
2
-1412.29 593.093 66.9548 153.077 109.348 -100.315
-1412.4 594.101 66.9496 153.077 109.348 -100.315
-1412.51 595.108 66.9443 153.077 109.348 -100.315
-1412.62 596.115 66.9389 152.787 109.354 -100.242
-1412.72 597.122 66.9334 152.787 109.354 -100.242
-1412.83 598.129 66.9278 152.575 109.361 -100.24
-1412.92 599.136 66.9222 152.364 109.362 -100.218
-1413.02 600.142 66.9165 152.145 109.362 -100.191
-1413.11 601.149 66.9107 152.145 109.362 -100.191
-1413.2 602.155 66.9048 151.938 109.359 -100.169
-1413.29 603.16 66.8988 151.667 109.36 -100.142
-1413.38 604.166 66.8928 151.667 109.36 -100.142
-1413.46 605.171 66.8867 151.416 109.357 -100.101
-1413.54 606.177 66.8805 151.159 109.36 -100.086
-1413.61 607.182 66.8742 151.159 109.36 -100.086
-1413.69 608.186 66.8679 150.931 109.357 -100.049
-1413.76 609.191 66.8615 150.643 109.358 -100.016
-1413.83 610.195 66.855 150.643 109.358 -100.016
-1413.89 611.199 66.8484 150.411 109.36 -99.988
-1413.95 612.203 66.8418 150.411 109.36 -99.988
-1414.01 613.207 66.835 150.127 109.36 -99.946
-1414.07 614.211 66.8282 149.899 109.363 -99.924
-1414.12 615.214 66.8213 149.899 109.363 -99.924
-1414.17 616.217 66.8144 149.613 109.367 -99.893
-1414.22 617.22 66.8073 149.613 109.367 -99.893
-1414.27 618.223 66.8002 149.384 109.367 -99.859
-1414.31 619.225 66.793 149.153 109.371 -99.829
-1414.35 620.228 66.7857 148.924 109.375 -99.8
-1414.38 621.23 66.7784 148.924 109.375 -99.8
-1414.42 622.232 66.771 148.666 109.377 -99.762
-1414.45 623.233 66.7634 148.411 109.386 -99.743
-1414.48 624.235 66.7559 148.411 109.386 -99.743
-1414.5 625.236 66.7482 148.067 109.388 -99.697
-1414.53 626.237 66.7405 148.067 109.388 -99.697
-1414.55 627.238 66.7326 147.809 109.386 -99.668
-1414.56 628.239 66.7247 147.809 109.386 -99.668
-1414.58 629.239 66.7168 147.548 109.382 -99.627
-1414.59 630.239 66.7087 147.548 109.382 -99.627
-1414.6 631.239 66.7006 147.318 109.382 -99.605
-1414.6 632.239 66.6924 147.086 109.381 -99.586
-1414.61 633.239 66.6841 147.086 109.381 -99.586
-1414.61 634.238 66.6757 146.798 109.379 -99.546
-1414.6 635.237 66.6673 146.539 109.379 -99.52
-1414.6 636.236 66.6587 146.539 109.379 -99.52
-1414.59 637.235 66.6501 146.281 109.375 -99.479
-1414.58 638.234 66.6415 146.051 109.377 -99.46
-1414.56 639.232 66.6327 146.051 109.377 -99.46
-1414.55 640.23 66.6239 145.792 109.376 -99.433
-1414.53 641.228 66.615 145.792 109.376 -99.433
-1414.51 642.226 66.606 145.56 109.375 -99.399
-1414.48 643.224 66.5969 145.273 109.375 -99.365
-1414.45 644.221 66.5878 145.273 109.375 -99.365
-1414.42 645.218 66.5785 145.044 109.373 -99.332
-1414.39 646.215 66.5692 144.813 109.375 -99.314
-1414.35 647.212 66.5599 144.813 109.375 -99.314
-1414.31 648.209 66.5504 144.557 109.377 -99.287
-1414.27 649.205 66.5409 144.557 109.377 -99.287
-1414.23 650.201 66.5313 144.267 109.379 -99.249
-1414.18 651.197 66.5216 144.267 109.379 -99.249
-1414.13 652.193 66.5118 143.981 109.379 -99.217
-1414.07 653.188 66.502 143.693 109.376 -99.17
-1414.02 654.184 66.492 143.693 109.376 -99.17
-1413.96 655.179 66.482 143.433 109.379 -99.157
-1413.9 656.174 66.4719 143.433 109.379 -99.157
-1413.83 657.168 66.4618 143.204 109.379 -99.128
-1413.76 658.163 66.4516 142.915 109.377 -99.091
-1413.69 659.157 66.4412 142.915 109.377 -99.091
-1413.62 660.151 66.4308 142.713 109.375 -99.063
-1413.55 661.145 66.4204 142.457 109.369 -99.02
-1413.47 662.139 66.4098 142.457 109.369 -99.02
-1413.39 663.132 66.3992 142.167 109.375 -99.007
-1413.3 664.125 66.3885 142.167 109.375 -99.007
-1413.21 665.118 66.3777 141.91 109.374 -98.976
-1413.12 666.111 66.3669 141.679 109.376 -98.95
-1413.03 667.104 66.3559 141.679 109.376 -98.95
-1412.94 668.096 66.3449 141.422 109.373 -98.913
-1412.84 669.089 66.3338 141.422 109.373 -98.913
-1412.74 670.081 66.3227 141.191 109.37 -98.878
-1412.63 671.072 66.3114 140.96 109.375 -98.871
-1412.52 672.064 66.3001 140.731 109.374 -98.837
-1412.42 673.055 66.2887 140.731 109.374 -98.837
-1412.3 674.047 66.2772 140.499 109.376 -98.814
-1412.19 675.038 66.2656 140.269 109.373 -98.783
-1412.07 676.028 66.254 140.269 109.373 -98.783
-1411.95 677.019 66.2423 140.008 109.368 -98.745
-1411.82 678.009 66.2305 139.748 109.372 -98.728
-1411.7 678.999 66.2186 139.748 109.372 -98.728
-1411.57 679.989 66.2067 139.52 109.371 -98.694
-1411.44 680.979 66.1946 139.261 109.374 -98.671
-1411.3 681.969 66.1825 139.261 109.374 -98.671
-1411.16 682.958 66.1704 138.89 109.367 -98.617
-1411.02 683.947 66.1581 138.89 109.367 -98.617
-1410.88 684.936 66.1458 138.89 109.367 -98.617
-1410.73 685.925 66.1333 138.628 109.367 -98.601
-1410.58 686.913 66.1208 138.367 109.369 -98.568
-1410.43 687.902 66.1083 138.367 109.369 -98.568
-1410.28 688.89 66.0956 138.138 109.372 -98.544
-1410.12 689.878 66.0829 138.138 109.372 -98.544
-1409.96 690.865 66.0701 137.824 109.37 -98.5
-1409.8 691.853 66.0572 137.537 109.368 -98.473
-1409.63 692.84 66.0442 137.537 109.368 -98.473
-1409.46 693.827 66.0312 137.277 109.366 -98.441
-1409.29 694.814 66.0181 137.277 109.366 -98.441
-1409.11 695.801 66.0049 136.986 109.367 -98.409
-1408.94 696.787 65.9916 136.758 109.367 -98.383
-1408.76 697.774 65.9783 136.758 109.367 -98.383
-1408.57 698.76 65.9648 136.527 109.363 -98.347
-1408.39 699.745 65.9513 136.299 109.363 -98.334
-1408.2 700.731 65.9377 136.299 109.363 -98.334
-1408.01 701.716 65.9241 136.068 109.363 -98.307
-1407.81 702.702 65.9103 135.837 109.367 -98.283
-1407.62 703.687 65.8965 135.608 109.366 -98.255
-1407.42 704.672 65.8826 135.608 109.366 -98.255
-1407.21 705.656 65.8687 135.404 109.363 -98.23
-1407.01 706.641 65.8546 135.404 109.363 -98.23
-1406.8 707.625 65.8405 135.174 109.363 -98.21
-1406.59 708.609 65.8263 134.913 109.362 -98.179
-1406.38 709.593 65.812 134.913 109.362 -98.179
-1406.16 710.576 65.7976 134.682 109.363 -98.153
-1405.94 711.56 65.7832 134.424 109.359 -98.123
-1405.72 712.543 65.7687 134.424 109.359 -98.123
-1405.49 713.526 65.7541 134.195 109.355 -98.089
-1405.26 714.508 65.7394 133.965 109.355 -98.071
-1405.03 715.491 65.7246 133.965 109.355 -98.071
-1404.8 716.473 65.7098 133.649 109.355 -98.038
-1404.56 717.455 65.6949 133.391 109.351 -98.004
-1404.32 718.437 65.6799 133.391 109.351 -98.004
-1404.08 719.419 65.6648 133.161 109.348 -97.98
-1403.84 720.401 65.6497 132.9 109.345 -97.945
-1403.59 721.382 65.6345 132.9 109.345 -97.945
-1403.34 722.363 65.6192 132.639 109.352 -97.931
-1402.48 724.836 65.5699 132.378 109.352 -97.896
-1402.22 725.803 65.5544 132.15 109.351 -97.873
-1401.95 726.77 65.5388 131.92 109.347 -97.836
-1401.68 727.735 65.5231 131.92 109.347 -97.836
-1401.41 728.7 65.5073 131.631 109.348 -97.817
-1401.13 729.663 65.4915 131.401 109.345 -97.787
-1400.85 730.625 65.4756 131.401 109.345 -97.787
-1400.57 731.586 65.4596 131.141 109.341 -97.758
-1400.28 732.546 65.4436 131.141 109.341 -97.758
-1399.99 733.505 65.4274 130.882 109.335 -97.728
-1399.7 734.463 65.4112 130.651 109.33 -97.698
-1399.4 735.42 65.395 130.651 109.33 -97.698
-1399.11 736.375 65.3787 130.421 109.334 -97.685
-1398.81 737.33 65.3622 130.167 109.332 -97.652
-1398.5 738.283 65.3458 130.167 109.332 -97.652
-1398.2 739.236 65.3292 129.877 109.333 -97.624
-1397.89 740.187 65.3126 129.615 109.332 -97.591
-1397.58 741.137 65.2959 129.615 109.332 -97.591
-1397.26 742.086 65.2792 129.409 109.336 -97.58
-1396.94 743.034 65.2623 129.178 109.334 -97.553
-1396.62 743.981 65.2454 129.178 109.334 -97.553
-1396.3 744.927 65.2285 128.95 109.326 -97.519
-1395.97 745.871 65.2114 128.72 109.323 -97.494
-1395.64 746.815 65.1943 128.72 109.323 -97.494
-1395.31 747.757 65.1771 128.461 109.321 -97.461
-1394.97 748.699 65.1599 128.461 109.321 -97.461
-1394.64 749.639 65.1425 128.202 109.32 -97.438
-1394.29 750.578 65.1251 127.942 109.319 -97.415
-1393.95 751.516 65.1077 127.942 109.319 -97.415
-1393.6 752.453 65.0901 127.712 109.317 -97.391
-1393.25 753.389 65.0725 127.421 109.317 -97.36
-1392.9 754.323 65.0548 127.421 109.317 -97.36
-1392.54 755.257 65.0371 127.189 109.314 -97.322
-1392.19 756.19 65.0193 126.932 109.315 -97.316
-1391.82 757.121 65.0014 126.932 109.315 -97.316
-1391.46 758.051 64.9834 126.672 109.311 -97.276
-1391.09 758.981 64.9654 126.672 109.311 -97.276
-1390.72 759.909 64.9473 126.441 109.312 -97.26
-1390.35 760.836 64.9291 126.212 109.307 -97.228
-1389.97 761.762 64.9108 126.212 109.307 -97.228
-1389.59 762.687 64.8925 125.752 109.296 -97.183
-1389.21 763.61 64.8741 125.752 109.296 -97.183
-1388.82 764.533 64.8556 125.462 109.295 -97.147
-1388.44 765.454 64.8371 125.462 109.295 -97.147
-1388.05 766.375 64.8185 125.231 109.296 -97.121
-1387.65 767.294 64.7998 125 109.294 -97.097
-1387.25 768.213 64.7811 125 109.294 -97.097
-1386.85 769.13 64.7622 124.768 109.295 -97.077
-1386.45 770.046 64.7434 124.535 109.294 -97.058
-1386.05 770.961 64.7244 124.535 109.294 -97.058
-1385.64 771.875 64.7054 124.307 109.291 -97.026
-1385.23 772.787 64.6863 124.048 109.287 -97.003
-1384.81 773.699 64.6671 124.048 109.287 -97.003
-1384.39 774.609 64.6478 123.817 109.279 -96.969
-1383.97 775.519 64.6285 123.817 109.279 -96.969
-1383.55 776.427 64.6091 123.53 109.276 -96.944
-1383.13 777.335 64.5897 123.53 109.276 -96.944
-1382.7 778.241 64.5701 123.268 109.273 -96.918
-1382.26 779.146 64.5505 123.012 109.271 -96.888
-1381.83 780.05 64.5309 123.012 109.271 -96.888
-1381.39 780.953 64.5111 122.75 109.27 -96.861
-1379.75 783.708 64.4138 122.314 109.271 -96.821
-1379.3 784.606 64.3939 122.111 109.269 -96.806
-1378.86 785.504 64.374 121.825 109.263 -96.773
-1378.41 786.399 64.3541 121.825 109.263 -96.773
-1377.95 787.294 64.3342 121.594 109.259 -96.75
-1377.5 788.186 64.3142 121.365 109.251 -96.711
-1377.04 789.077 64.2942 121.135 109.247 -96.693
-1376.58 789.967 64.2742 121.135 109.247 -96.693
-1376.12 790.855 64.2542 120.79 109.242 -96.655
-1375.65 791.741 64.2342 120.79 109.242 -96.655
-1375.18 792.626 64.2141 120.529 109.243 -96.628
-1374.71 793.509 64.1941 120.529 109.243 -96.628
-1374.24 794.391 64.174 120.298 109.243 -96.608
-1373.76 795.271 64.1539 119.98 109.242 -96.584
-1373.28 796.15 64.1338 119.98 109.242 -96.584
-1372.8 797.027 64.1136 119.773 109.241 -96.563
-1372.32 797.903 64.0935 119.541 109.24 -96.536
-1371.83 798.777 64.0733 119.541 109.24 -96.536
-1371.34 799.649 64.0531 119.284 109.232 -96.511
-1370.85 800.52 64.0329 119.284 109.232 -96.511
-1370.36 801.389 64.0127 119.08 109.227 -96.48
-1369.86 802.257 63.9924 118.852 109.221 -96.454
-1369.36 803.123 63.9722 118.566 109.213 -96.426
-1368.86 803.988 63.9519 118.566 109.213 -96.426
-1368.36 804.851 63.9316 118.336 109.208 -96.399
-1367.85 805.712 63.9113 118.045 109.21 -96.372
-1367.34 806.572 63.8909 118.045 109.21 -96.372
-1366.83 807.43 63.8706 118.045 109.21 -96.372
-1366.32 808.287 63.8502 117.608 109.208 -96.327
-1365.8 809.143 63.8298 117.608 109.208 -96.327
-1365.28 809.996 63.8094 117.376 109.209 -96.319
-1364.76 810.848 63.789 117.147 109.204 -96.291
-1364.24 811.699 63.7685 117.147 109.204 -96.291
-1363.71 812.548 63.7481 116.917 109.198 -96.266
-1363.18 813.395 63.7276 116.659 109.188 -96.234
-1362.65 814.241 63.7071 116.659 109.188 -96.234
-1362.11 815.086 63.6866 116.403 109.18 -96.196
-1361.58 815.928 63.666 116.169 109.18 -96.184
-1361.04 816.77 63.6455 116.169 109.18 -96.184
-1360.49 817.609 63.6249 115.937 109.176 -96.153
-1359.95 818.448 63.6043 115.704 109.174 -96.135
-1359.4 819.284 63.5837 115.704 109.174 -96.135
-1358.85 820.119 63.5631 115.469 109.175 -96.114
-1358.3 820.953 63.5424 115.469 109.175 -96.114
-1357.74 821.784 63.5218 114.998 109.173 -96.074
-1357.19 822.615 63.5011 114.998 109.173 -96.074
-1356.63 823.444 63.4804 114.739 109.165 -96.046
-1356.06 824.271 63.4597 114.739 109.165 -96.046
-1355.5 825.096 63.439 114.508 109.162 -96.019
-1354.93 825.921 63.4182 114.278 109.154 -95.99
-1354.36 826.743 63.3974 114.278 109.154 -95.99
-1353.79 827.564 63.3766 114.05 109.142 -95.96
-1353.21 828.383 63.3558 113.818 109.138 -95.945
-1352.63 829.201 63.335 113.818 109.138 -95.945
-1352.05 830.018 63.3142 113.587 109.14 -95.928
-1351.47 830.832 63.2933 113.383 109.137 -95.898
-1350.88 831.646 63.2724 113.153 109.136 -95.89
-1350.29 832.457 63.2515 113.153 109.136 -95.89
-1349.7 833.267 63.2306 112.948 109.135 -95.868
-1349.11 834.076 63.2097 112.716 109.133 -95.83
-1347.3 836.125 63.1164 112.283 109.118 -95.801
-1346.69 836.925 63.0958 112.08 109.11 -95.773
-1346.09 837.724 63.0752 112.08 109.11 -95.773
-1345.48 838.52 63.0547 111.82 109.103 -95.746
-1344.87 839.315 63.0342 111.592 109.094 -95.714
-1344.26 840.108 63.0137 111.592 109.094 -95.714
-1343.64 840.899 62.9933 111.362 109.092 -95.692
-1343.03 841.688 62.973 111.127 109.1 -95.69
-1342.41 842.475 62.9527 111.127 109.1 -95.69
-1341.79 843.26 62.9325 110.894 109.096 -95.661
-1341.16 844.043 62.9123 110.662 109.094 -95.648
-1340.54 844.824 62.8921 110.662 109.094 -95.648
-1339.91 845.604 62.872 110.396 109.087 -95.613
-1339.28 846.381 62.852 110.193 109.082 -95.586
-1338.65 847.157 62.832 109.961 109.074 -95.561
-1338.02 847.93 62.8121 109.961 109.074 -95.561
-1337.38 848.702 62.7922 109.704 109.066 -95.538
-1336.74 849.472 62.7724 109.474 109.062 -95.508
-1336.1 850.24 62.7526 109.474 109.062 -95.508
-1335.46 851.006 62.7328 109.245 109.059 -95.486
-1334.81 851.77 62.7131 109.014 109.055 -95.464
-1334.17 852.532 62.6935 109.014 109.055 -95.464
-1333.52 853.292 62.6739 108.782 109.052 -95.443
-1332.87 854.05 62.6544 108.546 109.056 -95.436
-1332.21 854.807 62.6349 108.546 109.056 -95.436
-1331.56 855.561 62.6155 108.285 109.047 -95.403
-1330.9 856.313 62.5961 108.056 109.038 -95.381
-1330.24 857.064 62.5767 108.056 109.038 -95.381
-1329.58 857.813 62.5575 107.826 109.032 -95.352
-1328.92 858.559 62.5382 107.568 109.019 -95.307
-1328.25 859.304 62.519 107.568 109.019 -95.307
-1327.58 860.047 62.4999 107.309 109.015 -95.301
-1326.91 860.788 62.4808 107.078 109.014 -95.281
-1326.24 861.527 62.4618 106.844 109.013 -95.251
-1325.56 862.264 62.4428 106.844 109.013 -95.251
-1324.89 863 62.4239 106.641 109.012 -95.242
-1324.21 863.733 62.405 106.641 109.012 -95.242
-1323.52 864.464 62.3862 106.641 109.012 -95.242
-1322.84 865.194 62.3674 105.656 108.977 -95.135
-1322.16 865.921 62.3486 105.656 108.977 -95.135
-1321.47 866.647 62.33 105.656 108.977 -95.135
-1320.78 867.371 62.3113 105.656 108.977 -95.135
-1320.09 868.093 62.2927 105.395 108.971 -95.106
-1319.39 868.813 62.2742 105.395 108.971 -95.106
-1318.69 869.531 62.2557 105.108 108.965 -95.078
-1318 870.247 62.2373 104.878 108.964 -95.047
-1317.29 870.961 62.2189 104.878 108.964 -95.047
-1316.59 871.673 62.2006 104.616 108.967 -95.037
-1315.89 872.383 62.1823 104.616 108.967 -95.037
-1315.18 873.092 62.1641 104.325 108.961 -95.015
-1314.47 873.798 62.1459 104.063 108.954 -94.988
-1313.76 874.503 62.1278 104.063 108.954 -94.988
-1313.04 875.205 62.1097 103.833 108.943 -94.956
-1312.33 875.906 62.0917 103.576 108.932 -94.926
-1311.61 876.605 62.0737 103.576 108.932 -94.926
-1310.89 877.302 62.0558 103.292 108.927 -94.901
-1310.17 877.997 62.0379 103.06 108.921 -94.872
-1309.44 878.69 62.0201 103.06 108.921 -94.872
-1306.88 880.741 61.9524 102.561 108.917 -94.84
-1306.15 881.43 61.9349 102.561 108.917 -94.84
-1305.42 882.117 61.9176 102.013 108.902 -94.789
-1304.69 882.801 61.9003 102.013 108.902 -94.789
-1303.95 883.484 61.8831 101.755 108.89 -94.758
-1303.22 884.164 61.866 101.755 108.89 -94.758
-1302.48 884.842 61.849 101.47 108.876 -94.723
-1301.74 885.518 61.832 101.211 108.871 -94.699
-1301 886.191 61.8152 101.211 108.871 -94.699
-1300.26 886.863 61.7984 100.951 108.867 -94.668
-1299.51 887.532 61.7817 100.951 108.867 -94.668
-1298.77 888.199 61.7651 100.717 108.867 -94.662
-1298.02 888.863 61.7486 100.453 108.862 -94.64
-1297.27 889.526 61.7322 100.453 108.862 -94.64
-1296.52 890.186 61.7158 100.221 108.851 -94.615
-1295.76 890.844 61.6995 99.991 108.839 -94.592
-1295.01 891.5 61.6833 99.762 108.829 -94.553
-1294.25 892.153 61.6672 99.762 108.829 -94.553
-1293.49 892.804 61.6512 99.507 108.823 -94.523
-1292.73 893.454 61.6353 99.248 108.82 -94.517
-1291.97 894.1 61.6194 99.248 108.82 -94.517
-1291.2 894.745 61.6036 98.987 108.814 -94.488
-1290.44 895.388 61.5879 98.755 108.806 -94.465
-1289.67 896.028 61.5723 98.755 108.806 -94.465
-1288.9 896.666 61.5568 98.313 108.789 -94.405
-1288.13 897.302 61.5414 98.313 108.789 -94.405
-1287.36 897.935 61.526 98.088 108.779 -94.381
-1286.58 898.566 61.5107 98.088 108.779 -94.381
-1285.81 899.196 61.4955 97.857 108.772 -94.35
-1285.03 899.822 61.4804 97.657 108.769 -94.328
-1284.25 900.447 61.4654 97.657 108.769 -94.328
-1283.46 901.07 61.4504 97.473 108.765 -94.314
-1282.68 901.69 61.4356 97.333 108.764 -94.311
-1281.89 902.308 61.4208 97.214 108.768 -94.318
-1281.11 902.924 61.4061 97.214 108.768 -94.318
-1280.32 903.537 61.3915 97.106 108.774 -94.33
-1279.53 904.149 61.377 97 108.784 -94.342
-1278.73 904.758 61.3625 97 108.784 -94.342
-1277.94 905.365 61.3481 96.917 108.792 -94.348
-1277.14 905.969 61.3339 96.828 108.797 -94.349
-1276.35 906.572 61.3197 96.73 108.797 -94.347
-1275.55 907.172 61.3055 96.73 108.797 -94.347
-1274.74 907.77 61.2915 96.652 108.795 -94.344
-1273.94 908.366 61.2776 96.565 108.794 -94.343
-1273.14 908.96 61.2637 96.476 108.799 -94.345
-1272.33 909.551 61.2499 96.476 108.799 -94.345
-1271.52 910.14 61.2362 96.396 108.804 -94.352
-1270.71 910.727 61.2226 96.315 108.811 -94.361
-1269.9 911.312 61.2091 96.222 108.819 -94.372
-1269.08 911.894 61.1956 96.149 108.825 -94.381
-1268.27 912.475 61.1822 96.149 108.825 -94.381
-1267.45 913.053 61.169 96.047 108.829 -94.384
-1266.63 913.628 61.1558 95.968 108.831 -94.384
-1265.81 914.202 61.1426 95.882 108.832 -94.383
-1264.99 914.773 61.1296 95.882 108.832 -94.383
-1264.16 915.343 61.1166 95.795 108.833 -94.382
-1263.33 915.91 61.1038 95.707 108.836 -94.385
-1261.41 916.989 61.1119 95.616 108.84 -94.393
-1260.57 917.544 61.0996 95.516 108.846 -94.402
-1259.74 918.097 61.0873 95.436 108.851 -94.407
-1258.9 918.647 61.075 95.355 108.856 -94.409
-1258.06 919.195 61.0628 95.355 108.856 -94.409
-1257.22 919.74 61.0507 95.255 108.86 -94.413
-1256.38 920.283 61.0385 95.165 108.863 -94.415
-1255.53 920.823 61.0264 95.084 108.863 -94.416
-1254.69 921.36 61.0143 95.084 108.863 -94.416
-1253.84 921.896 61.0023 94.984 108.864 -94.416
-1253 922.428 60.9903 94.984 108.864 -94.416
-1252.15 922.958 60.9784 94.885 108.869 -94.418
-1251.3 923.486 60.9665 94.806 108.874 -94.421
-1250.45 924.011 60.9546 94.806 108.874 -94.421
-1249.59 924.533 60.9428 94.625 108.888 -94.432
-1248.74 925.053 60.931 94.625 108.888 -94.432
-1247.88 925.571 60.9192 94.532 108.891 -94.435
-1247.03 926.086 60.9075 94.532 108.891 -94.435
-1246.17 926.598 60.8958 94.361 108.893 -94.439
-1245.31 927.108 60.8841 94.361 108.893 -94.439
-1244.45 927.616 60.8725 94.283 108.894 -94.439
-1243.58 928.12 60.8609 94.196 108.897 -94.438
-1242.72 928.623 60.8494 94.097 108.9 -94.441
-1241.85 929.123 60.8379 94.097 108.9 -94.441
-1240.99 929.62 60.8264 94.017 108.904 -94.444
-1240.12 930.115 60.815 93.925 108.91 -94.449
-1239.25 930.607 60.8036 93.853 108.914 -94.454
-1238.38 931.097 60.7923 93.782 108.917 -94.457
-1237.5 931.584 60.781 93.782 108.917 -94.457
-1236.63 932.068 60.7697 93.692 108.921 -94.46
-1235.75 932.551 60.7585 93.602 108.924 -94.463
-1234.88 933.03 60.7473 93.513 108.926 -94.467
-1234 933.507 60.7361 93.513 108.926 -94.467
-1233.12 933.982 60.725 93.424 108.928 -94.471
-1232.24 934.454 60.7139 93.344 108.931 -94.473
-1231.35 934.923 60.7029 93.265 108.934 -94.474
-1230.47 935.39 60.6918 93.175 108.939 -94.478
-1229.58 935.855 60.6809 93.175 108.939 -94.478
-1228.7 936.317 60.6699 93.083 108.945 -94.481
-1227.81 936.776 60.659 92.992 108.948 -94.485
-1226.92 937.233 60.6482 92.992 108.948 -94.485
-1226.03 937.688 60.6374 92.902 108.951 -94.485
-1225.14 938.14 60.6266 92.813 108.954 -94.49
-1224.24 938.589 60.6158 92.736 108.957 -94.491
-1223.35 939.036 60.6051 92.736 108.957 -94.491
-1222.45 939.48 60.5945 92.607 108.963 -94.495
-1221.55 939.922 60.5838 92.525 108.967 -94.498
-1220.65 940.361 60.5732 92.525 108.967 -94.498
-1219.75 940.798 60.5627 92.434 108.969 -94.503
-1218.85 941.232 60.5521 92.363 108.972 -94.507
-1217.94 941.664 60.5417 92.271 108.976 -94.511
-1217.04 942.093 60.5312 92.271 108.976 -94.511
-1216.13 942.52 60.5208 92.182 108.98 -94.514
-1215.22 942.944 60.5104 92.093 108.983 -94.518
-1213 943.93 60.5247 91.996 108.986 -94.523
-1212.09 944.346 60.5141 91.864 108.99 -94.53
-1211.18 944.76 60.5035 91.864 108.99 -94.53
-1210.26 945.171 60.4929 91.782 108.993 -94.536
-1209.35 945.579 60.4822 91.692 108.997 -94.538
-1208.43 945.984 60.4715 91.614 109.001 -94.542
-1207.51 946.387 60.4608 91.535 109.005 -94.546
-1206.6 946.787 60.45 91.535 109.005 -94.546
-1205.68 947.184 60.4392 91.455 109.008 -94.55
-1204.76 947.579 60.4284 91.344 109.012 -94.556
-1203.84 947.971 60.4175 91.344 109.012 -94.556
-1202.91 948.36 60.4066 91.255 109.015 -94.559
-1201.99 948.747 60.3957 91.176 109.02 -94.562
-1201.07 949.13 60.3848 91.056 109.024 -94.567
-1200.14 949.511 60.3738 91.056 109.024 -94.567
-1199.22 949.89 60.3628 90.954 109.028 -94.569
-1198.29 950.266 60.3517 90.954 109.028 -94.569
-1197.36 950.639 60.3406 90.853 109.031 -94.575
-1196.43 951.009 60.3295 90.752 109.034 -94.58
-1195.5 951.376 60.3184 90.673 109.038 -94.584
-1194.57 951.741 60.3072 90.673 109.038 -94.584
-1193.64 952.104 60.296 90.573 109.043 -94.589
-1192.71 952.463 60.2847 90.573 109.043 -94.589
-1191.77 952.82 60.2735 90.474 109.046 -94.59
-1190.84 953.174 60.2622 90.384 109.048 -94.594
-1189.9 953.525 60.2508 90.384 109.048 -94.594
-1188.97 953.874 60.2395 90.213 109.053 -94.598
-1188.03 954.22 60.2281 90.213 109.053 -94.598
-1187.09 954.563 60.2166 90.133 109.055 -94.6
-1186.15 954.904 60.2052 90.043 109.057 -94.601
-1185.21 955.242 60.1937 90.043 109.057 -94.601
-1184.27 955.577 60.1821 89.964 109.06 -94.604
-1183.33 955.909 60.1706 89.885 109.062 -94.606
-1182.38 956.239 60.159 89.806 109.065 -94.609
-1181.44 956.566 60.1473 89.726 109.067 -94.611
-1180.49 956.89 60.1357 89.726 109.067 -94.611
-1179.54 957.212 60.124 89.647 109.071 -94.614
-1178.6 957.531 60.1123 89.547 109.075 -94.617
-1177.65 957.847 60.1005 89.476 109.079 -94.618
-1176.7 958.161 60.0887 89.381 109.083 -94.624
-1175.75 958.471 60.0769 89.381 109.083 -94.624
-1174.8 958.779 60.065 89.288 109.086 -94.627
-1173.84 959.085 60.0532 89.208 109.09 -94.629
-1172.89 959.388 60.0412 89.119 109.094 -94.631
-1171.93 959.688 60.0293 89.119 109.094 -94.631
-1170.98 959.985 60.0173 89.03 109.097 -94.634
-1170.02 960.28 60.0053 88.941 109.099 -94.636
-1169.06 960.571 59.9933 88.862 109.102 -94.637
-1168.11 960.861 59.9812 88.862 109.102 -94.637
-1167.15 961.147 59.9691 88.783 109.103 -94.64
-1166.19 961.431 59.9569 88.704 109.106 -94.642
-1165.22 961.712 59.9447 88.625 109.11 -94.643
-1164.26 961.99 59.9325 88.535 109.114 -94.647
-1163.3 962.266 59.9203 88.535 109.114 -94.647
-1162.33 962.539 59.908 88.443 109.116 -94.65
-1159.46 963.251 59.848 88.263 109.12 -94.656
-1158.49 963.513 59.8349 88.165 109.124 -94.659
-1157.52 963.772 59.8219 88.085 109.126 -94.663
-1156.55 964.029 59.8089 88.085 109.126 -94.663
-1155.59 964.282 59.7958 87.996 109.13 -94.665
-1154.62 964.534 59.7828 87.906 109.133 -94.666
-1153.65 964.782 59.7698 87.825 109.135 -94.669
-1152.68 965.028 59.7568 87.825 109.135 -94.669
-1151.7 965.27 59.7439 87.743 109.137 -94.672
-1150.73 965.511 59.7309 87.642 109.143 -94.674
-1149.76 965.748 59.7179 87.551 109.147 -94.678
-1148.79 965.983 59.705 87.551 109.147 -94.678
-1147.82 966.214 59.692 87.47 109.151 -94.681
-1146.84 966.444 59.6791 87.369 109.153 -94.685
-1145.87 966.67 59.6661 87.369 109.153 -94.685
-1144.89 966.894 59.6532 87.27 109.155 -94.684
-1143.92 967.114 59.6403 87.192 109.158 -94.688
-1142.94 967.333 59.6274 87.103 109.161 -94.693
-1141.96 967.548 59.6145 87.103 109.161 -94.693
-1140.99 967.761 59.6016 87.014 109.164 -94.697
-1140.01 967.97 59.5887 86.913 109.167 -94.703
-1139.03 968.177 59.5759 86.913 109.167 -94.703
-1138.05 968.382 59.563 86.822 109.171 -94.71
-1137.07 968.583 59.5502 86.71 109.175 -94.715
-1136.09 968.782 59.5373 86.71 109.175 -94.715
-1135.11 968.978 59.5245 86.611 109.18 -94.717
-1134.13 969.172 59.5117 86.523 109.183 -94.721
-1133.15 969.362 59.4989 86.443 109.184 -94.723
-1132.17 969.55 59.4861 86.443 109.184 -94.723
-1131.19 969.735 59.4733 86.354 109.185 -94.725
-1130.21 969.918 59.4605 86.255 109.189 -94.729
-1129.22 970.098 59.4477 86.255 109.189 -94.729
-1128.24 970.274 59.4349 86.175 109.193 -94.732
-1127.25 970.449 59.4222 86.084 109.197 -94.736
-1126.27 970.62 59.4094 85.993 109.201 -94.74
-1125.28 970.789 59.3967 85.993 109.201 -94.74
-1124.3 970.954 59.384 85.911 109.204 -94.743
-1123.31 971.118 59.3712 85.81 109.207 -94.747
-1122.32 971.278 59.3585 85.731 109.209 -94.748
-1121.34 971.436 59.3458 85.731 109.209 -94.748
-1120.35 971.59 59.3331 85.642 109.21 -94.749
-1119.36 971.743 59.3204 85.541 109.214 -94.754
-1118.37 971.892 59.3078 85.45 109.216 -94.757
-1117.38 972.039 59.2951 85.45 109.216 -94.757
-1116.39 972.182 59.2824 85.36 109.22 -94.763
-1115.4 972.324 59.2698 85.25 109.226 -94.769
-1114.41 972.462 59.2571 85.25 109.226 -94.769
-1113.41 972.598 59.2445 85.171 109.229 -94.773
-1112.42 972.73 59.2319 85.082 109.232 -94.776
-1111.43 972.861 59.2193 85.003 109.233 -94.776
-1110.44 972.988 59.2067 84.924 109.234 -94.779
-1109.44 973.113 59.1941 84.924 109.234 -94.779
-1108.45 973.235 59.1815 84.844 109.236 -94.78
-1107.45 973.354 59.1689 84.744 109.24 -94.783
-1104.99 973.612 59.125 84.572 109.248 -94.79
-1103.98 973.722 59.1118 84.572 109.248 -94.79
-1102.98 973.829 59.0986 84.49 109.252 -94.797
-1101.98 973.934 59.0855 84.388 109.255 -94.803
-1100.98 974.035 59.0724 84.309 109.257 -94.804
-1099.97 974.134 59.0593 84.309 109.257 -94.804
-1098.97 974.23 59.0463 84.23 109.259 -94.809
-1097.97 974.323 59.0333 84.131 109.262 -94.811
-1096.97 974.413 59.0204 84.05 109.264 -94.814
-1095.96 974.5 59.0075 84.05 109.264 -94.814
-1094.96 974.585 58.9946 83.97 109.266 -94.816
-1093.96 974.666 58.9818 83.87 109.268 -94.818
-1092.96 974.745 58.969 83.87 109.268 -94.818
-1091.96 974.82 58.9562 83.771 109.272 -94.82
-1090.96 974.893 58.9435 83.69 109.275 -94.821
-1089.95 974.963 58.9308 83.61 109.278 -94.823
-1088.95 975.031 58.9182 83.519 109.279 -94.828
-1087.95 975.095 58.9056 83.519 109.279 -94.828
-1086.95 975.156 58.893 83.419 109.281 -94.832
-1085.95 975.215 58.8805 83.339 109.283 -94.832
-1084.95 975.271 58.868 83.25 109.286 -94.834
-1083.95 975.323 58.8555 83.25 109.286 -94.834
-1082.95 975.373 58.8431 83.161 109.29 -94.837
-1081.95 975.42 58.8307 83.07 109.293 -94.841
-1080.95 975.465 58.8184 82.977 109.296 -94.848
-1079.95 975.506 58.8061 82.977 109.296 -94.848
-1078.95 975.544 58.7938 82.879 109.301 -94.853
-1077.95 975.58 58.7816 82.79 109.306 -94.855
-1076.95 975.613 58.7694 82.79 109.306 -94.855
-1075.95 975.643 58.7572 82.701 109.309 -94.859
-1074.95 975.67 58.7451 82.62 109.31 -94.862
-1073.95 975.694 58.733 82.53 109.312 -94.866
-1072.95 975.715 58.721 82.45 109.315 -94.868
-1071.95 975.733 58.709 82.45 109.315 -94.868
-1070.95 975.749 58.697 82.359 109.318 -94.871
-1069.95 975.762 58.6851 82.279 109.319 -94.874
-1068.95 975.771 58.6732 82.179 109.321 -94.879
-1067.95 975.778 58.6613 82.179 109.321 -94.879
-1066.95 975.782 58.6495 82.098 109.323 -94.882
-1065.96 975.784 58.6377 82.016 109.324 -94.884
-1064.96 975.782 58.626 81.928 109.326 -94.887
-1063.96 975.777 58.6143 81.928 109.326 -94.887
-1062.96 975.77 58.6026 81.851 109.329 -94.89
-1061.96 975.76 58.591 81.77 109.332 -94.894
-1060.96 975.747 58.5794 81.77 109.332 -94.894
-1059.97 975.731 58.5678 81.677 109.336 -94.903
-1058.97 975.712 58.5563 81.596 109.34 -94.908
-1057.97 975.69 58.5448 81.506 109.344 -94.911
-1056.97 975.665 58.5334 81.506 109.344 -94.911
-1055.98 975.638 58.522 81.416 109.348 -94.915
-1054.98 975.607 58.5106 81.338 109.351 -94.919
-1053.98 975.574 58.4992 81.228 109.353 -94.92
-1052.98 975.538 58.488 81.228 109.353 -94.92
-1051.99 975.499 58.4767 81.148 109.354 -94.92
-1050.99 975.457 58.4655 81.05 109.355 -94.919
-1049.99 975.413 58.4543 81.05 109.355 -94.919
-1049 975.365 58.4431 80.951 109.359 -94.917
-1048 975.315 58.432 80.861 109.361 -94.922
-1047 975.261 58.421 80.78 109.363 -94.929
-1046.01 975.205 58.4099 80.78 109.363 -94.929
-1045.01 975.146 58.3989 80.688 109.365 -94.935
-1044.01 975.084 58.388 80.588 109.367 -94.941
-1043.02 975.019 58.3771 80.498 109.37 -94.946
-1042.02 974.952 58.3662 80.498 109.37 -94.946
-1041.03 974.881 58.3553 80.417 109.372 -94.949
-1040.03 974.808 58.3445 80.316 109.374 -94.951
-1039.04 974.732 58.3337 80.316 109.374 -94.951
-1038.04 974.652 58.323 80.226 109.376 -94.954
-1037.04 974.57 58.3123 80.127 109.38 -94.952
-1036.05 974.486 58.3017 80.048 109.384 -94.955
-1035.05 974.398 58.291 80.048 109.384 -94.955
-1034.06 974.307 58.2804 79.968 109.387 -94.956
-1033.06 974.214 58.2699 79.866 109.389 -94.962
-1032.07 974.117 58.2594 79.795 109.391 -94.967
-1031.07 974.018 58.2489 79.795 109.391 -94.967
-1030.08 973.916 58.2385 79.704 109.393 -94.972
-1029.09 973.811 58.2281 79.626 109.396 -94.975
-1028.09 973.703 58.2177 79.526 109.4 -94.978
-1027.1 973.593 58.2074 79.526 109.4 -94.978
-1026.1 973.479 58.1971 79.427 109.402 -94.982
-1025.11 973.363 58.1869 79.337 109.403 -94.985
-1024.12 973.243 58.1767 79.258 109.405 -94.99
-1023.12 973.121 58.1665 79.258 109.405 -94.99
-1022.13 972.996 58.1564 79.171 109.408 -94.991
-1021.13 972.868 58.1463 79.092 109.412 -94.994
-1020.14 972.738 58.1362 78.991 109.415 -95
-1019.15 972.604 58.1262 78.991 109.415 -95
-1018.15 972.467 58.1162 78.909 109.417 -95.004
-1017.16 972.328 58.1062 78.827 109.42 -95.005
-1016.17 972.186 58.0963 78.754 109.422 -95.004
-1015.18 972.041 58.0865 78.664 109.424 -95.007
-1014.18 971.893 58.0766 78.664 109.424 -95.007
-1013.19 971.742 58.0668 78.573 109.427 -95.01
-1012.2 971.588 58.0571 78.492 109.427 -95.014
-1011.21 971.432 58.0473 78.403 109.429 -95.017
-1010.21 971.272 58.0377 78.323 109.433 -95.02
-1009.22 971.11 58.028 78.323 109.433 -95.02
-1008.23 970.945 58.0184 78.232 109.435 -95.024
-1007.24 970.777 58.0088 78.142 109.44 -95.031
-1006.25 970.606 57.9993 78.06 109.442 -95.036
-1005.25 970.432 57.9898 78.06 109.442 -95.036
-1004.26 970.255 57.9803 77.88 109.447 -95.045
-1003.27 970.076 57.9709 77.88 109.447 -95.045
-1002.28 969.893 57.9615 77.794 109.45 -95.047
-1001.29 969.708 57.9522 77.794 109.45 -95.047
-1000.3 969.52 57.9429 77.721 109.451 -95.049
-999.306 969.329 57.9336 77.637 109.452 -95.051
-998.315 969.135 57.9244 77.553 109.453 -95.052
-997.324 968.938 57.9152 77.553 109.453 -95.052
-996.333 968.739 57.906 77.553 109.453 -95.052
-995.343 968.536 57.8969 77.553 109.453 -95.052
-994.352 968.331 57.8878 77.553 109.453 -95.052
-993.362 968.123 57.8787 77.553 109.453 -95.052
-992.372 967.912 57.8697 77.553 109.453 -95.052
-991.381 967.698 57.8608 77.553 109.453 -95.052
-990.392 967.481 57.8518 77.553 109.453 -95.052
-989.402 967.261 57.8429 77.553 109.453 -95.052
-988.412 967.039 57.8341 77.553 109.453 -95.052
-987.422 966.813 57.8252 77.553 109.453 -95.052
3
-1411.38 593.084 69.2776 153.077 109.348 -100.314
-1411.49 594.091 69.2811 153.077 109.348 -100.314
-1411.59 595.098 69.2846 153.077 109.348 -100.314
-1411.7 596.105 69.288 152.754 109.351 -100.228
-1411.8 597.112 69.2912 152.554 109.36 -100.231
-1411.89 598.118 69.2944 152.554 109.36 -100.231
-1411.99 599.124 69.2974 152.243 109.36 -100.197
-1412.08 600.13 69.3004 152.042 109.36 -100.178
-1412.17 601.136 69.3032 152.042 109.36 -100.178
-1412.25 602.142 69.3059 151.777 109.359 -100.154
-1412.33 603.147 69.3085 151.527 109.358 -100.121
-1412.41 604.152 69.311 151.527 109.358 -100.121
-1412.49 605.157 69.3134 151.302 109.358 -100.098
-1412.56 606.162 69.3157 151.072 109.359 -100.076
-1412.64 607.167 69.3179 151.072 109.359 -100.076
-1412.7 608.171 69.32 150.816 109.358 -100.04
-1412.77 609.175 69.3219 150.585 109.36 -100.013
-1412.83 610.179 69.3238 150.327 109.361 -99.98
-1412.89 611.183 69.3256 150.327 109.361 -99.98
-1412.95 612.186 69.3272 150.041 109.36 -99.935
-1413 613.19 69.3287 150.041 109.36 -99.935
-1413.05 614.193 69.3302 149.757 109.365 -99.91
-1413.1 615.196 69.3315 149.757 109.365 -99.91
-1413.15 616.198 69.3327 149.498 109.364 -99.868
-1413.19 617.201 69.3338 149.27 109.365 -99.836
-1413.23 618.203 69.3348 149.27 109.365 -99.836
-1413.27 619.205 69.3357 149.01 109.372 -99.81
-1413.3 620.207 69.3365 148.753 109.373 -99.768
-1413.33 621.209 69.3371 148.753 109.373 -99.768
-1413.36 622.21 69.3377 148.468 109.384 -99.749
-1413.39 623.211 69.3381 148.468 109.384 -99.749
-1413.41 624.212 69.3385 148.182 109.387 -99.713
-1413.43 625.213 69.3387 147.952 109.388 -99.688
-1413.45 626.214 69.3389 147.952 109.388 -99.688
-1413.46 627.214 69.3389 147.693 109.385 -99.657
-1413.47 628.214 69.3388 147.693 109.385 -99.657
-1413.48 629.214 69.3386 147.461 109.382 -99.621
-1413.49 630.214 69.3383 147.203 109.382 -99.603
-1413.49 631.213 69.3379 147.203 109.382 -99.603
-1413.49 632.213 69.3374 146.999 109.38 -99.576
-1413.49 633.212 69.3368 146.771 109.379 -99.542
-1413.48 634.211 69.336 146.539 109.38 -99.518
-1413.48 635.209 69.3352 146.539 109.38 -99.518
-1413.46 636.208 69.3342 146.31 109.378 -99.482
-1413.45 637.206 69.3332 146.078 109.378 -99.456
-1413.43 638.204 69.332 146.078 109.378 -99.456
-1413.41 639.202 69.3308 145.849 109.376 -99.435
-1413.39 640.2 69.3294 145.618 109.375 -99.404
-1413.37 641.197 69.3279 145.618 109.375 -99.404
-1413.34 642.194 69.3263 145.388 109.374 -99.374
-1413.31 643.191 69.3246 145.131 109.375 -99.348
-1413.27 644.188 69.3228 145.131 109.375 -99.348
-1413.24 645.185 69.3209 144.871 109.374 -99.317
-1413.2 646.181 69.3188 144.644 109.379 -99.304
-1413.15 647.177 69.3167 144.644 109.379 -99.304
-1413.11 648.173 69.3145 144.441 109.38 -99.277
-1413.06 649.169 69.3121 144.182 109.38 -99.243
-1413.01 650.165 69.3097 144.182 109.38 -99.243
-1412.96 651.16 69.3071 143.923 109.379 -99.212
-1412.9 652.155 69.3044 143.923 109.379 -99.212
-1412.84 653.15 69.3016 143.664 109.376 -99.17
-1412.78 654.145 69.2988 143.405 109.379 -99.154
-1412.71 655.139 69.2958 143.405 109.379 -99.154
-1412.64 656.134 69.2927 143.089 109.376 -99.105
-1412.57 657.128 69.2894 143.089 109.376 -99.105
-1412.5 658.122 69.2861 142.887 109.375 -99.082
-1412.42 659.115 69.2827 142.627 109.371 -99.041
-1412.34 660.109 69.2792 142.627 109.371 -99.041
-1412.26 661.102 69.2755 142.37 109.369 -99.012
-1412.18 662.095 69.2718 142.37 109.369 -99.012
-1412.09 663.088 69.2679 142.023 109.373 -98.988
-1412 664.081 69.2639 142.023 109.373 -98.988
-1411.9 665.073 69.2599 141.764 109.376 -98.963
-1411.81 666.065 69.2557 141.507 109.374 -98.931
-1411.71 667.057 69.2514 141.507 109.374 -98.931
-1411.61 668.049 69.247 141.278 109.37 -98.894
-1411.5 669.041 69.2425 141.046 109.372 -98.879
-1411.39 670.032 69.2379 141.046 109.372 -98.879
-1411.28 671.023 69.2332 140.789 109.373 -98.849
-1411.17 672.014 69.2283 140.586 109.375 -98.825
-1411.05 673.005 69.2234 140.586 109.375 -98.825
-1410.93 673.995 69.2183 140.326 109.373 -98.789
-1410.81 674.986 69.2132 140.066 109.367 -98.749
-1410.69 675.976 69.2079 140.066 109.367 -98.749
-1410.56 676.966 69.2026 139.806 109.368 -98.729
-1410.43 677.955 69.1971 139.806 109.368 -98.729
-1410.3 678.945 69.1915 139.463 109.371 -98.684
-1410.16 679.934 69.1858 139.206 109.373 -98.657
-1410.02 680.923 69.18 139.206 109.373 -98.657
-1409.88 681.912 69.1741 138.89 109.367 -98.615
-1409.73 682.901 69.1681 138.89 109.367 -98.615
-1409.59 683.889 69.1619 138.658 109.367 -98.602
-1409.44 684.877 69.1557 138.658 109.367 -98.602
-1409.28 685.865 69.1494 138.366 109.372 -98.576
-1409.13 686.853 69.1429 138.366 109.372 -98.576
-1408.97 687.841 69.1364 138.138 109.376 -98.55
-1408.81 688.828 69.1297 137.88 109.375 -98.515
-1408.64 689.815 69.1229 137.88 109.375 -98.515
-1408.47 690.802 69.1161 137.652 109.371 -98.485
-1408.3 691.789 69.1091 137.393 109.369 -98.458
-1408.13 692.776 69.102 137.393 109.369 -98.458
-1407.95 693.762 69.0948 137.045 109.369 -98.416
-1407.78 694.748 69.0875 137.045 109.369 -98.416
-1407.59 695.734 69.08 136.787 109.368 -98.381
-1407.41 696.72 69.0725 136.556 109.363 -98.348
-1407.22 697.705 69.0649 136.556 109.363 -98.348
-1407.03 698.69 69.0571 136.299 109.361 -98.329
-1406.84 699.676 69.0493 136.068 109.362 -98.304
-1406.64 700.66 69.0413 136.068 109.362 -98.304
-1406.44 701.645 69.0333 135.807 109.366 -98.279
-1406.24 702.63 69.0251 135.548 109.367 -98.253
-1406.04 703.614 69.0168 135.548 109.367 -98.253
-1405.83 704.598 69.0084 135.26 109.361 -98.217
-1405.62 705.582 68.9999 135.26 109.361 -98.217
-1405.41 706.565 68.9913 135 109.362 -98.193
-1405.19 707.549 68.9826 135 109.362 -98.193
-1404.97 708.532 68.9738 134.767 109.363 -98.171
-1404.75 709.515 68.9648 134.51 109.358 -98.133
-1404.53 710.498 68.9558 134.51 109.358 -98.133
-1404.3 711.48 68.9467 134.252 109.356 -98.102
-1404.07 712.463 68.9374 133.994 109.353 -98.069
-1403.84 713.445 68.928 133.994 109.353 -98.069
-1403.6 714.427 68.9186 133.736 109.353 -98.044
-1403.37 715.408 68.909 133.504 109.352 -98.013
-1403.12 716.39 68.8993 133.504 109.352 -98.013
-1402.88 717.371 68.8895 133.277 109.35 -97.989
-1402.63 718.352 68.8796 133.074 109.346 -97.964
-1402.38 719.333 68.8696 132.843 109.347 -97.94
-1401.61 721.927 68.8392 132.582 109.354 -97.925
-1401.35 722.896 68.8286 132.321 109.353 -97.896
-1401.09 723.863 68.8178 132.065 109.351 -97.865
-1400.82 724.829 68.807 132.065 109.351 -97.865
-1400.55 725.794 68.796 131.777 109.347 -97.826
-1400.27 726.758 68.7849 131.777 109.347 -97.826
-1400 727.721 68.7737 131.544 109.349 -97.814
-1399.72 728.683 68.7624 131.285 109.342 -97.772
-1399.43 729.644 68.751 131.285 109.342 -97.772
-1399.15 730.604 68.7395 130.997 109.337 -97.74
-1398.86 731.563 68.7279 130.767 109.33 -97.71
-1398.57 732.52 68.7161 130.767 109.33 -97.71
-1398.28 733.477 68.7043 130.535 109.329 -97.686
-1397.98 734.432 68.6923 130.535 109.329 -97.686
-1397.68 735.387 68.6802 130.251 109.33 -97.656
-1397.38 736.34 68.668 130.251 109.33 -97.656
-1397.08 737.293 68.6557 129.992 109.333 -97.634
-1396.77 738.244 68.6433 129.76 109.333 -97.61
-1396.46 739.194 68.6308 129.556 109.334 -97.588
-1396.14 740.144 68.6181 129.556 109.334 -97.588
-1395.83 741.092 68.6054 129.348 109.337 -97.577
-1395.51 742.039 68.5925 129.092 109.333 -97.543
-1395.19 742.985 68.5796 129.092 109.333 -97.543
-1394.86 743.93 68.5665 128.806 109.327 -97.51
-1394.53 744.874 68.5533 128.548 109.324 -97.479
-1394.2 745.817 68.54 128.548 109.324 -97.479
-1393.87 746.759 68.5266 128.289 109.32 -97.442
-1393.53 747.7 68.5131 128.058 109.321 -97.432
-1393.19 748.639 68.4994 128.058 109.321 -97.432
-1392.85 749.578 68.4857 127.798 109.315 -97.395
-1392.51 750.516 68.4718 127.798 109.315 -97.395
-1392.16 751.452 68.4579 127.537 109.316 -97.369
-1391.81 752.388 68.4438 127.332 109.313 -97.34
-1391.46 753.322 68.4296 127.332 109.313 -97.34
-1391.1 754.255 68.4153 127.074 109.312 -97.314
-1390.74 755.188 68.4009 126.815 109.313 -97.299
-1390.38 756.119 68.3863 126.815 109.313 -97.299
-1390.01 757.049 68.3717 126.527 109.312 -97.269
-1389.65 757.978 68.357 126.527 109.312 -97.269
-1389.28 758.906 68.3421 126.27 109.31 -97.241
-1388.9 759.834 68.3271 126.041 109.302 -97.204
-1388.53 760.76 68.3121 126.041 109.302 -97.204
-1388.15 761.684 68.2969 125.782 109.299 -97.19
-1387.77 762.608 68.2816 125.492 109.295 -97.151
-1387.38 763.531 68.2662 125.492 109.295 -97.151
-1386.99 764.453 68.2506 125.261 109.297 -97.126
-1386.6 765.374 68.235 125.261 109.297 -97.126
-1386.21 766.293 68.2193 125.001 109.293 -97.094
-1385.82 767.212 68.2034 124.797 109.293 -97.075
-1385.42 768.129 68.1874 124.592 109.292 -97.06
-1385.01 769.046 68.1714 124.592 109.292 -97.06
-1384.61 769.961 68.1552 124.333 109.289 -97.024
-1384.2 770.876 68.1389 124.104 109.286 -97.004
-1383.79 771.789 68.1225 124.104 109.286 -97.004
-1383.38 772.701 68.1059 123.817 109.28 -96.968
-1382.96 773.612 68.0893 123.588 109.276 -96.946
-1382.54 774.522 68.0726 123.588 109.276 -96.946
-1382.12 775.431 68.0557 123.327 109.277 -96.93
-1381.7 776.339 68.0387 123.327 109.277 -96.93
-1381.27 777.246 68.0217 123.098 109.273 -96.897
-1380.84 778.152 68.0045 122.809 109.271 -96.872
-1380.41 779.057 67.9872 122.809 109.271 -96.872
-1378.92 781.939 67.9119 122.37 109.27 -96.826
-1378.48 782.838 67.8942 122.11 109.267 -96.807
-1378.03 783.735 67.8765 121.882 109.262 -96.776
-1377.58 784.631 67.8587 121.882 109.262 -96.776
-1377.13 785.525 67.8409 121.593 109.258 -96.745
-1376.68 786.418 67.8229 121.365 109.251 -96.707
-1376.22 787.309 67.8049 121.365 109.251 -96.707
-1375.76 788.198 67.7869 121.078 109.247 -96.684
-1375.3 789.086 67.7687 120.848 109.242 -96.657
-1374.83 789.973 67.7505 120.848 109.242 -96.657
-1374.36 790.857 67.7323 120.616 109.245 -96.64
-1373.89 791.741 67.7139 120.384 109.244 -96.62
-1373.42 792.623 67.6955 120.384 109.244 -96.62
-1372.95 793.503 67.677 120.154 109.241 -96.597
-1372.47 794.382 67.6585 119.949 109.244 -96.587
-1371.99 795.259 67.6399 119.713 109.241 -96.562
-1371.51 796.134 67.6212 119.713 109.241 -96.562
-1371.02 797.008 67.6024 119.426 109.234 -96.528
-1370.53 797.881 67.5836 119.426 109.234 -96.528
-1370.04 798.752 67.5647 119.139 109.228 -96.491
-1369.55 799.621 67.5457 118.911 109.223 -96.46
-1369.05 800.489 67.5267 118.911 109.223 -96.46
-1368.55 801.355 67.5076 118.625 109.215 -96.427
-1368.05 802.22 67.4885 118.625 109.215 -96.427
-1367.55 803.083 67.4692 118.365 109.21 -96.397
-1367.05 803.945 67.4499 118.102 109.209 -96.372
-1366.54 804.805 67.4305 118.102 109.209 -96.372
-1366.03 805.663 67.4111 117.871 109.208 -96.353
-1365.51 806.52 67.3916 117.636 109.206 -96.328
-1365 807.376 67.372 117.636 109.206 -96.328
-1364.48 808.23 67.3524 117.403 109.208 -96.318
-1363.96 809.082 67.3327 117.403 109.208 -96.318
-1363.43 809.933 67.3129 116.946 109.2 -96.276
-1362.91 810.782 67.293 116.946 109.2 -96.276
-1362.38 811.63 67.2731 116.717 109.193 -96.245
-1361.85 812.476 67.2531 116.461 109.182 -96.206
-1361.31 813.32 67.2331 116.461 109.182 -96.206
-1360.78 814.163 67.2129 116.171 109.181 -96.187
-1360.24 815.005 67.1927 116.171 109.181 -96.187
-1359.7 815.845 67.1725 115.937 109.175 -96.151
-1359.15 816.683 67.1521 115.733 109.171 -96.137
-1358.61 817.52 67.1317 115.528 109.171 -96.115
-1358.06 818.355 67.1113 115.528 109.171 -96.115
-1357.51 819.189 67.0907 115.318 109.173 -96.095
-1356.95 820.021 67.0701 115.056 109.172 -96.067
-1356.4 820.852 67.0495 115.056 109.172 -96.067
-1355.84 821.681 67.0287 114.827 109.169 -96.05
-1355.28 822.508 67.0079 114.567 109.165 -96.02
-1354.71 823.334 66.987 114.567 109.165 -96.02
-1354.15 824.159 66.9661 114.277 109.153 -95.987
-1353.58 824.982 66.945 114.277 109.153 -95.987
-1353 825.803 66.924 113.991 109.139 -95.955
-1352.43 826.623 66.9028 113.991 109.139 -95.955
-1351.85 827.441 66.8816 113.47 109.139 -95.915
-1351.27 828.258 66.8603 113.47 109.139 -95.915
-1350.69 829.073 66.8389 113.47 109.139 -95.915
-1350.11 829.886 66.8175 113.209 109.139 -95.897
-1349.52 830.698 66.796 112.977 109.138 -95.876
-1348.93 831.509 66.7744 112.977 109.138 -95.876
-1348.34 832.318 66.7528 112.687 109.135 -95.831
-1347.74 833.125 66.7311 112.687 109.135 -95.831
-1345.69 835.534 66.6112 111.992 109.105 -95.762
-1345.09 836.337 66.5895 111.992 109.105 -95.762
-1344.49 837.137 66.5679 111.705 109.096 -95.725
-1343.88 837.935 66.5463 111.478 109.091 -95.698
-1343.27 838.732 66.5248 111.478 109.091 -95.698
-1342.66 839.526 66.5032 111.156 109.1 -95.69
-1342.05 840.319 66.4817 111.156 109.1 -95.69
-1341.44 841.11 66.4601 110.895 109.098 -95.661
-1340.82 841.899 66.4386 110.895 109.098 -95.661
-1340.2 842.686 66.4171 110.424 109.088 -95.622
-1339.58 843.471 66.3956 110.424 109.088 -95.622
-1338.96 844.254 66.3742 110.22 109.083 -95.595
-1338.34 845.035 66.3527 110.22 109.083 -95.595
-1337.71 845.815 66.3313 109.96 109.074 -95.566
-1337.08 846.592 66.3099 109.675 109.065 -95.537
-1336.45 847.368 66.2885 109.675 109.065 -95.537
-1335.82 848.141 66.2671 109.418 109.064 -95.505
-1335.18 848.913 66.2457 109.418 109.064 -95.505
-1334.54 849.683 66.2243 109.13 109.058 -95.476
-1333.9 850.45 66.203 108.899 109.051 -95.449
-1333.26 851.216 66.1817 108.691 109.054 -95.444
-1332.62 851.98 66.1604 108.459 109.05 -95.417
-1331.97 852.743 66.1391 108.459 109.05 -95.417
-1331.32 853.503 66.1178 108.172 109.043 -95.389
-1330.67 854.261 66.0965 108.172 109.043 -95.389
-1330.02 855.017 66.0753 107.913 109.035 -95.36
-1329.36 855.772 66.054 107.913 109.035 -95.36
-1328.71 856.525 66.0328 107.626 109.023 -95.312
-1328.05 857.275 66.0116 107.395 109.016 -95.303
-1327.39 858.024 65.9904 107.395 109.016 -95.303
-1326.72 858.771 65.9693 107.133 109.014 -95.288
-1326.06 859.516 65.9481 107.133 109.014 -95.288
-1325.39 860.259 65.927 106.901 109.013 -95.26
-1324.72 861 65.9058 106.67 109.014 -95.247
-1324.05 861.739 65.8847 106.383 109.009 -95.213
-1323.37 862.476 65.8636 106.383 109.009 -95.213
-1322.7 863.212 65.8426 106.18 109.001 -95.19
-1322.02 863.945 65.8215 105.973 108.992 -95.177
-1321.34 864.677 65.8005 105.973 108.992 -95.177
-1320.66 865.406 65.7794 105.683 108.977 -95.138
-1319.97 866.134 65.7584 105.683 108.977 -95.138
-1319.28 866.86 65.7374 105.683 108.977 -95.138
-1318.59 867.584 65.7164 104.938 108.963 -95.046
-1317.9 868.306 65.6955 104.938 108.963 -95.046
-1317.21 869.026 65.6745 104.938 108.963 -95.046
-1316.51 869.744 65.6536 104.704 108.968 -95.041
-1315.82 870.46 65.6326 104.441 108.963 -95.02
-1315.12 871.175 65.6117 104.441 108.963 -95.02
-1314.41 871.887 65.5908 104.208 108.955 -95.002
-1313.71 872.598 65.57 104.208 108.955 -95.002
-1313 873.306 65.5491 103.748 108.94 -94.944
-1312.29 874.013 65.5283 103.748 108.94 -94.944
-1311.58 874.718 65.5074 103.493 108.931 -94.922
-1310.87 875.421 65.4866 103.264 108.927 -94.903
-1310.15 876.122 65.4658 103.264 108.927 -94.903
-1309.44 876.821 65.445 103.059 108.922 -94.879
-1308.72 877.518 65.4243 102.853 108.918 -94.869
-1308 878.213 65.4035 102.648 108.915 -94.846
-1307.27 878.906 65.3828 102.648 108.915 -94.846
-1306.55 879.598 65.362 102.418 108.911 -94.822
-1304.26 881.4 65.2747 101.87 108.894 -94.766
-1303.53 882.084 65.2539 101.64 108.882 -94.736
-1302.79 882.767 65.2332 101.64 108.882 -94.736
-1302.06 883.446 65.2126 101.353 108.869 -94.708
-1301.32 884.124 65.192 101.353 108.869 -94.708
-1300.58 884.799 65.1715 101.123 108.871 -94.69
-1299.84 885.472 65.1511 100.894 108.868 -94.662
-1299.1 886.143 65.1308 100.894 108.868 -94.662
-1298.35 886.812 65.1106 100.66 108.869 -94.658
-1297.6 887.478 65.0904 100.424 108.86 -94.637
-1296.86 888.142 65.0703 100.22 108.85 -94.617
-1296.11 888.804 65.0503 100.22 108.85 -94.617
-1295.35 889.463 65.0303 99.96 108.837 -94.593
-1294.6 890.121 65.0105 99.704 108.829 -94.549
-1293.85 890.776 64.9907 99.704 108.829 -94.549
-1293.09 891.429 64.9709 99.451 108.826 -94.525
-1292.33 892.079 64.9513 99.22 108.82 -94.514
-1291.57 892.728 64.9317 99.22 108.82 -94.514
-1290.81 893.374 64.9123 98.985 108.813 -94.49
-1290.04 894.018 64.8928 98.639 108.802 -94.454
-1289.27 894.659 64.8735 98.639 108.802 -94.454
-1288.51 895.298 64.8542 98.314 108.791 -94.401
-1287.74 895.935 64.8351 98.314 108.791 -94.401
-1286.96 896.57 64.816 98.042 108.777 -94.371
-1286.19 897.203 64.7969 98.042 108.777 -94.371
-1285.42 897.833 64.778 97.814 108.768 -94.341
-1284.64 898.461 64.7591 97.618 108.765 -94.321
-1283.86 899.087 64.7403 97.618 108.765 -94.321
-1283.08 899.711 64.7216 97.458 108.765 -94.313
-1282.3 900.332 64.7029 97.334 108.766 -94.31
-1281.51 900.951 64.6844 97.216 108.77 -94.319
-1280.73 901.568 64.6659 97.097 108.776 -94.332
-1279.94 902.182 64.6474 97.097 108.776 -94.332
-1279.15 902.795 64.6291 97.001 108.786 -94.345
-1278.36 903.405 64.6108 96.918 108.794 -94.35
-1277.56 904.013 64.5926 96.918 108.794 -94.35
-1276.77 904.618 64.5745 96.838 108.798 -94.352
-1275.97 905.222 64.5565 96.76 108.797 -94.35
-1275.17 905.823 64.5385 96.663 108.794 -94.346
-1274.37 906.421 64.5207 96.585 108.794 -94.345
-1273.57 907.018 64.5028 96.486 108.799 -94.347
-1272.77 907.612 64.4851 96.486 108.799 -94.347
-1271.96 908.204 64.4675 96.365 108.807 -94.358
-1271.15 908.794 64.4499 96.365 108.807 -94.358
-1270.34 909.382 64.4324 96.293 108.813 -94.366
-1269.53 909.967 64.415 96.221 108.819 -94.375
-1268.72 910.55 64.3976 96.127 108.825 -94.382
-1267.91 911.131 64.3803 96.127 108.825 -94.382
-1267.09 911.71 64.3631 96.047 108.828 -94.385
-1266.27 912.286 64.346 95.958 108.83 -94.385
-1265.45 912.86 64.329 95.862 108.832 -94.384
-1264.63 913.432 64.312 95.862 108.832 -94.384
-1263.81 914.001 64.2951 95.785 108.834 -94.384
-1262.98 914.569 64.2783 95.697 108.836 -94.388
-1262.15 915.134 64.2616 95.596 108.841 -94.397
-1261.32 915.697 64.2449 95.596 108.841 -94.397
-1260.49 916.257 64.2283 95.495 108.847 -94.404
-1258.52 917.383 64.2323 95.326 108.858 -94.411
-1257.68 917.934 64.2159 95.326 108.858 -94.411
-1256.84 918.482 64.1994 95.246 108.861 -94.413
-1256 919.028 64.183 95.157 108.862 -94.414
-1255.16 919.571 64.1665 95.056 108.863 -94.415
-1254.32 920.112 64.1501 95.056 108.863 -94.415
-1253.48 920.65 64.1338 94.956 108.865 -94.416
-1252.63 921.185 64.1174 94.877 108.869 -94.418
-1251.78 921.719 64.1011 94.796 108.875 -94.421
-1250.94 922.249 64.0847 94.796 108.875 -94.421
-1250.09 922.778 64.0684 94.716 108.882 -94.425
-1249.24 923.303 64.0522 94.604 108.889 -94.434
-1248.38 923.826 64.0359 94.604 108.889 -94.434
-1247.53 924.347 64.0197 94.502 108.892 -94.437
-1246.67 924.865 64.0035 94.502 108.892 -94.437
-1245.82 925.381 63.9872 94.312 108.894 -94.441
-1244.96 925.894 63.9711 94.312 108.894 -94.441
-1244.1 926.405 63.9549 94.214 108.896 -94.439
-1243.24 926.913 63.9388 94.214 108.896 -94.439
-1242.38 927.419 63.9226 94.116 108.899 -94.441
-1241.51 927.922 63.9065 94.035 108.903 -94.444
-1240.65 928.423 63.8905 93.954 108.908 -94.447
-1239.78 928.921 63.8744 93.863 108.913 -94.453
-1238.92 929.417 63.8584 93.863 108.913 -94.453
-1238.05 929.91 63.8423 93.782 108.917 -94.457
-1237.18 930.401 63.8263 93.692 108.92 -94.46
-1236.3 930.889 63.8104 93.692 108.92 -94.46
-1235.43 931.375 63.7944 93.592 108.924 -94.464
-1234.56 931.858 63.7785 93.513 108.926 -94.467
-1233.68 932.339 63.7625 93.433 108.929 -94.471
-1232.8 932.817 63.7466 93.353 108.931 -94.472
-1231.92 933.293 63.7307 93.353 108.931 -94.472
-1231.04 933.766 63.7149 93.255 108.936 -94.476
-1230.16 934.237 63.699 93.255 108.936 -94.476
-1229.28 934.705 63.6832 93.166 108.941 -94.479
-1228.39 935.171 63.6674 93.075 108.946 -94.482
-1227.51 935.634 63.6516 92.994 108.948 -94.484
-1226.62 936.095 63.6359 92.994 108.948 -94.484
-1225.73 936.553 63.6201 92.785 108.956 -94.49
-1224.84 937.009 63.6044 92.785 108.956 -94.49
-1223.95 937.462 63.5887 92.785 108.956 -94.49
-1223.06 937.913 63.573 92.706 108.96 -94.492
-1222.16 938.361 63.5573 92.617 108.964 -94.495
-1221.27 938.807 63.5417 92.526 108.967 -94.497
-1220.37 939.25 63.5261 92.445 108.969 -94.502
-1219.47 939.691 63.5105 92.445 108.969 -94.502
-1218.57 940.129 63.4949 92.374 108.971 -94.506
-1217.67 940.565 63.4793 92.281 108.975 -94.511
-1216.77 940.998 63.4638 92.2 108.977 -94.514
-1215.87 941.429 63.4482 92.2 108.977 -94.514
-1214.96 941.857 63.4327 92.014 108.985 -94.522
-1214.05 942.283 63.4173 92.014 108.985 -94.522
-1213.15 942.706 63.4018 91.934 108.987 -94.527
-1210.83 943.701 63.4041 91.751 108.993 -94.538
-1209.92 944.116 63.3887 91.751 108.993 -94.538
-1209.01 944.529 63.3732 91.671 108.997 -94.541
-1208.09 944.939 63.3577 91.584 109.002 -94.544
-1207.18 945.346 63.3421 91.505 109.006 -94.548
-1206.26 945.751 63.3265 91.505 109.006 -94.548
-1205.35 946.153 63.3108 91.405 109.01 -94.552
-1204.43 946.552 63.295 91.405 109.01 -94.552
-1203.51 946.948 63.2793 91.295 109.014 -94.558
-1202.59 947.342 63.2634 91.188 109.02 -94.561
-1201.67 947.733 63.2475 91.188 109.02 -94.561
-1200.75 948.122 63.2315 91.097 109.024 -94.566
-1199.82 948.508 63.2155 91.016 109.027 -94.57
-1198.9 948.891 63.1995 90.925 109.029 -94.572
-1197.98 949.271 63.1833 90.925 109.029 -94.572
-1197.05 949.649 63.1672 90.813 109.033 -94.578
-1196.12 950.024 63.1509 90.732 109.036 -94.582
-1195.19 950.397 63.1346 90.732 109.036 -94.582
-1194.27 950.767 63.1183 90.643 109.04 -94.585
-1193.34 951.134 63.1019 90.525 109.045 -94.59
-1192.41 951.498 63.0855 90.525 109.045 -94.59
-1191.47 951.86 63.069 90.445 109.047 -94.591
-1190.54 952.219 63.0524 90.363 109.049 -94.595
-1189.61 952.576 63.0358 90.283 109.05 -94.598
-1188.67 952.93 63.0191 90.283 109.05 -94.598
-1187.74 953.281 63.0024 90.193 109.053 -94.601
-1186.8 953.629 62.9856 90.102 109.055 -94.603
-1185.86 953.975 62.9688 90.003 109.057 -94.605
-1184.93 954.318 62.9519 90.003 109.057 -94.605
-1183.99 954.658 62.935 89.923 109.059 -94.608
-1183.05 954.996 62.918 89.834 109.063 -94.611
-1182.1 955.331 62.9009 89.735 109.065 -94.614
-1181.16 955.664 62.8838 89.735 109.065 -94.614
-1180.22 955.994 62.8666 89.646 109.07 -94.616
-1179.27 956.321 62.8494 89.536 109.076 -94.619
-1178.33 956.645 62.8322 89.536 109.076 -94.619
-1177.38 956.967 62.8148 89.464 109.08 -94.622
-1176.43 957.286 62.7975 89.38 109.083 -94.625
-1175.49 957.602 62.78 89.289 109.087 -94.628
-1174.54 957.916 62.7625 89.289 109.087 -94.628
-1173.59 958.227 62.745 89.198 109.092 -94.63
-1172.64 958.536 62.7274 89.1 109.096 -94.632
-1171.68 958.841 62.7097 89.1 109.096 -94.632
-1170.73 959.144 62.692 89.012 109.099 -94.634
-1169.78 959.445 62.6743 88.933 109.101 -94.633
-1168.82 959.743 62.6565 88.853 109.102 -94.636
-1167.86 960.038 62.6386 88.853 109.102 -94.636
-1166.91 960.33 62.6207 88.754 109.105 -94.639
-1165.95 960.62 62.6027 88.675 109.109 -94.639
-1164.99 960.907 62.5846 88.585 109.113 -94.643
-1164.03 961.191 62.5666 88.494 109.116 -94.646
-1163.07 961.473 62.5484 88.494 109.116 -94.646
-1162.11 961.752 62.5302 88.413 109.117 -94.651
-1161.14 962.028 62.512 88.323 109.118 -94.656
-1158.33 962.666 62.4351 88.155 109.122 -94.66
-1157.37 962.93 62.4161 88.075 109.125 -94.663
-1156.4 963.191 62.3971 88.075 109.125 -94.663
-1155.43 963.45 62.3781 87.976 109.129 -94.665
-1154.46 963.706 62.3591 87.864 109.133 -94.668
-1153.49 963.96 62.34 87.864 109.133 -94.668
-1152.53 964.211 62.3209 87.783 109.135 -94.67
-1151.56 964.459 62.3018 87.692 109.139 -94.673
-1150.59 964.704 62.2827 87.692 109.139 -94.673
-1149.62 964.947 62.2636 87.581 109.146 -94.677
-1148.64 965.187 62.2444 87.5 109.149 -94.678
-1147.67 965.424 62.2253 87.419 109.152 -94.682
-1146.7 965.658 62.2061 87.329 109.154 -94.683
-1145.73 965.89 62.1869 87.329 109.154 -94.683
-1144.76 966.119 62.1677 87.251 109.156 -94.683
-1143.78 966.346 62.1484 87.163 109.159 -94.688
-1142.81 966.57 62.1292 87.074 109.163 -94.693
-1141.83 966.791 62.1099 87.074 109.163 -94.693
-1140.86 967.009 62.0906 86.974 109.166 -94.697
-1139.88 967.225 62.0713 86.894 109.169 -94.703
-1138.9 967.438 62.0519 86.894 109.169 -94.703
-1137.93 967.648 62.0326 86.802 109.172 -94.708
-1136.95 967.856 62.0132 86.721 109.175 -94.713
-1135.97 968.061 61.9938 86.632 109.18 -94.716
-1134.99 968.263 61.9744 86.554 109.182 -94.718
-1134.01 968.462 61.955 86.554 109.182 -94.718
-1133.03 968.659 61.9356 86.464 109.183 -94.721
-1132.05 968.853 61.9161 86.364 109.185 -94.723
-1131.07 969.044 61.8967 86.284 109.187 -94.726
-1130.09 969.233 61.8772 86.284 109.187 -94.726
-1129.11 969.419 61.8577 86.194 109.191 -94.73
-1128.13 969.602 61.8381 86.114 109.194 -94.734
-1127.15 969.783 61.8186 86.022 109.199 -94.739
-1126.16 969.961 61.799 86.022 109.199 -94.739
-1125.18 970.136 61.7795 85.911 109.202 -94.742
-1124.19 970.309 61.7599 85.83 109.205 -94.746
-1123.21 970.478 61.7402 85.83 109.205 -94.746
-1122.22 970.646 61.7206 85.72 109.208 -94.748
-1121.24 970.81 61.701 85.72 109.208 -94.748
-1120.25 970.972 61.6813 85.561 109.213 -94.752
-1119.26 971.131 61.6616 85.561 109.213 -94.752
-1118.27 971.287 61.6419 85.461 109.214 -94.756
-1117.29 971.441 61.6222 85.461 109.214 -94.756
-1116.3 971.592 61.6024 85.36 109.22 -94.762
-1115.31 971.74 61.5827 85.28 109.224 -94.767
-1114.32 971.885 61.5629 85.191 109.228 -94.772
-1113.33 972.028 61.5431 85.103 109.231 -94.775
-1112.34 972.168 61.5233 85.103 109.231 -94.775
-1111.35 972.306 61.5035 85.024 109.232 -94.777
-1110.35 972.44 61.4836 84.936 109.234 -94.779
-1109.36 972.572 61.4638 84.845 109.238 -94.782
-1108.37 972.702 61.4439 84.845 109.238 -94.782
-1107.37 972.828 61.424 84.755 109.24 -94.783
-1104.94 973.068 61.3644 84.563 109.249 -94.79
-1103.94 973.185 61.3436 84.563 109.249 -94.79
-1102.94 973.299 61.3229 84.563 109.249 -94.79
-1101.94 973.41 61.3022 84.278 109.258 -94.809
-1100.93 973.518 61.2816 84.278 109.258 -94.809
-1099.93 973.623 61.2609 84.278 109.258 -94.809
-1098.93 973.726 61.2402 84.199 109.26 -94.811
-1097.93 973.825 61.2196 84.109 109.262 -94.814
-1096.93 973.922 61.199 84.109 109.262 -94.814
-1095.93 974.016 61.1784 84.008 109.266 -94.818
-1094.93 974.108 61.1578 83.918 109.268 -94.822
-1093.93 974.196 61.1372 83.918 109.268 -94.822
-1092.93 974.282 61.1167 83.799 109.27 -94.82
-1091.93 974.364 61.0961 83.719 109.273 -94.823
-1090.92 974.444 61.0756 83.609 109.277 -94.826
-1089.92 974.521 61.0551 83.609 109.277 -94.826
-1088.92 974.595 61.0346 83.529 109.279 -94.829
-1087.92 974.667 61.0141 83.45 109.28 -94.832
-1086.92 974.735 60.9936 83.36 109.283 -94.832
-1085.92 974.801 60.9731 83.36 109.283 -94.832
-1084.92 974.864 60.9527 83.271 109.287 -94.835
-1083.92 974.924 60.9323 83.163 109.291 -94.838
-1082.92 974.982 60.9119 83.163 109.291 -94.838
-1081.92 975.036 60.8915 83.071 109.294 -94.842
-1080.92 975.088 60.8711 82.989 109.296 -94.848
-1079.92 975.136 60.8507 82.989 109.296 -94.848
-1078.92 975.182 60.8304 82.79 109.306 -94.858
-1077.92 975.226 60.8101 82.79 109.306 -94.858
-1076.93 975.266 60.7897 82.79 109.306 -94.858
-1075.93 975.303 60.7694 82.701 109.309 -94.861
-1074.93 975.338 60.7491 82.62 109.31 -94.864
-1073.93 975.37 60.7289 82.539 109.311 -94.867
-1072.93 975.399 60.7086 82.539 109.311 -94.867
-1071.93 975.425 60.6884 82.448 109.315 -94.87
-1070.93 975.448 60.6681 82.358 109.317 -94.873
-1069.93 975.469 60.6479 82.279 109.318 -94.876
-1068.93 975.487 60.6277 82.198 109.32 -94.879
-1067.93 975.502 60.6075 82.198 109.32 -94.879
-1066.94 975.514 60.5874 82.107 109.322 -94.882
-1065.94 975.523 60.5672 82.015 109.323 -94.885
-1064.94 975.529 60.5471 82.015 109.323 -94.885
-1063.94 975.533 60.527 81.928 109.326 -94.888
-1062.94 975.534 60.5068 81.83 109.331 -94.892
-1061.95 975.532 60.4868 81.749 109.333 -94.895
-1060.95 975.527 60.4667 81.749 109.333 -94.895
-1059.95 975.519 60.4466 81.667 109.336 -94.902
-1058.95 975.508 60.4266 81.587 109.34 -94.907
-1057.95 975.495 60.4065 81.507 109.344 -94.909
-1056.96 975.479 60.3865 81.426 109.349 -94.914
-1055.96 975.46 60.3665 81.348 109.351 -94.917
-1054.96 975.438 60.3465 81.348 109.351 -94.917
-1053.96 975.413 60.3265 81.229 109.355 -94.921
-1052.97 975.386 60.3066 81.138 109.355 -94.92
-1051.97 975.355 60.2866 81.138 109.355 -94.92
-1050.97 975.322 60.2667 81.06 109.356 -94.919
-1049.98 975.286 60.2468 80.971 109.359 -94.917
-1048.98 975.247 60.2269 80.892 109.361 -94.92
-1047.98 975.206 60.207 80.82 109.363 -94.925
-1046.99 975.161 60.1872 80.82 109.363 -94.925
-1045.99 975.114 60.1673 80.718 109.364 -94.93
-1044.99 975.064 60.1475 80.637 109.364 -94.936
-1044 975.011 60.1277 80.547 109.367 -94.942
-1043 974.955 60.1078 80.547 109.367 -94.942
-1042 974.896 60.0881 80.466 109.37 -94.946
-1041.01 974.835 60.0683 80.375 109.372 -94.95
-1040.01 974.771 60.0485 80.285 109.374 -94.951
-1039.02 974.704 60.0288 80.285 109.374 -94.951
-1038.02 974.634 60.009 80.195 109.376 -94.952
-1037.02 974.561 59.9893 80.106 109.379 -94.952
-1036.03 974.485 59.9696 80.106 109.379 -94.952
-1035.03 974.407 59.9499 80.007 109.385 -94.954
-1034.04 974.326 59.9303 79.927 109.388 -94.957
-1033.04 974.242 59.9106 79.856 109.389 -94.959
-1032.05 974.155 59.891 79.764 109.392 -94.965
-1031.05 974.065 59.8713 79.764 109.392 -94.965
-1030.06 973.973 59.8517 79.675 109.395 -94.971
-1029.06 973.877 59.8321 79.585 109.399 -94.975
-1028.07 973.779 59.8126 79.486 109.402 -94.978
-1027.07 973.678 59.793 79.486 109.402 -94.978
-1026.08 973.574 59.7734 79.408 109.402 -94.979
-1025.08 973.468 59.7539 79.319 109.404 -94.982
-1024.09 973.358 59.7344 79.231 109.406 -94.987
-1023.09 973.246 59.7149 79.231 109.406 -94.987
-1022.1 973.131 59.6954 79.132 109.41 -94.988
-1021.1 973.013 59.6759 79.052 109.413 -94.994
-1020.11 972.892 59.6564 78.97 109.414 -94.998
-1019.11 972.768 59.637 78.97 109.414 -94.998
-1018.12 972.642 59.6176 78.898 109.417 -95.003
-1017.13 972.512 59.5982 78.815 109.419 -95.003
-1016.13 972.38 59.5788 78.723 109.421 -95.006
-1015.14 972.245 59.5594 78.643 109.425 -95.01
-1014.15 972.108 59.54 78.643 109.425 -95.01
-1013.15 971.967 59.5206 78.522 109.427 -95.011
-1012.16 971.824 59.5013 78.522 109.427 -95.011
-1011.16 971.677 59.482 78.412 109.428 -95.016
-1010.17 971.528 59.4627 78.322 109.432 -95.02
-1009.18 971.376 59.4434 78.242 109.434 -95.022
-1008.18 971.222 59.4241 78.242 109.434 -95.022
-1007.19 971.064 59.4048 78.152 109.438 -95.03
-1006.2 970.904 59.3856 78.06 109.442 -95.036
-1005.21 970.741 59.3664 77.98 109.444 -95.041
-1004.21 970.575 59.3471 77.98 109.444 -95.041
-1003.22 970.406 59.3279 77.881 109.447 -95.047
-1002.23 970.234 59.3087 77.795 109.45 -95.048
-1001.23 970.06 59.2896 77.713 109.452 -95.05
-1000.24 969.882 59.2704 77.713 109.452 -95.05
-999.25 969.702 59.2513 77.624 109.453 -95.052
-998.258 969.519 59.2321 77.624 109.453 -95.052
-997.265 969.333 59.213 77.624 109.453 -95.052
-996.273 969.145 59.1939 77.624 109.453 -95.052
-995.281 968.953 59.1748 77.624 109.453 -95.052
-994.289 968.759 59.1558 77.624 109.453 -95.052
-993.297 968.562 59.1367 77.624 109.453 -95.052
-992.306 968.362 59.1177 77.624 109.453 -95.052
-991.314 968.159 59.0987 77.624 109.453 -95.052
-990.322 967.954 59.0797 77.624 109.453 -95.052
-989.331 967.745 59.0607 77.624 109.453 -95.052
