1
-910.137 479.566 -50.4553 75.856 123.098 3.636
-910.201 479.623 -51.4516 75.856 123.098 3.636
-910.265 479.681 -52.4479 75.856 123.098 3.636
-910.329 479.738 -53.4442 75.856 123.098 3.636
-910.392 479.795 -54.4406 75.856 123.098 3.636
-910.456 479.852 -55.4369 75.856 123.098 3.636
-910.52 479.909 -56.4332 75.856 123.098 3.636
-910.584 479.966 -57.4296 75.856 123.098 3.636
-910.647 480.023 -58.4259 75.883 123.302 3.689
-910.711 480.08 -59.4222 75.883 123.302 3.689
-910.775 480.137 -60.4186 75.895 123.515 3.688
-910.838 480.195 -61.4149 75.914 123.754 3.69
-910.902 480.252 -62.4112 75.928 123.948 3.701
-910.966 480.309 -63.4076 75.928 123.948 3.701
-911.03 480.366 -64.4039 75.951 124.211 3.709
-911.093 480.423 -65.4002 75.968 124.421 3.716
-911.157 480.48 -66.3966 75.968 124.421 3.716
-911.221 480.537 -67.3929 75.985 124.637 3.725
-911.285 480.594 -68.3892 76.005 124.888 3.736
-911.348 480.652 -69.3856 76.005 124.888 3.736
-911.412 480.709 -70.3819 76.029 125.138 3.734
-911.476 480.766 -71.3782 76.044 125.385 3.743
-911.539 480.823 -72.3745 76.044 125.385 3.743
-911.603 480.88 -73.3709 76.055 125.6 3.75
-911.667 480.937 -74.3672 76.055 125.6 3.75
-911.731 480.994 -75.3635 76.055 125.6 3.75
-911.794 481.051 -76.3599 76.055 125.6 3.75
-911.858 481.108 -77.3562 76.055 125.6 3.75
-911.922 481.166 -78.3525 76.055 125.6 3.75
-911.986 481.223 -79.3489 76.055 125.6 3.75
-912.049 481.28 -80.3452 76.055 125.6 3.75
-912.113 481.337 -81.3415 76.055 125.6 3.75
-912.177 481.394 -82.3379 76.247 127.929 3.86
-912.24 481.451 -83.3342 76.247 127.929 3.86
-912.304 481.508 -84.3305 76.247 127.929 3.86
-912.368 481.565 -85.3269 76.247 127.929 3.86
-912.432 481.622 -86.3232 76.247 127.929 3.86
-912.495 481.68 -87.3195 76.247 127.929 3.86
-912.559 481.737 -88.3159 76.247 127.929 3.86
-912.623 481.794 -89.3122 76.247 127.929 3.86
-912.687 481.851 -90.3085 76.247 127.929 3.86
-912.75 481.908 -91.3048 76.268 128.169 3.874
-912.814 481.965 -92.3012 76.268 128.169 3.874
-912.878 482.022 -93.2975 76.268 128.169 3.874
-912.941 482.079 -94.2938 76.268 128.169 3.874
-913.005 482.137 -95.2902 76.268 128.169 3.874
-913.069 482.194 -96.2865 76.268 128.169 3.874
-913.133 482.251 -97.2828 76.268 128.169 3.874
-913.196 482.308 -98.2792 76.268 128.169 3.874
-913.26 482.365 -99.2755 76.268 128.169 3.874
-913.324 482.422 -100.272 76.268 128.169 3.874
2
-908.756 481.344 -50.5365 75.856 123.098 3.634
-908.815 481.371 -51.5344 75.856 123.098 3.634
-908.874 481.399 -52.5323 75.856 123.098 3.634
-908.932 481.426 -53.5302 75.856 123.098 3.634
-908.991 481.454 -54.5281 75.856 123.098 3.634
-909.049 481.482 -55.526 75.856 123.098 3.634
-909.108 481.509 -56.5239 75.856 123.098 3.634
-909.166 481.537 -57.5218 75.856 123.098 3.634
-909.225 481.564 -58.5197 75.856 123.098 3.634
-909.283 481.592 -59.5176 75.881 123.301 3.683
-909.342 481.62 -60.5155 75.881 123.301 3.683
-909.401 481.647 -61.5134 75.895 123.536 3.683
-909.459 481.675 -62.5113 75.914 123.78 3.689
-909.518 481.702 -63.5092 75.914 123.78 3.689
-909.576 481.73 -64.5071 75.933 124.004 3.699
-909.635 481.758 -65.505 75.957 124.273 3.715
-909.693 481.785 -66.5029 75.957 124.273 3.715
-909.752 481.813 -67.5008 75.974 124.483 3.72
-909.811 481.84 -68.4987 75.992 124.7 3.731
-909.869 481.868 -69.4966 75.992 124.7 3.731
-909.928 481.895 -70.4945 76.01 124.92 3.738
-909.986 481.923 -71.4924 76.034 125.17 3.736
-910.045 481.951 -72.4903 76.034 125.17 3.736
-910.103 481.978 -73.4882 76.034 125.17 3.736
-910.162 482.006 -74.4861 76.034 125.17 3.736
-910.221 482.033 -75.484 76.034 125.17 3.736
-910.279 482.061 -76.4819 76.034 125.17 3.736
-910.338 482.089 -77.4798 76.034 125.17 3.736
-910.396 482.116 -78.4777 76.034 125.17 3.736
-910.455 482.144 -79.4756 76.188 127.219 3.838
-910.513 482.171 -80.4735 76.188 127.219 3.838
-910.572 482.199 -81.4714 76.188 127.219 3.838
-910.631 482.226 -82.4693 76.188 127.219 3.838
-910.689 482.254 -83.4672 76.188 127.219 3.838
-910.748 482.282 -84.4652 76.188 127.219 3.838
-910.806 482.309 -85.4631 76.188 127.219 3.838
-910.865 482.337 -86.461 76.188 127.219 3.838
-910.923 482.364 -87.4589 76.21 127.432 3.842
-910.982 482.392 -88.4568 76.228 127.666 3.847
-911.04 482.42 -89.4547 76.228 127.666 3.847
-911.099 482.447 -90.4526 76.244 127.904 3.858
-911.158 482.475 -91.4505 76.244 127.904 3.858
-911.216 482.502 -92.4484 76.264 128.15 3.872
-911.275 482.53 -93.4463 76.264 128.15 3.872
-911.333 482.557 -94.4442 76.264 128.15 3.872
-911.392 482.585 -95.4421 76.264 128.15 3.872
-911.45 482.613 -96.44 76.264 128.15 3.872
-911.509 482.64 -97.4379 76.264 128.15 3.872
-911.568 482.668 -98.4358 76.264 128.15 3.872
-911.626 482.695 -99.4337 76.264 128.15 3.872
-911.685 482.723 -100.432 76.264 128.15 3.872
3
-911.219 476.51 -50.4056 75.856 123.099 3.635
-911.308 476.564 -51.4002 75.856 123.099 3.635
-911.397 476.617 -52.3947 75.856 123.099 3.635
-911.486 476.671 -53.3893 75.856 123.099 3.635
-911.575 476.725 -54.3838 75.856 123.099 3.635
-911.664 476.779 -55.3784 75.856 123.099 3.635
-911.753 476.833 -56.373 75.882 123.302 3.686
-911.842 476.887 -57.3675 75.882 123.302 3.686
-911.931 476.941 -58.3621 75.896 123.536 3.685
-912.02 476.995 -59.3567 75.896 123.536 3.685
-912.109 477.049 -60.3512 75.928 123.947 3.699
-912.198 477.103 -61.3458 75.928 123.947 3.699
-912.287 477.157 -62.3404 75.951 124.212 3.709
-912.376 477.211 -63.3349 75.976 124.514 3.72
-912.465 477.265 -64.3295 75.976 124.514 3.72
-912.554 477.319 -65.3241 75.994 124.731 3.729
-912.643 477.373 -66.3186 75.994 124.731 3.729
-912.732 477.427 -67.3132 76.012 124.952 3.736
-912.821 477.481 -68.3078 76.036 125.201 3.735
-912.911 477.535 -69.3023 76.036 125.201 3.735
-913 477.589 -70.2969 76.047 125.415 3.743
-913.089 477.643 -71.2915 76.058 125.63 3.751
-913.178 477.697 -72.286 76.058 125.63 3.751
-913.267 477.751 -73.2806 76.075 125.881 3.765
-913.356 477.805 -74.2752 76.075 125.881 3.765
-913.445 477.859 -75.2697 76.075 125.881 3.765
-913.534 477.912 -76.2643 76.075 125.881 3.765
-913.623 477.966 -77.2589 76.075 125.881 3.765
-913.712 478.02 -78.2534 76.075 125.881 3.765
-913.801 478.074 -79.248 76.075 125.881 3.765
-913.89 478.128 -80.2426 76.075 125.881 3.765
-913.979 478.182 -81.2371 76.273 128.221 3.88
-914.068 478.236 -82.2317 76.273 128.221 3.88
-914.157 478.29 -83.2263 76.273 128.221 3.88
-914.246 478.344 -84.2208 76.273 128.221 3.88
-914.335 478.398 -85.2154 76.273 128.221 3.88
-914.424 478.452 -86.21 76.273 128.221 3.88
-914.513 478.506 -87.2045 76.273 128.221 3.88
-914.602 478.56 -88.1991 76.273 128.221 3.88
-914.691 478.614 -89.1937 76.273 128.221 3.88
-914.78 478.668 -90.1882 76.273 128.221 3.88
-914.869 478.722 -91.1828 76.273 128.221 3.88
-914.958 478.776 -92.1774 76.273 128.221 3.88
-915.047 478.83 -93.1719 76.273 128.221 3.88
-915.136 478.884 -94.1665 76.273 128.221 3.88
-915.225 478.938 -95.1611 76.273 128.221 3.88
-915.314 478.992 -96.1556 76.273 128.221 3.88
-915.403 479.046 -97.1502 76.273 128.221 3.88
-915.492 479.1 -98.1448 76.273 128.221 3.88
-915.581 479.154 -99.1393 76.273 128.221 3.88
-915.671 479.208 -100.134 76.273 128.221 3.88
4
-906.46 483.267 -50.9873 75.857 123.098 3.635
-906.558 483.281 -51.9824 75.857 123.098 3.635
-906.656 483.296 -52.9775 75.857 123.098 3.635
-906.753 483.311 -53.9725 75.857 123.098 3.635
-906.851 483.326 -54.9676 75.857 123.098 3.635
-906.949 483.34 -55.9627 75.857 123.098 3.635
-907.047 483.355 -56.9578 75.857 123.098 3.635
-907.145 483.37 -57.9529 75.857 123.098 3.635
-907.243 483.385 -58.948 75.857 123.098 3.635
-907.34 483.4 -59.9431 75.857 123.098 3.635
-907.438 483.414 -60.9382 75.857 123.098 3.635
-907.536 483.429 -61.9333 75.857 123.098 3.635
-907.634 483.444 -62.9284 75.857 123.098 3.635
-907.732 483.459 -63.9235 75.934 124.005 3.699
-907.829 483.473 -64.9186 75.934 124.005 3.699
-907.927 483.488 -65.9137 75.934 124.005 3.699
-908.025 483.503 -66.9088 75.934 124.005 3.699
-908.123 483.518 -67.9039 75.934 124.005 3.699
-908.221 483.532 -68.899 75.934 124.005 3.699
-908.319 483.547 -69.894 76.001 124.826 3.734
-908.416 483.562 -70.8891 76.001 124.826 3.734
-908.514 483.577 -71.8842 76.001 124.826 3.734
-908.612 483.592 -72.8793 76.001 124.826 3.734
-908.71 483.606 -73.8744 76.001 124.826 3.734
-908.808 483.621 -74.8695 76.001 124.826 3.734
-908.906 483.636 -75.8646 76.001 124.826 3.734
-909.003 483.651 -76.8597 76.001 124.826 3.734
-909.101 483.665 -77.8548 76.001 124.826 3.734
-909.199 483.68 -78.8499 76.001 124.826 3.734
-909.297 483.695 -79.845 76.175 127.094 3.833
-909.395 483.71 -80.8401 76.175 127.094 3.833
-909.493 483.725 -81.8352 76.175 127.094 3.833
-909.59 483.739 -82.8303 76.175 127.094 3.833
-909.688 483.754 -83.8254 76.175 127.094 3.833
-909.786 483.769 -84.8205 76.175 127.094 3.833
-909.884 483.784 -85.8155 76.175 127.094 3.833
-909.982 483.798 -86.8106 76.175 127.094 3.833
-910.08 483.813 -87.8057 76.175 127.094 3.833
-910.177 483.828 -88.8008 76.175 127.094 3.833
-910.275 483.843 -89.7959 76.175 127.094 3.833
-910.373 483.858 -90.791 76.175 127.094 3.833
-910.471 483.872 -91.7861 76.175 127.094 3.833
-910.569 483.887 -92.7812 76.175 127.094 3.833
-910.666 483.902 -93.7763 76.175 127.094 3.833
-910.764 483.917 -94.7714 76.175 127.094 3.833
-910.862 483.931 -95.7665 76.175 127.094 3.833
-910.96 483.946 -96.7616 76.175 127.094 3.833
-911.058 483.961 -97.7567 76.175 127.094 3.833
-911.156 483.976 -98.7518 76.175 127.094 3.833
-911.253 483.991 -99.7469 76.175 127.094 3.833
-911.351 484.005 -100.742 76.175 127.094 3.833
