1
-839.216 410.428 21.3026 36.436 139.757 72.97
-849.66 399.662 21.3026 60.235 127.357 87.634
-848.943 398.966 21.3206 60.235 127.357 87.634
-848.225 398.27 21.3387 60.235 127.357 87.634
-847.507 397.573 21.3568 60.235 127.357 87.634
-846.79 396.877 21.3748 60.235 127.357 87.634
-846.072 396.181 21.3929 60.235 127.357 87.634
-845.354 395.485 21.411 60.235 127.357 87.634
-844.637 394.789 21.429 60.235 127.357 87.634
-843.919 394.093 21.4471 60.235 127.357 87.634
-843.201 393.396 21.4652 60.235 127.357 87.634
-842.484 392.7 21.4833 60.235 127.357 87.634
-841.766 392.004 21.5013 60.272 127.359 87.666
-841.048 391.308 21.5194 60.291 127.357 87.675
-840.331 390.612 21.5375 60.301 127.358 87.678
-839.613 389.915 21.5555 60.301 127.358 87.678
-838.896 389.219 21.5736 60.305 127.361 87.677
-838.178 388.523 21.5917 60.303 127.364 87.667
-837.46 387.827 21.6097 60.3 127.368 87.659
-836.743 387.131 21.6278 60.296 127.372 87.662
-836.025 386.435 21.6459 60.296 127.372 87.662
-835.307 385.738 21.664 60.294 127.373 87.661
-834.59 385.042 21.682 60.295 127.374 87.666
-833.872 384.346 21.7001 60.294 127.374 87.669
-833.154 383.65 21.7182 60.294 127.374 87.669
-832.437 382.954 21.7362 60.291 127.374 87.665
-831.719 382.258 21.7543 60.291 127.375 87.665
-831.001 381.561 21.7724 60.291 127.375 87.665
-830.284 380.865 21.7905 60.293 127.374 87.664
-829.566 380.169 21.8085 60.294 127.374 87.664
-828.849 379.473 21.8266 60.293 127.375 87.663
-828.131 378.777 21.8447 60.289 127.376 87.661
-827.413 378.08 21.8627 60.289 127.376 87.661
-826.696 377.384 21.8808 60.283 127.375 87.655
-825.978 376.688 21.8989 60.278 127.375 87.649
-825.26 375.992 21.9169 60.277 127.374 87.639
-824.543 375.296 21.935 60.277 127.374 87.639
-823.825 374.6 21.9531 60.277 127.374 87.639
-823.107 373.903 21.9712 60.277 127.374 87.639
-822.39 373.207 21.9892 60.277 127.374 87.639
-821.672 372.511 22.0073 60.277 127.374 87.639
-820.954 371.815 22.0254 60.277 127.374 87.639
-820.237 371.119 22.0434 60.277 127.374 87.639
-819.519 370.423 22.0615 60.277 127.374 87.639
-818.802 369.726 22.0796 60.277 127.374 87.639
-818.084 369.03 22.0976 60.277 127.374 87.639
-817.366 368.334 22.1157 60.277 127.374 87.639
2
-839.241 411.166 21.6156 36.436 139.757 72.97
-849.559 400.278 21.6156 60.235 127.356 87.636
-848.833 399.59 21.6369 60.235 127.356 87.636
-848.107 398.903 21.6582 60.235 127.356 87.636
-847.382 398.215 21.6795 60.235 127.356 87.636
-846.656 397.527 21.7008 60.235 127.356 87.636
-845.93 396.84 21.7221 60.235 127.356 87.636
-845.204 396.152 21.7435 60.235 127.356 87.636
-844.479 395.464 21.7648 60.235 127.356 87.636
-843.753 394.777 21.7861 60.235 127.356 87.636
-843.027 394.089 21.8074 60.235 127.356 87.636
-842.302 393.401 21.8287 60.235 127.356 87.636
-841.576 392.714 21.85 60.235 127.356 87.636
-840.85 392.026 21.8713 60.29 127.358 87.677
-840.124 391.338 21.8926 60.29 127.358 87.677
-839.399 390.651 21.9139 60.299 127.359 87.681
-838.673 389.963 21.9352 60.303 127.361 87.68
-837.947 389.275 21.9565 60.303 127.365 87.673
-837.222 388.588 21.9778 60.3 127.369 87.662
-836.496 387.9 21.9991 60.296 127.373 87.665
-835.77 387.212 22.0204 60.296 127.373 87.665
-835.044 386.525 22.0417 60.294 127.374 87.666
-834.319 385.837 22.063 60.295 127.375 87.671
-833.593 385.149 22.0843 60.295 127.375 87.671
-832.867 384.462 22.1056 60.293 127.374 87.67
-832.141 383.774 22.1269 60.291 127.375 87.666
-831.416 383.086 22.1483 60.291 127.375 87.666
-830.69 382.399 22.1696 60.29 127.375 87.666
-829.964 381.711 22.1909 60.293 127.374 87.664
-829.239 381.023 22.2122 60.294 127.374 87.663
-828.513 380.336 22.2335 60.294 127.374 87.663
-827.787 379.648 22.2548 60.292 127.374 87.661
-827.061 378.96 22.2761 60.292 127.374 87.661
-826.336 378.273 22.2974 60.283 127.375 87.653
-825.61 377.585 22.3187 60.283 127.375 87.653
-824.884 376.897 22.34 60.276 127.373 87.641
-824.159 376.21 22.3613 60.276 127.373 87.641
-823.433 375.522 22.3826 60.276 127.373 87.641
-822.707 374.834 22.4039 60.276 127.373 87.641
-821.981 374.147 22.4252 60.276 127.373 87.641
-821.256 373.459 22.4465 60.276 127.373 87.641
-820.53 372.771 22.4678 60.276 127.373 87.641
-819.804 372.084 22.4891 60.276 127.373 87.641
-819.079 371.396 22.5104 60.276 127.373 87.641
-818.353 370.708 22.5317 60.276 127.373 87.641
-817.627 370.021 22.5531 60.276 127.373 87.641
-816.901 369.333 22.5744 60.276 127.373 87.641
3
-839.844 408.887 21.3748 36.436 139.757 72.97
-850.05 397.895 21.3748 60.235 127.358 87.633
-849.317 397.214 21.3873 60.235 127.358 87.633
-848.585 396.534 21.3997 60.235 127.358 87.633
-847.852 395.854 21.4122 60.235 127.358 87.633
-847.119 395.173 21.4247 60.235 127.358 87.633
-846.386 394.493 21.4372 60.235 127.358 87.633
-845.653 393.812 21.4496 60.235 127.358 87.633
-844.921 393.132 21.4621 60.235 127.358 87.633
-844.188 392.452 21.4746 60.235 127.358 87.633
-843.455 391.771 21.4871 60.235 127.358 87.633
-842.722 391.091 21.4995 60.235 127.358 87.633
-841.989 390.411 21.512 60.272 127.36 87.667
-841.257 389.73 21.5245 60.295 127.358 87.679
-840.524 389.05 21.537 60.304 127.358 87.682
-839.791 388.37 21.5494 60.308 127.361 87.682
-839.058 387.689 21.5619 60.307 127.364 87.669
-838.326 387.009 21.5744 60.307 127.364 87.669
-837.593 386.329 21.5869 60.304 127.37 87.664
-836.86 385.648 21.5993 60.299 127.374 87.667
-836.127 384.968 21.6118 60.297 127.375 87.667
-835.394 384.288 21.6243 60.296 127.376 87.668
-834.662 383.607 21.6368 60.295 127.375 87.672
-833.929 382.927 21.6492 60.295 127.374 87.669
-833.196 382.247 21.6617 60.295 127.374 87.669
-832.463 381.566 21.6742 60.293 127.375 87.668
-831.73 380.886 21.6867 60.292 127.377 87.667
-830.998 380.206 21.6991 60.292 127.376 87.666
-830.265 379.525 21.7116 60.293 127.375 87.665
-829.532 378.845 21.7241 60.295 127.376 87.668
-828.799 378.165 21.7366 60.295 127.376 87.668
-828.067 377.484 21.749 60.292 127.375 87.664
-827.334 376.804 21.7615 60.281 127.374 87.657
-826.601 376.123 21.774 60.281 127.374 87.657
-825.868 375.443 21.7865 60.273 127.374 87.646
-825.135 374.763 21.7989 60.273 127.374 87.646
-824.403 374.082 21.8114 60.273 127.374 87.646
-823.67 373.402 21.8239 60.273 127.374 87.646
-822.937 372.722 21.8364 60.273 127.374 87.646
-822.204 372.041 21.8488 60.273 127.374 87.646
-821.471 371.361 21.8613 60.273 127.374 87.646
-820.739 370.681 21.8738 60.273 127.374 87.646
-820.006 370 21.8863 60.273 127.374 87.646
-819.273 369.32 21.8987 60.273 127.374 87.646
-818.54 368.64 21.9112 60.273 127.374 87.646
-817.808 367.959 21.9237 60.273 127.374 87.646
-817.075 367.279 21.9362 60.273 127.374 87.646
4
-839.336 411.079 19.9781 36.436 139.757 72.97
-849.641 400.179 19.9781 60.235 127.358 87.636
-848.915 399.492 19.9927 60.235 127.358 87.636
-848.188 398.805 20.0074 60.235 127.358 87.636
-847.462 398.118 20.0221 60.235 127.358 87.636
-846.735 397.431 20.0368 60.235 127.358 87.636
-846.008 396.744 20.0515 60.235 127.358 87.636
-845.282 396.058 20.0662 60.235 127.358 87.636
-844.555 395.371 20.0809 60.235 127.358 87.636
-843.829 394.684 20.0956 60.235 127.358 87.636
-843.102 393.997 20.1103 60.235 127.358 87.636
-842.376 393.31 20.1249 60.235 127.358 87.636
-841.649 392.623 20.1396 60.235 127.358 87.636
-840.922 391.936 20.1543 60.276 127.36 87.669
-840.196 391.249 20.169 60.295 127.359 87.68
-839.469 390.562 20.1837 60.303 127.36 87.684
-838.743 389.875 20.1984 60.306 127.363 87.683
-838.016 389.188 20.2131 60.306 127.363 87.683
-837.29 388.501 20.2278 60.305 127.366 87.668
-836.563 387.814 20.2425 60.301 127.371 87.667
-835.837 387.127 20.2571 60.296 127.374 87.669
-835.11 386.44 20.2718 60.295 127.376 87.67
-834.383 385.753 20.2865 60.294 127.376 87.672
-833.657 385.066 20.3012 60.292 127.376 87.673
-832.93 384.379 20.3159 60.292 127.376 87.673
-832.204 383.693 20.3306 60.292 127.376 87.669
-831.477 383.006 20.3453 60.291 127.376 87.669
-830.751 382.319 20.36 60.289 127.377 87.666
-830.024 381.632 20.3747 60.289 127.377 87.666
-829.298 380.945 20.3893 60.29 127.375 87.665
-828.571 380.258 20.404 60.293 127.375 87.666
-827.844 379.571 20.4187 60.293 127.376 87.664
-827.118 378.884 20.4334 60.293 127.376 87.664
-826.391 378.197 20.4481 60.284 127.374 87.656
-825.665 377.51 20.4628 60.274 127.373 87.649
-824.938 376.823 20.4775 60.27 127.373 87.634
-824.212 376.136 20.4922 60.27 127.373 87.634
-823.485 375.449 20.5069 60.27 127.373 87.634
-822.758 374.762 20.5216 60.27 127.373 87.634
-822.032 374.075 20.5362 60.27 127.373 87.634
-821.305 373.388 20.5509 60.27 127.373 87.634
-820.579 372.701 20.5656 60.27 127.373 87.634
-819.852 372.014 20.5803 60.27 127.373 87.634
-819.126 371.327 20.595 60.27 127.373 87.634
-818.399 370.641 20.6097 60.27 127.373 87.634
-817.673 369.954 20.6244 60.27 127.373 87.634
-816.946 369.267 20.6391 60.27 127.373 87.634
5
-840.095 409.655 20.7095 36.436 139.757 72.97
-850.425 398.779 20.7095 60.235 127.358 87.636
-849.7 398.09 20.7261 60.235 127.358 87.636
-848.975 397.402 20.7427 60.235 127.358 87.636
-848.25 396.713 20.7593 60.235 127.358 87.636
-847.525 396.025 20.7759 60.235 127.358 87.636
-846.8 395.336 20.7925 60.235 127.358 87.636
-846.075 394.648 20.8091 60.235 127.358 87.636
-845.35 393.959 20.8257 60.235 127.358 87.636
-844.625 393.27 20.8422 60.235 127.358 87.636
-843.9 392.582 20.8588 60.235 127.358 87.636
-843.175 391.893 20.8754 60.235 127.358 87.636
-842.45 391.205 20.892 60.235 127.358 87.636
-841.725 390.516 20.9086 60.273 127.359 87.668
-841 389.828 20.9252 60.295 127.358 87.681
-840.275 389.139 20.9418 60.303 127.359 87.684
-839.55 388.45 20.9584 60.307 127.362 87.685
-838.825 387.762 20.975 60.305 127.366 87.67
-838.1 387.073 20.9916 60.305 127.366 87.67
-837.375 386.385 21.0081 60.302 127.371 87.669
-836.65 385.696 21.0247 60.298 127.374 87.672
-835.925 385.008 21.0413 60.296 127.376 87.671
-835.2 384.319 21.0579 60.295 127.377 87.672
-834.475 383.631 21.0745 60.294 127.376 87.674
-833.75 382.942 21.0911 60.294 127.376 87.674
-833.025 382.253 21.1077 60.293 127.376 87.671
-832.3 381.565 21.1243 60.292 127.376 87.669
-831.575 380.876 21.1409 60.291 127.377 87.667
-830.85 380.188 21.1574 60.291 127.375 87.664
-830.125 379.499 21.174 60.291 127.375 87.664
-829.4 378.811 21.1906 60.293 127.375 87.665
-828.675 378.122 21.2072 60.294 127.376 87.664
-827.95 377.433 21.2238 60.287 127.374 87.658
-827.225 376.745 21.2404 60.278 127.373 87.652
-826.5 376.056 21.257 60.278 127.373 87.652
-825.775 375.368 21.2736 60.273 127.374 87.643
-825.05 374.679 21.2902 60.273 127.374 87.643
-824.325 373.991 21.3068 60.273 127.374 87.643
-823.6 373.302 21.3233 60.273 127.374 87.643
-822.875 372.613 21.3399 60.273 127.374 87.643
-822.15 371.925 21.3565 60.273 127.374 87.643
-821.425 371.236 21.3731 60.273 127.374 87.643
-820.7 370.548 21.3897 60.273 127.374 87.643
-819.975 369.859 21.4063 60.273 127.374 87.643
-819.251 369.171 21.4229 60.273 127.374 87.643
-818.526 368.482 21.4395 60.273 127.374 87.643
-817.801 367.793 21.4561 60.273 127.374 87.643
6
-838.518 410.328 21.4719 36.436 139.757 72.97
-848.814 399.42 21.4719 60.236 127.357 87.634
-848.087 398.733 21.4854 60.236 127.357 87.634
-847.36 398.047 21.499 60.236 127.357 87.634
-846.633 397.361 21.5126 60.236 127.357 87.634
-845.906 396.674 21.5261 60.236 127.357 87.634
-845.179 395.988 21.5397 60.236 127.357 87.634
-844.452 395.302 21.5533 60.236 127.357 87.634
-843.724 394.615 21.5668 60.236 127.357 87.634
-842.997 393.929 21.5804 60.236 127.357 87.634
-842.27 393.242 21.594 60.236 127.357 87.634
-841.543 392.556 21.6075 60.273 127.36 87.667
-840.816 391.87 21.6211 60.293 127.359 87.678
-840.089 391.183 21.6347 60.293 127.359 87.678
-839.362 390.497 21.6482 60.303 127.359 87.68
-838.635 389.811 21.6618 60.306 127.364 87.679
-837.907 389.124 21.6754 60.304 127.365 87.665
-837.18 388.438 21.6889 60.304 127.365 87.665
-836.453 387.751 21.7025 60.3 127.371 87.664
-835.726 387.065 21.7161 60.296 127.373 87.665
-834.999 386.379 21.7296 60.293 127.375 87.665
-834.272 385.692 21.7432 60.292 127.376 87.669
-833.545 385.006 21.7568 60.291 127.375 87.668
-832.818 384.32 21.7703 60.292 127.376 87.667
-832.09 383.633 21.7839 60.292 127.376 87.667
-831.363 382.947 21.7974 60.29 127.376 87.666
-830.636 382.261 21.811 60.289 127.377 87.664
-829.909 381.574 21.8246 60.289 127.375 87.662
-829.182 380.888 21.8381 60.292 127.375 87.666
-828.455 380.201 21.8517 60.292 127.375 87.666
-827.728 379.515 21.8653 60.293 127.376 87.664
-827.001 378.829 21.8788 60.286 127.376 87.66
-826.273 378.142 21.8924 60.278 127.374 87.656
-825.546 377.456 21.906 60.273 127.375 87.648
-824.819 376.77 21.9195 60.271 127.375 87.638
-824.092 376.083 21.9331 60.271 127.375 87.638
-823.365 375.397 21.9467 60.271 127.375 87.638
-822.638 374.71 21.9602 60.271 127.375 87.638
-821.911 374.024 21.9738 60.271 127.375 87.638
-821.184 373.338 21.9874 60.271 127.375 87.638
-820.456 372.651 22.0009 60.271 127.375 87.638
-819.729 371.965 22.0145 60.271 127.375 87.638
-819.002 371.279 22.0281 60.271 127.375 87.638
-818.275 370.592 22.0416 60.271 127.375 87.638
-817.548 369.906 22.0552 60.271 127.375 87.638
-816.821 369.219 22.0688 60.271 127.375 87.638
-816.094 368.533 22.0823 60.271 127.375 87.638
7
-839.995 410.384 20.84 36.436 139.757 72.97
-850.099 399.297 20.84 60.234 127.359 87.636
-849.36 398.624 20.8599 60.234 127.359 87.636
-848.621 397.95 20.8799 60.234 127.359 87.636
-847.882 397.277 20.8998 60.234 127.359 87.636
-847.143 396.604 20.9197 60.234 127.359 87.636
-846.404 395.93 20.9397 60.234 127.359 87.636
-845.665 395.257 20.9596 60.234 127.359 87.636
-844.926 394.583 20.9796 60.234 127.359 87.636
-844.187 393.91 20.9995 60.234 127.359 87.636
-843.448 393.236 21.0194 60.234 127.359 87.636
-842.709 392.563 21.0394 60.234 127.359 87.636
-841.97 391.89 21.0593 60.271 127.359 87.667
-841.231 391.216 21.0792 60.271 127.359 87.667
-840.492 390.543 21.0992 60.302 127.358 87.684
-839.753 389.869 21.1191 60.302 127.358 87.684
-839.014 389.196 21.1391 60.306 127.362 87.686
-838.275 388.523 21.159 60.306 127.364 87.675
-837.536 387.849 21.1789 60.304 127.369 87.668
-836.797 387.176 21.1989 60.304 127.369 87.668
-836.058 386.502 21.2188 60.299 127.373 87.671
-835.319 385.829 21.2388 60.297 127.375 87.671
-834.58 385.155 21.2587 60.295 127.376 87.672
-833.841 384.482 21.2786 60.295 127.374 87.674
-833.102 383.809 21.2986 60.295 127.374 87.672
-832.363 383.135 21.3185 60.295 127.374 87.672
-831.624 382.462 21.3384 60.294 127.375 87.671
-830.885 381.788 21.3584 60.293 127.374 87.667
-830.146 381.115 21.3783 60.294 127.373 87.666
-829.407 380.442 21.3983 60.294 127.373 87.666
-828.668 379.768 21.4182 60.296 127.373 87.667
-827.929 379.095 21.4381 60.296 127.373 87.665
-827.19 378.421 21.4581 60.288 127.372 87.658
-826.451 377.748 21.478 60.279 127.372 87.652
-825.712 377.074 21.4979 60.279 127.372 87.652
-824.973 376.401 21.5179 60.273 127.371 87.64
-824.234 375.728 21.5378 60.273 127.371 87.64
-823.495 375.054 21.5578 60.273 127.371 87.64
-822.756 374.381 21.5777 60.273 127.371 87.64
-822.017 373.707 21.5976 60.273 127.371 87.64
-821.278 373.034 21.6176 60.273 127.371 87.64
-820.539 372.36 21.6375 60.273 127.371 87.64
-819.8 371.687 21.6574 60.273 127.371 87.64
-819.061 371.014 21.6774 60.273 127.371 87.64
-818.322 370.34 21.6973 60.273 127.371 87.64
-817.583 369.667 21.7173 60.273 127.371 87.64
-816.844 368.993 21.7372 60.273 127.371 87.64
8
-840.607 410.517 21.7371 36.436 139.757 72.97
-850.957 399.661 21.7371 60.235 127.358 87.635
-850.233 398.971 21.7633 60.235 127.358 87.635
-849.51 398.281 21.7895 60.235 127.358 87.635
-848.786 397.591 21.8156 60.235 127.358 87.635
-848.063 396.901 21.8418 60.235 127.358 87.635
-847.339 396.212 21.868 60.235 127.358 87.635
-846.616 395.522 21.8941 60.235 127.358 87.635
-845.892 394.832 21.9203 60.235 127.358 87.635
-845.169 394.142 21.9465 60.235 127.358 87.635
-844.445 393.453 21.9726 60.235 127.358 87.635
-843.721 392.763 21.9988 60.235 127.358 87.635
-842.998 392.073 22.0249 60.235 127.358 87.635
-842.274 391.383 22.0511 60.235 127.358 87.635
-841.551 390.693 22.0773 60.272 127.359 87.666
-840.827 390.004 22.1034 60.295 127.358 87.68
-840.104 389.314 22.1296 60.304 127.359 87.682
-839.38 388.624 22.1558 60.306 127.363 87.682
-838.657 387.934 22.1819 60.305 127.366 87.668
-837.933 387.244 22.2081 60.305 127.366 87.668
-837.21 386.555 22.2343 60.299 127.372 87.667
-836.486 385.865 22.2604 60.296 127.374 87.667
-835.763 385.175 22.2866 60.296 127.374 87.667
-835.039 384.485 22.3128 60.295 127.375 87.668
-834.315 383.796 22.3389 60.294 127.374 87.671
-833.592 383.106 22.3651 60.294 127.374 87.669
-832.868 382.416 22.3912 60.292 127.375 87.667
-832.145 381.726 22.4174 60.291 127.375 87.665
-831.421 381.036 22.4436 60.29 127.375 87.663
-830.698 380.347 22.4697 60.29 127.375 87.663
-829.974 379.657 22.4959 60.291 127.374 87.663
-829.251 378.967 22.5221 60.294 127.376 87.665
-828.527 378.277 22.5482 60.294 127.376 87.665
-827.804 377.587 22.5744 60.292 127.375 87.661
-827.08 376.898 22.6006 60.283 127.374 87.655
-826.356 376.208 22.6267 60.277 127.374 87.65
-825.633 375.518 22.6529 60.272 127.373 87.638
-824.909 374.828 22.679 60.272 127.373 87.638
-824.186 374.139 22.7052 60.272 127.373 87.638
-823.462 373.449 22.7314 60.272 127.373 87.638
-822.739 372.759 22.7575 60.272 127.373 87.638
-822.015 372.069 22.7837 60.272 127.373 87.638
-821.292 371.379 22.8099 60.272 127.373 87.638
-820.568 370.69 22.836 60.272 127.373 87.638
-819.845 370 22.8622 60.272 127.373 87.638
-819.121 369.31 22.8884 60.272 127.373 87.638
-818.398 368.62 22.9145 60.272 127.373 87.638
9
-839.914 412.074 21.3519 36.436 139.757 72.97
-850.204 401.16 21.3519 60.234 127.357 87.634
-849.477 400.474 21.3614 60.234 127.357 87.634
-848.749 399.788 21.3709 60.234 127.357 87.634
-848.022 399.102 21.3804 60.234 127.357 87.634
-847.294 398.416 21.3899 60.234 127.357 87.634
-846.566 397.73 21.3994 60.234 127.357 87.634
-845.839 397.044 21.4089 60.234 127.357 87.634
-845.111 396.358 21.4184 60.234 127.357 87.634
-844.384 395.672 21.4279 60.234 127.357 87.634
-843.656 394.986 21.4374 60.234 127.357 87.634
-842.929 394.3 21.4469 60.234 127.357 87.634
-842.201 393.615 21.4564 60.234 127.357 87.634
-841.473 392.929 21.4659 60.234 127.357 87.634
-840.746 392.243 21.4754 60.274 127.359 87.668
-840.018 391.557 21.4849 60.294 127.358 87.68
-839.291 390.871 21.4944 60.304 127.357 87.683
-838.563 390.185 21.5039 60.307 127.36 87.682
-837.836 389.499 21.5134 60.306 127.364 87.67
-837.108 388.813 21.5229 60.306 127.364 87.67
-836.38 388.127 21.5324 60.303 127.368 87.665
-835.653 387.441 21.542 60.298 127.372 87.667
-834.925 386.755 21.5515 60.296 127.374 87.667
-834.198 386.069 21.561 60.295 127.376 87.668
-833.47 385.383 21.5705 60.295 127.375 87.673
-832.743 384.697 21.58 60.295 127.375 87.67
-832.015 384.011 21.5895 60.294 127.375 87.667
-831.287 383.325 21.599 60.292 127.376 87.666
-830.56 382.639 21.6085 60.292 127.376 87.666
-829.832 381.953 21.618 60.291 127.375 87.664
-829.105 381.267 21.6275 60.291 127.374 87.663
-828.377 380.581 21.637 60.294 127.375 87.665
-827.65 379.895 21.6465 60.294 127.376 87.663
-826.922 379.209 21.656 60.294 127.376 87.663
-826.194 378.523 21.6655 60.284 127.374 87.656
-825.467 377.837 21.675 60.274 127.374 87.648
-824.739 377.151 21.6845 60.274 127.374 87.648
-824.012 376.465 21.694 60.274 127.374 87.648
-823.284 375.779 21.7035 60.274 127.374 87.648
-822.557 375.094 21.713 60.274 127.374 87.648
-821.829 374.408 21.7225 60.274 127.374 87.648
-821.101 373.722 21.7321 60.274 127.374 87.648
-820.374 373.036 21.7416 60.274 127.374 87.648
-819.646 372.35 21.7511 60.274 127.374 87.648
-818.919 371.664 21.7606 60.274 127.374 87.648
-818.191 370.978 21.7701 60.274 127.374 87.648
-817.463 370.292 21.7796 60.274 127.374 87.648
10
-839.395 411.308 21.3081 36.436 139.757 72.97
-849.625 400.337 21.3081 60.234 127.358 87.635
-848.893 399.655 21.3129 60.234 127.358 87.635
-848.162 398.973 21.3178 60.234 127.358 87.635
-847.43 398.291 21.3226 60.234 127.358 87.635
-846.699 397.609 21.3274 60.234 127.358 87.635
-845.968 396.927 21.3322 60.234 127.358 87.635
-845.236 396.245 21.337 60.234 127.358 87.635
-844.505 395.563 21.3418 60.234 127.358 87.635
-843.774 394.881 21.3466 60.234 127.358 87.635
-843.042 394.199 21.3514 60.234 127.358 87.635
-842.311 393.517 21.3562 60.234 127.358 87.635
-841.58 392.836 21.361 60.234 127.358 87.635
-840.848 392.154 21.3658 60.275 127.36 87.668
-840.117 391.472 21.3706 60.295 127.36 87.68
-839.386 390.79 21.3754 60.304 127.359 87.683
-838.654 390.108 21.3802 60.308 127.362 87.685
-837.923 389.426 21.3851 60.308 127.364 87.676
-837.191 388.744 21.3899 60.305 127.367 87.665
-836.46 388.062 21.3947 60.299 127.371 87.669
-835.729 387.38 21.3995 60.299 127.371 87.669
-834.997 386.698 21.4043 60.296 127.373 87.669
-834.266 386.016 21.4091 60.294 127.374 87.67
-833.535 385.334 21.4139 60.293 127.374 87.673
-832.803 384.652 21.4187 60.293 127.374 87.673
-832.072 383.97 21.4235 60.293 127.374 87.671
-831.341 383.288 21.4283 60.293 127.374 87.669
-830.609 382.606 21.4331 60.292 127.374 87.666
-829.878 381.924 21.4379 60.292 127.374 87.666
-829.147 381.242 21.4427 60.293 127.372 87.666
-828.415 380.56 21.4476 60.296 127.373 87.666
-827.684 379.878 21.4524 60.296 127.373 87.666
-826.952 379.196 21.4572 60.291 127.372 87.662
-826.221 378.514 21.462 60.28 127.372 87.654
-825.49 377.832 21.4668 60.28 127.372 87.654
-824.758 377.15 21.4716 60.275 127.373 87.644
-824.027 376.468 21.4764 60.275 127.373 87.644
-823.296 375.786 21.4812 60.275 127.373 87.644
-822.564 375.104 21.486 60.275 127.373 87.644
-821.833 374.422 21.4908 60.275 127.373 87.644
-821.102 373.74 21.4956 60.275 127.373 87.644
-820.37 373.058 21.5004 60.275 127.373 87.644
-819.639 372.376 21.5052 60.275 127.373 87.644
-818.908 371.694 21.51 60.275 127.373 87.644
-818.176 371.012 21.5149 60.275 127.373 87.644
-817.445 370.33 21.5197 60.275 127.373 87.644
-816.713 369.648 21.5245 60.275 127.373 87.644
11
-838.006 411.672 20.9518 36.436 139.757 72.97
-848.068 400.547 20.9518 60.234 127.358 87.636
-847.326 399.877 20.9665 60.234 127.358 87.636
-846.585 399.206 20.9813 60.234 127.358 87.636
-845.843 398.535 20.996 60.234 127.358 87.636
-845.102 397.865 21.0108 60.234 127.358 87.636
-844.36 397.194 21.0255 60.234 127.358 87.636
-843.618 396.523 21.0402 60.234 127.358 87.636
-842.877 395.852 21.055 60.234 127.358 87.636
-842.135 395.182 21.0697 60.234 127.358 87.636
-841.394 394.511 21.0844 60.234 127.358 87.636
-840.652 393.84 21.0992 60.275 127.36 87.67
-839.911 393.169 21.1139 60.297 127.359 87.682
-839.169 392.499 21.1286 60.305 127.359 87.684
-838.428 391.828 21.1434 60.308 127.362 87.685
-837.686 391.157 21.1581 60.308 127.362 87.685
-836.944 390.486 21.1728 60.308 127.364 87.676
-836.203 389.816 21.1876 60.304 127.369 87.667
-835.461 389.145 21.2023 60.3 127.372 87.67
-834.72 388.474 21.217 60.296 127.374 87.669
-833.978 387.804 21.2318 60.296 127.374 87.669
-833.237 387.133 21.2465 60.295 127.375 87.672
-832.495 386.462 21.2612 60.293 127.374 87.674
-831.754 385.791 21.276 60.293 127.375 87.671
-831.012 385.121 21.2907 60.293 127.375 87.671
-830.271 384.45 21.3054 60.291 127.376 87.668
-829.529 383.779 21.3202 60.29 127.374 87.664
-828.787 383.108 21.3349 60.29 127.374 87.664
-828.046 382.438 21.3496 60.292 127.374 87.666
-827.304 381.767 21.3644 60.295 127.375 87.666
-826.563 381.096 21.3791 60.295 127.375 87.666
-825.821 380.425 21.3938 60.289 127.374 87.659
-825.08 379.755 21.4086 60.289 127.374 87.659
-824.338 379.084 21.4233 60.272 127.373 87.643
-823.597 378.413 21.438 60.272 127.373 87.643
-822.855 377.742 21.4528 60.272 127.373 87.643
-822.113 377.072 21.4675 60.272 127.373 87.643
-821.372 376.401 21.4822 60.272 127.373 87.643
-820.63 375.73 21.497 60.272 127.373 87.643
-819.889 375.06 21.5117 60.272 127.373 87.643
-819.147 374.389 21.5264 60.272 127.373 87.643
-818.406 373.718 21.5412 60.272 127.373 87.643
-817.664 373.047 21.5559 60.272 127.373 87.643
-816.923 372.377 21.5706 60.272 127.373 87.643
-816.181 371.706 21.5854 60.272 127.373 87.643
-815.439 371.035 21.6001 60.272 127.373 87.643
-814.698 370.364 21.6148 60.272 127.373 87.643
12
-839.82 410.972 20.7514 36.436 139.757 72.97
-850.136 400.082 20.7514 60.235 127.359 87.638
-849.41 399.394 20.7705 60.235 127.359 87.638
-848.684 398.707 20.7897 60.235 127.359 87.638
-847.959 398.019 20.8089 60.235 127.359 87.638
-847.233 397.332 20.8281 60.235 127.359 87.638
-846.507 396.644 20.8472 60.235 127.359 87.638
-845.781 395.956 20.8664 60.235 127.359 87.638
-845.055 395.269 20.8856 60.235 127.359 87.638
-844.329 394.581 20.9047 60.235 127.359 87.638
-843.604 393.894 20.9239 60.235 127.359 87.638
-842.878 393.206 20.9431 60.235 127.359 87.638
-842.152 392.518 20.9623 60.235 127.359 87.638
-841.426 391.831 20.9814 60.273 127.36 87.67
-840.7 391.143 21.0006 60.296 127.359 87.682
-839.974 390.456 21.0198 60.304 127.36 87.685
-839.248 389.768 21.0389 60.304 127.36 87.685
-838.523 389.08 21.0581 60.307 127.364 87.683
-837.797 388.393 21.0773 60.305 127.366 87.668
-837.071 387.705 21.0965 60.302 127.373 87.671
-836.345 387.018 21.1156 60.302 127.373 87.671
-835.619 386.33 21.1348 60.299 127.375 87.671
-834.893 385.642 21.154 60.296 127.377 87.671
-834.168 384.955 21.1731 60.295 127.377 87.674
-833.442 384.267 21.1923 60.294 127.375 87.673
-832.716 383.58 21.2115 60.293 127.375 87.669
-831.99 382.892 21.2307 60.293 127.375 87.669
-831.264 382.204 21.2498 60.292 127.377 87.67
-830.538 381.517 21.269 60.291 127.376 87.666
-829.813 380.829 21.2882 60.292 127.374 87.665
-829.087 380.142 21.3073 60.292 127.374 87.665
-828.361 379.454 21.3265 60.296 127.376 87.666
-827.635 378.766 21.3457 60.293 127.376 87.663
-826.909 378.079 21.3649 60.283 127.374 87.656
-826.183 377.391 21.384 60.275 127.373 87.648
-825.458 376.704 21.4032 60.275 127.373 87.648
-824.732 376.016 21.4224 60.271 127.372 87.637
-824.006 375.328 21.4416 60.271 127.372 87.637
-823.28 374.641 21.4607 60.271 127.372 87.637
-822.554 373.953 21.4799 60.271 127.372 87.637
-821.828 373.266 21.4991 60.271 127.372 87.637
-821.103 372.578 21.5182 60.271 127.372 87.637
-820.377 371.89 21.5374 60.271 127.372 87.637
-819.651 371.203 21.5566 60.271 127.372 87.637
-818.925 370.515 21.5758 60.271 127.372 87.637
-818.199 369.828 21.5949 60.271 127.372 87.637
-817.473 369.14 21.6141 60.271 127.372 87.637
13
-837.14 412.932 21.5553 36.436 139.757 72.97
-847.365 401.956 21.5553 60.235 127.357 87.634
-846.633 401.275 21.5752 60.235 127.357 87.634
-845.902 400.593 21.5952 60.235 127.357 87.634
-845.17 399.912 21.6152 60.235 127.357 87.634
-844.439 399.23 21.6351 60.235 127.357 87.634
-843.707 398.549 21.6551 60.235 127.357 87.634
-842.976 397.867 21.6751 60.235 127.357 87.634
-842.244 397.186 21.695 60.235 127.357 87.634
-841.513 396.504 21.715 60.235 127.357 87.634
-840.781 395.823 21.735 60.235 127.357 87.634
-840.05 395.141 21.7549 60.274 127.359 87.668
-839.318 394.46 21.7749 60.293 127.359 87.68
-838.587 393.778 21.7949 60.303 127.358 87.681
-837.855 393.097 21.8148 60.303 127.358 87.681
-837.123 392.415 21.8348 60.306 127.362 87.681
-836.392 391.734 21.8548 60.305 127.365 87.672
-835.66 391.052 21.8747 60.302 127.369 87.663
-834.929 390.371 21.8947 60.298 127.373 87.667
-834.197 389.689 21.9147 60.298 127.373 87.667
-833.466 389.008 21.9346 60.294 127.375 87.667
-832.734 388.326 21.9546 60.294 127.376 87.67
-832.003 387.645 21.9746 60.293 127.375 87.67
-831.271 386.963 21.9945 60.292 127.375 87.667
-830.54 386.282 22.0145 60.292 127.375 87.667
-829.808 385.6 22.0345 60.291 127.376 87.668
-829.077 384.919 22.0544 60.29 127.377 87.666
-828.345 384.237 22.0744 60.291 127.375 87.665
-827.613 383.556 22.0944 60.293 127.375 87.666
-826.882 382.874 22.1143 60.296 127.376 87.667
-826.15 382.193 22.1343 60.292 127.375 87.665
-825.419 381.511 22.1543 60.292 127.375 87.665
-824.687 380.83 22.1742 60.282 127.373 87.657
-823.956 380.148 22.1942 60.276 127.374 87.653
-823.224 379.467 22.2142 60.272 127.374 87.639
-822.493 378.785 22.2341 60.272 127.374 87.639
-821.761 378.104 22.2541 60.272 127.374 87.639
-821.03 377.422 22.2741 60.272 127.374 87.639
-820.298 376.741 22.294 60.272 127.374 87.639
-819.567 376.059 22.314 60.272 127.374 87.639
-818.835 375.378 22.334 60.272 127.374 87.639
-818.103 374.696 22.3539 60.272 127.374 87.639
-817.372 374.015 22.3739 60.272 127.374 87.639
-816.64 373.333 22.3939 60.272 127.374 87.639
-815.909 372.651 22.4138 60.272 127.374 87.639
-815.177 371.97 22.4338 60.272 127.374 87.639
-814.446 371.288 22.4538 60.272 127.374 87.639
14
-839.592 410.809 21.4165 36.436 139.757 72.97
-849.986 399.994 21.4165 60.235 127.359 87.637
-849.265 399.301 21.4434 60.235 127.359 87.637
-848.545 398.609 21.4704 60.235 127.359 87.637
-847.824 397.916 21.4973 60.235 127.359 87.637
-847.103 397.223 21.5242 60.235 127.359 87.637
-846.383 396.531 21.5511 60.235 127.359 87.637
-845.662 395.838 21.578 60.235 127.359 87.637
-844.941 395.145 21.6049 60.235 127.359 87.637
-844.22 394.453 21.6319 60.235 127.359 87.637
-843.5 393.76 21.6588 60.235 127.359 87.637
-842.779 393.067 21.6857 60.235 127.359 87.637
-842.058 392.375 21.7126 60.235 127.359 87.637
-841.337 391.682 21.7395 60.271 127.359 87.667
-840.617 390.989 21.7664 60.294 127.358 87.682
-839.896 390.296 21.7934 60.303 127.359 87.685
-839.175 389.604 21.8203 60.306 127.363 87.684
-838.455 388.911 21.8472 60.306 127.363 87.684
-837.734 388.218 21.8741 60.305 127.365 87.67
-837.013 387.526 21.901 60.301 127.373 87.67
-836.292 386.833 21.9279 60.301 127.373 87.67
-835.572 386.14 21.9548 60.297 127.374 87.671
-834.851 385.448 21.9818 60.295 127.376 87.672
-834.13 384.755 22.0087 60.294 127.376 87.676
-833.409 384.062 22.0356 60.293 127.375 87.673
-832.689 383.369 22.0625 60.293 127.376 87.67
-831.968 382.677 22.0894 60.293 127.376 87.67
-831.247 381.984 22.1163 60.291 127.376 87.667
-830.527 381.291 22.1433 60.29 127.375 87.665
-829.806 380.599 22.1702 60.291 127.373 87.665
-829.085 379.906 22.1971 60.291 127.373 87.665
-828.364 379.213 22.224 60.295 127.375 87.664
-827.644 378.521 22.2509 60.295 127.375 87.664
-826.923 377.828 22.2778 60.282 127.373 87.654
-826.202 377.135 22.3047 60.275 127.374 87.649
-825.481 376.443 22.3317 60.275 127.374 87.649
-824.761 375.75 22.3586 60.271 127.373 87.634
-824.04 375.057 22.3855 60.271 127.373 87.634
-823.319 374.364 22.4124 60.271 127.373 87.634
-822.599 373.672 22.4393 60.271 127.373 87.634
-821.878 372.979 22.4662 60.271 127.373 87.634
-821.157 372.286 22.4932 60.271 127.373 87.634
-820.436 371.594 22.5201 60.271 127.373 87.634
-819.716 370.901 22.547 60.271 127.373 87.634
-818.995 370.208 22.5739 60.271 127.373 87.634
-818.274 369.516 22.6008 60.271 127.373 87.634
-817.553 368.823 22.6277 60.271 127.373 87.634
15
-840.158 410.817 20.5203 36.436 139.757 72.97
-850.345 399.807 20.5203 60.235 127.358 87.636
-849.611 399.128 20.5326 60.235 127.358 87.636
-848.877 398.449 20.5448 60.235 127.358 87.636
-848.143 397.77 20.557 60.235 127.358 87.636
-847.41 397.091 20.5692 60.235 127.358 87.636
-846.676 396.412 20.5814 60.235 127.358 87.636
-845.942 395.733 20.5936 60.235 127.358 87.636
-845.208 395.054 20.6059 60.235 127.358 87.636
-844.474 394.375 20.6181 60.235 127.358 87.636
-843.74 393.696 20.6303 60.235 127.358 87.636
-843.006 393.016 20.6425 60.235 127.358 87.636
-842.272 392.337 20.6547 60.235 127.358 87.636
-841.538 391.658 20.6669 60.274 127.359 87.67
-840.804 390.979 20.6792 60.294 127.358 87.681
-840.07 390.3 20.6914 60.302 127.358 87.685
-839.336 389.621 20.7036 60.305 127.362 87.684
-838.602 388.942 20.7158 60.304 127.365 87.677
-837.868 388.263 20.728 60.304 127.365 87.677
-837.134 387.584 20.7402 60.302 127.368 87.667
-836.4 386.905 20.7525 60.298 127.375 87.671
-835.666 386.225 20.7647 60.296 127.377 87.671
-834.932 385.546 20.7769 60.296 127.377 87.671
-834.199 384.867 20.7891 60.294 127.378 87.675
-833.465 384.188 20.8013 60.293 127.376 87.673
-832.731 383.509 20.8136 60.292 127.376 87.669
-831.997 382.83 20.8258 60.292 127.376 87.669
-831.263 382.151 20.838 60.291 127.377 87.668
-830.529 381.472 20.8502 60.29 127.376 87.664
-829.795 380.793 20.8624 60.291 127.375 87.664
-829.061 380.114 20.8746 60.294 127.375 87.665
-828.327 379.434 20.8869 60.294 127.375 87.665
-827.593 378.755 20.8991 60.293 127.375 87.663
-826.859 378.076 20.9113 60.286 127.375 87.658
-826.125 377.397 20.9235 60.279 127.373 87.652
-825.391 376.718 20.9357 60.272 127.373 87.639
-824.657 376.039 20.9479 60.272 127.373 87.639
-823.923 375.36 20.9602 60.272 127.373 87.639
-823.189 374.681 20.9724 60.272 127.373 87.639
-822.455 374.002 20.9846 60.272 127.373 87.639
-821.721 373.322 20.9968 60.272 127.373 87.639
-820.988 372.643 21.009 60.272 127.373 87.639
-820.254 371.964 21.0212 60.272 127.373 87.639
-819.52 371.285 21.0335 60.272 127.373 87.639
-818.786 370.606 21.0457 60.272 127.373 87.639
-818.052 369.927 21.0579 60.272 127.373 87.639
-817.318 369.248 21.0701 60.272 127.373 87.639
16
-839.543 411.586 20.8326 36.436 139.757 72.97
-849.779 400.621 20.8326 60.236 127.359 87.638
-849.048 399.938 20.8445 60.236 127.359 87.638
-848.317 399.256 20.8564 60.236 127.359 87.638
-847.586 398.574 20.8682 60.236 127.359 87.638
-846.855 397.891 20.8801 60.236 127.359 87.638
-846.124 397.209 20.892 60.236 127.359 87.638
-845.393 396.527 20.9039 60.236 127.359 87.638
-844.662 395.844 20.9157 60.236 127.359 87.638
-843.931 395.162 20.9276 60.236 127.359 87.638
-843.2 394.48 20.9395 60.236 127.359 87.638
-842.469 393.797 20.9513 60.236 127.359 87.638
-841.738 393.115 20.9632 60.236 127.359 87.638
-841.007 392.433 20.9751 60.277 127.359 87.671
-840.276 391.751 20.987 60.298 127.358 87.681
-839.545 391.068 20.9988 60.298 127.358 87.681
-838.814 390.386 21.0107 60.304 127.361 87.685
-838.083 389.704 21.0226 60.305 127.365 87.679
-837.352 389.021 21.0344 60.303 127.368 87.668
-836.621 388.339 21.0463 60.3 127.373 87.67
-835.89 387.657 21.0582 60.3 127.373 87.67
-835.159 386.974 21.0701 60.297 127.374 87.669
-834.428 386.292 21.0819 60.295 127.377 87.672
-833.698 385.61 21.0938 60.294 127.376 87.675
-832.967 384.927 21.1057 60.293 127.375 87.672
-832.236 384.245 21.1175 60.292 127.376 87.668
-831.505 383.563 21.1294 60.292 127.376 87.668
-830.774 382.88 21.1413 60.291 127.376 87.668
-830.043 382.198 21.1531 60.29 127.376 87.665
-829.312 381.516 21.165 60.291 127.374 87.665
-828.581 380.833 21.1769 60.295 127.375 87.665
-827.85 380.151 21.1888 60.295 127.375 87.665
-827.119 379.469 21.2006 60.292 127.375 87.662
-826.388 378.787 21.2125 60.282 127.373 87.654
-825.657 378.104 21.2244 60.276 127.373 87.649
-824.926 377.422 21.2362 60.276 127.373 87.649
-824.195 376.74 21.2481 60.271 127.372 87.636
-823.464 376.057 21.26 60.271 127.372 87.636
-822.733 375.375 21.2719 60.271 127.372 87.636
-822.002 374.693 21.2837 60.271 127.372 87.636
-821.271 374.01 21.2956 60.271 127.372 87.636
-820.54 373.328 21.3075 60.271 127.372 87.636
-819.809 372.646 21.3193 60.271 127.372 87.636
-819.078 371.963 21.3312 60.271 127.372 87.636
-818.347 371.281 21.3431 60.271 127.372 87.636
-817.616 370.599 21.355 60.271 127.372 87.636
-816.885 369.916 21.3668 60.271 127.372 87.636
17
-838.212 408.394 20.0518 36.436 139.757 72.97
-848.695 397.665 20.0518 60.233 127.355 87.634
-847.98 396.967 20.0679 60.233 127.355 87.634
-847.265 396.268 20.0841 60.233 127.355 87.634
-846.549 395.569 20.1003 60.233 127.355 87.634
-845.834 394.87 20.1165 60.233 127.355 87.634
-845.119 394.171 20.1326 60.233 127.355 87.634
-844.404 393.473 20.1488 60.233 127.355 87.634
-843.689 392.774 20.165 60.233 127.355 87.634
-842.974 392.075 20.1811 60.233 127.355 87.634
-842.259 391.376 20.1973 60.233 127.355 87.634
-841.543 390.677 20.2135 60.272 127.357 87.666
-840.828 389.979 20.2296 60.289 127.356 87.675
-840.113 389.28 20.2458 60.298 127.358 87.678
-839.398 388.581 20.262 60.301 127.363 87.679
-838.683 387.882 20.2781 60.301 127.363 87.679
-837.968 387.184 20.2943 60.301 127.366 87.669
-837.252 386.485 20.3105 60.3 127.372 87.669
-836.537 385.786 20.3266 60.3 127.376 87.669
-835.822 385.087 20.3428 60.299 127.378 87.67
-835.107 384.388 20.359 60.299 127.377 87.672
-834.392 383.69 20.3751 60.299 127.377 87.672
-833.677 382.991 20.3913 60.297 127.375 87.669
-832.962 382.292 20.4075 60.293 127.374 87.665
-832.246 381.593 20.4237 60.292 127.374 87.664
-831.531 380.895 20.4398 60.292 127.374 87.664
-830.816 380.196 20.456 60.294 127.375 87.664
-830.101 379.497 20.4722 60.296 127.375 87.662
-829.386 378.798 20.4883 60.297 127.375 87.662
-828.671 378.099 20.5045 60.294 127.375 87.661
-827.956 377.401 20.5207 60.294 127.375 87.661
-827.24 376.702 20.5368 60.287 127.376 87.656
-826.525 376.003 20.553 60.283 127.374 87.652
-825.81 375.304 20.5692 60.277 127.372 87.643
-825.095 374.605 20.5853 60.277 127.372 87.643
-824.38 373.907 20.6015 60.277 127.372 87.643
-823.665 373.208 20.6177 60.277 127.372 87.643
-822.949 372.509 20.6338 60.277 127.372 87.643
-822.234 371.81 20.65 60.277 127.372 87.643
-821.519 371.112 20.6662 60.277 127.372 87.643
-820.804 370.413 20.6823 60.277 127.372 87.643
-820.089 369.714 20.6985 60.277 127.372 87.643
-819.374 369.015 20.7147 60.277 127.372 87.643
-818.659 368.316 20.7309 60.277 127.372 87.643
-817.943 367.618 20.747 60.277 127.372 87.643
-817.228 366.919 20.7632 60.277 127.372 87.643
-816.513 366.22 20.7794 60.277 127.372 87.643
18
-839.618 409.181 22.2294 36.436 139.757 72.97
-849.887 398.247 22.2294 60.234 127.357 87.634
-849.158 397.562 22.2558 60.234 127.357 87.634
-848.43 396.878 22.2821 60.234 127.357 87.634
-847.701 396.193 22.3085 60.234 127.357 87.634
-846.972 395.509 22.3348 60.234 127.357 87.634
-846.243 394.825 22.3612 60.234 127.357 87.634
-845.515 394.14 22.3875 60.234 127.357 87.634
-844.786 393.456 22.4139 60.234 127.357 87.634
-844.057 392.772 22.4402 60.234 127.357 87.634
-843.329 392.087 22.4666 60.234 127.357 87.634
-842.6 391.403 22.4929 60.234 127.357 87.634
-841.871 390.719 22.5193 60.272 127.358 87.666
-841.143 390.034 22.5456 60.291 127.357 87.677
-840.414 389.35 22.572 60.301 127.357 87.681
-839.685 388.666 22.5983 60.303 127.361 87.681
-838.957 387.981 22.6247 60.304 127.364 87.676
-838.228 387.297 22.651 60.303 127.368 87.668
-837.499 386.613 22.6774 60.303 127.368 87.668
-836.771 385.928 22.7037 60.302 127.376 87.673
-836.042 385.244 22.7301 60.3 127.378 87.673
-835.313 384.56 22.7564 60.298 127.378 87.673
-834.585 383.875 22.7828 60.297 127.377 87.674
-833.856 383.191 22.8091 60.296 127.376 87.67
-833.127 382.507 22.8355 60.295 127.376 87.669
-832.398 381.822 22.8618 60.295 127.376 87.669
-831.67 381.138 22.8882 60.293 127.377 87.668
-830.941 380.454 22.9145 60.291 127.376 87.665
-830.212 379.769 22.9409 60.294 127.376 87.666
-829.484 379.085 22.9672 60.294 127.376 87.666
-828.755 378.401 22.9936 60.297 127.377 87.667
-828.026 377.716 23.0199 60.291 127.376 87.663
-827.298 377.032 23.0463 60.282 127.374 87.656
-826.569 376.348 23.0726 60.282 127.374 87.656
-825.84 375.663 23.099 60.275 127.374 87.651
-825.112 374.979 23.1253 60.27 127.375 87.641
-824.383 374.294 23.1517 60.27 127.375 87.641
-823.654 373.61 23.178 60.27 127.375 87.641
-822.926 372.926 23.2044 60.27 127.375 87.641
-822.197 372.241 23.2307 60.27 127.375 87.641
-821.468 371.557 23.2571 60.27 127.375 87.641
-820.74 370.873 23.2834 60.27 127.375 87.641
-820.011 370.188 23.3098 60.27 127.375 87.641
-819.282 369.504 23.3361 60.27 127.375 87.641
-818.553 368.82 23.3625 60.27 127.375 87.641
-817.825 368.135 23.3888 60.27 127.375 87.641
-817.096 367.451 23.4152 60.27 127.375 87.641
19
-840.646 409.018 22.3236 36.436 139.757 72.97
-851.177 398.336 22.3236 60.235 127.357 87.635
-850.465 397.634 22.3392 60.235 127.357 87.635
-849.753 396.932 22.3548 60.235 127.357 87.635
-849.04 396.23 22.3704 60.235 127.357 87.635
-848.328 395.528 22.386 60.235 127.357 87.635
-847.616 394.826 22.4016 60.235 127.357 87.635
-846.904 394.124 22.4171 60.235 127.357 87.635
-846.192 393.422 22.4327 60.235 127.357 87.635
-845.48 392.72 22.4483 60.235 127.357 87.635
-844.768 392.018 22.4639 60.235 127.357 87.635
-844.056 391.316 22.4795 60.235 127.357 87.635
-843.344 390.614 22.4951 60.235 127.357 87.635
-842.632 389.912 22.5107 60.271 127.357 87.665
-841.92 389.21 22.5263 60.291 127.356 87.677
-841.208 388.508 22.5419 60.299 127.357 87.68
-840.496 387.807 22.5575 60.299 127.357 87.68
-839.784 387.105 22.573 60.303 127.361 87.68
-839.072 386.403 22.5886 60.303 127.365 87.673
-838.36 385.701 22.6042 60.302 127.369 87.669
-837.648 384.999 22.6198 60.301 127.376 87.673
-836.936 384.297 22.6354 60.3 127.378 87.672
-836.224 383.595 22.651 60.3 127.378 87.672
-835.512 382.893 22.6666 60.298 127.379 87.674
-834.8 382.191 22.6822 60.297 127.378 87.673
-834.088 381.489 22.6978 60.296 127.376 87.669
-833.376 380.787 22.7134 60.295 127.376 87.67
-832.664 380.085 22.7289 60.293 127.377 87.668
-831.952 379.383 22.7445 60.292 127.376 87.665
-831.24 378.681 22.7601 60.292 127.376 87.665
-830.528 377.979 22.7757 60.294 127.376 87.667
-829.816 377.277 22.7913 60.297 127.377 87.668
-829.104 376.575 22.8069 60.293 127.377 87.664
-828.392 375.873 22.8225 60.285 127.375 87.658
-827.68 375.171 22.8381 60.285 127.375 87.658
-826.968 374.469 22.8537 60.276 127.374 87.652
-826.256 373.767 22.8693 60.271 127.374 87.641
-825.544 373.065 22.8849 60.271 127.374 87.641
-824.832 372.363 22.9004 60.271 127.374 87.641
-824.12 371.661 22.916 60.271 127.374 87.641
-823.408 370.959 22.9316 60.271 127.374 87.641
-822.695 370.257 22.9472 60.271 127.374 87.641
-821.983 369.555 22.9628 60.271 127.374 87.641
-821.271 368.853 22.9784 60.271 127.374 87.641
-820.559 368.151 22.994 60.271 127.374 87.641
-819.847 367.449 23.0096 60.271 127.374 87.641
-819.135 366.747 23.0252 60.271 127.374 87.641
20
-839.89 412.143 21.2696 36.436 139.757 72.97
-850.104 401.158 21.2696 60.234 127.356 87.636
-849.372 400.477 21.281 60.234 127.356 87.636
-848.64 399.796 21.2924 60.234 127.356 87.636
-847.907 399.115 21.3037 60.234 127.356 87.636
-847.175 398.434 21.3151 60.234 127.356 87.636
-846.443 397.753 21.3265 60.234 127.356 87.636
-845.711 397.072 21.3379 60.234 127.356 87.636
-844.978 396.392 21.3493 60.234 127.356 87.636
-844.246 395.711 21.3606 60.234 127.356 87.636
-843.514 395.03 21.372 60.234 127.356 87.636
-842.781 394.349 21.3834 60.234 127.356 87.636
-842.049 393.668 21.3948 60.234 127.356 87.636
-841.317 392.987 21.4061 60.271 127.358 87.667
-840.585 392.306 21.4175 60.289 127.357 87.678
-839.852 391.625 21.4289 60.298 127.357 87.681
-839.12 390.944 21.4403 60.298 127.357 87.681
-838.388 390.263 21.4517 60.301 127.36 87.682
-837.656 389.582 21.463 60.302 127.364 87.68
-836.923 388.901 21.4744 60.302 127.367 87.67
-836.191 388.221 21.4858 60.301 127.375 87.674
-835.459 387.54 21.4972 60.301 127.375 87.674
-834.726 386.859 21.5085 60.301 127.381 87.674
-833.994 386.178 21.5199 60.299 127.381 87.676
-833.262 385.497 21.5313 60.299 127.379 87.674
-832.53 384.816 21.5427 60.298 127.378 87.671
-831.797 384.135 21.5541 60.296 127.377 87.668
-831.065 383.454 21.5654 60.293 127.377 87.667
-830.333 382.773 21.5768 60.293 127.377 87.667
-829.6 382.092 21.5882 60.293 127.375 87.664
-828.868 381.411 21.5996 60.296 127.376 87.666
-828.136 380.731 21.6109 60.299 127.377 87.666
-827.404 380.05 21.6223 60.299 127.377 87.666
-826.671 379.369 21.6337 60.292 127.375 87.66
-825.939 378.688 21.6451 60.282 127.373 87.653
-825.207 378.007 21.6565 60.274 127.373 87.645
-824.475 377.326 21.6678 60.274 127.373 87.645
-823.742 376.645 21.6792 60.274 127.373 87.645
-823.01 375.964 21.6906 60.274 127.373 87.645
-822.278 375.283 21.702 60.274 127.373 87.645
-821.545 374.602 21.7133 60.274 127.373 87.645
-820.813 373.921 21.7247 60.274 127.373 87.645
-820.081 373.24 21.7361 60.274 127.373 87.645
-819.349 372.56 21.7475 60.274 127.373 87.645
-818.616 371.879 21.7589 60.274 127.373 87.645
-817.884 371.198 21.7702 60.274 127.373 87.645
-817.152 370.517 21.7816 60.274 127.373 87.645
21
-838.674 410.739 21.5878 36.436 139.757 72.97
-848.854 399.721 21.5878 60.234 127.355 87.633
-848.119 399.043 21.5967 60.234 127.355 87.633
-847.385 398.364 21.6055 60.234 127.355 87.633
-846.65 397.686 21.6143 60.234 127.355 87.633
-845.916 397.007 21.6232 60.234 127.355 87.633
-845.181 396.329 21.632 60.234 127.355 87.633
-844.447 395.65 21.6408 60.234 127.355 87.633
-843.712 394.971 21.6497 60.234 127.355 87.633
-842.978 394.293 21.6585 60.234 127.355 87.633
-842.243 393.614 21.6674 60.234 127.355 87.633
-841.509 392.936 21.6762 60.234 127.355 87.633
-840.774 392.257 21.685 60.273 127.357 87.667
-840.04 391.578 21.6939 60.291 127.357 87.678
-839.305 390.9 21.7027 60.299 127.357 87.682
-838.571 390.221 21.7115 60.303 127.36 87.683
-837.836 389.543 21.7204 60.303 127.365 87.673
-837.102 388.864 21.7292 60.303 127.365 87.673
-836.368 388.186 21.738 60.302 127.371 87.672
-835.633 387.507 21.7469 60.301 127.378 87.673
-834.899 386.828 21.7557 60.3 127.38 87.674
-834.164 386.15 21.7645 60.299 127.38 87.677
-833.43 385.471 21.7734 60.299 127.38 87.677
-832.695 384.793 21.7822 60.298 127.377 87.671
-831.961 384.114 21.7911 60.296 127.377 87.67
-831.226 383.436 21.7999 60.294 127.377 87.67
-830.492 382.757 21.8087 60.294 127.377 87.669
-829.757 382.078 21.8176 60.293 127.376 87.667
-829.023 381.4 21.8264 60.295 127.376 87.666
-828.288 380.721 21.8352 60.298 127.379 87.668
-827.554 380.043 21.8441 60.295 127.378 87.665
-826.819 379.364 21.8529 60.295 127.378 87.665
-826.085 378.685 21.8617 60.285 127.375 87.658
-825.35 378.007 21.8706 60.277 127.374 87.652
-824.616 377.328 21.8794 60.271 127.375 87.641
-823.882 376.65 21.8882 60.271 127.375 87.641
-823.147 375.971 21.8971 60.271 127.375 87.641
-822.413 375.293 21.9059 60.271 127.375 87.641
-821.678 374.614 21.9147 60.271 127.375 87.641
-820.944 373.935 21.9236 60.271 127.375 87.641
-820.209 373.257 21.9324 60.271 127.375 87.641
-819.475 372.578 21.9413 60.271 127.375 87.641
-818.74 371.9 21.9501 60.271 127.375 87.641
-818.006 371.221 21.9589 60.271 127.375 87.641
-817.271 370.543 21.9678 60.271 127.375 87.641
-816.537 369.864 21.9766 60.271 127.375 87.641
-815.802 369.185 21.9854 60.271 127.375 87.641
22
-840.275 410.558 20.5479 36.436 139.757 72.97
-850.549 399.629 20.5479 60.235 127.355 87.634
-849.82 398.944 20.558 60.235 127.355 87.634
-849.092 398.26 20.568 60.235 127.355 87.634
-848.363 397.575 20.5781 60.235 127.355 87.634
-847.635 396.89 20.5882 60.235 127.355 87.634
-846.906 396.205 20.5982 60.235 127.355 87.634
-846.178 395.52 20.6083 60.235 127.355 87.634
-845.449 394.835 20.6183 60.235 127.355 87.634
-844.72 394.15 20.6284 60.235 127.355 87.634
-843.992 393.465 20.6384 60.235 127.355 87.634
-843.263 392.78 20.6485 60.235 127.355 87.634
-842.535 392.095 20.6585 60.235 127.355 87.634
-841.806 391.41 20.6686 60.271 127.358 87.667
-841.078 390.725 20.6787 60.289 127.357 87.676
-840.349 390.041 20.6887 60.299 127.358 87.68
-839.621 389.356 20.6988 60.299 127.358 87.68
-838.892 388.671 20.7088 60.301 127.361 87.68
-838.163 387.986 20.7189 60.302 127.365 87.676
-837.435 387.301 20.7289 60.3 127.37 87.668
-836.706 386.616 20.739 60.3 127.378 87.67
-835.978 385.931 20.749 60.3 127.378 87.67
-835.249 385.246 20.7591 60.299 127.381 87.67
-834.521 384.561 20.7692 60.297 127.381 87.672
-833.792 383.876 20.7792 60.296 127.378 87.669
-833.064 383.191 20.7893 60.294 127.378 87.667
-832.335 382.507 20.7993 60.292 127.378 87.666
-831.606 381.822 20.8094 60.291 127.379 87.665
-830.878 381.137 20.8194 60.291 127.379 87.665
-830.149 380.452 20.8295 60.29 127.377 87.662
-829.421 379.767 20.8396 60.293 127.378 87.666
-828.692 379.082 20.8496 60.297 127.379 87.665
-827.964 378.397 20.8597 60.292 127.377 87.662
-827.235 377.712 20.8697 60.292 127.377 87.662
-826.507 377.027 20.8798 60.283 127.376 87.657
-825.778 376.342 20.8898 60.274 127.375 87.651
-825.049 375.657 20.8999 60.27 127.376 87.642
-824.321 374.973 20.9099 60.27 127.376 87.642
-823.592 374.288 20.92 60.27 127.376 87.642
-822.864 373.603 20.9301 60.27 127.376 87.642
-822.135 372.918 20.9401 60.27 127.376 87.642
-821.407 372.233 20.9502 60.27 127.376 87.642
-820.678 371.548 20.9602 60.27 127.376 87.642
-819.949 370.863 20.9703 60.27 127.376 87.642
-819.221 370.178 20.9803 60.27 127.376 87.642
-818.492 369.493 20.9904 60.27 127.376 87.642
-817.764 368.808 21.0004 60.27 127.376 87.642
23
-837.396 410.707 19.9264 36.436 139.757 72.97
-847.531 399.649 19.9264 60.234 127.355 87.632
-846.794 398.973 19.9384 60.234 127.355 87.632
-846.057 398.298 19.9504 60.234 127.355 87.632
-845.32 397.622 19.9624 60.234 127.355 87.632
-844.583 396.946 19.9744 60.234 127.355 87.632
-843.846 396.271 19.9864 60.234 127.355 87.632
-843.109 395.595 19.9984 60.234 127.355 87.632
-842.371 394.919 20.0104 60.234 127.355 87.632
-841.634 394.244 20.0224 60.234 127.355 87.632
-840.897 393.568 20.0344 60.274 127.357 87.667
-840.16 392.892 20.0464 60.274 127.357 87.667
-839.423 392.217 20.0584 60.292 127.357 87.677
-838.686 391.541 20.0704 60.299 127.357 87.68
-837.949 390.865 20.0824 60.303 127.362 87.679
-837.212 390.19 20.0944 60.303 127.366 87.673
-836.474 389.514 20.1065 60.301 127.37 87.668
-835.737 388.838 20.1185 60.301 127.37 87.668
-835 388.163 20.1305 60.3 127.379 87.672
-834.263 387.487 20.1425 60.299 127.38 87.672
-833.526 386.812 20.1545 60.299 127.38 87.672
-832.789 386.136 20.1665 60.298 127.378 87.672
-832.052 385.46 20.1785 60.297 127.377 87.669
-831.315 384.785 20.1905 60.295 127.377 87.666
-830.578 384.109 20.2025 60.292 127.377 87.666
-829.84 383.433 20.2145 60.291 127.378 87.664
-829.103 382.758 20.2265 60.291 127.376 87.662
-828.366 382.082 20.2385 60.291 127.376 87.662
-827.629 381.406 20.2505 60.296 127.378 87.666
-826.892 380.731 20.2625 60.296 127.378 87.666
-826.155 380.055 20.2745 60.292 127.377 87.662
-825.418 379.379 20.2865 60.283 127.374 87.656
-824.681 378.704 20.2985 60.273 127.375 87.647
-823.943 378.028 20.3105 60.273 127.375 87.647
-823.206 377.352 20.3225 60.273 127.375 87.647
-822.469 376.677 20.3345 60.273 127.375 87.647
-821.732 376.001 20.3466 60.273 127.375 87.647
-820.995 375.325 20.3586 60.273 127.375 87.647
-820.258 374.65 20.3706 60.273 127.375 87.647
-819.521 373.974 20.3826 60.273 127.375 87.647
-818.784 373.298 20.3946 60.273 127.375 87.647
-818.047 372.623 20.4066 60.273 127.375 87.647
-817.309 371.947 20.4186 60.273 127.375 87.647
-816.572 371.271 20.4306 60.273 127.375 87.647
-815.835 370.596 20.4426 60.273 127.375 87.647
-815.098 369.92 20.4546 60.273 127.375 87.647
-814.361 369.244 20.4666 60.273 127.375 87.647
24
-840.194 410.701 19.2771 36.436 139.757 72.97
-850.548 399.848 19.2771 60.235 127.357 87.635
-849.825 399.158 19.2877 60.235 127.357 87.635
-849.101 398.468 19.2984 60.235 127.357 87.635
-848.378 397.778 19.309 60.235 127.357 87.635
-847.654 397.087 19.3197 60.235 127.357 87.635
-846.931 396.397 19.3304 60.235 127.357 87.635
-846.208 395.707 19.341 60.235 127.357 87.635
-845.484 395.016 19.3517 60.235 127.357 87.635
-844.761 394.326 19.3623 60.235 127.357 87.635
-844.037 393.636 19.373 60.235 127.357 87.635
-843.314 392.946 19.3837 60.235 127.357 87.635
-842.59 392.255 19.3943 60.235 127.357 87.635
-841.867 391.565 19.405 60.273 127.358 87.668
-841.143 390.875 19.4157 60.273 127.358 87.668
-840.42 390.184 19.4263 60.291 127.356 87.677
-839.696 389.494 19.437 60.299 127.358 87.681
-838.973 388.804 19.4476 60.302 127.363 87.682
-838.249 388.114 19.4583 60.302 127.365 87.673
-837.526 387.423 19.469 60.301 127.37 87.671
-836.803 386.733 19.4796 60.3 127.376 87.673
-836.079 386.043 19.4903 60.3 127.376 87.673
-835.356 385.352 19.5009 60.299 127.38 87.674
-834.632 384.662 19.5116 60.298 127.38 87.676
-833.909 383.972 19.5223 60.296 127.377 87.673
-833.185 383.282 19.5329 60.295 127.377 87.67
-832.462 382.591 19.5436 60.295 127.377 87.67
-831.738 381.901 19.5542 60.293 127.377 87.669
-831.015 381.211 19.5649 60.292 127.378 87.667
-830.291 380.521 19.5756 60.293 127.377 87.667
-829.568 379.83 19.5862 60.293 127.377 87.667
-828.844 379.14 19.5969 60.297 127.378 87.668
-828.121 378.45 19.6076 60.295 127.377 87.665
-827.398 377.759 19.6182 60.295 127.377 87.665
-826.674 377.069 19.6289 60.285 127.375 87.659
-825.951 376.379 19.6395 60.275 127.374 87.651
-825.227 375.689 19.6502 60.271 127.375 87.641
-824.504 374.998 19.6609 60.271 127.375 87.641
-823.78 374.308 19.6715 60.271 127.375 87.641
-823.057 373.618 19.6822 60.271 127.375 87.641
-822.333 372.927 19.6928 60.271 127.375 87.641
-821.61 372.237 19.7035 60.271 127.375 87.641
-820.886 371.547 19.7142 60.271 127.375 87.641
-820.163 370.857 19.7248 60.271 127.375 87.641
-819.439 370.166 19.7355 60.271 127.375 87.641
-818.716 369.476 19.7461 60.271 127.375 87.641
-817.993 368.786 19.7568 60.271 127.375 87.641
25
-840.252 409.242 21.8327 36.436 139.757 72.97
-850.597 398.38 21.8327 60.235 127.355 87.632
-849.874 397.69 21.8538 60.235 127.355 87.632
-849.15 397.001 21.875 60.235 127.355 87.632
-848.426 396.311 21.8961 60.235 127.355 87.632
-847.702 395.622 21.9173 60.235 127.355 87.632
-846.978 394.932 21.9384 60.235 127.355 87.632
-846.254 394.243 21.9595 60.235 127.355 87.632
-845.53 393.553 21.9807 60.235 127.355 87.632
-844.806 392.864 22.0018 60.235 127.355 87.632
-844.082 392.174 22.0229 60.235 127.355 87.632
-843.358 391.485 22.0441 60.235 127.355 87.632
-842.634 390.795 22.0652 60.235 127.355 87.632
-841.91 390.106 22.0864 60.27 127.358 87.666
-841.186 389.416 22.1075 60.291 127.356 87.677
-840.462 388.726 22.1286 60.299 127.357 87.681
-839.738 388.037 22.1498 60.302 127.36 87.683
-839.014 387.347 22.1709 60.302 127.364 87.678
-838.29 386.658 22.1921 60.301 127.37 87.67
-837.566 385.968 22.2132 60.301 127.37 87.67
-836.842 385.279 22.2343 60.3 127.376 87.671
-836.118 384.589 22.2555 60.298 127.379 87.673
-835.394 383.9 22.2766 60.298 127.379 87.673
-834.67 383.21 22.2978 60.298 127.378 87.675
-833.946 382.521 22.3189 60.296 127.376 87.669
-833.222 381.831 22.34 60.295 127.376 87.669
-832.498 381.142 22.3612 60.292 127.377 87.668
-831.774 380.452 22.3823 60.292 127.378 87.666
-831.05 379.763 22.4034 60.292 127.378 87.666
-830.326 379.073 22.4246 60.292 127.377 87.666
-829.602 378.384 22.4457 60.292 127.377 87.666
-828.879 377.694 22.4669 60.293 127.377 87.663
-828.155 377.005 22.488 60.293 127.377 87.663
-827.431 376.315 22.5091 60.283 127.374 87.658
-826.707 375.626 22.5303 60.276 127.374 87.652
-825.983 374.936 22.5514 60.271 127.374 87.642
-825.259 374.247 22.5726 60.271 127.374 87.642
-824.535 373.557 22.5937 60.271 127.374 87.642
-823.811 372.868 22.6148 60.271 127.374 87.642
-823.087 372.178 22.636 60.271 127.374 87.642
-822.363 371.489 22.6571 60.271 127.374 87.642
-821.639 370.799 22.6783 60.271 127.374 87.642
-820.915 370.11 22.6994 60.271 127.374 87.642
-820.191 369.42 22.7205 60.271 127.374 87.642
-819.467 368.731 22.7417 60.271 127.374 87.642
-818.743 368.041 22.7628 60.271 127.374 87.642
-818.019 367.352 22.7839 60.271 127.374 87.642
26
-840.711 409.656 20.3776 36.436 139.757 72.97
-851.05 398.789 20.3776 60.234 127.359 87.638
-850.325 398.099 20.389 60.234 127.359 87.638
-849.601 397.41 20.4004 60.234 127.359 87.638
-848.876 396.721 20.4118 60.234 127.359 87.638
-848.152 396.032 20.4232 60.234 127.359 87.638
-847.427 395.343 20.4347 60.234 127.359 87.638
-846.703 394.653 20.4461 60.234 127.359 87.638
-845.978 393.964 20.4575 60.234 127.359 87.638
-845.254 393.275 20.4689 60.234 127.359 87.638
-844.529 392.586 20.4803 60.234 127.359 87.638
-843.805 391.897 20.4917 60.234 127.359 87.638
-843.081 391.207 20.5031 60.234 127.359 87.638
-842.356 390.518 20.5145 60.273 127.36 87.667
-841.632 389.829 20.526 60.293 127.36 87.681
-840.907 389.14 20.5374 60.302 127.358 87.684
-840.183 388.451 20.5488 60.306 127.361 87.686
-839.458 387.761 20.5602 60.308 127.365 87.679
-838.734 387.072 20.5716 60.308 127.365 87.679
-838.009 386.383 20.583 60.305 127.37 87.671
-837.285 385.694 20.5944 60.302 127.374 87.674
-836.56 385.004 20.6059 60.3 127.376 87.675
-835.836 384.315 20.6173 60.3 127.376 87.675
-835.111 383.626 20.6287 60.296 127.377 87.677
-834.387 382.937 20.6401 60.295 127.376 87.675
-833.662 382.248 20.6515 60.294 127.374 87.671
-832.938 381.558 20.6629 60.293 127.375 87.67
-832.213 380.869 20.6743 60.292 127.375 87.668
-831.489 380.18 20.6858 60.292 127.374 87.666
-830.765 379.491 20.6972 60.292 127.374 87.666
-830.04 378.802 20.7086 60.293 127.373 87.664
-829.316 378.112 20.72 60.296 127.374 87.664
-828.591 377.423 20.7314 60.296 127.374 87.664
-827.867 376.734 20.7428 60.29 127.373 87.659
-827.142 376.045 20.7542 60.281 127.372 87.653
-826.418 375.356 20.7656 60.273 127.372 87.641
-825.693 374.666 20.7771 60.273 127.372 87.641
-824.969 373.977 20.7885 60.273 127.372 87.641
-824.244 373.288 20.7999 60.273 127.372 87.641
-823.52 372.599 20.8113 60.273 127.372 87.641
-822.795 371.909 20.8227 60.273 127.372 87.641
-822.071 371.22 20.8341 60.273 127.372 87.641
-821.346 370.531 20.8455 60.273 127.372 87.641
-820.622 369.842 20.857 60.273 127.372 87.641
-819.897 369.153 20.8684 60.273 127.372 87.641
-819.173 368.463 20.8798 60.273 127.372 87.641
-818.448 367.774 20.8912 60.273 127.372 87.641
27
-840.503 410.781 20.1572 36.436 139.757 72.97
-850.84 399.912 20.1572 60.234 127.358 87.636
-850.116 399.223 20.177 60.234 127.358 87.636
-849.392 398.534 20.1968 60.234 127.358 87.636
-848.667 397.845 20.2166 60.234 127.358 87.636
-847.943 397.155 20.2364 60.234 127.358 87.636
-847.218 396.466 20.2562 60.234 127.358 87.636
-846.494 395.777 20.276 60.234 127.358 87.636
-845.769 395.088 20.2959 60.234 127.358 87.636
-845.045 394.399 20.3157 60.234 127.358 87.636
-844.32 393.71 20.3355 60.234 127.358 87.636
-843.596 393.021 20.3553 60.234 127.358 87.636
-842.872 392.332 20.3751 60.234 127.358 87.636
-842.147 391.643 20.3949 60.234 127.358 87.636
-841.423 390.954 20.4148 60.271 127.358 87.665
-840.698 390.265 20.4346 60.291 127.357 87.677
-839.974 389.576 20.4544 60.3 127.357 87.681
-839.249 388.887 20.4742 60.304 127.36 87.682
-838.525 388.198 20.494 60.305 127.363 87.676
-837.8 387.509 20.5138 60.304 127.367 87.669
-837.076 386.82 20.5337 60.301 127.373 87.672
-836.351 386.131 20.5535 60.301 127.373 87.672
-835.627 385.442 20.5733 60.298 127.376 87.671
-834.903 384.753 20.5931 60.296 127.376 87.673
-834.178 384.064 20.6129 60.295 127.374 87.671
-833.454 383.375 20.6327 60.295 127.375 87.669
-832.729 382.686 20.6525 60.293 127.376 87.668
-832.005 381.997 20.6724 60.291 127.376 87.666
-831.28 381.308 20.6922 60.291 127.376 87.666
-830.556 380.618 20.712 60.29 127.376 87.664
-829.831 379.929 20.7318 60.291 127.374 87.663
-829.107 379.24 20.7516 60.294 127.375 87.664
-828.383 378.551 20.7714 60.292 127.375 87.661
-827.658 377.862 20.7913 60.292 127.375 87.661
-826.934 377.173 20.8111 60.284 127.373 87.657
-826.209 376.484 20.8309 60.274 127.373 87.649
-825.485 375.795 20.8507 60.27 127.373 87.64
-824.76 375.106 20.8705 60.27 127.373 87.64
-824.036 374.417 20.8903 60.27 127.373 87.64
-823.311 373.728 20.9101 60.27 127.373 87.64
-822.587 373.039 20.93 60.27 127.373 87.64
-821.862 372.35 20.9498 60.27 127.373 87.64
-821.138 371.661 20.9696 60.27 127.373 87.64
-820.414 370.972 20.9894 60.27 127.373 87.64
-819.689 370.283 21.0092 60.27 127.373 87.64
-818.965 369.594 21.029 60.27 127.373 87.64
-818.24 368.905 21.0489 60.27 127.373 87.64
28
-837.939 410.703 20.4228 36.436 139.757 72.97
-848.416 399.968 20.4228 60.234 127.357 87.636
-847.7 399.27 20.4313 60.234 127.357 87.636
-846.985 398.571 20.4399 60.234 127.357 87.636
-846.269 397.873 20.4484 60.234 127.357 87.636
-845.553 397.175 20.457 60.234 127.357 87.636
-844.838 396.476 20.4655 60.234 127.357 87.636
-844.122 395.778 20.4741 60.234 127.357 87.636
-843.407 395.079 20.4826 60.234 127.357 87.636
-842.691 394.381 20.4912 60.234 127.357 87.636
-841.975 393.682 20.4998 60.234 127.357 87.636
-841.26 392.984 20.5083 60.272 127.358 87.667
-840.544 392.285 20.5169 60.272 127.358 87.667
-839.828 391.587 20.5254 60.293 127.357 87.679
-839.113 390.889 20.534 60.3 127.358 87.682
-838.397 390.19 20.5425 60.303 127.362 87.681
-837.682 389.492 20.5511 60.304 127.365 87.673
-836.966 388.793 20.5596 60.302 127.371 87.67
-836.25 388.095 20.5682 60.302 127.371 87.67
-835.535 387.396 20.5767 60.3 127.378 87.674
-834.819 386.698 20.5853 60.298 127.379 87.674
-834.104 385.999 20.5938 60.298 127.379 87.674
-833.388 385.301 20.6024 60.296 127.377 87.673
-832.672 384.603 20.6109 60.296 127.375 87.669
-831.957 383.904 20.6195 60.292 127.376 87.668
-831.241 383.206 20.6281 60.292 127.376 87.668
-830.526 382.507 20.6366 60.291 127.377 87.667
-829.81 381.809 20.6452 60.29 127.376 87.663
-829.094 381.11 20.6537 60.292 127.375 87.663
-828.379 380.412 20.6623 60.296 127.377 87.665
-827.663 379.713 20.6708 60.296 127.377 87.665
-826.947 379.015 20.6794 60.292 127.375 87.662
-826.232 378.317 20.6879 60.284 127.374 87.655
-825.516 377.618 20.6965 60.275 127.374 87.649
-824.801 376.92 20.705 60.271 127.375 87.638
-824.085 376.221 20.7136 60.271 127.375 87.638
-823.369 375.523 20.7221 60.271 127.375 87.638
-822.654 374.824 20.7307 60.271 127.375 87.638
-821.938 374.126 20.7392 60.271 127.375 87.638
-821.223 373.427 20.7478 60.271 127.375 87.638
-820.507 372.729 20.7564 60.271 127.375 87.638
-819.791 372.03 20.7649 60.271 127.375 87.638
-819.076 371.332 20.7735 60.271 127.375 87.638
-818.36 370.634 20.782 60.271 127.375 87.638
-817.644 369.935 20.7906 60.271 127.375 87.638
-816.929 369.237 20.7991 60.271 127.375 87.638
-816.213 368.538 20.8077 60.271 127.375 87.638
29
-839.333 410.181 19.9551 36.436 139.757 72.97
-849.961 399.596 19.9551 60.235 127.357 87.636
-849.256 398.888 19.9698 60.235 127.357 87.636
-848.55 398.179 19.9844 60.235 127.357 87.636
-847.845 397.471 19.9991 60.235 127.357 87.636
-847.139 396.762 20.0138 60.235 127.357 87.636
-846.433 396.054 20.0285 60.235 127.357 87.636
-845.728 395.345 20.0432 60.235 127.357 87.636
-845.022 394.637 20.0579 60.235 127.357 87.636
-844.317 393.928 20.0726 60.235 127.357 87.636
-843.611 393.22 20.0873 60.235 127.357 87.636
-842.905 392.512 20.102 60.235 127.357 87.636
-842.2 391.803 20.1166 60.235 127.357 87.636
-841.494 391.095 20.1313 60.275 127.358 87.669
-840.789 390.386 20.146 60.291 127.357 87.679
-840.083 389.678 20.1607 60.3 127.358 87.682
-839.377 388.969 20.1754 60.302 127.363 87.682
-838.672 388.261 20.1901 60.302 127.363 87.682
-837.966 387.552 20.2048 60.303 127.366 87.675
-837.261 386.844 20.2195 60.301 127.371 87.672
-836.555 386.135 20.2341 60.3 127.377 87.673
-835.849 385.427 20.2488 60.299 127.379 87.674
-835.144 384.719 20.2635 60.297 127.379 87.675
-834.438 384.01 20.2782 60.297 127.379 87.675
-833.733 383.302 20.2929 60.296 127.376 87.672
-833.027 382.593 20.3076 60.295 127.375 87.669
-832.321 381.885 20.3223 60.293 127.376 87.669
-831.616 381.176 20.337 60.291 127.377 87.665
-830.91 380.468 20.3517 60.291 127.377 87.665
-830.205 379.759 20.3663 60.292 127.375 87.664
-829.499 379.051 20.381 60.295 127.377 87.665
-828.793 378.342 20.3957 60.295 127.377 87.664
-828.088 377.634 20.4104 60.295 127.377 87.664
-827.382 376.925 20.4251 60.288 127.375 87.659
-826.677 376.217 20.4398 60.279 127.374 87.653
-825.971 375.509 20.4545 60.273 127.374 87.645
-825.265 374.8 20.4692 60.273 127.374 87.645
-824.56 374.092 20.4839 60.273 127.374 87.645
-823.854 373.383 20.4985 60.273 127.374 87.645
-823.149 372.675 20.5132 60.273 127.374 87.645
-822.443 371.966 20.5279 60.273 127.374 87.645
-821.737 371.258 20.5426 60.273 127.374 87.645
-821.032 370.549 20.5573 60.273 127.374 87.645
-820.326 369.841 20.572 60.273 127.374 87.645
-819.621 369.132 20.5867 60.273 127.374 87.645
-818.915 368.424 20.6014 60.273 127.374 87.645
-818.209 367.716 20.6161 60.273 127.374 87.645
30
-839.531 409.75 20.3593 36.436 139.757 72.97
-849.853 398.867 20.3593 60.234 127.357 87.636
-849.128 398.179 20.3654 60.234 127.357 87.636
-848.402 397.491 20.3715 60.234 127.357 87.636
-847.677 396.803 20.3776 60.234 127.357 87.636
-846.951 396.115 20.3837 60.234 127.357 87.636
-846.226 395.426 20.3898 60.234 127.357 87.636
-845.5 394.738 20.3959 60.234 127.357 87.636
-844.775 394.05 20.402 60.234 127.357 87.636
-844.049 393.362 20.4081 60.234 127.357 87.636
-843.323 392.674 20.4142 60.234 127.357 87.636
-842.598 391.986 20.4203 60.234 127.357 87.636
-841.872 391.297 20.4264 60.268 127.358 87.666
-841.147 390.609 20.4325 60.29 127.357 87.678
-840.421 389.921 20.4386 60.298 127.357 87.682
-839.696 389.233 20.4447 60.298 127.357 87.682
-838.97 388.545 20.4507 60.301 127.361 87.682
-838.245 387.857 20.4568 60.302 127.364 87.676
-837.519 387.169 20.4629 60.301 127.371 87.672
-836.794 386.48 20.469 60.299 127.376 87.673
-836.068 385.792 20.4751 60.299 127.376 87.673
-835.343 385.104 20.4812 60.297 127.379 87.674
-834.617 384.416 20.4873 60.297 127.378 87.675
-833.891 383.728 20.4934 60.296 127.376 87.672
-833.166 383.04 20.4995 60.295 127.376 87.669
-832.44 382.352 20.5056 60.295 127.376 87.669
-831.715 381.663 20.5117 60.293 127.376 87.669
-830.989 380.975 20.5178 60.291 127.376 87.665
-830.264 380.287 20.5239 60.291 127.375 87.664
-829.538 379.599 20.53 60.293 127.375 87.665
-828.813 378.911 20.5361 60.296 127.376 87.664
-828.087 378.223 20.5422 60.296 127.376 87.664
-827.362 377.534 20.5483 60.289 127.375 87.659
-826.636 376.846 20.5544 60.28 127.373 87.653
-825.91 376.158 20.5605 60.273 127.374 87.644
-825.185 375.47 20.5666 60.273 127.374 87.644
-824.459 374.782 20.5727 60.273 127.374 87.644
-823.734 374.094 20.5788 60.273 127.374 87.644
-823.008 373.406 20.5849 60.273 127.374 87.644
-822.283 372.717 20.591 60.273 127.374 87.644
-821.557 372.029 20.5971 60.273 127.374 87.644
-820.832 371.341 20.6032 60.273 127.374 87.644
-820.106 370.653 20.6093 60.273 127.374 87.644
-819.381 369.965 20.6154 60.273 127.374 87.644
-818.655 369.277 20.6215 60.273 127.374 87.644
-817.93 368.589 20.6276 60.273 127.374 87.644
-817.204 367.9 20.6337 60.273 127.374 87.644
