1
-942.153 391.365 421.003 -116.859 111.48 -100.456
-943.051 390.882 421.014 -116.859 111.48 -100.456
-943.95 390.402 421.024 -116.859 111.48 -100.456
-944.85 389.927 421.034 -116.859 111.48 -100.456
-945.751 389.454 421.045 -116.859 111.48 -100.456
-946.653 388.985 421.055 -116.859 111.48 -100.456
-947.556 388.52 421.065 -116.859 111.48 -100.456
-948.46 388.059 421.075 -116.859 111.48 -100.456
-949.365 387.601 421.085 -116.859 111.48 -100.456
-950.271 387.146 421.095 -116.979 111.475 -100.44
-951.177 386.696 421.105 -117.119 111.475 -100.423
-952.085 386.248 421.115 -117.256 111.473 -100.401
-952.995 385.805 421.125 -117.377 111.469 -100.384
-953.905 385.364 421.135 -117.377 111.469 -100.384
-954.816 384.928 421.145 -117.535 111.462 -100.364
-955.728 384.495 421.154 -117.535 111.462 -100.364
-956.641 384.066 421.164 -117.677 111.455 -100.345
-957.555 383.64 421.173 -117.814 111.453 -100.323
-958.47 383.217 421.183 -117.952 111.45 -100.303
-959.386 382.799 421.193 -117.952 111.45 -100.303
-960.303 382.384 421.202 -118.078 111.446 -100.286
-961.221 381.972 421.211 -118.238 111.441 -100.265
-962.14 381.564 421.221 -118.238 111.441 -100.265
-963.06 381.16 421.23 -118.359 111.434 -100.249
-963.982 380.759 421.239 -118.495 111.431 -100.23
-964.904 380.362 421.248 -118.632 111.43 -100.212
-965.827 379.968 421.257 -118.759 111.428 -100.201
-966.751 379.578 421.266 -118.759 111.428 -100.201
-967.676 379.192 421.275 -118.888 111.426 -100.189
-968.603 378.809 421.284 -119.032 111.419 -100.174
-969.53 378.429 421.293 -119.032 111.419 -100.174
-970.458 378.054 421.302 -119.185 111.411 -100.157
-971.387 377.681 421.311 -119.301 111.408 -100.141
-972.318 377.313 421.32 -119.445 111.407 -100.127
-973.249 376.948 421.328 -119.445 111.407 -100.127
-974.181 376.586 421.337 -119.611 111.407 -100.112
-975.115 376.228 421.345 -119.611 111.407 -100.112
-976.049 375.874 421.354 -119.735 111.406 -100.099
-976.984 375.523 421.362 -119.886 111.398 -100.075
-977.921 375.176 421.371 -120.003 111.395 -100.061
-978.858 374.833 421.379 -120.125 111.39 -100.043
-979.796 374.493 421.387 -120.238 111.388 -100.034
-980.736 374.156 421.396 -120.238 111.388 -100.034
-981.676 373.823 421.404 -120.368 111.387 -100.023
-982.617 373.494 421.412 -120.368 111.387 -100.023
-983.56 373.168 421.42 -120.51 111.381 -100.008
-984.503 372.846 421.428 -120.661 111.376 -99.988
-985.448 372.528 421.436 -120.661 111.376 -99.988
-986.393 372.213 421.444 -120.932 111.374 -99.958
-987.34 371.901 421.452 -120.932 111.374 -99.958
-988.287 371.593 421.46 -121.061 111.374 -99.946
-989.236 371.289 421.467 -121.061 111.374 -99.946
-990.185 370.988 421.475 -121.331 111.363 -99.919
-991.136 370.691 421.483 -121.331 111.363 -99.919
-992.087 370.398 421.49 -121.45 111.357 -99.9
-993.04 370.108 421.498 -121.583 111.352 -99.88
-993.993 369.821 421.505 -121.583 111.352 -99.88
-994.948 369.538 421.513 -121.726 111.348 -99.86
-995.903 369.259 421.52 -121.873 111.347 -99.847
-996.86 368.984 421.527 -121.873 111.347 -99.847
-997.818 368.711 421.535 -122.014 111.343 -99.831
-998.776 368.443 421.542 -122.137 111.339 -99.818
-999.736 368.178 421.549 -122.291 111.336 -99.8
-1000.7 367.917 421.556 -122.291 111.336 -99.8
-1001.66 367.659 421.563 -122.411 111.332 -99.788
-1002.62 367.405 421.57 -122.555 111.328 -99.776
-1003.58 367.154 421.577 -122.555 111.328 -99.776
-1004.55 366.907 421.584 -122.699 111.324 -99.758
-1005.52 366.663 421.591 -122.823 111.32 -99.742
-1006.48 366.424 421.598 -122.946 111.316 -99.727
-1007.45 366.187 421.604 -122.946 111.316 -99.727
-1008.42 365.954 421.611 -123.083 111.313 -99.71
-1009.39 365.725 421.618 -123.254 111.307 -99.689
-1010.36 365.5 421.624 -123.254 111.307 -99.689
-1011.33 365.278 421.631 -123.414 111.304 -99.672
-1012.3 365.059 421.637 -123.559 111.302 -99.659
-1013.28 364.844 421.644 -123.559 111.302 -99.659
-1014.25 364.633 421.65 -123.702 111.298 -99.649
-1015.23 364.425 421.656 -123.845 111.294 -99.636
-1016.2 364.221 421.663 -123.845 111.294 -99.636
-1017.18 364.02 421.669 -123.999 111.291 -99.614
-1018.16 363.823 421.675 -124.117 111.285 -99.598
-1019.14 363.63 421.681 -124.117 111.285 -99.598
-1020.12 363.44 421.687 -124.258 111.279 -99.576
-1021.1 363.254 421.693 -124.419 111.278 -99.551
-1022.09 363.071 421.699 -124.542 111.274 -99.535
-1023.07 362.892 421.705 -124.542 111.274 -99.535
-1024.06 362.716 421.711 -124.703 111.269 -99.519
-1025.04 362.545 421.716 -124.703 111.269 -99.519
-1026.03 362.376 421.722 -124.841 111.264 -99.504
-1027.02 362.211 421.728 -124.993 111.258 -99.482
-1028.01 362.05 421.733 -125.135 111.256 -99.468
-1029 361.892 421.739 -125.135 111.256 -99.468
-1029.99 361.738 421.744 -125.247 111.253 -99.459
-1030.98 361.588 421.75 -125.373 111.251 -99.446
-1031.97 361.441 421.755 -125.373 111.251 -99.446
-1032.97 361.297 421.76 -125.512 111.244 -99.427
-1033.96 361.158 421.766 -125.669 111.237 -99.405
-1034.96 361.021 421.771 -125.787 111.237 -99.39
-1035.95 360.889 421.776 -125.787 111.237 -99.39
-1036.95 360.76 421.781 -125.94 111.235 -99.371
-1037.95 360.634 421.786 -126.105 111.23 -99.354
-1038.95 360.512 421.791 -126.105 111.23 -99.354
-1039.95 360.394 421.796 -126.217 111.225 -99.345
-1040.95 360.279 421.801 -126.342 111.221 -99.337
-1041.96 360.168 421.806 -126.342 111.221 -99.337
-1042.96 360.06 421.811 -126.498 111.215 -99.32
-1043.97 359.956 421.816 -126.62 111.212 -99.304
-1044.97 359.856 421.82 -126.737 111.211 -99.293
-1045.98 359.759 421.825 -126.855 111.211 -99.276
-1046.99 359.665 421.829 -126.981 111.209 -99.259
-1048 359.576 421.834 -127.11 111.205 -99.244
-1049.01 359.489 421.838 -127.11 111.205 -99.244
-1051.48 359.284 421.836 -127.377 111.191 -99.217
-1052.48 359.216 421.842 -127.512 111.186 -99.2
-1053.48 359.151 421.847 -127.512 111.186 -99.2
-1054.48 359.09 421.852 -127.653 111.184 -99.182
-1055.48 359.033 421.857 -127.81 111.186 -99.167
-1056.48 358.979 421.862 -127.81 111.186 -99.167
-1057.48 358.929 421.867 -127.966 111.184 -99.151
-1058.48 358.883 421.871 -128.11 111.176 -99.134
-1059.48 358.84 421.876 -128.11 111.176 -99.134
-1060.48 358.8 421.881 -128.236 111.17 -99.122
-1061.48 358.765 421.886 -128.391 111.164 -99.103
-1062.48 358.733 421.891 -128.391 111.164 -99.103
-1063.48 358.704 421.895 -128.531 111.162 -99.085
-1064.48 358.68 421.9 -128.658 111.163 -99.072
-1065.48 358.658 421.905 -128.78 111.16 -99.058
-1066.48 358.641 421.91 -128.78 111.16 -99.058
-1067.47 358.627 421.914 -128.917 111.156 -99.044
-1068.47 358.617 421.919 -129.04 111.151 -99.034
-1069.47 358.61 421.923 -129.199 111.146 -99.015
-1070.47 358.607 421.928 -129.199 111.146 -99.015
-1071.47 358.607 421.932 -129.36 111.142 -99
-1072.47 358.612 421.937 -129.36 111.142 -99
-1073.47 358.619 421.941 -129.485 111.141 -98.985
-1074.47 358.631 421.946 -129.624 111.135 -98.964
-1075.46 358.646 421.95 -129.624 111.135 -98.964
-1076.46 358.664 421.954 -129.779 111.128 -98.941
-1077.46 358.687 421.959 -129.921 111.12 -98.926
-1078.46 358.712 421.963 -130.062 111.118 -98.914
-1079.46 358.742 421.967 -130.062 111.118 -98.914
-1080.46 358.775 421.971 -130.182 111.117 -98.901
-1081.45 358.812 421.975 -130.323 111.117 -98.888
-1082.45 358.852 421.98 -130.323 111.117 -98.888
-1083.45 358.896 421.984 -130.506 111.114 -98.873
-1084.45 358.944 421.988 -130.506 111.114 -98.873
-1085.44 358.995 421.992 -130.661 111.106 -98.85
-1086.44 359.05 421.996 -130.782 111.098 -98.832
-1087.44 359.108 422 -130.907 111.092 -98.816
-1088.44 359.17 422.004 -130.907 111.092 -98.816
-1089.43 359.236 422.008 -131.05 111.087 -98.797
-1090.43 359.305 422.012 -131.189 111.086 -98.783
-1091.43 359.378 422.015 -131.329 111.087 -98.767
-1092.43 359.455 422.019 -131.329 111.087 -98.767
-1093.42 359.535 422.023 -131.466 111.085 -98.753
-1094.42 359.618 422.027 -131.587 111.079 -98.738
-1095.42 359.706 422.03 -131.587 111.079 -98.738
-1096.41 359.797 422.034 -131.749 111.071 -98.72
-1097.41 359.891 422.038 -131.876 111.066 -98.705
-1098.41 359.99 422.041 -131.876 111.066 -98.705
-1099.4 360.092 422.045 -132.036 111.062 -98.684
-1100.4 360.197 422.049 -132.158 111.06 -98.666
-1101.4 360.306 422.052 -132.158 111.06 -98.666
-1102.39 360.419 422.056 -132.315 111.054 -98.647
-1105.46 360.563 422.093 -132.59 111.045 -98.617
-1106.45 360.691 422.096 -132.714 111.044 -98.606
-1107.45 360.822 422.1 -132.825 111.042 -98.596
-1108.44 360.957 422.103 -132.988 111.037 -98.578
-1109.43 361.095 422.107 -132.988 111.037 -98.578
-1110.42 361.237 422.11 -133.109 111.033 -98.566
-1111.42 361.383 422.114 -133.244 111.028 -98.548
-1112.41 361.532 422.117 -133.364 111.024 -98.533
-1113.39 361.685 422.12 -133.364 111.024 -98.533
-1114.38 361.842 422.123 -133.506 111.02 -98.52
-1115.37 362.002 422.126 -133.652 111.017 -98.508
-1116.36 362.166 422.129 -133.652 111.017 -98.508
-1117.34 362.334 422.131 -133.778 111.014 -98.497
-1118.33 362.505 422.134 -133.935 111.008 -98.477
-1119.31 362.68 422.137 -133.935 111.008 -98.477
-1120.29 362.859 422.139 -134.056 111.004 -98.465
-1121.28 363.041 422.141 -134.212 111.001 -98.448
-1122.26 363.227 422.144 -134.353 110.998 -98.433
-1123.24 363.417 422.146 -134.353 110.998 -98.433
-1124.22 363.61 422.148 -134.478 110.995 -98.418
-1125.2 363.807 422.15 -134.619 110.99 -98.398
-1126.18 364.008 422.152 -134.619 110.99 -98.398
-1127.15 364.212 422.154 -134.758 110.987 -98.383
-1128.13 364.42 422.155 -134.897 110.982 -98.367
-1129.11 364.631 422.157 -134.897 110.982 -98.367
-1130.08 364.847 422.159 -135.055 110.973 -98.348
-1131.06 365.066 422.16 -135.215 110.969 -98.33
-1132.03 365.288 422.161 -135.215 110.969 -98.33
-1133 365.514 422.163 -135.358 110.968 -98.316
-1133.97 365.744 422.164 -135.497 110.967 -98.305
-1134.94 365.978 422.165 -135.497 110.967 -98.305
-1135.91 366.215 422.166 -135.634 110.965 -98.288
-1136.88 366.456 422.167 -135.773 110.96 -98.27
-1137.85 366.7 422.168 -135.773 110.96 -98.27
-1138.82 366.949 422.169 -135.932 110.951 -98.25
-1139.79 367.201 422.169 -136.056 110.947 -98.238
-1140.75 367.456 422.17 -136.056 110.947 -98.238
-1141.72 367.715 422.17 -136.215 110.945 -98.22
-1142.68 367.978 422.171 -136.341 110.942 -98.208
-1143.64 368.245 422.171 -136.341 110.942 -98.208
-1144.61 368.515 422.171 -136.503 110.935 -98.188
-1145.57 368.789 422.171 -136.625 110.929 -98.173
-1146.53 369.066 422.171 -136.745 110.926 -98.16
-1147.49 369.347 422.171 -136.745 110.926 -98.16
-1148.45 369.632 422.171 -136.882 110.926 -98.148
-1149.41 369.921 422.171 -137.007 110.925 -98.137
-1150.36 370.213 422.17 -137.169 110.922 -98.12
-1151.32 370.509 422.17 -137.169 110.922 -98.12
-1152.28 370.808 422.169 -137.293 110.915 -98.103
-1153.23 371.111 422.169 -137.416 110.907 -98.083
-1154.19 371.418 422.168 -137.416 110.907 -98.083
-1155.14 371.728 422.167 -137.571 110.899 -98.063
-1156.09 372.042 422.166 -137.694 110.894 -98.049
-1158.89 372.994 422.159 -138.01 110.893 -98.013
-1159.84 373.32 422.158 -138.01 110.893 -98.013
-1160.79 373.648 422.158 -138.135 110.89 -98.002
-1161.74 373.981 422.157 -138.275 110.883 -97.988
-1162.68 374.316 422.156 -138.434 110.873 -97.968
-1163.62 374.655 422.155 -138.434 110.873 -97.968
-1164.56 374.997 422.154 -138.574 110.868 -97.95
-1165.5 375.343 422.153 -138.574 110.868 -97.95
-1166.44 375.692 422.152 -138.769 110.866 -97.927
-1167.38 376.044 422.151 -138.769 110.866 -97.927
-1168.31 376.4 422.149 -138.925 110.865 -97.91
-1169.25 376.759 422.148 -139.081 110.861 -97.892
-1170.18 377.121 422.146 -139.081 110.861 -97.892
-1171.11 377.487 422.145 -139.203 110.853 -97.878
-1172.04 377.856 422.143 -139.34 110.844 -97.861
-1172.96 378.228 422.142 -139.487 110.838 -97.843
-1173.89 378.604 422.14 -139.487 110.838 -97.843
-1174.81 378.983 422.138 -139.629 110.842 -97.831
-1175.74 379.366 422.136 -139.781 110.846 -97.82
-1176.66 379.752 422.135 -139.781 110.846 -97.82
-1177.58 380.141 422.133 -139.923 110.85 -97.808
-1178.5 380.534 422.13 -140.053 110.852 -97.794
-1179.41 380.93 422.128 -140.192 110.861 -97.782
-1180.33 381.329 422.126 -140.192 110.861 -97.782
-1181.24 381.732 422.124 -140.361 110.877 -97.77
-1182.15 382.138 422.121 -140.539 110.894 -97.761
-1183.07 382.548 422.119 -140.539 110.894 -97.761
-1183.97 382.96 422.117 -140.702 110.908 -97.752
-1184.88 383.377 422.114 -140.843 110.922 -97.743
-1185.79 383.796 422.111 -141.028 110.937 -97.732
-1186.69 384.219 422.109 -141.028 110.937 -97.732
-1187.6 384.645 422.106 -141.177 110.952 -97.723
-1188.5 385.075 422.103 -141.349 110.971 -97.71
-1189.4 385.508 422.1 -141.349 110.971 -97.71
-1190.3 385.944 422.097 -141.495 110.989 -97.7
-1191.19 386.384 422.094 -141.681 111.01 -97.687
-1192.09 386.827 422.091 -141.681 111.01 -97.687
-1192.98 387.274 422.088 -141.865 111.028 -97.675
-1193.87 387.724 422.084 -142.012 111.042 -97.666
-1194.76 388.177 422.081 -142.012 111.042 -97.666
-1195.65 388.633 422.078 -142.182 111.057 -97.654
-1196.54 389.093 422.074 -142.353 111.072 -97.643
-1197.43 389.557 422.071 -142.353 111.072 -97.643
-1198.31 390.023 422.067 -142.538 111.091 -97.635
-1199.2 390.493 422.063 -142.68 111.108 -97.627
-1200.08 390.967 422.059 -142.68 111.108 -97.627
-1200.96 391.443 422.056 -142.845 111.131 -97.614
-1201.84 391.923 422.052 -143.037 111.152 -97.602
-1202.71 392.407 422.048 -143.037 111.152 -97.602
-1203.59 392.894 422.044 -143.229 111.168 -97.588
-1204.46 393.384 422.04 -143.414 111.183 -97.578
-1205.33 393.877 422.035 -143.414 111.183 -97.578
-1206.21 394.374 422.031 -143.601 111.203 -97.566
-1207.08 394.875 422.027 -143.601 111.203 -97.566
-1209.77 396.577 422.007 -144.107 111.26 -97.532
-1210.63 397.089 422.003 -144.107 111.26 -97.532
-1211.49 397.603 421.999 -144.313 111.275 -97.514
-1212.35 398.12 421.995 -144.313 111.275 -97.514
-1213.2 398.64 421.99 -144.462 111.288 -97.504
-1214.06 399.163 421.986 -144.633 111.308 -97.494
-1214.91 399.689 421.982 -144.8 111.328 -97.484
-1215.76 400.218 421.977 -144.8 111.328 -97.484
-1216.61 400.75 421.973 -144.97 111.344 -97.471
-1217.45 401.284 421.968 -145.148 111.359 -97.451
-1218.3 401.822 421.963 -145.148 111.359 -97.451
-1219.14 402.363 421.959 -145.296 111.374 -97.44
-1219.98 402.907 421.954 -145.445 111.391 -97.43
-1220.81 403.454 421.949 -145.445 111.391 -97.43
-1221.65 404.003 421.945 -145.594 111.405 -97.42
-1222.48 404.556 421.94 -145.781 111.422 -97.413
-1223.31 405.112 421.935 -145.924 111.435 -97.402
-1224.14 405.67 421.93 -145.924 111.435 -97.402
-1224.97 406.232 421.925 -146.072 111.451 -97.391
-1225.79 406.797 421.92 -146.241 111.47 -97.378
-1226.61 407.364 421.915 -146.241 111.47 -97.378
-1227.43 407.935 421.91 -146.432 111.489 -97.365
-1228.25 408.508 421.905 -146.616 111.506 -97.353
-1229.06 409.084 421.9 -146.616 111.506 -97.353
-1229.88 409.664 421.894 -146.758 111.52 -97.345
-1230.69 410.246 421.889 -146.926 111.541 -97.341
-1231.5 410.832 421.884 -147.077 111.559 -97.336
-1232.3 411.42 421.879 -147.077 111.559 -97.336
-1233.11 412.011 421.873 -147.225 111.573 -97.327
-1233.91 412.605 421.868 -147.371 111.585 -97.314
-1234.71 413.203 421.862 -147.371 111.585 -97.314
-1235.51 413.803 421.857 -147.557 111.598 -97.297
-1236.31 414.406 421.851 -147.702 111.613 -97.285
-1237.1 415.012 421.845 -147.852 111.634 -97.28
-1237.89 415.621 421.84 -147.852 111.634 -97.28
-1238.68 416.233 421.834 -148.019 111.654 -97.272
-1239.47 416.848 421.828 -148.205 111.671 -97.262
-1240.25 417.466 421.822 -148.205 111.671 -97.262
-1241.04 418.087 421.817 -148.371 111.683 -97.25
-1241.82 418.711 421.811 -148.519 111.698 -97.239
-1242.6 419.338 421.805 -148.67 111.714 -97.229
-1243.37 419.968 421.799 -148.67 111.714 -97.229
-1244.15 420.601 421.793 -148.819 111.731 -97.222
-1244.92 421.236 421.787 -148.964 111.745 -97.211
-1245.69 421.875 421.781 -149.127 111.759 -97.2
-1246.46 422.517 421.774 -149.127 111.759 -97.2
-1247.22 423.162 421.768 -149.294 111.776 -97.19
-1247.99 423.809 421.762 -149.294 111.776 -97.19
-1248.75 424.46 421.756 -149.527 111.806 -97.178
-1249.51 425.113 421.749 -149.527 111.806 -97.178
-1250.26 425.77 421.743 -149.74 111.827 -97.168
-1251.02 426.43 421.736 -149.926 111.841 -97.154
-1251.77 427.092 421.73 -149.926 111.841 -97.154
-1253.58 428.648 421.738 -150.241 111.872 -97.133
-1254.33 429.333 421.732 -150.432 111.894 -97.125
-1255.07 430.021 421.726 -150.432 111.894 -97.125
-1255.81 430.711 421.72 -150.597 111.912 -97.114
-1256.55 431.404 421.714 -150.778 111.93 -97.099
-1257.28 432.098 421.707 -150.778 111.93 -97.099
-1258.01 432.795 421.701 -150.926 111.945 -97.09
-1258.74 433.494 421.694 -151.077 111.96 -97.08
-1259.46 434.195 421.688 -151.227 111.974 -97.068
-1260.18 434.898 421.681 -151.227 111.974 -97.068
-1260.9 435.603 421.675 -151.373 111.985 -97.055
-1261.62 436.31 421.668 -151.515 111.997 -97.042
-1262.33 437.02 421.661 -151.659 112.011 -97.031
-1263.04 437.732 421.654 -151.808 112.029 -97.024
-1263.75 438.446 421.647 -151.808 112.029 -97.024
-1264.46 439.162 421.64 -151.956 112.05 -97.017
-1265.16 439.88 421.633 -152.143 112.07 -97.011
-1265.86 440.601 421.626 -152.288 112.079 -96.998
-1266.55 441.323 421.619 -152.288 112.079 -96.998
-1267.25 442.048 421.612 -152.434 112.089 -96.986
-1267.94 442.775 421.605 -152.585 112.104 -96.976
-1268.62 443.504 421.597 -152.735 112.119 -96.964
-1269.31 444.236 421.59 -152.735 112.119 -96.964
-1269.99 444.969 421.582 -152.901 112.139 -96.95
-1270.67 445.705 421.575 -153.085 112.156 -96.935
-1271.34 446.443 421.567 -153.085 112.156 -96.935
-1272.02 447.183 421.559 -153.229 112.17 -96.926
-1272.69 447.925 421.552 -153.378 112.185 -96.919
-1273.35 448.669 421.544 -153.378 112.185 -96.919
-1274.02 449.416 421.536 -153.593 112.209 -96.909
-1274.68 450.164 421.528 -153.593 112.209 -96.909
-1275.34 450.915 421.52 -153.823 112.231 -96.898
-1275.99 451.668 421.512 -153.966 112.244 -96.888
-1276.65 452.423 421.504 -154.11 112.258 -96.876
-1277.3 453.181 421.495 -154.11 112.258 -96.876
-1277.94 453.94 421.487 -154.28 112.276 -96.866
-1278.59 454.702 421.479 -154.428 112.291 -96.855
-1279.23 455.466 421.47 -154.595 112.306 -96.845
-1279.87 456.232 421.462 -154.595 112.306 -96.845
-1280.5 457 421.453 -154.758 112.32 -96.832
-1281.13 457.77 421.445 -154.925 112.339 -96.828
-1281.76 458.543 421.436 -154.925 112.339 -96.828
-1282.39 459.318 421.427 -155.055 112.354 -96.82
-1283.01 460.094 421.418 -155.246 112.375 -96.814
-1283.63 460.873 421.41 -155.246 112.375 -96.814
-1284.25 461.655 421.401 -155.39 112.389 -96.808
-1284.87 462.438 421.392 -155.533 112.4 -96.795
-1285.48 463.224 421.383 -155.701 112.412 -96.778
-1286.09 464.011 421.373 -155.701 112.412 -96.778
-1286.69 464.801 421.364 -155.851 112.428 -96.766
-1287.3 465.593 421.355 -156.002 112.446 -96.761
-1287.9 466.387 421.346 -156.189 112.466 -96.748
-1288.49 467.184 421.336 -156.189 112.466 -96.748
-1289.09 467.982 421.327 -156.33 112.48 -96.738
-1289.68 468.783 421.317 -156.475 112.493 -96.729
-1290.27 469.586 421.308 -156.626 112.51 -96.722
-1290.86 470.391 421.298 -156.626 112.51 -96.722
-1291.44 471.198 421.288 -156.776 112.525 -96.713
-1292.02 472.008 421.278 -156.966 112.543 -96.701
-1292.6 472.819 421.269 -156.966 112.543 -96.701
-1293.17 473.633 421.259 -157.15 112.558 -96.687
-1293.74 474.449 421.249 -157.315 112.574 -96.675
-1294.31 475.267 421.239 -157.315 112.574 -96.675
-1294.88 476.087 421.228 -157.486 112.594 -96.666
-1295.44 476.91 421.218 -157.633 112.611 -96.658
-1296 477.734 421.208 -157.779 112.624 -96.649
-1296.56 478.561 421.198 -157.779 112.624 -96.649
-1297.11 479.39 421.187 -157.944 112.637 -96.64
-1297.66 480.221 421.177 -158.133 112.655 -96.629
-1298.21 481.054 421.166 -158.133 112.655 -96.629
-1298.75 481.89 421.156 -158.282 112.673 -96.618
-1299.3 482.727 421.145 -158.472 112.692 -96.606
-1299.84 483.567 421.134 -158.472 112.692 -96.606
-1300.37 484.409 421.124 -158.656 112.708 -96.591
-1300.91 485.253 421.113 -158.82 112.721 -96.575
-1301.44 486.099 421.102 -158.82 112.721 -96.575
-1301.97 486.948 421.091 -159.032 112.742 -96.558
-1302.49 487.798 421.08 -159.163 112.755 -96.553
-1303.01 488.651 421.069 -159.163 112.755 -96.553
-1303.53 489.506 421.058 -159.312 112.769 -96.544
-1304.05 490.363 421.046 -159.477 112.785 -96.534
-1304.56 491.222 421.035 -159.641 112.801 -96.524
-1305.07 492.084 421.024 -159.641 112.801 -96.524
-1305.58 492.947 421.012 -159.81 112.82 -96.514
-1306.09 493.813 421.001 -159.98 112.839 -96.505
-1306.59 494.681 420.989 -159.98 112.839 -96.505
-1307.09 495.551 420.978 -160.168 112.858 -96.491
-1307.58 496.424 420.966 -160.352 112.874 -96.477
-1308.08 497.298 420.954 -160.352 112.874 -96.477
-1308.57 498.175 420.942 -160.517 112.888 -96.465
-1309.05 499.053 420.93 -160.646 112.901 -96.456
-1309.54 499.934 420.918 -160.646 112.901 -96.456
-1310.02 500.818 420.906 -160.84 112.921 -96.445
-1310.5 501.703 420.894 -161.067 112.942 -96.432
-1310.97 502.59 420.882 -161.067 112.942 -96.432
-1311.45 503.48 420.87 -161.211 112.954 -96.419
-1311.92 504.372 420.858 -161.211 112.954 -96.419
-1312.38 505.266 420.845 -161.444 112.98 -96.408
-1312.85 506.162 420.833 -161.444 112.98 -96.408
-1313.31 507.06 420.82 -161.656 113.005 -96.397
-1313.77 507.961 420.808 -161.862 113.024 -96.385
-1314.22 508.863 420.795 -161.862 113.024 -96.385
-1314.68 509.768 420.783 -162.006 113.035 -96.377
-1315.13 510.675 420.77 -162.169 113.05 -96.366
-1315.57 511.584 420.757 -162.307 113.063 -96.355
-1316.02 512.496 420.744 -162.307 113.063 -96.355
-1316.46 513.409 420.731 -162.481 113.08 -96.343
-1316.9 514.325 420.718 -162.633 113.093 -96.329
2
-943.118 390.081 420.464 -117.033 111.474 -100.434
-944.013 389.596 420.473 -117.033 111.474 -100.434
-944.908 389.115 420.481 -117.033 111.474 -100.434
-945.804 388.637 420.489 -117.033 111.474 -100.434
-946.702 388.162 420.497 -117.033 111.474 -100.434
-947.601 387.692 420.505 -117.033 111.474 -100.434
-948.5 387.224 420.514 -117.033 111.474 -100.434
-949.401 386.761 420.522 -117.033 111.474 -100.434
-950.303 386.3 420.53 -117.033 111.474 -100.434
-951.206 385.844 420.538 -117.033 111.474 -100.434
-952.11 385.391 420.546 -117.153 111.475 -100.419
-953.015 384.941 420.554 -117.273 111.472 -100.399
-953.921 384.496 420.561 -117.273 111.472 -100.399
-954.829 384.053 420.569 -117.571 111.46 -100.359
-955.737 383.614 420.577 -117.571 111.46 -100.359
-956.647 383.179 420.585 -117.571 111.46 -100.359
-957.557 382.748 420.593 -117.695 111.455 -100.345
-958.469 382.32 420.601 -117.815 111.454 -100.325
-959.381 381.895 420.608 -117.951 111.45 -100.302
-960.295 381.474 420.616 -118.095 111.445 -100.284
-961.21 381.057 420.624 -118.095 111.445 -100.284
-962.126 380.643 420.631 -118.238 111.44 -100.264
-963.043 380.232 420.639 -118.238 111.44 -100.264
-963.961 379.826 420.646 -118.377 111.433 -100.247
-964.88 379.423 420.654 -118.512 111.431 -100.228
-965.801 379.023 420.661 -118.631 111.429 -100.211
-966.722 378.627 420.669 -118.76 111.427 -100.2
-967.644 378.234 420.676 -118.76 111.427 -100.2
-968.568 377.846 420.684 -118.925 111.425 -100.186
-969.493 377.46 420.691 -118.925 111.425 -100.186
-970.418 377.078 420.698 -119.084 111.418 -100.17
-971.345 376.7 420.706 -119.202 111.411 -100.156
-972.273 376.325 420.713 -119.336 111.408 -100.137
-973.202 375.954 420.72 -119.464 111.408 -100.126
-974.132 375.587 420.727 -119.464 111.408 -100.126
-975.063 375.223 420.734 -119.61 111.407 -100.112
-975.995 374.862 420.742 -119.61 111.407 -100.112
-976.928 374.505 420.749 -119.751 111.404 -100.096
-977.863 374.152 420.756 -119.886 111.397 -100.075
-978.798 373.802 420.763 -120.02 111.394 -100.059
-979.735 373.456 420.77 -120.144 111.389 -100.042
-980.672 373.113 420.777 -120.144 111.389 -100.042
-981.611 372.774 420.784 -120.294 111.387 -100.029
-982.55 372.439 420.791 -120.44 111.384 -100.015
-983.491 372.107 420.797 -120.44 111.384 -100.015
-984.433 371.778 420.804 -120.611 111.377 -99.993
-985.376 371.454 420.811 -120.611 111.377 -99.993
-986.32 371.132 420.818 -120.725 111.375 -99.981
-987.265 370.814 420.825 -120.844 111.373 -99.968
-988.212 370.5 420.831 -120.969 111.374 -99.954
-989.159 370.19 420.838 -121.097 111.373 -99.942
-990.107 369.883 420.845 -121.097 111.373 -99.942
-991.057 369.579 420.851 -121.224 111.369 -99.931
-992.007 369.279 420.858 -121.382 111.361 -99.913
-992.959 368.983 420.864 -121.382 111.361 -99.913
-993.912 368.69 420.871 -121.533 111.355 -99.888
-994.865 368.401 420.877 -121.672 111.349 -99.867
-995.82 368.115 420.884 -121.817 111.348 -99.851
-996.776 367.833 420.89 -121.817 111.348 -99.851
-997.733 367.554 420.896 -121.996 111.344 -99.833
-998.691 367.279 420.903 -121.996 111.344 -99.833
-999.651 367.008 420.909 -122.154 111.339 -99.816
-1000.61 366.74 420.915 -122.154 111.339 -99.816
-1001.57 366.476 420.922 -122.308 111.336 -99.798
-1002.53 366.215 420.928 -122.429 111.332 -99.786
-1003.5 365.958 420.934 -122.555 111.329 -99.776
-1004.46 365.704 420.94 -122.681 111.325 -99.761
-1005.43 365.454 420.946 -122.681 111.325 -99.761
-1006.4 365.207 420.952 -122.822 111.32 -99.741
-1007.36 364.964 420.958 -122.822 111.32 -99.741
-1008.33 364.725 420.964 -122.963 111.316 -99.725
-1009.3 364.489 420.97 -123.1 111.313 -99.707
-1010.27 364.257 420.976 -123.254 111.306 -99.688
-1011.25 364.028 420.982 -123.254 111.306 -99.688
-1012.22 363.803 420.988 -123.378 111.304 -99.675
-1013.19 363.581 420.994 -123.542 111.302 -99.661
-1014.17 363.363 421 -123.542 111.302 -99.661
-1015.14 363.149 421.006 -123.667 111.3 -99.653
-1016.12 362.938 421.011 -123.791 111.297 -99.642
-1017.1 362.73 421.017 -123.931 111.293 -99.625
-1018.08 362.526 421.023 -123.931 111.293 -99.625
-1019.06 362.326 421.029 -124.048 111.288 -99.607
-1020.04 362.129 421.034 -124.17 111.283 -99.589
-1021.03 361.936 421.04 -124.295 111.279 -99.571
-1022.01 361.747 421.045 -124.295 111.279 -99.571
-1023 361.561 421.051 -124.455 111.276 -99.548
-1023.98 361.378 421.056 -124.578 111.273 -99.53
-1024.97 361.199 421.062 -124.578 111.273 -99.53
-1025.96 361.024 421.067 -124.703 111.269 -99.519
-1026.95 360.852 421.073 -124.858 111.262 -99.502
-1027.94 360.684 421.078 -124.994 111.258 -99.482
-1028.93 360.519 421.083 -124.994 111.258 -99.482
-1029.92 360.358 421.089 -125.116 111.257 -99.47
-1030.92 360.201 421.094 -125.283 111.253 -99.455
-1031.91 360.047 421.099 -125.283 111.253 -99.455
-1032.91 359.896 421.104 -125.426 111.249 -99.439
-1033.9 359.749 421.109 -125.546 111.242 -99.421
-1034.9 359.606 421.115 -125.669 111.237 -99.405
-1035.9 359.466 421.12 -125.669 111.237 -99.405
-1036.9 359.33 421.125 -125.787 111.238 -99.39
-1037.9 359.197 421.13 -125.923 111.236 -99.372
-1038.91 359.068 421.135 -126.068 111.231 -99.356
-1041.4 358.775 421.141 -126.199 111.226 -99.347
-1042.4 358.663 421.146 -126.341 111.222 -99.337
-1043.39 358.554 421.151 -126.48 111.216 -99.322
-1044.39 358.449 421.156 -126.602 111.212 -99.306
-1045.38 358.347 421.161 -126.602 111.212 -99.306
-1046.38 358.249 421.166 -126.737 111.211 -99.292
-1047.38 358.155 421.171 -126.89 111.211 -99.27
-1048.37 358.065 421.176 -127.017 111.208 -99.254
-1049.37 357.978 421.181 -127.017 111.208 -99.254
-1050.37 357.895 421.186 -127.147 111.202 -99.24
-1051.36 357.815 421.191 -127.29 111.195 -99.224
-1052.36 357.739 421.196 -127.29 111.195 -99.224
-1053.36 357.667 421.201 -127.427 111.189 -99.211
-1054.36 357.599 421.206 -127.566 111.184 -99.193
-1055.35 357.534 421.21 -127.566 111.184 -99.193
-1056.35 357.473 421.215 -127.707 111.185 -99.178
-1057.35 357.415 421.22 -127.827 111.185 -99.165
-1058.35 357.361 421.225 -127.965 111.183 -99.15
-1059.34 357.311 421.229 -127.965 111.183 -99.15
-1060.34 357.265 421.234 -128.128 111.176 -99.133
-1061.34 357.222 421.239 -128.253 111.17 -99.121
-1062.34 357.183 421.243 -128.253 111.17 -99.121
-1063.34 357.147 421.248 -128.374 111.165 -99.105
-1064.34 357.115 421.252 -128.531 111.161 -99.084
-1065.33 357.087 421.257 -128.531 111.161 -99.084
-1066.33 357.063 421.261 -128.711 111.162 -99.067
-1067.33 357.042 421.266 -128.711 111.162 -99.067
-1068.33 357.025 421.27 -128.866 111.157 -99.05
-1069.33 357.011 421.275 -129.004 111.153 -99.036
-1070.33 357.002 421.279 -129.145 111.147 -99.019
-1071.33 356.996 421.283 -129.145 111.147 -99.019
-1072.33 356.993 421.288 -129.271 111.144 -99.011
-1073.33 356.994 421.292 -129.398 111.141 -98.997
-1074.33 356.999 421.296 -129.398 111.141 -98.997
-1075.33 357.008 421.3 -129.555 111.138 -98.976
-1076.33 357.02 421.305 -129.708 111.131 -98.949
-1077.33 357.036 421.309 -129.708 111.131 -98.949
-1078.33 357.055 421.313 -129.868 111.123 -98.932
-1079.33 357.079 421.317 -130.028 111.119 -98.918
-1080.33 357.105 421.321 -130.028 111.119 -98.918
-1081.33 357.136 421.325 -130.147 111.117 -98.905
-1082.33 357.17 421.329 -130.286 111.118 -98.891
-1083.33 357.208 421.334 -130.286 111.118 -98.891
-1084.33 357.25 421.338 -130.433 111.116 -98.88
-1085.33 357.295 421.342 -130.576 111.111 -98.864
-1086.33 357.344 421.346 -130.576 111.111 -98.864
-1087.33 357.396 421.349 -130.696 111.104 -98.847
-1090.37 357.54 421.364 -130.977 111.088 -98.806
-1091.37 357.604 421.369 -131.12 111.086 -98.79
-1092.37 357.672 421.374 -131.259 111.086 -98.775
-1093.36 357.744 421.379 -131.259 111.086 -98.775
-1094.36 357.819 421.384 -131.396 111.086 -98.76
-1095.36 357.898 421.388 -131.518 111.084 -98.747
-1096.36 357.981 421.393 -131.641 111.076 -98.733
-1097.36 358.067 421.398 -131.641 111.076 -98.733
-1098.35 358.157 421.402 -131.803 111.069 -98.715
-1099.35 358.251 421.407 -131.929 111.066 -98.698
-1100.34 358.348 421.411 -131.929 111.066 -98.698
-1101.34 358.449 421.416 -132.053 111.062 -98.681
-1102.33 358.554 421.42 -132.211 111.056 -98.659
-1103.33 358.662 421.425 -132.211 111.056 -98.659
-1104.32 358.775 421.429 -132.35 111.051 -98.641
-1105.31 358.89 421.433 -132.486 111.048 -98.626
-1106.31 359.01 421.438 -132.607 111.045 -98.615
-1107.3 359.133 421.442 -132.733 111.044 -98.606
-1108.29 359.259 421.446 -132.733 111.044 -98.606
-1109.28 359.39 421.45 -132.862 111.041 -98.593
-1110.27 359.524 421.454 -132.987 111.037 -98.577
-1111.26 359.662 421.459 -133.108 111.032 -98.566
-1112.25 359.803 421.463 -133.108 111.032 -98.566
-1113.24 359.948 421.467 -133.243 111.027 -98.547
-1114.22 360.097 421.471 -133.381 111.024 -98.531
-1115.21 360.249 421.475 -133.381 111.024 -98.531
-1116.2 360.405 421.478 -133.543 111.019 -98.516
-1117.18 360.565 421.482 -133.67 111.016 -98.507
-1118.17 360.728 421.486 -133.67 111.016 -98.507
-1119.15 360.895 421.49 -133.813 111.013 -98.494
-1120.14 361.066 421.494 -133.952 111.007 -98.475
-1121.12 361.24 421.497 -134.073 111.004 -98.463
-1122.11 361.418 421.501 -134.073 111.004 -98.463
-1123.09 361.6 421.505 -134.229 111.001 -98.446
-1124.07 361.785 421.508 -134.389 110.997 -98.429
-1125.05 361.975 421.512 -134.389 110.997 -98.429
-1126.04 362.167 421.515 -134.531 110.994 -98.411
-1127.02 362.364 421.519 -134.653 110.99 -98.395
-1128 362.564 421.522 -134.653 110.99 -98.395
-1128.98 362.767 421.526 -134.793 110.986 -98.38
-1129.96 362.975 421.529 -134.95 110.977 -98.361
-1130.93 363.186 421.532 -134.95 110.977 -98.361
-1131.91 363.401 421.536 -135.128 110.971 -98.34
-1132.89 363.619 421.539 -135.128 110.971 -98.34
-1133.87 363.841 421.542 -135.269 110.969 -98.324
-1134.84 364.067 421.545 -135.392 110.968 -98.314
-1135.82 364.296 421.548 -135.565 110.967 -98.295
-1138.22 364.854 421.567 -135.687 110.963 -98.282
-1139.19 365.099 421.57 -135.826 110.958 -98.264
-1140.16 365.347 421.573 -135.949 110.951 -98.247
-1141.13 365.599 421.575 -136.072 110.947 -98.235
-1142.1 365.854 421.577 -136.072 110.947 -98.235
-1143.07 366.112 421.58 -136.216 110.944 -98.22
-1144.04 366.375 421.582 -136.341 110.942 -98.207
-1145 366.641 421.584 -136.341 110.942 -98.207
-1145.96 366.91 421.586 -136.485 110.936 -98.192
-1146.93 367.183 421.587 -136.625 110.929 -98.173
-1147.89 367.459 421.589 -136.625 110.929 -98.173
-1148.85 367.739 421.591 -136.762 110.926 -98.16
-1149.81 368.023 421.592 -136.882 110.927 -98.149
-1150.76 368.31 421.594 -137.007 110.926 -98.137
-1151.72 368.601 421.595 -137.151 110.922 -98.123
-1152.68 368.895 421.596 -137.151 110.922 -98.123
-1153.63 369.193 421.597 -137.311 110.913 -98.102
-1154.58 369.494 421.598 -137.311 110.913 -98.102
-1155.53 369.799 421.599 -137.45 110.906 -98.081
-1156.48 370.107 421.6 -137.607 110.897 -98.06
-1157.43 370.419 421.6 -137.607 110.897 -98.06
-1158.38 370.735 421.601 -137.729 110.894 -98.043
-1159.33 371.054 421.601 -137.889 110.894 -98.027
-1160.27 371.376 421.601 -137.889 110.894 -98.027
-1161.22 371.702 421.602 -138.01 110.894 -98.014
-1162.16 372.032 421.602 -138.134 110.89 -98.003
-1163.1 372.365 421.602 -138.258 110.884 -97.99
-1164.04 372.702 421.602 -138.398 110.875 -97.973
-1164.98 373.042 421.601 -138.398 110.875 -97.973
-1165.92 373.386 421.601 -138.539 110.87 -97.954
-1166.86 373.733 421.601 -138.663 110.867 -97.937
-1167.79 374.084 421.6 -138.663 110.867 -97.937
-1168.73 374.439 421.599 -138.803 110.866 -97.923
-1169.66 374.797 421.599 -138.925 110.865 -97.909
-1170.59 375.158 421.598 -139.045 110.862 -97.893
-1171.52 375.523 421.597 -139.168 110.855 -97.881
-1172.45 375.892 421.596 -139.168 110.855 -97.881
-1173.38 376.264 421.594 -139.306 110.846 -97.864
-1174.31 376.64 421.593 -139.421 110.841 -97.849
-1175.24 377.019 421.592 -139.421 110.841 -97.849
-1176.16 377.402 421.59 -139.582 110.84 -97.834
-1177.08 377.788 421.589 -139.72 110.845 -97.824
-1178.01 378.178 421.587 -139.72 110.845 -97.824
-1178.93 378.572 421.585 -139.891 110.847 -97.811
-1179.85 378.969 421.583 -140.036 110.852 -97.795
-1180.77 379.369 421.581 -140.036 110.852 -97.795
-1181.68 379.773 421.579 -140.211 110.863 -97.78
-1184.15 380.789 421.537 -140.5 110.89 -97.763
-1185.06 381.205 421.535 -140.702 110.908 -97.752
-1185.97 381.625 421.532 -140.702 110.908 -97.752
-1186.88 382.047 421.53 -140.884 110.924 -97.741
-1187.79 382.473 421.527 -140.884 110.924 -97.741
-1188.69 382.902 421.525 -141.071 110.942 -97.73
-1189.6 383.335 421.522 -141.262 110.963 -97.716
-1190.5 383.77 421.52 -141.262 110.963 -97.716
-1191.4 384.209 421.517 -141.453 110.984 -97.703
-1192.3 384.651 421.515 -141.6 111 -97.694
-1193.19 385.096 421.512 -141.6 111 -97.694
-1194.08 385.544 421.51 -141.783 111.019 -97.682
-1194.98 385.996 421.507 -141.969 111.037 -97.667
-1195.87 386.45 421.505 -141.969 111.037 -97.667
-1196.76 386.908 421.502 -142.161 111.055 -97.656
-1197.64 387.369 421.5 -142.161 111.055 -97.656
-1198.53 387.834 421.497 -142.332 111.07 -97.645
-1199.41 388.301 421.495 -142.477 111.085 -97.637
-1200.29 388.772 421.493 -142.618 111.101 -97.629
-1201.17 389.246 421.49 -142.618 111.101 -97.629
-1202.05 389.723 421.488 -142.802 111.125 -97.617
-1202.92 390.204 421.485 -142.952 111.143 -97.608
-1203.8 390.687 421.483 -142.952 111.143 -97.608
-1204.67 391.174 421.48 -143.081 111.155 -97.598
-1205.54 391.664 421.478 -143.271 111.171 -97.586
-1206.41 392.157 421.475 -143.271 111.171 -97.586
-1207.28 392.654 421.473 -143.435 111.185 -97.577
-1208.14 393.153 421.47 -143.621 111.206 -97.566
-1209.01 393.656 421.468 -143.77 111.223 -97.557
-1209.87 394.162 421.466 -143.77 111.223 -97.557
-1210.73 394.671 421.463 -143.962 111.245 -97.544
-1211.59 395.184 421.461 -144.106 111.259 -97.531
-1212.44 395.699 421.458 -144.106 111.259 -97.531
-1213.3 396.218 421.456 -144.249 111.27 -97.52
-1214.15 396.74 421.453 -144.417 111.284 -97.506
-1215 397.265 421.451 -144.417 111.284 -97.506
-1215.85 397.794 421.449 -144.567 111.301 -97.498
-1216.7 398.326 421.446 -144.717 111.319 -97.489
-1217.54 398.86 421.444 -144.862 111.334 -97.48
-1218.38 399.398 421.441 -145.004 111.346 -97.466
-1219.23 399.94 421.439 -145.004 111.346 -97.466
-1220.07 400.484 421.437 -145.188 111.364 -97.447
-1220.9 401.032 421.434 -145.188 111.364 -97.447
-1221.74 401.583 421.432 -145.401 111.386 -97.433
-1222.57 402.137 421.429 -145.552 111.4 -97.424
-1223.41 402.694 421.427 -145.552 111.4 -97.424
-1224.24 403.255 421.425 -145.719 111.416 -97.415
-1225.07 403.818 421.422 -145.883 111.431 -97.404
-1227.79 405.8 421.436 -146.221 111.468 -97.381
-1228.61 406.375 421.434 -146.39 111.486 -97.368
-1229.43 406.952 421.432 -146.534 111.499 -97.358
-1230.24 407.533 421.43 -146.534 111.499 -97.358
-1231.06 408.115 421.428 -146.697 111.514 -97.346
-1231.87 408.701 421.426 -146.907 111.538 -97.341
-1232.68 409.29 421.423 -146.907 111.538 -97.341
-1233.49 409.881 421.421 -147.099 111.56 -97.335
-1234.29 410.475 421.419 -147.099 111.56 -97.335
-1235.09 411.072 421.416 -147.248 111.575 -97.326
-1235.9 411.671 421.414 -147.433 111.59 -97.309
-1236.69 412.273 421.411 -147.433 111.59 -97.309
-1237.49 412.878 421.408 -147.62 111.605 -97.291
-1238.28 413.486 421.406 -147.768 111.621 -97.283
-1239.07 414.097 421.403 -147.768 111.621 -97.283
-1239.86 414.71 421.4 -147.937 111.644 -97.276
-1240.65 415.326 421.397 -148.103 111.663 -97.267
-1241.44 415.945 421.394 -148.103 111.663 -97.267
-1242.22 416.567 421.391 -148.267 111.676 -97.257
-1243 417.191 421.388 -148.435 111.689 -97.245
-1243.78 417.819 421.385 -148.435 111.689 -97.245
-1244.55 418.449 421.382 -148.606 111.707 -97.231
-1245.32 419.081 421.378 -148.797 111.729 -97.222
-1246.09 419.717 421.375 -148.797 111.729 -97.222
-1246.86 420.355 421.372 -148.964 111.745 -97.21
-1247.63 420.996 421.368 -149.107 111.757 -97.2
-1248.39 421.64 421.365 -149.252 111.771 -97.19
-1249.15 422.287 421.361 -149.252 111.771 -97.19
-1249.91 422.936 421.357 -149.399 111.79 -97.185
-1250.67 423.588 421.354 -149.549 111.808 -97.176
-1251.43 424.243 421.35 -149.739 111.827 -97.167
-1252.18 424.901 421.346 -149.739 111.827 -97.167
-1252.93 425.561 421.342 -149.904 111.839 -97.155
-1253.68 426.225 421.338 -149.904 111.839 -97.155
-1254.42 426.89 421.334 -150.135 111.86 -97.138
-1255.16 427.559 421.33 -150.135 111.86 -97.138
-1255.91 428.231 421.326 -150.325 111.883 -97.127
-1256.64 428.905 421.322 -150.493 111.901 -97.121
-1257.38 429.582 421.317 -150.636 111.915 -97.109
-1258.11 430.262 421.313 -150.636 111.915 -97.109
-1258.85 430.945 421.309 -150.841 111.936 -97.095
-1259.58 431.63 421.304 -150.991 111.952 -97.085
-1260.3 432.318 421.3 -150.991 111.952 -97.085
-1261.03 433.009 421.295 -151.164 111.968 -97.072
-1261.75 433.703 421.291 -151.164 111.968 -97.072
-1262.47 434.399 421.286 -151.352 111.983 -97.057
-1263.19 435.098 421.281 -151.494 111.994 -97.042
-1263.9 435.8 421.276 -151.659 112.01 -97.03
-1265.72 437.653 421.279 -151.829 112.033 -97.022
-1266.44 438.372 421.275 -151.977 112.052 -97.016
-1267.14 439.093 421.271 -152.143 112.069 -97.009
-1267.85 439.816 421.266 -152.309 112.08 -96.997
-1268.55 440.541 421.262 -152.309 112.08 -96.997
-1269.25 441.268 421.257 -152.519 112.096 -96.98
-1269.95 441.998 421.252 -152.519 112.096 -96.98
-1270.64 442.729 421.247 -152.67 112.112 -96.97
-1271.33 443.463 421.243 -152.819 112.13 -96.958
-1272.01 444.199 421.237 -153.024 112.151 -96.94
-1272.7 444.937 421.232 -153.024 112.151 -96.94
-1273.38 445.678 421.227 -153.167 112.163 -96.931
-1274.06 446.42 421.222 -153.314 112.179 -96.922
-1274.73 447.165 421.216 -153.464 112.195 -96.914
-1275.4 447.912 421.211 -153.464 112.195 -96.914
-1276.07 448.661 421.205 -153.594 112.208 -96.91
-1276.73 449.412 421.2 -153.741 112.223 -96.903
-1277.39 450.166 421.194 -153.904 112.237 -96.892
-1278.05 450.921 421.188 -153.904 112.237 -96.892
-1278.71 451.679 421.182 -154.069 112.253 -96.879
-1279.36 452.439 421.176 -154.237 112.272 -96.869
-1280.01 453.201 421.17 -154.237 112.272 -96.869
-1280.66 453.966 421.164 -154.429 112.291 -96.856
-1281.3 454.732 421.157 -154.596 112.306 -96.845
-1281.94 455.501 421.151 -154.596 112.306 -96.845
-1282.57 456.272 421.144 -154.758 112.319 -96.833
-1283.21 457.045 421.138 -154.925 112.338 -96.828
-1283.84 457.82 421.131 -155.076 112.355 -96.819
-1284.47 458.597 421.124 -155.076 112.355 -96.819
-1285.09 459.377 421.118 -155.309 112.382 -96.813
-1285.71 460.159 421.111 -155.309 112.382 -96.813
-1286.33 460.943 421.103 -155.473 112.396 -96.802
-1286.94 461.729 421.096 -155.639 112.407 -96.785
-1287.56 462.517 421.089 -155.639 112.407 -96.785
-1288.16 463.308 421.082 -155.788 112.421 -96.77
-1288.77 464.1 421.074 -155.937 112.438 -96.763
-1289.37 464.895 421.067 -156.106 112.456 -96.753
-1289.97 465.692 421.059 -156.106 112.456 -96.753
-1290.57 466.491 421.051 -156.268 112.474 -96.743
-1291.16 467.292 421.044 -156.413 112.486 -96.732
-1291.75 468.096 421.036 -156.562 112.502 -96.725
-1292.34 468.902 421.028 -156.562 112.502 -96.725
-1292.92 469.71 421.02 -156.713 112.519 -96.719
-1293.5 470.52 421.011 -156.862 112.534 -96.708
-1294.08 471.332 421.003 -157.027 112.548 -96.696
-1294.65 472.146 420.995 -157.027 112.548 -96.696
-1295.22 472.963 420.986 -157.191 112.562 -96.685
-1295.79 473.782 420.978 -157.336 112.576 -96.673
-1296.36 474.603 420.969 -157.336 112.576 -96.673
-1296.92 475.426 420.961 -157.528 112.599 -96.663
-1297.48 476.251 420.952 -157.696 112.617 -96.655
-1298.03 477.079 420.943 -157.696 112.617 -96.655
-1298.59 477.908 420.934 -157.841 112.629 -96.645
-1299.14 478.74 420.925 -158.006 112.643 -96.636
-1299.68 479.574 420.915 -158.154 112.656 -96.626
-1300.22 480.41 420.906 -158.154 112.656 -96.626
-1300.76 481.249 420.897 -158.325 112.677 -96.614
-1301.3 482.089 420.887 -158.493 112.695 -96.604
-1301.84 482.932 420.878 -158.493 112.695 -96.604
-1302.37 483.777 420.868 -158.636 112.707 -96.594
-1302.89 484.624 420.858 -158.779 112.719 -96.579
-1303.42 485.473 420.849 -158.946 112.733 -96.565
-1303.94 486.325 420.839 -158.946 112.733 -96.565
-1304.46 487.178 420.829 -159.119 112.751 -96.555
-1304.97 488.034 420.818 -159.291 112.767 -96.546
-1305.49 488.892 420.808 -159.291 112.767 -96.546
-1305.99 489.752 420.798 -159.436 112.78 -96.537
-1306.5 490.614 420.788 -159.62 112.798 -96.526
-1307 491.479 420.777 -159.62 112.798 -96.526
-1307.5 492.346 420.767 -159.81 112.82 -96.515
-1308 493.214 420.756 -159.98 112.839 -96.504
-1308.49 494.085 420.745 -159.98 112.839 -96.504
-1308.98 494.959 420.734 -160.127 112.856 -96.495
-1309.47 495.834 420.723 -160.31 112.871 -96.48
-1309.95 496.712 420.712 -160.454 112.883 -96.469
-1310.43 497.591 420.701 -160.454 112.883 -96.469
-1310.91 498.473 420.69 -160.625 112.9 -96.457
-1311.39 499.357 420.679 -160.798 112.917 -96.447
-1311.86 500.244 420.667 -160.798 112.917 -96.447
-1312.33 501.132 420.656 -160.964 112.934 -96.437
-1312.79 502.023 420.644 -161.107 112.945 -96.427
-1313.25 502.916 420.632 -161.274 112.959 -96.415
-1313.71 503.81 420.621 -161.274 112.959 -96.415
-1314.17 504.708 420.609 -161.444 112.979 -96.407
-1314.62 505.607 420.597 -161.593 112.996 -96.4
-1315.07 506.509 420.585 -161.593 112.996 -96.4
-1315.52 507.412 420.573 -161.801 113.02 -96.387
-1315.96 508.318 420.56 -162.005 113.036 -96.376
-1316.4 509.226 420.548 -162.005 113.036 -96.376
-1316.84 510.136 420.536 -162.169 113.051 -96.365
-1317.27 511.049 420.523 -162.307 113.064 -96.354
-1317.71 511.963 420.51 -162.307 113.064 -96.354
-1318.13 512.88 420.498 -162.465 113.078 -96.344
-1318.56 513.799 420.485 -162.601 113.09 -96.331
3
-943.754 387.233 419.705 -116.597 111.494 -100.487
-944.654 386.763 419.712 -116.597 111.494 -100.487
-945.554 386.296 419.72 -116.597 111.494 -100.487
-946.455 385.833 419.727 -116.597 111.494 -100.487
-947.358 385.373 419.734 -116.597 111.494 -100.487
-948.262 384.917 419.742 -116.597 111.494 -100.487
-949.166 384.464 419.749 -116.597 111.494 -100.487
-950.072 384.015 419.756 -116.597 111.494 -100.487
-950.979 383.569 419.763 -116.944 111.476 -100.445
-951.887 383.127 419.771 -116.944 111.476 -100.445
-952.796 382.688 419.778 -117.067 111.475 -100.429
-953.706 382.252 419.785 -117.067 111.475 -100.429
-954.617 381.821 419.792 -117.325 111.469 -100.391
-955.529 381.392 419.799 -117.325 111.469 -100.391
-956.442 380.968 419.806 -117.448 111.465 -100.376
-957.357 380.546 419.813 -117.588 111.459 -100.356
-958.272 380.128 419.82 -117.588 111.459 -100.356
-959.188 379.714 419.827 -117.728 111.455 -100.338
-960.106 379.303 419.834 -117.866 111.452 -100.315
-961.024 378.896 419.841 -118.005 111.448 -100.296
-961.944 378.492 419.848 -118.005 111.448 -100.296
-962.865 378.092 419.854 -118.148 111.443 -100.277
-963.787 377.695 419.861 -118.273 111.438 -100.26
-964.709 377.302 419.868 -118.273 111.438 -100.26
-965.633 376.912 419.875 -118.428 111.433 -100.24
-966.558 376.526 419.881 -118.563 111.43 -100.221
-967.484 376.143 419.888 -118.686 111.429 -100.206
-968.411 375.763 419.895 -118.814 111.427 -100.194
-969.34 375.388 419.901 -118.814 111.427 -100.194
-970.269 375.015 419.908 -118.996 111.421 -100.178
-971.199 374.646 419.914 -118.996 111.421 -100.178
-972.131 374.281 419.921 -119.151 111.413 -100.163
-973.063 373.919 419.927 -119.151 111.413 -100.163
-973.997 373.561 419.934 -119.301 111.408 -100.141
-974.931 373.206 419.94 -119.427 111.407 -100.129
-975.867 372.855 419.947 -119.555 111.408 -100.117
-976.804 372.507 419.953 -119.555 111.408 -100.117
-977.741 372.163 419.959 -119.734 111.405 -100.098
-978.68 371.822 419.966 -119.853 111.399 -100.082
-979.62 371.485 419.972 -119.969 111.395 -100.065
-980.561 371.151 419.978 -119.969 111.395 -100.065
-981.503 370.82 419.984 -120.107 111.391 -100.047
-982.446 370.494 419.991 -120.237 111.387 -100.033
-983.391 370.17 419.997 -120.367 111.386 -100.022
-984.336 369.85 420.003 -120.367 111.386 -100.022
-985.282 369.534 420.009 -120.492 111.382 -100.009
-986.23 369.221 420.015 -120.611 111.377 -99.993
-987.178 368.912 420.021 -120.741 111.374 -99.977
-988.128 368.606 420.027 -120.897 111.373 -99.962
-989.078 368.304 420.033 -120.897 111.373 -99.962
-990.03 368.005 420.039 -121.023 111.374 -99.948
-990.983 367.709 420.045 -121.17 111.371 -99.936
-991.936 367.418 420.051 -121.17 111.371 -99.936
-992.891 367.129 420.057 -121.314 111.364 -99.922
-993.847 366.844 420.062 -121.451 111.357 -99.9
-994.804 366.563 420.068 -121.451 111.357 -99.9
-995.762 366.285 420.074 -121.566 111.353 -99.882
-996.722 366.011 420.08 -121.725 111.348 -99.86
-997.682 365.74 420.085 -121.725 111.348 -99.86
-998.643 365.473 420.091 -121.891 111.347 -99.845
-999.605 365.209 420.097 -122.014 111.344 -99.831
-1000.57 364.949 420.102 -122.014 111.344 -99.831
-1001.53 364.692 420.108 -122.154 111.339 -99.816
-1002.5 364.438 420.113 -122.274 111.337 -99.802
-1003.47 364.188 420.119 -122.411 111.332 -99.788
-1004.43 363.942 420.124 -122.537 111.328 -99.777
-1005.4 363.699 420.13 -122.537 111.328 -99.777
-1006.37 363.46 420.135 -122.699 111.324 -99.758
-1007.34 363.224 420.141 -122.699 111.324 -99.758
-1008.31 362.992 420.146 -122.839 111.319 -99.739
-1009.29 362.763 420.151 -122.98 111.316 -99.723
-1010.26 362.538 420.157 -123.118 111.313 -99.705
-1011.24 362.316 420.162 -123.118 111.313 -99.705
-1012.21 362.097 420.167 -123.236 111.307 -99.691
-1013.19 361.882 420.172 -123.378 111.304 -99.675
-1014.17 361.671 420.178 -123.541 111.301 -99.661
-1015.15 361.463 420.183 -123.541 111.301 -99.661
-1016.13 361.259 420.188 -123.666 111.299 -99.652
-1017.11 361.058 420.193 -123.666 111.299 -99.652
-1018.09 360.861 420.198 -123.828 111.296 -99.639
-1019.08 360.667 420.203 -123.965 111.291 -99.619
-1020.06 360.476 420.208 -124.099 111.285 -99.6
-1021.05 360.29 420.213 -124.099 111.285 -99.6
-1022.03 360.106 420.218 -124.223 111.28 -99.581
-1023.02 359.926 420.223 -124.349 111.279 -99.562
-1024.01 359.75 420.228 -124.507 111.274 -99.541
-1025 359.577 420.233 -124.507 111.274 -99.541
-1025.99 359.408 420.237 -124.65 111.271 -99.524
-1026.99 359.242 420.242 -124.773 111.266 -99.511
-1027.98 359.08 420.247 -124.773 111.266 -99.511
-1028.97 358.921 420.252 -124.892 111.261 -99.497
-1029.97 358.765 420.256 -125.01 111.258 -99.481
-1030.97 358.613 420.261 -125.153 111.256 -99.466
-1031.96 358.465 420.266 -125.302 111.253 -99.453
-1032.96 358.32 420.27 -125.302 111.253 -99.453
-1033.96 358.179 420.275 -125.443 111.248 -99.437
-1034.96 358.041 420.279 -125.563 111.241 -99.418
-1037.32 357.725 420.281 -125.703 111.238 -99.401
-1038.32 357.607 420.286 -125.822 111.237 -99.386
-1039.32 357.494 420.291 -125.957 111.234 -99.368
-1040.31 357.384 420.296 -126.067 111.23 -99.357
-1041.31 357.277 420.301 -126.18 111.226 -99.348
-1042.3 357.174 420.306 -126.18 111.226 -99.348
-1043.3 357.075 420.311 -126.306 111.223 -99.338
-1044.3 356.98 420.316 -126.429 111.217 -99.328
-1045.29 356.888 420.321 -126.549 111.213 -99.313
-1046.29 356.799 420.325 -126.687 111.212 -99.298
-1047.29 356.715 420.33 -126.687 111.212 -99.298
-1048.28 356.634 420.335 -126.805 111.21 -99.283
-1049.28 356.556 420.34 -126.925 111.211 -99.265
-1050.28 356.483 420.345 -127.11 111.205 -99.246
-1051.28 356.413 420.35 -127.11 111.205 -99.246
-1052.27 356.346 420.355 -127.273 111.196 -99.225
-1053.27 356.283 420.36 -127.273 111.196 -99.225
-1054.27 356.224 420.365 -127.393 111.19 -99.214
-1055.27 356.168 420.37 -127.53 111.186 -99.198
-1056.27 356.116 420.374 -127.53 111.186 -99.198
-1057.27 356.068 420.379 -127.671 111.184 -99.18
-1058.26 356.023 420.384 -127.811 111.186 -99.168
-1059.26 355.982 420.389 -127.949 111.183 -99.152
-1060.26 355.945 420.394 -127.949 111.183 -99.152
-1061.26 355.911 420.399 -128.092 111.178 -99.136
-1062.26 355.881 420.403 -128.217 111.172 -99.125
-1063.26 355.854 420.408 -128.217 111.172 -99.125
-1064.26 355.831 420.413 -128.357 111.166 -99.108
-1065.26 355.812 420.418 -128.513 111.162 -99.088
-1066.26 355.796 420.422 -128.513 111.162 -99.088
-1067.26 355.784 420.427 -128.658 111.163 -99.073
-1068.26 355.776 420.432 -128.816 111.16 -99.056
-1069.26 355.771 420.436 -128.816 111.16 -99.056
-1070.26 355.77 420.441 -128.936 111.155 -99.043
-1071.26 355.772 420.446 -129.075 111.149 -99.029
-1072.26 355.779 420.451 -129.198 111.146 -99.016
-1073.26 355.788 420.455 -129.198 111.146 -99.016
-1074.26 355.802 420.46 -129.36 111.142 -99.001
-1075.26 355.819 420.464 -129.485 111.14 -98.985
-1076.26 355.839 420.469 -129.485 111.14 -98.985
-1077.26 355.863 420.474 -129.641 111.135 -98.961
-1078.26 355.891 420.478 -129.832 111.125 -98.936
-1079.26 355.923 420.483 -129.832 111.125 -98.936
-1080.27 355.958 420.488 -129.992 111.118 -98.92
-1081.27 355.997 420.492 -129.992 111.118 -98.92
-1082.27 356.039 420.497 -130.112 111.118 -98.909
-1084.92 355.984 420.506 -130.415 111.116 -98.881
-1085.92 356.038 420.512 -130.558 111.111 -98.865
-1086.92 356.096 420.518 -130.558 111.111 -98.865
-1087.92 356.158 420.523 -130.678 111.106 -98.849
-1088.92 356.223 420.529 -130.798 111.097 -98.829
-1089.92 356.292 420.535 -130.942 111.09 -98.809
-1090.92 356.365 420.541 -130.942 111.09 -98.809
-1091.92 356.441 420.547 -131.067 111.087 -98.795
-1092.92 356.521 420.553 -131.207 111.086 -98.781
-1093.92 356.605 420.558 -131.207 111.086 -98.781
-1094.91 356.693 420.564 -131.345 111.087 -98.765
-1095.91 356.784 420.57 -131.501 111.084 -98.748
-1096.91 356.879 420.575 -131.622 111.077 -98.733
-1097.9 356.978 420.581 -131.622 111.077 -98.733
-1098.9 357.08 420.587 -131.785 111.07 -98.716
-1099.89 357.186 420.592 -131.785 111.07 -98.716
-1100.88 357.296 420.598 -131.929 111.065 -98.697
-1101.88 357.41 420.603 -132.071 111.061 -98.678
-1102.87 357.527 420.609 -132.194 111.057 -98.661
-1103.86 357.648 420.614 -132.194 111.057 -98.661
-1104.85 357.772 420.62 -132.351 111.052 -98.643
-1105.85 357.901 420.625 -132.469 111.049 -98.628
-1106.84 358.033 420.631 -132.469 111.049 -98.628
-1107.83 358.169 420.636 -132.677 111.043 -98.608
-1108.82 358.308 420.642 -132.788 111.042 -98.6
-1109.81 358.451 420.647 -132.788 111.042 -98.6
-1110.79 358.598 420.652 -132.97 111.038 -98.581
-1111.78 358.749 420.658 -132.97 111.038 -98.581
-1112.77 358.903 420.663 -133.092 111.034 -98.568
-1113.76 359.061 420.668 -133.243 111.028 -98.548
-1114.74 359.223 420.674 -133.364 111.025 -98.534
-1115.73 359.389 420.679 -133.364 111.025 -98.534
-1116.71 359.558 420.684 -133.489 111.02 -98.521
-1117.7 359.731 420.689 -133.615 111.019 -98.511
-1118.68 359.907 420.694 -133.759 111.014 -98.498
-1119.67 360.088 420.7 -133.759 111.014 -98.498
-1120.65 360.272 420.705 -133.883 111.01 -98.485
-1121.63 360.459 420.71 -134.039 111.004 -98.466
-1122.62 360.651 420.715 -134.039 111.004 -98.466
-1123.6 360.846 420.72 -134.176 111.002 -98.451
-1124.58 361.045 420.725 -134.299 111 -98.439
-1125.56 361.248 420.73 -134.425 110.996 -98.424
-1126.54 361.454 420.735 -134.425 110.996 -98.424
-1127.52 361.664 420.74 -134.567 110.992 -98.407
-1128.5 361.878 420.745 -134.723 110.988 -98.387
-1129.48 362.095 420.75 -134.723 110.988 -98.387
-1130.46 362.316 420.755 -134.845 110.984 -98.374
-1131.43 362.541 420.76 -135.002 110.976 -98.355
-1134.19 363.133 420.796 -135.269 110.969 -98.324
-1135.16 363.371 420.8 -135.41 110.967 -98.313
-1136.14 363.613 420.805 -135.41 110.967 -98.313
-1137.11 363.858 420.81 -135.531 110.967 -98.301
-1138.08 364.107 420.814 -135.687 110.964 -98.282
-1139.05 364.36 420.818 -135.687 110.964 -98.282
-1140.02 364.615 420.823 -135.826 110.958 -98.263
-1140.98 364.875 420.827 -135.966 110.95 -98.245
-1141.95 365.138 420.831 -136.09 110.946 -98.232
-1142.92 365.404 420.835 -136.09 110.946 -98.232
-1143.88 365.674 420.839 -136.252 110.943 -98.216
-1144.84 365.948 420.843 -136.377 110.941 -98.204
-1145.8 366.225 420.847 -136.377 110.941 -98.204
-1146.76 366.505 420.85 -136.502 110.935 -98.188
-1147.72 366.789 420.854 -136.625 110.929 -98.173
-1148.68 367.077 420.857 -136.78 110.926 -98.158
-1149.64 367.368 420.861 -136.78 110.926 -98.158
-1150.59 367.662 420.864 -136.917 110.926 -98.144
-1151.55 367.96 420.867 -137.043 110.925 -98.134
-1152.5 368.262 420.87 -137.043 110.925 -98.134
-1153.45 368.567 420.873 -137.223 110.92 -98.113
-1154.4 368.876 420.876 -137.223 110.92 -98.113
-1155.35 369.188 420.879 -137.381 110.91 -98.091
-1156.3 369.503 420.882 -137.381 110.91 -98.091
-1157.25 369.823 420.884 -137.624 110.897 -98.058
-1158.19 370.145 420.887 -137.624 110.897 -98.058
-1159.14 370.472 420.889 -137.764 110.893 -98.039
-1160.08 370.801 420.892 -137.906 110.894 -98.024
-1161.02 371.135 420.894 -138.028 110.893 -98.012
-1161.96 371.471 420.896 -138.028 110.893 -98.012
-1162.9 371.812 420.898 -138.152 110.89 -98.002
-1163.84 372.156 420.9 -138.293 110.882 -97.986
-1164.78 372.503 420.902 -138.293 110.882 -97.986
-1165.72 372.854 420.904 -138.469 110.872 -97.964
-1166.65 373.208 420.906 -138.61 110.866 -97.945
-1167.58 373.566 420.907 -138.61 110.866 -97.945
-1168.52 373.928 420.909 -138.787 110.865 -97.924
-1169.45 374.293 420.91 -138.787 110.865 -97.924
-1170.38 374.661 420.911 -138.908 110.866 -97.912
-1171.31 375.033 420.913 -139.063 110.861 -97.893
-1172.24 375.409 420.914 -139.203 110.853 -97.878
-1173.16 375.788 420.915 -139.203 110.853 -97.878
-1174.09 376.17 420.916 -139.357 110.844 -97.858
-1175.01 376.556 420.917 -139.503 110.838 -97.842
-1175.94 376.946 420.918 -139.503 110.838 -97.842
-1176.86 377.339 420.918 -139.659 110.842 -97.829
-1177.78 377.736 420.919 -139.798 110.847 -97.819
-1178.7 378.136 420.92 -139.798 110.847 -97.819
-1181.29 379.174 420.898 -140.087 110.854 -97.792
-1182.2 379.585 420.898 -140.229 110.865 -97.778
-1183.12 379.999 420.898 -140.42 110.882 -97.766
-1184.03 380.416 420.898 -140.42 110.882 -97.766
-1184.94 380.836 420.898 -140.6 110.9 -97.757
-1185.84 381.26 420.898 -140.743 110.913 -97.749
-1186.75 381.687 420.898 -140.743 110.913 -97.749
-1187.66 382.117 420.899 -140.884 110.925 -97.742
-1188.56 382.551 420.899 -141.049 110.94 -97.731
-1189.46 382.988 420.899 -141.241 110.96 -97.717
-1190.36 383.428 420.899 -141.241 110.96 -97.717
-1191.25 383.871 420.899 -141.412 110.98 -97.707
-1192.15 384.318 420.899 -141.412 110.98 -97.707
-1193.04 384.768 420.899 -141.558 110.996 -97.696
-1193.93 385.221 420.899 -141.701 111.012 -97.687
-1194.82 385.678 420.899 -141.885 111.031 -97.674
-1195.71 386.138 420.899 -141.885 111.031 -97.674
-1196.6 386.601 420.899 -142.096 111.05 -97.659
-1197.48 387.068 420.898 -142.096 111.05 -97.659
-1198.36 387.538 420.898 -142.269 111.064 -97.649
-1199.24 388.011 420.898 -142.437 111.08 -97.641
-1200.12 388.487 420.898 -142.437 111.08 -97.641
-1201 388.967 420.898 -142.597 111.098 -97.631
-1201.87 389.45 420.898 -142.74 111.117 -97.622
-1202.75 389.936 420.898 -142.909 111.139 -97.611
-1203.62 390.426 420.897 -142.909 111.139 -97.611
-1204.49 390.919 420.897 -143.06 111.154 -97.601
-1205.35 391.415 420.897 -143.25 111.169 -97.586
-1206.22 391.915 420.897 -143.25 111.169 -97.586
-1207.08 392.417 420.896 -143.415 111.183 -97.579
-1207.95 392.923 420.896 -143.559 111.198 -97.569
-1208.81 393.433 420.896 -143.728 111.218 -97.56
-1209.66 393.945 420.896 -143.728 111.218 -97.56
-1210.52 394.461 420.895 -143.899 111.239 -97.549
-1211.38 394.981 420.895 -144.086 111.258 -97.534
-1212.23 395.503 420.895 -144.086 111.258 -97.534
-1213.08 396.029 420.894 -144.228 111.268 -97.521
-1213.93 396.558 420.894 -144.418 111.283 -97.506
-1214.78 397.091 420.893 -144.418 111.283 -97.506
-1215.62 397.627 420.893 -144.568 111.301 -97.497
-1216.47 398.166 420.893 -144.737 111.321 -97.487
-1217.31 398.708 420.892 -144.737 111.321 -97.487
-1218.15 399.254 420.892 -144.902 111.339 -97.476
-1218.99 399.803 420.891 -145.065 111.352 -97.459
-1219.82 400.355 420.891 -145.208 111.366 -97.445
-1220.66 400.91 420.89 -145.208 111.366 -97.445
-1221.49 401.469 420.89 -145.338 111.379 -97.437
-1222.32 402.031 420.889 -145.531 111.399 -97.425
-1224.7 403.686 420.907 -145.883 111.431 -97.404
-1225.53 404.259 420.907 -145.883 111.431 -97.404
-1226.35 404.835 420.906 -146.029 111.445 -97.395
-1227.17 405.413 420.906 -146.199 111.464 -97.382
-1227.98 405.994 420.906 -146.199 111.464 -97.382
-1228.8 406.578 420.905 -146.348 111.481 -97.371
-1229.61 407.166 420.904 -146.535 111.5 -97.359
-1230.42 407.755 420.904 -146.535 111.5 -97.359
-1231.23 408.348 420.903 -146.717 111.515 -97.346
-1232.03 408.944 420.902 -146.863 111.532 -97.341
-1232.83 409.543 420.901 -146.863 111.532 -97.341
-1233.63 410.144 420.901 -147.077 111.559 -97.335
-1234.43 410.748 420.9 -147.269 111.577 -97.323
-1235.22 411.356 420.899 -147.269 111.577 -97.323
-1236.02 411.966 420.898 -147.433 111.59 -97.308
-1236.81 412.579 420.897 -147.433 111.59 -97.308
-1237.59 413.194 420.895 -147.619 111.604 -97.291
-1238.38 413.813 420.894 -147.768 111.621 -97.282
-1239.16 414.435 420.893 -147.937 111.645 -97.276
-1239.94 415.059 420.892 -147.937 111.645 -97.276
-1240.72 415.686 420.89 -148.143 111.667 -97.264
-1241.5 416.317 420.889 -148.143 111.667 -97.264
-1242.27 416.95 420.887 -148.308 111.679 -97.255
-1243.04 417.586 420.886 -148.519 111.698 -97.239
-1243.81 418.224 420.884 -148.519 111.698 -97.239
-1244.58 418.866 420.883 -148.692 111.717 -97.229
-1245.34 419.511 420.881 -148.841 111.733 -97.222
-1246.1 420.158 420.879 -148.841 111.733 -97.222
-1246.86 420.808 420.878 -149.005 111.748 -97.209
-1247.62 421.462 420.876 -149.148 111.76 -97.199
-1248.37 422.118 420.874 -149.336 111.781 -97.188
-1249.12 422.777 420.872 -149.336 111.781 -97.188
-1249.87 423.438 420.87 -149.528 111.806 -97.179
-1250.62 424.103 420.868 -149.528 111.806 -97.179
-1251.36 424.771 420.866 -149.718 111.826 -97.168
-1252.11 425.441 420.864 -149.863 111.837 -97.16
-1252.85 426.115 420.861 -149.863 111.837 -97.16
-1253.58 426.791 420.859 -150.03 111.849 -97.146
-1254.32 427.47 420.857 -150.199 111.867 -97.135
-1255.05 428.152 420.854 -150.199 111.867 -97.135
-1255.78 428.837 420.852 -150.432 111.894 -97.125
-1256.51 429.524 420.849 -150.432 111.894 -97.125
-1257.24 430.215 420.847 -150.596 111.912 -97.114
-1257.96 430.908 420.844 -150.737 111.925 -97.102
-1258.68 431.605 420.842 -150.906 111.942 -97.093
-1259.4 432.304 420.839 -150.906 111.942 -97.093
-1260.11 433.006 420.836 -151.078 111.96 -97.082
-1260.83 433.711 420.833 -151.228 111.974 -97.069
-1262.74 435.5 420.846 -151.577 112.001 -97.037
-1263.45 436.221 420.843 -151.577 112.001 -97.037
-1264.16 436.945 420.841 -151.722 112.018 -97.028
-1264.86 437.671 420.838 -151.914 112.044 -97.017
-1265.56 438.399 420.835 -151.914 112.044 -97.017
-1266.26 439.129 420.833 -152.101 112.066 -97.012
-1266.95 439.861 420.83 -152.268 112.078 -97.001
-1267.64 440.595 420.827 -152.268 112.078 -97.001
-1268.33 441.331 420.824 -152.455 112.09 -96.983
-1269.01 442.069 420.821 -152.455 112.09 -96.983
-1269.69 442.809 420.818 -152.648 112.109 -96.97
-1270.37 443.552 420.815 -152.839 112.133 -96.954
-1271.05 444.296 420.811 -152.839 112.133 -96.954
-1271.72 445.043 420.808 -153.003 112.149 -96.941
-1272.39 445.792 420.805 -153.146 112.161 -96.932
-1273.06 446.542 420.801 -153.314 112.178 -96.921
-1273.72 447.295 420.798 -153.314 112.178 -96.921
-1274.38 448.05 420.794 -153.465 112.195 -96.913
-1275.04 448.807 420.79 -153.594 112.208 -96.91
-1275.69 449.566 420.787 -153.741 112.224 -96.904
-1276.34 450.327 420.783 -153.741 112.224 -96.904
-1276.99 451.09 420.779 -153.904 112.237 -96.892
-1277.64 451.855 420.775 -154.049 112.251 -96.882
-1278.28 452.623 420.771 -154.216 112.271 -96.87
-1278.92 453.392 420.766 -154.216 112.271 -96.87
-1279.56 454.164 420.762 -154.45 112.293 -96.854
-1280.19 454.937 420.758 -154.45 112.293 -96.854
-1280.82 455.713 420.754 -154.615 112.308 -96.845
-1281.45 456.49 420.749 -154.799 112.324 -96.831
-1282.08 457.27 420.744 -154.799 112.324 -96.831
-1282.7 458.052 420.74 -154.992 112.345 -96.825
-1283.32 458.836 420.735 -155.162 112.366 -96.818
-1283.93 459.622 420.73 -155.162 112.366 -96.818
-1284.55 460.41 420.726 -155.328 112.385 -96.812
-1285.16 461.2 420.721 -155.513 112.398 -96.796
-1285.76 461.993 420.716 -155.513 112.398 -96.796
-1286.37 462.787 420.711 -155.702 112.412 -96.777
-1286.97 463.583 420.705 -155.702 112.412 -96.777
-1287.57 464.382 420.7 -155.852 112.428 -96.766
-1288.16 465.182 420.695 -156.023 112.448 -96.758
-1288.75 465.985 420.69 -156.188 112.466 -96.747
-1289.34 466.79 420.684 -156.188 112.466 -96.747
-1289.93 467.596 420.679 -156.371 112.483 -96.736
-1290.51 468.405 420.673 -156.371 112.483 -96.736
-1291.09 469.216 420.667 -156.562 112.502 -96.724
-1291.67 470.029 420.662 -156.776 112.525 -96.713
-1292.24 470.844 420.656 -156.776 112.525 -96.713
-1292.82 471.661 420.65 -156.966 112.543 -96.7
-1293.38 472.481 420.644 -156.966 112.543 -96.7
-1293.95 473.302 420.638 -157.13 112.557 -96.689
-1294.51 474.125 420.632 -157.315 112.575 -96.676
-1295.07 474.951 420.626 -157.315 112.575 -96.676
-1295.63 475.778 420.619 -157.465 112.592 -96.667
-1296.18 476.608 420.613 -157.612 112.61 -96.659
-1296.73 477.44 420.606 -157.759 112.622 -96.651
-1297.28 478.273 420.6 -157.759 112.622 -96.651
-1297.82 479.109 420.593 -157.924 112.635 -96.64
-1298.36 479.947 420.587 -158.154 112.656 -96.627
-1298.9 480.787 420.58 -158.154 112.656 -96.627
-1299.44 481.629 420.573 -158.304 112.675 -96.615
-1299.97 482.473 420.566 -158.452 112.69 -96.607
-1300.5 483.32 420.559 -158.452 112.69 -96.607
-1301.03 484.168 420.552 -158.616 112.705 -96.596
-1301.55 485.018 420.545 -158.758 112.718 -96.582
-1302.07 485.871 420.538 -158.946 112.733 -96.565
-1302.59 486.725 420.531 -158.946 112.733 -96.565
-1303.1 487.582 420.523 -159.119 112.75 -96.555
-1303.62 488.441 420.516 -159.312 112.77 -96.544
-1304.12 489.301 420.509 -159.312 112.77 -96.544
-1304.63 490.164 420.501 -159.496 112.786 -96.533
-1305.13 491.029 420.493 -159.496 112.786 -96.533
-1305.63 491.896 420.486 -159.725 112.81 -96.52
-1306.13 492.765 420.478 -159.725 112.81 -96.52
-1306.62 493.636 420.47 -159.938 112.834 -96.506
-1307.11 494.509 420.462 -160.127 112.856 -96.495
-1307.6 495.385 420.454 -160.127 112.856 -96.495
-1308.09 496.262 420.446 -160.29 112.87 -96.484
-1308.57 497.142 420.438 -160.433 112.882 -96.471
-1309.05 498.023 420.43 -160.433 112.882 -96.471
-1309.52 498.907 420.421 -160.602 112.897 -96.458
-1310 499.792 420.413 -160.755 112.912 -96.448
-1310.47 500.68 420.404 -160.924 112.929 -96.441
-1310.93 501.57 420.396 -160.924 112.929 -96.441
-1311.4 502.462 420.387 -161.086 112.944 -96.43
-1311.86 503.356 420.379 -161.273 112.959 -96.414
-1312.32 504.252 420.37 -161.273 112.959 -96.414
-1312.77 505.15 420.361 -161.445 112.979 -96.407
-1313.22 506.05 420.352 -161.615 112.999 -96.4
-1313.67 506.953 420.343 -161.615 112.999 -96.4
-1314.12 507.857 420.334 -161.801 113.019 -96.389
-1314.56 508.763 420.325 -161.985 113.035 -96.377
-1315 509.672 420.316 -161.985 113.035 -96.377
-1315.44 510.583 420.306 -162.189 113.052 -96.363
-1315.87 511.495 420.297 -162.189 113.052 -96.363
-1316.3 512.41 420.288 -162.363 113.07 -96.349
-1316.73 513.327 420.278 -162.538 113.085 -96.337
-1317.16 514.246 420.269 -162.538 113.085 -96.337
-1317.58 515.167 420.259 -162.681 113.097 -96.324
4
-942.954 390.048 419.162 -116.2 111.495 -100.504
-943.851 389.577 419.169 -116.2 111.495 -100.504
-944.749 389.111 419.177 -116.34 111.498 -100.502
-945.648 388.647 419.184 -116.34 111.498 -100.502
-946.548 388.187 419.192 -116.488 111.498 -100.492
-947.449 387.73 419.199 -116.488 111.498 -100.492
-948.351 387.277 419.207 -116.795 111.483 -100.466
-949.254 386.827 419.214 -116.795 111.483 -100.466
-950.158 386.38 419.221 -116.91 111.477 -100.449
-951.063 385.937 419.229 -116.91 111.477 -100.449
-951.97 385.497 419.236 -117.188 111.474 -100.411
-952.877 385.061 419.244 -117.188 111.474 -100.411
-953.785 384.627 419.251 -117.308 111.47 -100.393
-954.695 384.198 419.259 -117.448 111.465 -100.377
-955.606 383.771 419.266 -117.448 111.465 -100.377
-956.517 383.348 419.273 -117.588 111.46 -100.356
-957.43 382.928 419.281 -117.588 111.46 -100.356
-958.344 382.512 419.288 -117.588 111.46 -100.356
-959.259 382.099 419.295 -117.588 111.46 -100.356
-960.175 381.689 419.303 -118.377 111.434 -100.248
-961.092 381.282 419.31 -118.377 111.434 -100.248
-962.011 380.879 419.317 -118.377 111.434 -100.248
-962.93 380.48 419.325 -118.377 111.434 -100.248
-963.85 380.083 419.332 -118.377 111.434 -100.248
-964.772 379.69 419.339 -118.377 111.434 -100.248
-965.694 379.301 419.346 -118.377 111.434 -100.248
-966.618 378.915 419.354 -118.377 111.434 -100.248
-967.542 378.532 419.361 -119.033 111.419 -100.174
-968.468 378.152 419.368 -119.033 111.419 -100.174
-969.395 377.776 419.375 -119.033 111.419 -100.174
-970.323 377.403 419.382 -119.033 111.419 -100.174
-971.252 377.034 419.39 -119.033 111.419 -100.174
-972.182 376.667 419.397 -119.336 111.407 -100.138
-973.113 376.305 419.404 -119.336 111.407 -100.138
-974.045 375.945 419.411 -119.336 111.407 -100.138
-974.979 375.589 419.418 -119.628 111.407 -100.109
-975.913 375.236 419.425 -119.628 111.407 -100.109
-976.848 374.887 419.432 -119.628 111.407 -100.109
-977.785 374.541 419.44 -119.628 111.407 -100.109
-978.723 374.198 419.447 -120.294 111.388 -100.029
-979.661 373.859 419.454 -120.294 111.388 -100.029
-980.601 373.523 419.461 -120.294 111.388 -100.029
-981.542 373.191 419.468 -120.294 111.388 -100.029
-982.484 372.861 419.475 -120.294 111.388 -100.029
-983.427 372.536 419.482 -120.44 111.385 -100.014
-984.371 372.213 419.489 -120.595 111.377 -99.996
-985.316 371.894 419.496 -120.595 111.377 -99.996
-986.262 371.578 419.503 -120.71 111.375 -99.982
-987.21 371.266 419.51 -120.843 111.372 -99.966
-988.158 370.957 419.517 -121.023 111.374 -99.948
-989.107 370.651 419.524 -121.023 111.374 -99.948
-990.058 370.348 419.531 -121.17 111.371 -99.937
-991.01 370.049 419.538 -121.17 111.371 -99.937
-991.962 369.754 419.545 -121.315 111.364 -99.923
-992.916 369.461 419.552 -121.451 111.357 -99.901
-993.871 369.172 419.559 -121.583 111.352 -99.88
-994.827 368.887 419.566 -121.583 111.352 -99.88
-995.784 368.605 419.573 -121.725 111.348 -99.861
-996.742 368.326 419.579 -121.872 111.347 -99.847
-997.701 368.05 419.586 -121.872 111.347 -99.847
-998.661 367.778 419.593 -122.033 111.343 -99.831
-999.622 367.509 419.6 -122.033 111.343 -99.831
-1000.58 367.244 419.607 -122.205 111.338 -99.81
-1001.55 366.981 419.614 -122.359 111.334 -99.792
-1002.51 366.723 419.62 -122.359 111.334 -99.792
-1003.48 366.467 419.627 -122.501 111.329 -99.78
-1004.45 366.215 419.634 -122.663 111.325 -99.764
-1005.41 365.966 419.641 -122.663 111.325 -99.764
-1006.38 365.721 419.648 -122.805 111.321 -99.745
-1007.35 365.479 419.654 -122.928 111.316 -99.729
-1008.32 365.24 419.661 -122.928 111.316 -99.729
-1009.29 365.005 419.668 -123.049 111.314 -99.715
-1010.27 364.773 419.675 -123.049 111.314 -99.715
-1011.24 364.545 419.681 -123.506 111.302 -99.665
-1012.22 364.319 419.688 -123.506 111.302 -99.665
-1013.19 364.098 419.695 -123.506 111.302 -99.665
-1014.17 363.879 419.701 -123.506 111.302 -99.665
-1015.15 363.664 419.708 -123.667 111.3 -99.652
-1016.13 363.452 419.715 -123.827 111.295 -99.638
-1017.11 363.244 419.721 -123.827 111.295 -99.638
-1018.09 363.038 419.728 -123.981 111.291 -99.615
-1019.07 362.837 419.735 -124.117 111.284 -99.596
-1020.06 362.638 419.741 -124.117 111.284 -99.596
-1021.04 362.443 419.748 -124.259 111.28 -99.576
-1022.03 362.252 419.754 -124.402 111.279 -99.556
-1023.02 362.063 419.761 -124.402 111.279 -99.556
-1024.01 361.878 419.768 -124.402 111.279 -99.556
-1024.99 361.697 419.774 -124.79 111.265 -99.508
-1025.99 361.518 419.781 -124.79 111.265 -99.508
-1026.98 361.344 419.787 -124.79 111.265 -99.508
-1027.97 361.172 419.794 -124.942 111.259 -99.488
-1028.96 361.004 419.8 -125.063 111.255 -99.475
-1029.96 360.839 419.807 -125.209 111.255 -99.461
-1030.95 360.677 419.813 -125.209 111.255 -99.461
-1031.95 360.519 419.82 -125.478 111.246 -99.432
-1032.95 360.365 419.826 -125.478 111.246 -99.432
-1033.95 360.213 419.833 -125.478 111.246 -99.432
-1034.95 360.065 419.839 -125.77 111.237 -99.392
-1037.2 359.729 419.852 -125.888 111.235 -99.375
-1038.19 359.605 419.859 -126.029 111.231 -99.359
-1039.19 359.484 419.865 -126.029 111.231 -99.359
-1040.19 359.367 419.871 -126.141 111.229 -99.35
-1041.18 359.254 419.877 -126.288 111.224 -99.337
-1042.18 359.144 419.883 -126.288 111.224 -99.337
-1043.17 359.038 419.889 -126.411 111.218 -99.329
-1044.17 358.936 419.895 -126.411 111.218 -99.329
-1045.17 358.838 419.902 -126.686 111.211 -99.295
-1046.16 358.743 419.908 -126.686 111.211 -99.295
-1047.16 358.652 419.914 -126.821 111.209 -99.279
-1048.16 358.564 419.92 -126.962 111.209 -99.261
-1049.16 358.48 419.926 -127.072 111.207 -99.248
-1050.15 358.4 419.932 -127.201 111.199 -99.232
-1051.15 358.323 419.938 -127.201 111.199 -99.232
-1052.15 358.25 419.943 -127.343 111.192 -99.221
-1053.15 358.181 419.949 -127.461 111.188 -99.206
-1054.14 358.116 419.955 -127.461 111.188 -99.206
-1055.14 358.054 419.961 -127.583 111.184 -99.191
-1056.14 357.995 419.967 -127.725 111.185 -99.177
-1057.14 357.941 419.973 -127.862 111.186 -99.162
-1058.14 357.89 419.979 -127.862 111.186 -99.162
-1059.14 357.843 419.984 -127.983 111.183 -99.149
-1060.14 357.799 419.99 -128.128 111.175 -99.133
-1061.14 357.759 419.996 -128.252 111.169 -99.121
-1062.13 357.723 420.002 -128.252 111.169 -99.121
-1063.13 357.69 420.007 -128.375 111.164 -99.106
-1064.13 357.662 420.013 -128.55 111.162 -99.084
-1065.13 357.636 420.019 -128.55 111.162 -99.084
-1066.13 357.615 420.024 -128.676 111.163 -99.073
-1067.13 357.597 420.03 -128.815 111.16 -99.055
-1068.13 357.583 420.036 -128.934 111.155 -99.043
-1069.13 357.572 420.041 -128.934 111.155 -99.043
-1070.13 357.565 420.047 -129.074 111.149 -99.029
-1071.13 357.562 420.052 -129.217 111.146 -99.015
-1072.13 357.562 420.058 -129.343 111.143 -99.004
-1073.14 357.566 420.063 -129.343 111.143 -99.004
-1074.14 357.574 420.069 -129.502 111.14 -98.983
-1075.14 357.586 420.074 -129.502 111.14 -98.983
-1076.14 357.601 420.08 -129.624 111.136 -98.964
-1077.14 357.62 420.085 -129.78 111.128 -98.942
-1078.14 357.642 420.091 -129.903 111.121 -98.928
-1079.14 357.668 420.096 -129.903 111.121 -98.928
-1080.15 357.698 420.101 -130.061 111.118 -98.914
-1081.15 357.731 420.107 -130.216 111.118 -98.897
-1082.15 357.768 420.112 -130.216 111.118 -98.897
-1083.15 357.809 420.117 -130.36 111.117 -98.886
-1084.15 357.853 420.123 -130.506 111.114 -98.873
-1085.16 357.902 420.128 -130.506 111.114 -98.873
-1088.09 358.031 420.153 -130.765 111.1 -98.836
-1089.09 358.091 420.159 -130.907 111.092 -98.815
-1090.09 358.155 420.164 -131.05 111.087 -98.798
-1091.1 358.222 420.17 -131.172 111.086 -98.785
-1092.1 358.293 420.175 -131.172 111.086 -98.785
-1093.09 358.367 420.181 -131.312 111.086 -98.769
-1094.09 358.445 420.186 -131.466 111.085 -98.753
-1095.09 358.526 420.192 -131.466 111.085 -98.753
-1096.09 358.611 420.197 -131.658 111.075 -98.73
-1097.09 358.7 420.202 -131.658 111.075 -98.73
-1098.08 358.793 420.208 -131.822 111.068 -98.713
-1099.08 358.889 420.213 -131.822 111.068 -98.713
-1100.08 358.988 420.218 -131.983 111.063 -98.69
-1101.07 359.092 420.224 -132.141 111.059 -98.668
-1102.07 359.198 420.229 -132.141 111.059 -98.668
-1103.06 359.309 420.234 -132.316 111.054 -98.648
-1104.05 359.423 420.239 -132.435 111.049 -98.633
-1105.05 359.541 420.244 -132.435 111.049 -98.633
-1106.04 359.662 420.249 -132.572 111.045 -98.619
-1107.03 359.787 420.254 -132.733 111.043 -98.604
-1108.02 359.915 420.259 -132.733 111.043 -98.604
-1109.01 360.048 420.264 -132.898 111.04 -98.588
-1110.01 360.183 420.269 -132.898 111.04 -98.588
-1111 360.323 420.274 -133.058 111.036 -98.572
-1111.99 360.466 420.279 -133.21 111.029 -98.551
-1112.97 360.612 420.283 -133.21 111.029 -98.551
-1113.96 360.763 420.288 -133.329 111.025 -98.538
-1114.95 360.916 420.293 -133.452 111.022 -98.524
-1115.94 361.074 420.298 -133.58 111.019 -98.512
-1116.93 361.235 420.302 -133.707 111.015 -98.504
-1117.91 361.4 420.307 -133.707 111.015 -98.504
-1118.9 361.568 420.311 -133.866 111.01 -98.487
-1119.88 361.74 420.316 -133.986 111.006 -98.471
-1120.87 361.915 420.32 -133.986 111.006 -98.471
-1121.85 362.094 420.325 -134.123 111.003 -98.454
-1122.84 362.277 420.329 -134.299 111 -98.438
-1123.82 362.464 420.334 -134.299 111 -98.438
-1124.8 362.654 420.338 -134.443 110.997 -98.421
-1125.79 362.847 420.342 -134.567 110.993 -98.406
-1126.77 363.044 420.347 -134.567 110.993 -98.406
-1127.75 363.245 420.351 -134.689 110.99 -98.39
-1128.73 363.45 420.355 -134.844 110.984 -98.373
-1129.71 363.658 420.359 -134.844 110.984 -98.373
-1130.69 363.869 420.363 -135.002 110.975 -98.355
-1131.67 364.085 420.367 -135.163 110.97 -98.337
-1132.65 364.304 420.372 -135.163 110.97 -98.337
-1133.63 364.526 420.376 -135.287 110.969 -98.324
-1136.15 364.971 420.406 -135.531 110.967 -98.301
-1137.13 365.208 420.409 -135.669 110.964 -98.283
-1138.1 365.449 420.413 -135.669 110.964 -98.283
-1139.07 365.694 420.416 -135.826 110.957 -98.263
-1140.05 365.943 420.42 -135.949 110.951 -98.248
-1141.02 366.195 420.423 -136.108 110.946 -98.232
-1141.98 366.45 420.426 -136.108 110.946 -98.232
-1142.95 366.71 420.429 -136.252 110.943 -98.217
-1143.92 366.973 420.432 -136.378 110.941 -98.204
-1144.88 367.239 420.435 -136.378 110.941 -98.204
-1145.85 367.51 420.437 -136.503 110.935 -98.189
-1146.81 367.784 420.44 -136.625 110.929 -98.173
-1147.77 368.062 420.442 -136.763 110.925 -98.159
-1148.73 368.343 420.445 -136.763 110.925 -98.159
-1149.69 368.628 420.447 -136.9 110.926 -98.146
-1150.65 368.917 420.449 -137.025 110.926 -98.136
-1151.61 369.209 420.451 -137.169 110.921 -98.119
-1152.56 369.505 420.453 -137.169 110.921 -98.119
-1153.52 369.805 420.455 -137.311 110.914 -98.1
-1154.47 370.108 420.457 -137.432 110.907 -98.082
-1155.42 370.415 420.459 -137.432 110.907 -98.082
-1156.37 370.726 420.46 -137.589 110.899 -98.061
-1157.32 371.041 420.461 -137.729 110.894 -98.043
-1158.27 371.359 420.463 -137.729 110.894 -98.043
-1159.21 371.68 420.464 -137.871 110.893 -98.028
-1160.16 372.006 420.465 -138.011 110.893 -98.014
-1161.1 372.335 420.466 -138.011 110.893 -98.014
-1162.05 372.668 420.467 -138.135 110.89 -98.004
-1162.99 373.004 420.468 -138.258 110.884 -97.99
-1163.93 373.344 420.469 -138.381 110.877 -97.975
-1164.87 373.688 420.469 -138.522 110.87 -97.957
-1165.81 374.035 420.47 -138.522 110.87 -97.957
-1166.74 374.386 420.47 -138.645 110.867 -97.939
-1167.68 374.741 420.47 -138.769 110.866 -97.926
-1168.61 375.099 420.47 -138.89 110.866 -97.913
-1169.55 375.461 420.471 -138.89 110.866 -97.913
-1170.48 375.827 420.47 -139.045 110.862 -97.895
-1171.41 376.196 420.47 -139.186 110.854 -97.88
-1172.34 376.57 420.47 -139.186 110.854 -97.88
-1173.27 376.946 420.47 -139.34 110.844 -97.861
-1174.19 377.327 420.469 -139.471 110.839 -97.845
-1175.12 377.711 420.469 -139.471 110.839 -97.845
-1176.04 378.098 420.468 -139.614 110.842 -97.833
-1176.97 378.49 420.467 -139.751 110.845 -97.822
-1177.89 378.885 420.466 -139.876 110.848 -97.814
-1178.81 379.284 420.465 -139.876 110.848 -97.814
-1179.73 379.686 420.464 -140.004 110.852 -97.8
-1182.12 380.751 420.43 -140.324 110.873 -97.773
-1183.03 381.166 420.429 -140.5 110.889 -97.764
-1183.94 381.585 420.427 -140.5 110.889 -97.764
-1184.85 382.006 420.426 -140.641 110.903 -97.755
-1185.76 382.43 420.424 -140.843 110.922 -97.743
-1186.67 382.858 420.422 -140.843 110.922 -97.743
-1187.57 383.289 420.421 -141.028 110.937 -97.732
-1188.47 383.723 420.419 -141.028 110.937 -97.732
-1189.38 384.16 420.417 -141.241 110.96 -97.718
-1190.28 384.6 420.416 -141.391 110.977 -97.708
-1191.17 385.044 420.414 -141.391 110.977 -97.708
-1192.07 385.49 420.412 -141.6 111.001 -97.693
-1192.96 385.94 420.41 -141.6 111.001 -97.693
-1193.86 386.393 420.409 -141.783 111.02 -97.683
-1194.75 386.849 420.407 -141.969 111.037 -97.667
-1195.64 387.308 420.405 -141.969 111.037 -97.667
-1196.52 387.77 420.404 -142.139 111.053 -97.656
-1197.41 388.235 420.402 -142.29 111.066 -97.649
-1198.29 388.704 420.4 -142.29 111.066 -97.649
-1199.17 389.176 420.399 -142.457 111.082 -97.64
-1200.05 389.651 420.397 -142.659 111.106 -97.629
-1200.93 390.129 420.395 -142.659 111.106 -97.629
-1201.81 390.61 420.393 -142.823 111.128 -97.616
-1202.68 391.094 420.392 -142.995 111.148 -97.605
-1203.56 391.582 420.39 -142.995 111.148 -97.605
-1204.43 392.072 420.388 -143.167 111.163 -97.593
-1205.3 392.566 420.386 -143.312 111.174 -97.586
-1206.17 393.063 420.385 -143.312 111.174 -97.586
-1207.03 393.563 420.383 -143.497 111.191 -97.574
-1207.9 394.066 420.381 -143.663 111.21 -97.563
-1208.76 394.572 420.379 -143.663 111.21 -97.563
-1209.62 395.082 420.378 -143.834 111.231 -97.553
-1210.48 395.594 420.376 -144.004 111.249 -97.541
-1211.33 396.11 420.374 -144.004 111.249 -97.541
-1212.19 396.629 420.372 -144.187 111.265 -97.525
-1213.04 397.151 420.371 -144.353 111.279 -97.51
-1213.9 397.676 420.369 -144.503 111.294 -97.499
-1214.75 398.205 420.367 -144.503 111.294 -97.499
-1215.59 398.736 420.365 -144.717 111.319 -97.489
-1216.44 399.271 420.363 -144.717 111.319 -97.489
-1217.29 399.809 420.362 -144.902 111.339 -97.477
-1218.13 400.35 420.36 -145.085 111.354 -97.457
-1218.97 400.894 420.358 -145.085 111.354 -97.457
-1219.81 401.441 420.356 -145.274 111.372 -97.44
-1220.65 401.991 420.354 -145.274 111.372 -97.44
-1221.48 402.545 420.352 -145.467 111.393 -97.428
-1222.32 403.102 420.351 -145.616 111.407 -97.42
-1223.15 403.661 420.349 -145.616 111.407 -97.42
-1223.98 404.224 420.347 -145.821 111.426 -97.409
-1226.88 406.43 420.355 -146.178 111.463 -97.384
-1227.7 407.006 420.353 -146.369 111.484 -97.37
-1228.52 407.584 420.352 -146.369 111.484 -97.37
-1229.34 408.164 420.35 -146.534 111.5 -97.358
-1230.15 408.747 420.348 -146.677 111.511 -97.348
-1230.97 409.333 420.346 -146.864 111.533 -97.342
-1231.78 409.922 420.344 -146.864 111.533 -97.342
-1232.58 410.513 420.342 -147.013 111.552 -97.338
-1233.39 411.107 420.34 -147.183 111.57 -97.329
-1234.2 411.704 420.338 -147.183 111.57 -97.329
-1235 412.303 420.336 -147.351 111.583 -97.316
-1235.8 412.905 420.334 -147.494 111.594 -97.303
-1236.6 413.51 420.332 -147.494 111.594 -97.303
-1237.39 414.117 420.33 -147.682 111.611 -97.287
-1238.18 414.727 420.327 -147.896 111.639 -97.28
-1238.98 415.34 420.325 -147.896 111.639 -97.28
-1239.76 415.955 420.323 -148.062 111.659 -97.27
-1240.55 416.573 420.32 -148.247 111.674 -97.259
-1241.34 417.194 420.318 -148.247 111.674 -97.259
-1242.12 417.817 420.315 -148.415 111.687 -97.247
-1242.9 418.443 420.313 -148.563 111.702 -97.236
-1243.67 419.072 420.31 -148.563 111.702 -97.236
-1244.45 419.703 420.307 -148.756 111.725 -97.225
-1245.22 420.337 420.305 -148.903 111.74 -97.218
-1245.99 420.974 420.302 -148.903 111.74 -97.218
-1246.76 421.614 420.299 -149.066 111.753 -97.204
-1247.53 422.256 420.296 -149.211 111.767 -97.195
-1248.29 422.9 420.294 -149.357 111.784 -97.188
-1249.06 423.548 420.291 -149.357 111.784 -97.188
-1249.82 424.198 420.288 -149.506 111.803 -97.179
-1250.57 424.851 420.285 -149.675 111.821 -97.168
-1251.33 425.506 420.282 -149.675 111.821 -97.168
-1252.08 426.164 420.278 -149.863 111.837 -97.16
-1252.83 426.825 420.275 -150.03 111.848 -97.145
-1253.58 427.489 420.272 -150.03 111.848 -97.145
-1254.33 428.155 420.269 -150.198 111.867 -97.135
-1255.07 428.824 420.266 -150.369 111.888 -97.127
-1255.82 429.495 420.262 -150.369 111.888 -97.127
-1256.56 430.169 420.259 -150.535 111.906 -97.119
-1257.29 430.846 420.255 -150.677 111.918 -97.107
-1258.03 431.526 420.252 -150.842 111.936 -97.096
-1258.76 432.208 420.248 -150.842 111.936 -97.096
-1259.49 432.893 420.245 -151.056 111.958 -97.082
-1260.22 433.58 420.241 -151.056 111.958 -97.082
-1260.95 434.271 420.237 -151.227 111.974 -97.068
-1261.67 434.963 420.234 -151.393 111.987 -97.054
-1262.4 435.659 420.23 -151.393 111.987 -97.054
-1263.12 436.357 420.226 -151.577 112.002 -97.039
-1263.83 437.058 420.222 -151.722 112.018 -97.027
-1265.51 438.933 420.224 -152.039 112.059 -97.015
-1266.22 439.653 420.221 -152.184 112.073 -97.007
-1266.93 440.376 420.217 -152.184 112.073 -97.007
-1267.64 441.101 420.214 -152.391 112.086 -96.989
-1268.34 441.828 420.21 -152.541 112.099 -96.978
-1269.04 442.557 420.206 -152.541 112.099 -96.978
-1269.74 443.288 420.202 -152.671 112.113 -96.97
-1270.43 444.022 420.198 -152.839 112.132 -96.955
-1271.12 444.758 420.195 -152.839 112.132 -96.955
-1271.8 445.496 420.19 -153.024 112.151 -96.94
-1272.49 446.236 420.186 -153.208 112.168 -96.927
-1273.17 446.979 420.182 -153.208 112.168 -96.927
-1273.85 447.723 420.178 -153.379 112.184 -96.918
-1274.52 448.47 420.174 -153.379 112.184 -96.918
-1275.19 449.219 420.169 -153.636 112.213 -96.909
-1275.86 449.97 420.165 -153.783 112.227 -96.901
-1276.52 450.723 420.16 -153.783 112.227 -96.901
-1277.18 451.479 420.155 -153.945 112.241 -96.888
-1277.84 452.237 420.151 -154.11 112.258 -96.876
-1278.49 452.997 420.146 -154.28 112.277 -96.866
-1279.15 453.759 420.141 -154.28 112.277 -96.866
-1279.79 454.523 420.136 -154.471 112.296 -96.853
-1280.44 455.29 420.131 -154.471 112.296 -96.853
-1281.08 456.059 420.126 -154.636 112.31 -96.843
-1281.72 456.83 420.121 -154.82 112.326 -96.83
-1282.36 457.603 420.116 -154.82 112.326 -96.83
-1282.99 458.378 420.11 -154.968 112.343 -96.825
-1283.62 459.156 420.105 -155.141 112.364 -96.817
-1284.24 459.935 420.1 -155.288 112.381 -96.814
-1284.87 460.717 420.094 -155.288 112.381 -96.814
-1285.49 461.501 420.088 -155.492 112.397 -96.799
-1286.1 462.288 420.083 -155.637 112.406 -96.784
-1286.72 463.076 420.077 -155.637 112.406 -96.784
-1287.33 463.867 420.071 -155.766 112.418 -96.771
-1287.93 464.66 420.065 -155.916 112.435 -96.762
-1288.54 465.455 420.059 -156.107 112.457 -96.754
-1289.14 466.252 420.053 -156.107 112.457 -96.754
-1289.74 467.052 420.047 -156.268 112.474 -96.743
-1290.33 467.853 420.041 -156.412 112.487 -96.732
-1290.92 468.657 420.035 -156.561 112.502 -96.725
-1291.51 469.463 420.029 -156.561 112.502 -96.725
-1292.09 470.272 420.022 -156.691 112.516 -96.72
-1292.68 471.082 420.016 -156.841 112.532 -96.709
-1293.25 471.895 420.009 -157.007 112.547 -96.698
-1293.83 472.71 420.002 -157.007 112.547 -96.698
-1294.4 473.527 419.996 -157.15 112.559 -96.687
-1294.97 474.346 419.989 -157.294 112.572 -96.676
-1295.54 475.167 419.982 -157.443 112.589 -96.667
-1296.1 475.991 419.975 -157.612 112.61 -96.659
-1296.66 476.817 419.968 -157.612 112.61 -96.659
-1297.22 477.645 419.961 -157.758 112.623 -96.651
-1297.77 478.475 419.954 -157.923 112.635 -96.64
-1298.32 479.307 419.947 -157.923 112.635 -96.64
-1298.86 480.142 419.94 -158.069 112.649 -96.632
-1299.41 480.979 419.932 -158.26 112.67 -96.618
-1299.95 481.818 419.925 -158.26 112.67 -96.618
-1300.49 482.659 419.917 -158.451 112.69 -96.606
-1301.02 483.502 419.91 -158.596 112.703 -96.595
-1301.55 484.348 419.902 -158.758 112.718 -96.582
-1302.08 485.196 419.894 -158.758 112.718 -96.582
-1302.6 486.046 419.887 -158.903 112.729 -96.569
-1303.12 486.898 419.879 -159.054 112.744 -96.558
-1303.64 487.752 419.871 -159.206 112.759 -96.551
-1304.16 488.609 419.863 -159.206 112.759 -96.551
-1304.67 489.468 419.855 -159.354 112.774 -96.542
-1305.18 490.329 419.847 -159.517 112.788 -96.532
-1305.68 491.192 419.838 -159.517 112.788 -96.532
-1306.19 492.057 419.83 -159.703 112.807 -96.521
-1306.69 492.925 419.822 -159.896 112.83 -96.509
-1307.18 493.794 419.813 -159.896 112.83 -96.509
-1307.67 494.666 419.805 -160.085 112.851 -96.497
-1308.16 495.541 419.796 -160.25 112.866 -96.486
-1308.65 496.417 419.788 -160.25 112.866 -96.486
-1309.13 497.295 419.779 -160.391 112.878 -96.474
-1309.61 498.176 419.77 -160.56 112.893 -96.462
-1310.09 499.059 419.761 -160.69 112.905 -96.453
-1310.56 499.944 419.752 -160.819 112.919 -96.446
-1311.03 500.831 419.743 -160.819 112.919 -96.446
-1311.5 501.721 419.734 -160.965 112.934 -96.437
-1311.97 502.613 419.725 -161.107 112.945 -96.429
-1312.43 503.507 419.716 -161.274 112.959 -96.415
-1312.88 504.403 419.706 -161.274 112.959 -96.415
-1313.34 505.301 419.697 -161.422 112.977 -96.408
-1313.79 506.201 419.687 -161.572 112.994 -96.401
-1314.24 507.104 419.678 -161.719 113.012 -96.393
-1314.68 508.009 419.668 -161.903 113.027 -96.382
-1315.13 508.916 419.659 -161.903 113.027 -96.382
-1315.57 509.825 419.649 -162.067 113.04 -96.372
-1316 510.737 419.639 -162.23 113.056 -96.36
-1316.43 511.65 419.629 -162.23 113.056 -96.36
-1316.86 512.566 419.619 -162.381 113.072 -96.349
-1317.29 513.484 419.609 -162.524 113.083 -96.338
-1317.71 514.405 419.599 -162.697 113.098 -96.323
-1318.13 515.327 419.589 -162.697 113.098 -96.323
