1
-1268.2 415.974 25.2963 130.782 133.793 -109.274
-1268.9 415.254 25.3181 130.782 133.793 -109.274
-1269.59 414.534 25.3399 130.782 133.793 -109.274
-1270.28 413.814 25.3617 130.782 133.793 -109.274
-1270.98 413.094 25.3835 130.782 133.793 -109.274
-1271.67 412.374 25.4053 130.782 133.793 -109.274
-1272.37 411.654 25.4271 130.815 133.795 -109.262
-1273.06 410.934 25.4489 130.815 133.795 -109.262
-1273.75 410.214 25.4707 130.833 133.789 -109.249
-1274.45 409.494 25.4925 130.836 133.786 -109.242
-1275.14 408.774 25.5143 130.836 133.785 -109.238
-1275.83 408.054 25.5361 130.835 133.786 -109.236
-1276.53 407.334 25.5579 130.834 133.785 -109.233
-1277.22 406.614 25.5797 130.832 133.785 -109.231
-1277.91 405.894 25.6015 130.831 133.783 -109.232
-1278.61 405.174 25.6233 130.83 133.784 -109.233
-1279.3 404.454 25.6451 130.83 133.787 -109.237
-1280 403.734 25.6669 130.83 133.787 -109.237
-1280.69 403.014 25.6887 130.828 133.791 -109.246
-1281.38 402.294 25.7105 130.827 133.793 -109.25
-1282.08 401.574 25.7323 130.824 133.793 -109.253
-1282.77 400.854 25.7541 130.82 133.793 -109.256
-1283.46 400.134 25.7759 130.82 133.793 -109.256
-1284.16 399.414 25.7977 130.818 133.791 -109.257
-1284.85 398.694 25.8195 130.818 133.79 -109.256
-1285.54 397.974 25.8413 130.819 133.793 -109.258
-1286.24 397.254 25.8631 130.821 133.794 -109.259
-1286.93 396.534 25.8849 130.821 133.794 -109.259
-1287.63 395.814 25.9067 130.824 133.794 -109.258
-1288.32 395.094 25.9285 130.828 133.793 -109.255
-1289.01 394.374 25.9503 130.833 133.791 -109.247
-1289.71 393.654 25.9721 130.833 133.791 -109.247
-1290.4 392.934 25.9939 130.833 133.791 -109.247
-1291.09 392.214 26.0157 130.833 133.791 -109.247
-1291.79 391.494 26.0375 130.833 133.791 -109.247
-1292.48 390.774 26.0593 130.833 133.791 -109.247
-1293.17 390.054 26.0811 130.833 133.791 -109.247
-1293.87 389.334 26.1029 130.833 133.791 -109.247
-1294.56 388.614 26.1247 130.833 133.791 -109.247
-1295.26 387.894 26.1465 130.833 133.791 -109.247
-1295.95 387.174 26.1683 130.833 133.791 -109.247
-1296.64 386.454 26.1901 130.833 133.791 -109.247
-1297.34 385.734 26.2119 130.833 133.791 -109.247
-1298.03 385.014 26.2337 130.833 133.791 -109.247
-1298.72 384.294 26.2555 130.833 133.791 -109.247
-1299.42 383.574 26.2773 130.833 133.791 -109.247
2
-1267.75 417.019 25.7615 130.782 133.793 -109.275
-1268.44 416.3 25.781 130.782 133.793 -109.275
-1269.14 415.582 25.8006 130.782 133.793 -109.275
-1269.83 414.864 25.8202 130.782 133.793 -109.275
-1270.53 414.146 25.8397 130.782 133.793 -109.275
-1271.23 413.427 25.8593 130.782 133.793 -109.275
-1271.92 412.709 25.8789 130.782 133.793 -109.275
-1272.62 411.991 25.8984 130.782 133.793 -109.275
-1273.31 411.273 25.918 130.812 133.795 -109.263
-1274.01 410.555 25.9375 130.828 133.789 -109.254
-1274.7 409.836 25.9571 130.833 133.785 -109.243
-1275.4 409.118 25.9767 130.834 133.785 -109.237
-1276.09 408.4 25.9962 130.834 133.785 -109.232
-1276.79 407.682 26.0158 130.833 133.785 -109.229
-1277.49 406.963 26.0353 130.833 133.785 -109.229
-1278.18 406.245 26.0549 130.832 133.783 -109.228
-1278.88 405.527 26.0745 130.83 133.782 -109.23
-1279.57 404.809 26.094 130.83 133.782 -109.23
-1280.27 404.091 26.1136 130.827 133.789 -109.242
-1280.96 403.372 26.1332 130.827 133.789 -109.242
-1281.66 402.654 26.1527 130.825 133.791 -109.248
-1282.35 401.936 26.1723 130.825 133.791 -109.248
-1283.05 401.218 26.1918 130.821 133.792 -109.253
-1283.75 400.499 26.2114 130.817 133.791 -109.256
-1284.44 399.781 26.231 130.816 133.79 -109.257
-1285.14 399.063 26.2505 130.817 133.79 -109.256
-1285.83 398.345 26.2701 130.817 133.79 -109.256
-1286.53 397.626 26.2897 130.819 133.791 -109.256
-1287.22 396.908 26.3092 130.822 133.793 -109.257
-1287.92 396.19 26.3288 130.822 133.793 -109.257
-1288.61 395.472 26.3483 130.825 133.792 -109.255
-1289.31 394.754 26.3679 130.832 133.791 -109.249
-1290 394.035 26.3875 130.832 133.791 -109.249
-1290.7 393.317 26.407 130.832 133.791 -109.249
-1291.4 392.599 26.4266 130.832 133.791 -109.249
-1292.09 391.881 26.4462 130.832 133.791 -109.249
-1292.79 391.162 26.4657 130.832 133.791 -109.249
-1293.48 390.444 26.4853 130.832 133.791 -109.249
-1294.18 389.726 26.5048 130.832 133.791 -109.249
-1294.87 389.008 26.5244 130.832 133.791 -109.249
-1295.57 388.289 26.544 130.832 133.791 -109.249
-1296.26 387.571 26.5635 130.832 133.791 -109.249
-1296.96 386.853 26.5831 130.832 133.791 -109.249
-1297.66 386.135 26.6026 130.832 133.791 -109.249
-1298.35 385.417 26.6222 130.832 133.791 -109.249
-1299.05 384.698 26.6418 130.832 133.791 -109.249
3
-1267.96 414.955 25.9577 130.781 133.794 -109.276
-1268.66 414.244 25.9786 130.781 133.794 -109.276
-1269.36 413.533 25.9996 130.781 133.794 -109.276
-1270.07 412.822 26.0205 130.781 133.794 -109.276
-1270.77 412.111 26.0414 130.781 133.794 -109.276
-1271.47 411.4 26.0624 130.781 133.794 -109.276
-1272.17 410.689 26.0833 130.812 133.797 -109.264
-1272.88 409.979 26.1042 130.826 133.79 -109.255
-1273.58 409.268 26.1252 130.832 133.786 -109.245
-1274.28 408.557 26.1461 130.835 133.784 -109.24
-1274.99 407.846 26.167 130.836 133.785 -109.237
-1275.69 407.135 26.188 130.837 133.785 -109.232
-1276.39 406.424 26.2089 130.837 133.785 -109.232
-1277.1 405.713 26.2298 130.835 133.786 -109.23
-1277.8 405.002 26.2508 130.83 133.784 -109.231
-1278.5 404.291 26.2717 130.829 133.784 -109.233
-1279.2 403.581 26.2926 130.829 133.784 -109.233
-1279.91 402.87 26.3136 130.83 133.786 -109.238
-1280.61 402.159 26.3345 130.832 133.789 -109.243
-1281.31 401.448 26.3555 130.831 133.792 -109.245
-1282.02 400.737 26.3764 130.831 133.792 -109.245
-1282.72 400.026 26.3973 130.821 133.795 -109.255
-1283.42 399.315 26.4183 130.821 133.795 -109.255
-1284.13 398.604 26.4392 130.821 133.795 -109.255
-1284.83 397.893 26.4601 130.821 133.795 -109.255
-1285.53 397.183 26.4811 130.83 133.787 -109.248
-1286.23 396.472 26.502 130.83 133.787 -109.248
-1286.94 395.761 26.5229 130.83 133.787 -109.248
-1287.64 395.05 26.5439 130.835 133.788 -109.245
-1288.34 394.339 26.5648 130.835 133.79 -109.244
-1289.05 393.628 26.5857 130.835 133.79 -109.244
-1289.75 392.917 26.6067 130.835 133.79 -109.244
-1290.45 392.206 26.6276 130.835 133.79 -109.244
-1291.16 391.495 26.6485 130.835 133.79 -109.244
-1291.86 390.785 26.6695 130.835 133.79 -109.244
-1292.56 390.074 26.6904 130.835 133.79 -109.244
-1293.26 389.363 26.7114 130.835 133.79 -109.244
-1293.97 388.652 26.7323 130.835 133.79 -109.244
-1294.67 387.941 26.7532 130.835 133.79 -109.244
-1295.37 387.23 26.7742 130.835 133.79 -109.244
-1296.08 386.519 26.7951 130.835 133.79 -109.244
-1296.78 385.808 26.816 130.835 133.79 -109.244
-1297.48 385.097 26.837 130.835 133.79 -109.244
-1298.18 384.387 26.8579 130.835 133.79 -109.244
-1298.89 383.676 26.8788 130.835 133.79 -109.244
-1299.59 382.965 26.8998 130.835 133.79 -109.244
4
-1267.84 415.384 25.39 130.783 133.793 -109.275
-1268.55 414.676 25.4121 130.783 133.793 -109.275
-1269.25 413.968 25.4343 130.783 133.793 -109.275
-1269.96 413.259 25.4565 130.783 133.793 -109.275
-1270.66 412.551 25.4787 130.783 133.793 -109.275
-1271.37 411.843 25.5008 130.783 133.793 -109.275
-1272.07 411.134 25.523 130.81 133.797 -109.266
-1272.78 410.426 25.5452 130.825 133.79 -109.255
-1273.49 409.717 25.5673 130.831 133.785 -109.245
-1274.19 409.009 25.5895 130.834 133.784 -109.237
-1274.9 408.301 25.6117 130.836 133.784 -109.234
-1275.6 407.592 25.6339 130.836 133.784 -109.234
-1276.31 406.884 25.656 130.837 133.784 -109.229
-1277.01 406.176 25.6782 130.836 133.786 -109.227
-1277.72 405.467 25.7004 130.832 133.785 -109.228
-1278.42 404.759 25.7226 130.828 133.783 -109.231
-1279.13 404.051 25.7447 130.828 133.783 -109.231
-1279.83 403.342 25.7669 130.827 133.784 -109.235
-1280.54 402.634 25.7891 130.83 133.788 -109.242
-1281.25 401.926 25.8112 130.83 133.788 -109.242
-1281.95 401.217 25.8334 130.83 133.788 -109.242
-1282.66 400.509 25.8556 130.822 133.795 -109.252
-1283.36 399.801 25.8778 130.822 133.795 -109.252
-1284.07 399.092 25.8999 130.817 133.794 -109.255
-1284.77 398.384 25.9221 130.816 133.792 -109.256
-1285.48 397.676 25.9443 130.817 133.79 -109.254
-1286.18 396.967 25.9665 130.822 133.787 -109.248
-1286.89 396.259 25.9886 130.829 133.787 -109.246
-1287.6 395.55 26.0108 130.834 133.788 -109.244
-1288.3 394.842 26.033 130.837 133.789 -109.243
-1289.01 394.134 26.0551 130.837 133.789 -109.243
-1289.71 393.425 26.0773 130.837 133.789 -109.243
-1290.42 392.717 26.0995 130.837 133.789 -109.243
-1291.12 392.009 26.1217 130.837 133.789 -109.243
-1291.83 391.3 26.1438 130.837 133.789 -109.243
-1292.53 390.592 26.166 130.837 133.789 -109.243
-1293.24 389.884 26.1882 130.837 133.789 -109.243
-1293.95 389.175 26.2104 130.837 133.789 -109.243
-1294.65 388.467 26.2325 130.837 133.789 -109.243
-1295.36 387.759 26.2547 130.837 133.789 -109.243
-1296.06 387.05 26.2769 130.837 133.789 -109.243
-1296.77 386.342 26.299 130.837 133.789 -109.243
-1297.47 385.634 26.3212 130.837 133.789 -109.243
-1298.18 384.925 26.3434 130.837 133.789 -109.243
-1298.88 384.217 26.3656 130.837 133.789 -109.243
-1299.59 383.508 26.3877 130.837 133.789 -109.243
5
-1268.24 415.672 25.9923 130.783 133.792 -109.275
-1268.93 414.954 26.0157 130.783 133.792 -109.275
-1269.63 414.236 26.039 130.783 133.792 -109.275
-1270.32 413.518 26.0624 130.783 133.792 -109.275
-1271.02 412.8 26.0857 130.783 133.792 -109.275
-1271.72 412.082 26.1091 130.783 133.792 -109.275
-1272.41 411.365 26.1324 130.811 133.797 -109.265
-1273.11 410.647 26.1558 130.811 133.797 -109.265
-1273.8 409.929 26.1791 130.825 133.79 -109.253
-1274.5 409.211 26.2025 130.83 133.785 -109.244
-1275.2 408.493 26.2258 130.833 133.784 -109.238
-1275.89 407.775 26.2492 130.836 133.785 -109.232
-1276.59 407.057 26.2725 130.836 133.786 -109.229
-1277.28 406.339 26.2959 130.836 133.786 -109.229
-1277.98 405.622 26.3192 130.831 133.786 -109.228
-1278.67 404.904 26.3426 130.828 133.784 -109.229
-1279.37 404.186 26.3659 130.827 133.783 -109.232
-1280.07 403.468 26.3893 130.827 133.784 -109.236
-1280.76 402.75 26.4127 130.827 133.784 -109.236
-1281.46 402.032 26.436 130.829 133.787 -109.242
-1282.15 401.314 26.4594 130.829 133.79 -109.244
-1282.85 400.596 26.4827 130.824 133.794 -109.25
-1283.54 399.879 26.5061 130.818 133.795 -109.254
-1284.24 399.161 26.5294 130.818 133.795 -109.254
-1284.94 398.443 26.5528 130.815 133.792 -109.257
-1285.63 397.725 26.5761 130.816 133.79 -109.254
-1286.33 397.007 26.5995 130.821 133.788 -109.25
-1287.02 396.289 26.6228 130.827 133.787 -109.246
-1287.72 395.571 26.6462 130.833 133.788 -109.246
-1288.42 394.853 26.6695 130.836 133.79 -109.243
-1289.11 394.136 26.6929 130.836 133.79 -109.243
-1289.81 393.418 26.7162 130.836 133.79 -109.243
-1290.5 392.7 26.7396 130.836 133.79 -109.243
-1291.2 391.982 26.763 130.836 133.79 -109.243
-1291.89 391.264 26.7863 130.836 133.79 -109.243
-1292.59 390.546 26.8097 130.836 133.79 -109.243
-1293.29 389.828 26.833 130.836 133.79 -109.243
-1293.98 389.11 26.8564 130.836 133.79 -109.243
-1294.68 388.393 26.8797 130.836 133.79 -109.243
-1295.37 387.675 26.9031 130.836 133.79 -109.243
-1296.07 386.957 26.9264 130.836 133.79 -109.243
-1296.76 386.239 26.9498 130.836 133.79 -109.243
-1297.46 385.521 26.9731 130.836 133.79 -109.243
-1298.16 384.803 26.9965 130.836 133.79 -109.243
-1298.85 384.085 27.0198 130.836 133.79 -109.243
-1299.55 383.367 27.0432 130.836 133.79 -109.243
6
-1266.62 414.757 25.6197 130.782 133.792 -109.276
-1267.33 414.055 25.6521 130.782 133.792 -109.276
-1268.05 413.353 25.6845 130.782 133.792 -109.276
-1268.76 412.651 25.7168 130.782 133.792 -109.276
-1269.47 411.949 25.7492 130.782 133.792 -109.276
-1270.18 411.247 25.7816 130.782 133.792 -109.276
-1270.89 410.545 25.814 130.812 133.797 -109.264
-1271.6 409.843 25.8464 130.812 133.797 -109.264
-1272.31 409.141 25.8788 130.825 133.79 -109.253
-1273.03 408.439 25.9111 130.829 133.784 -109.242
-1273.74 407.737 25.9435 130.833 133.784 -109.236
-1274.45 407.035 25.9759 130.834 133.786 -109.233
-1275.16 406.333 26.0083 130.835 133.787 -109.228
-1275.87 405.631 26.0407 130.835 133.787 -109.228
-1276.58 404.929 26.0731 130.834 133.787 -109.227
-1277.29 404.227 26.1054 130.83 133.785 -109.227
-1278.01 403.525 26.1378 130.828 133.784 -109.231
-1278.72 402.823 26.1702 130.828 133.784 -109.231
-1279.43 402.121 26.2026 130.829 133.785 -109.234
-1280.14 401.419 26.235 130.831 133.787 -109.24
-1280.85 400.717 26.2674 130.831 133.791 -109.243
-1281.56 400.015 26.2997 130.831 133.791 -109.243
-1282.27 399.313 26.3321 130.82 133.794 -109.254
-1282.99 398.611 26.3645 130.82 133.794 -109.254
-1283.7 397.909 26.3969 130.817 133.793 -109.257
-1284.41 397.207 26.4293 130.816 133.791 -109.257
-1285.12 396.505 26.4617 130.819 133.789 -109.254
-1285.83 395.803 26.494 130.825 133.788 -109.25
-1286.54 395.101 26.5264 130.831 133.787 -109.247
-1287.25 394.399 26.5588 130.837 133.789 -109.244
-1287.97 393.697 26.5912 130.835 133.79 -109.241
-1288.68 392.995 26.6236 130.835 133.79 -109.241
-1289.39 392.293 26.6559 130.835 133.79 -109.241
-1290.1 391.591 26.6883 130.835 133.79 -109.241
-1290.81 390.889 26.7207 130.835 133.79 -109.241
-1291.52 390.186 26.7531 130.835 133.79 -109.241
-1292.23 389.484 26.7855 130.835 133.79 -109.241
-1292.95 388.782 26.8179 130.835 133.79 -109.241
-1293.66 388.08 26.8502 130.835 133.79 -109.241
-1294.37 387.378 26.8826 130.835 133.79 -109.241
-1295.08 386.676 26.915 130.835 133.79 -109.241
-1295.79 385.974 26.9474 130.835 133.79 -109.241
-1296.5 385.272 26.9798 130.835 133.79 -109.241
-1297.21 384.57 27.0122 130.835 133.79 -109.241
-1297.93 383.868 27.0445 130.835 133.79 -109.241
-1298.64 383.166 27.0769 130.835 133.79 -109.241
7
-1266.78 416.542 25.6184 130.781 133.793 -109.277
-1267.48 415.834 25.6421 130.781 133.793 -109.277
-1268.19 415.126 25.6658 130.781 133.793 -109.277
-1268.89 414.419 25.6896 130.781 133.793 -109.277
-1269.6 413.711 25.7133 130.781 133.793 -109.277
-1270.31 413.004 25.737 130.781 133.793 -109.277
-1271.01 412.296 25.7607 130.781 133.793 -109.277
-1271.72 411.588 25.7844 130.781 133.793 -109.277
-1272.43 410.881 25.8082 130.812 133.797 -109.266
-1273.13 410.173 25.8319 130.827 133.79 -109.255
-1273.84 409.465 25.8556 130.832 133.785 -109.245
-1274.54 408.758 25.8793 130.834 133.784 -109.242
-1275.25 408.05 25.903 130.837 133.784 -109.236
-1275.96 407.342 25.9268 130.837 133.784 -109.236
-1276.66 406.635 25.9505 130.838 133.786 -109.232
-1277.37 405.927 25.9742 130.836 133.786 -109.23
-1278.07 405.219 25.9979 130.832 133.783 -109.231
-1278.78 404.512 26.0216 130.832 133.783 -109.231
-1279.49 403.804 26.0454 130.832 133.783 -109.231
-1280.19 403.096 26.0691 130.828 133.784 -109.241
-1280.9 402.389 26.0928 130.828 133.784 -109.241
-1281.61 401.681 26.1165 130.829 133.787 -109.246
-1282.31 400.973 26.1403 130.824 133.792 -109.25
-1283.02 400.266 26.164 130.816 133.795 -109.255
-1283.72 399.558 26.1877 130.816 133.795 -109.255
-1284.43 398.85 26.2114 130.811 133.794 -109.259
-1285.14 398.143 26.2351 130.811 133.792 -109.26
-1285.84 397.435 26.2589 130.814 133.791 -109.254
-1286.55 396.728 26.2826 130.82 133.788 -109.249
-1287.26 396.02 26.3063 130.828 133.788 -109.246
-1287.96 395.312 26.33 130.828 133.788 -109.246
-1288.67 394.605 26.3537 130.834 133.789 -109.244
-1289.37 393.897 26.3775 130.834 133.789 -109.244
-1290.08 393.189 26.4012 130.834 133.789 -109.244
-1290.79 392.482 26.4249 130.834 133.789 -109.244
-1291.49 391.774 26.4486 130.834 133.789 -109.244
-1292.2 391.066 26.4723 130.834 133.789 -109.244
-1292.9 390.359 26.4961 130.834 133.789 -109.244
-1293.61 389.651 26.5198 130.834 133.789 -109.244
-1294.32 388.943 26.5435 130.834 133.789 -109.244
-1295.02 388.236 26.5672 130.834 133.789 -109.244
-1295.73 387.528 26.5909 130.834 133.789 -109.244
-1296.44 386.82 26.6147 130.834 133.789 -109.244
-1297.14 386.113 26.6384 130.834 133.789 -109.244
-1297.85 385.405 26.6621 130.834 133.789 -109.244
-1298.55 384.697 26.6858 130.834 133.789 -109.244
8
-1268.38 418.225 25.2745 130.782 133.792 -109.274
-1269.08 417.512 25.2974 130.782 133.792 -109.274
-1269.78 416.8 25.3203 130.782 133.792 -109.274
-1270.48 416.087 25.3433 130.782 133.792 -109.274
-1271.19 415.374 25.3662 130.782 133.792 -109.274
-1271.89 414.662 25.3891 130.782 133.792 -109.274
-1272.59 413.949 25.4121 130.782 133.792 -109.274
-1273.29 413.237 25.435 130.782 133.792 -109.274
-1273.99 412.524 25.4579 130.812 133.796 -109.265
-1274.69 411.811 25.4809 130.825 133.79 -109.255
-1275.39 411.099 25.5038 130.831 133.785 -109.246
-1276.09 410.386 25.5267 130.835 133.783 -109.238
-1276.8 409.674 25.5497 130.835 133.783 -109.238
-1277.5 408.961 25.5726 130.836 133.784 -109.234
-1278.2 408.248 25.5955 130.837 133.785 -109.231
-1278.9 407.536 25.6185 130.837 133.785 -109.231
-1279.6 406.823 25.6414 130.831 133.785 -109.23
-1280.3 406.111 25.6643 130.827 133.783 -109.233
-1281 405.398 25.6873 130.827 133.783 -109.233
-1281.7 404.685 25.7102 130.829 133.786 -109.241
-1282.41 403.973 25.7331 130.829 133.786 -109.241
-1283.11 403.26 25.7561 130.83 133.789 -109.245
-1283.81 402.548 25.779 130.83 133.789 -109.245
-1284.51 401.835 25.802 130.826 133.793 -109.248
-1285.21 401.122 25.8249 130.819 133.795 -109.256
-1285.91 400.41 25.8478 130.815 133.793 -109.258
-1286.61 399.697 25.8708 130.814 133.791 -109.259
-1287.31 398.984 25.8937 130.816 133.79 -109.256
-1288.01 398.272 25.9166 130.816 133.79 -109.256
-1288.72 397.559 25.9396 130.825 133.788 -109.25
-1289.42 396.847 25.9625 130.831 133.789 -109.249
-1290.12 396.134 25.9854 130.836 133.79 -109.246
-1290.82 395.421 26.0084 130.836 133.79 -109.246
-1291.52 394.709 26.0313 130.836 133.79 -109.246
-1292.22 393.996 26.0542 130.836 133.79 -109.246
-1292.92 393.284 26.0772 130.836 133.79 -109.246
-1293.62 392.571 26.1001 130.836 133.79 -109.246
-1294.33 391.858 26.123 130.836 133.79 -109.246
-1295.03 391.146 26.146 130.836 133.79 -109.246
-1295.73 390.433 26.1689 130.836 133.79 -109.246
-1296.43 389.721 26.1918 130.836 133.79 -109.246
-1297.13 389.008 26.2148 130.836 133.79 -109.246
-1297.83 388.295 26.2377 130.836 133.79 -109.246
-1298.53 387.583 26.2606 130.836 133.79 -109.246
-1299.23 386.87 26.2836 130.836 133.79 -109.246
-1299.93 386.158 26.3065 130.836 133.79 -109.246
9
-1268.19 418.104 25.1972 130.78 133.793 -109.276
-1268.88 417.388 25.2181 130.78 133.793 -109.276
-1269.58 416.672 25.239 130.78 133.793 -109.276
-1270.28 415.957 25.2599 130.78 133.793 -109.276
-1270.98 415.241 25.2808 130.78 133.793 -109.276
-1271.68 414.525 25.3016 130.78 133.793 -109.276
-1272.37 413.809 25.3225 130.78 133.793 -109.276
-1273.07 413.093 25.3434 130.78 133.793 -109.276
-1273.77 412.377 25.3643 130.81 133.796 -109.265
-1274.47 411.662 25.3852 130.827 133.79 -109.253
-1275.17 410.946 25.406 130.833 133.785 -109.244
-1275.86 410.23 25.4269 130.835 133.784 -109.238
-1276.56 409.514 25.4478 130.835 133.784 -109.238
-1277.26 408.798 25.4687 130.837 133.784 -109.232
-1277.96 408.082 25.4896 130.837 133.785 -109.23
-1278.66 407.367 25.5104 130.835 133.786 -109.228
-1279.35 406.651 25.5313 130.831 133.784 -109.229
-1280.05 405.935 25.5522 130.831 133.784 -109.229
-1280.75 405.219 25.5731 130.829 133.782 -109.231
-1281.45 404.503 25.594 130.828 133.784 -109.237
-1282.15 403.787 25.6148 130.83 133.788 -109.244
-1282.84 403.071 25.6357 130.83 133.788 -109.244
-1283.54 402.356 25.6566 130.823 133.795 -109.253
-1284.24 401.64 25.6775 130.823 133.795 -109.253
-1284.94 400.924 25.6984 130.823 133.795 -109.253
-1285.64 400.208 25.7193 130.817 133.794 -109.257
-1286.33 399.492 25.7401 130.815 133.791 -109.258
-1287.03 398.776 25.761 130.817 133.789 -109.254
-1287.73 398.061 25.7819 130.824 133.787 -109.248
-1288.43 397.345 25.8028 130.824 133.787 -109.248
-1289.13 396.629 25.8237 130.831 133.787 -109.246
-1289.82 395.913 25.8445 130.836 133.789 -109.244
-1290.52 395.197 25.8654 130.835 133.79 -109.242
-1291.22 394.481 25.8863 130.835 133.79 -109.242
-1291.92 393.766 25.9072 130.835 133.79 -109.242
-1292.61 393.05 25.9281 130.835 133.79 -109.242
-1293.31 392.334 25.9489 130.835 133.79 -109.242
-1294.01 391.618 25.9698 130.835 133.79 -109.242
-1294.71 390.902 25.9907 130.835 133.79 -109.242
-1295.41 390.186 26.0116 130.835 133.79 -109.242
-1296.1 389.471 26.0325 130.835 133.79 -109.242
-1296.8 388.755 26.0533 130.835 133.79 -109.242
-1297.5 388.039 26.0742 130.835 133.79 -109.242
-1298.2 387.323 26.0951 130.835 133.79 -109.242
-1298.9 386.607 26.116 130.835 133.79 -109.242
-1299.59 385.891 26.1369 130.835 133.79 -109.242
10
-1266.47 414.569 25.6273 130.783 133.794 -109.274
-1267.18 413.867 25.6495 130.783 133.794 -109.274
-1267.89 413.165 25.6716 130.783 133.794 -109.274
-1268.6 412.463 25.6938 130.783 133.794 -109.274
-1269.32 411.761 25.7159 130.783 133.794 -109.274
-1270.03 411.059 25.738 130.783 133.794 -109.274
-1270.74 410.357 25.7602 130.811 133.796 -109.267
-1271.45 409.655 25.7823 130.811 133.796 -109.267
-1272.16 408.953 25.8045 130.827 133.788 -109.254
-1272.87 408.251 25.8266 130.832 133.784 -109.244
-1273.59 407.549 25.8487 130.835 133.781 -109.235
-1274.3 406.847 25.8709 130.838 133.782 -109.231
-1275.01 406.145 25.893 130.838 133.782 -109.231
-1275.72 405.443 25.9152 130.84 133.783 -109.225
-1276.43 404.741 25.9373 130.837 133.783 -109.225
-1277.15 404.039 25.9595 130.832 133.78 -109.227
-1277.86 403.337 25.9816 130.832 133.78 -109.227
-1278.57 402.635 26.0037 130.83 133.78 -109.233
-1279.28 401.933 26.0259 130.83 133.78 -109.233
-1279.99 401.231 26.048 130.83 133.788 -109.244
-1280.7 400.529 26.0702 130.83 133.788 -109.244
-1281.42 399.827 26.0923 130.825 133.792 -109.249
-1282.13 399.125 26.1144 130.819 133.795 -109.254
-1282.84 398.423 26.1366 130.815 133.794 -109.255
-1283.55 397.722 26.1587 130.815 133.794 -109.255
-1284.26 397.02 26.1809 130.816 133.792 -109.255
-1284.98 396.318 26.203 130.818 133.79 -109.252
-1285.69 395.616 26.2252 130.826 133.788 -109.246
-1286.4 394.914 26.2473 130.831 133.788 -109.244
-1287.11 394.212 26.2694 130.836 133.789 -109.242
-1287.82 393.51 26.2916 130.836 133.789 -109.242
-1288.54 392.808 26.3137 130.836 133.789 -109.242
-1289.25 392.106 26.3359 130.836 133.789 -109.242
-1289.96 391.404 26.358 130.836 133.789 -109.242
-1290.67 390.702 26.3801 130.836 133.789 -109.242
-1291.38 390 26.4023 130.836 133.789 -109.242
-1292.09 389.298 26.4244 130.836 133.789 -109.242
-1292.81 388.596 26.4466 130.836 133.789 -109.242
-1293.52 387.894 26.4687 130.836 133.789 -109.242
-1294.23 387.192 26.4909 130.836 133.789 -109.242
-1294.94 386.49 26.513 130.836 133.789 -109.242
-1295.65 385.788 26.5351 130.836 133.789 -109.242
-1296.37 385.086 26.5573 130.836 133.789 -109.242
-1297.08 384.384 26.5794 130.836 133.789 -109.242
-1297.79 383.682 26.6016 130.836 133.789 -109.242
-1298.5 382.98 26.6237 130.836 133.789 -109.242
11
-1266.05 414.319 25.6152 130.784 133.792 -109.274
-1266.75 413.6 25.6382 130.784 133.792 -109.274
-1267.44 412.882 25.6612 130.784 133.792 -109.274
-1268.14 412.163 25.6843 130.784 133.792 -109.274
-1268.83 411.444 25.7073 130.784 133.792 -109.274
-1269.53 410.726 25.7303 130.784 133.792 -109.274
-1270.22 410.007 25.7534 130.81 133.797 -109.267
-1270.92 409.289 25.7764 130.81 133.797 -109.267
-1271.61 408.57 25.7994 130.825 133.788 -109.255
-1272.31 407.852 25.8225 130.83 133.784 -109.244
-1273 407.133 25.8455 130.833 133.783 -109.238
-1273.7 406.415 25.8685 130.836 133.784 -109.233
-1274.39 405.696 25.8915 130.837 133.784 -109.228
-1275.09 404.978 25.9146 130.836 133.786 -109.226
-1275.78 404.259 25.9376 130.832 133.784 -109.226
-1276.48 403.541 25.9606 130.832 133.784 -109.226
-1277.18 402.822 25.9837 130.829 133.782 -109.228
-1277.87 402.104 26.0067 130.827 133.782 -109.232
-1278.57 401.385 26.0297 130.828 133.783 -109.235
-1279.26 400.667 26.0528 130.829 133.786 -109.24
-1279.96 399.948 26.0758 130.828 133.79 -109.245
-1280.65 399.23 26.0988 130.822 133.794 -109.251
-1281.35 398.511 26.1218 130.822 133.794 -109.251
-1282.04 397.793 26.1449 130.817 133.793 -109.255
-1282.74 397.074 26.1679 130.815 133.791 -109.258
-1283.43 396.356 26.1909 130.815 133.791 -109.258
-1284.13 395.637 26.214 130.818 133.79 -109.253
-1284.82 394.919 26.237 130.825 133.787 -109.247
-1285.52 394.2 26.26 130.833 133.788 -109.245
-1286.21 393.482 26.2831 130.837 133.788 -109.242
-1286.91 392.763 26.3061 130.837 133.788 -109.242
-1287.6 392.045 26.3291 130.837 133.788 -109.242
-1288.3 391.326 26.3521 130.837 133.788 -109.242
-1288.99 390.608 26.3752 130.837 133.788 -109.242
-1289.69 389.889 26.3982 130.837 133.788 -109.242
-1290.38 389.171 26.4212 130.837 133.788 -109.242
-1291.08 388.452 26.4443 130.837 133.788 -109.242
-1291.77 387.733 26.4673 130.837 133.788 -109.242
-1292.47 387.015 26.4903 130.837 133.788 -109.242
-1293.16 386.296 26.5134 130.837 133.788 -109.242
-1293.86 385.578 26.5364 130.837 133.788 -109.242
-1294.55 384.859 26.5594 130.837 133.788 -109.242
-1295.25 384.141 26.5824 130.837 133.788 -109.242
-1295.94 383.422 26.6055 130.837 133.788 -109.242
-1296.64 382.704 26.6285 130.837 133.788 -109.242
-1297.33 381.985 26.6515 130.837 133.788 -109.242
12
-1268.24 415.958 25.349 130.783 133.792 -109.275
-1268.96 415.256 25.3611 130.783 133.792 -109.275
-1269.67 414.554 25.3732 130.783 133.792 -109.275
-1270.38 413.852 25.3854 130.783 133.792 -109.275
-1271.09 413.15 25.3975 130.783 133.792 -109.275
-1271.8 412.448 25.4096 130.783 133.792 -109.275
-1272.52 411.746 25.4217 130.814 133.796 -109.264
-1273.23 411.044 25.4339 130.814 133.796 -109.264
-1273.94 410.342 25.446 130.828 133.789 -109.253
-1274.65 409.64 25.4581 130.832 133.783 -109.24
-1275.37 408.938 25.4703 130.834 133.784 -109.237
-1276.08 408.236 25.4824 130.834 133.784 -109.237
-1276.79 407.534 25.4945 130.836 133.785 -109.231
-1277.5 406.832 25.5066 130.835 133.786 -109.227
-1278.21 406.13 25.5188 130.833 133.785 -109.227
-1278.93 405.429 25.5309 130.833 133.785 -109.227
-1279.64 404.727 25.543 130.827 133.782 -109.234
-1280.35 404.025 25.5552 130.827 133.782 -109.234
-1281.06 403.323 25.5673 130.828 133.784 -109.236
-1281.77 402.621 25.5794 130.829 133.787 -109.242
-1282.49 401.919 25.5915 130.826 133.792 -109.247
-1283.2 401.217 25.6037 130.826 133.792 -109.247
-1283.91 400.515 25.6158 130.82 133.794 -109.254
-1284.62 399.813 25.6279 130.816 133.793 -109.256
-1285.34 399.111 25.6401 130.814 133.791 -109.259
-1286.05 398.409 25.6522 130.814 133.791 -109.259
-1286.76 397.707 25.6643 130.818 133.789 -109.253
-1287.47 397.005 25.6764 130.827 133.787 -109.247
-1288.18 396.303 25.6886 130.833 133.788 -109.245
-1288.9 395.601 25.7007 130.837 133.789 -109.243
-1289.61 394.899 25.7128 130.837 133.789 -109.243
-1290.32 394.197 25.725 130.837 133.789 -109.243
-1291.03 393.495 25.7371 130.837 133.789 -109.243
-1291.74 392.793 25.7492 130.837 133.789 -109.243
-1292.46 392.092 25.7614 130.837 133.789 -109.243
-1293.17 391.39 25.7735 130.837 133.789 -109.243
-1293.88 390.688 25.7856 130.837 133.789 -109.243
-1294.59 389.986 25.7977 130.837 133.789 -109.243
-1295.31 389.284 25.8099 130.837 133.789 -109.243
-1296.02 388.582 25.822 130.837 133.789 -109.243
-1296.73 387.88 25.8341 130.837 133.789 -109.243
-1297.44 387.178 25.8463 130.837 133.789 -109.243
-1298.15 386.476 25.8584 130.837 133.789 -109.243
-1298.87 385.774 25.8705 130.837 133.789 -109.243
-1299.58 385.072 25.8826 130.837 133.789 -109.243
-1300.29 384.37 25.8948 130.837 133.789 -109.243
13
-1266.24 416.771 24.9493 130.782 133.792 -109.274
-1266.93 416.045 24.9722 130.782 133.792 -109.274
-1267.61 415.319 24.9951 130.782 133.792 -109.274
-1268.3 414.592 25.018 130.782 133.792 -109.274
-1268.99 413.866 25.041 130.782 133.792 -109.274
-1269.67 413.14 25.0639 130.782 133.792 -109.274
-1270.36 412.414 25.0868 130.782 133.792 -109.274
-1271.05 411.688 25.1097 130.782 133.792 -109.274
-1271.74 410.962 25.1327 130.81 133.797 -109.265
-1272.42 410.236 25.1556 130.828 133.789 -109.253
-1273.11 409.509 25.1785 130.831 133.784 -109.242
-1273.8 408.783 25.2014 130.831 133.784 -109.242
-1274.48 408.057 25.2243 130.835 133.783 -109.236
-1275.17 407.331 25.2473 130.836 133.784 -109.232
-1275.86 406.605 25.2702 130.836 133.786 -109.228
-1276.55 405.879 25.2931 130.835 133.786 -109.227
-1277.23 405.152 25.316 130.832 133.784 -109.227
-1277.92 404.426 25.339 130.832 133.784 -109.227
-1278.61 403.7 25.3619 130.83 133.783 -109.23
-1279.29 402.974 25.3848 130.83 133.783 -109.232
-1279.98 402.248 25.4077 130.831 133.785 -109.236
-1280.67 401.522 25.4306 130.83 133.791 -109.245
-1281.36 400.795 25.4536 130.83 133.791 -109.245
-1282.04 400.069 25.4765 130.824 133.795 -109.251
-1282.73 399.343 25.4994 130.818 133.795 -109.256
-1283.42 398.617 25.5223 130.818 133.795 -109.256
-1284.1 397.891 25.5453 130.815 133.793 -109.258
-1284.79 397.165 25.5682 130.816 133.791 -109.256
-1285.48 396.438 25.5911 130.823 133.789 -109.249
-1286.17 395.712 25.614 130.832 133.788 -109.246
-1286.85 394.986 25.637 130.832 133.788 -109.246
-1287.54 394.26 25.6599 130.837 133.789 -109.243
-1288.23 393.534 25.6828 130.835 133.79 -109.24
-1288.91 392.808 25.7057 130.835 133.79 -109.24
-1289.6 392.081 25.7286 130.835 133.79 -109.24
-1290.29 391.355 25.7516 130.835 133.79 -109.24
-1290.97 390.629 25.7745 130.835 133.79 -109.24
-1291.66 389.903 25.7974 130.835 133.79 -109.24
-1292.35 389.177 25.8203 130.835 133.79 -109.24
-1293.04 388.451 25.8433 130.835 133.79 -109.24
-1293.72 387.724 25.8662 130.835 133.79 -109.24
-1294.41 386.998 25.8891 130.835 133.79 -109.24
-1295.1 386.272 25.912 130.835 133.79 -109.24
-1295.78 385.546 25.9349 130.835 133.79 -109.24
-1296.47 384.82 25.9579 130.835 133.79 -109.24
-1297.16 384.094 25.9808 130.835 133.79 -109.24
14
-1268.13 417.71 24.7078 130.782 133.792 -109.275
-1268.82 416.993 24.7309 130.782 133.792 -109.275
-1269.52 416.277 24.754 130.782 133.792 -109.275
-1270.22 415.56 24.7771 130.782 133.792 -109.275
-1270.91 414.843 24.8002 130.782 133.792 -109.275
-1271.61 414.127 24.8233 130.782 133.792 -109.275
-1272.31 413.41 24.8463 130.782 133.792 -109.275
-1273.01 412.694 24.8694 130.782 133.792 -109.275
-1273.7 411.977 24.8925 130.81 133.796 -109.265
-1274.4 411.26 24.9156 130.827 133.789 -109.251
-1275.1 410.544 24.9387 130.832 133.784 -109.239
-1275.79 409.827 24.9618 130.832 133.784 -109.239
-1276.49 409.11 24.9849 130.834 133.784 -109.234
-1277.19 408.394 25.008 130.836 133.785 -109.229
-1277.88 407.677 25.0311 130.834 133.786 -109.227
-1278.58 406.961 25.0542 130.834 133.786 -109.227
-1279.28 406.244 25.0772 130.832 133.785 -109.227
-1279.98 405.527 25.1003 130.828 133.783 -109.229
-1280.67 404.811 25.1234 130.828 133.783 -109.233
-1281.37 404.094 25.1465 130.828 133.783 -109.233
-1282.07 403.378 25.1696 130.829 133.785 -109.236
-1282.76 402.661 25.1927 130.831 133.788 -109.24
-1283.46 401.944 25.2158 130.828 133.792 -109.244
-1284.16 401.228 25.2389 130.821 133.795 -109.253
-1284.86 400.511 25.262 130.821 133.795 -109.253
-1285.55 399.794 25.2851 130.815 133.793 -109.255
-1286.25 399.078 25.3082 130.815 133.791 -109.256
-1286.95 398.361 25.3312 130.819 133.789 -109.252
-1287.64 397.645 25.3543 130.819 133.789 -109.252
-1288.34 396.928 25.3774 130.829 133.788 -109.246
-1289.04 396.211 25.4005 130.836 133.789 -109.243
-1289.74 395.495 25.4236 130.835 133.79 -109.24
-1290.43 394.778 25.4467 130.835 133.79 -109.24
-1291.13 394.062 25.4698 130.835 133.79 -109.24
-1291.83 393.345 25.4929 130.835 133.79 -109.24
-1292.52 392.628 25.516 130.835 133.79 -109.24
-1293.22 391.912 25.5391 130.835 133.79 -109.24
-1293.92 391.195 25.5622 130.835 133.79 -109.24
-1294.61 390.478 25.5852 130.835 133.79 -109.24
-1295.31 389.762 25.6083 130.835 133.79 -109.24
-1296.01 389.045 25.6314 130.835 133.79 -109.24
-1296.71 388.329 25.6545 130.835 133.79 -109.24
-1297.4 387.612 25.6776 130.835 133.79 -109.24
-1298.1 386.895 25.7007 130.835 133.79 -109.24
-1298.8 386.179 25.7238 130.835 133.79 -109.24
-1299.49 385.462 25.7469 130.835 133.79 -109.24
15
-1268.19 417.221 25.2926 130.784 133.793 -109.276
-1268.89 416.508 25.3151 130.784 133.793 -109.276
-1269.59 415.794 25.3376 130.784 133.793 -109.276
-1270.29 415.08 25.3601 130.784 133.793 -109.276
-1270.99 414.367 25.3827 130.784 133.793 -109.276
-1271.69 413.653 25.4052 130.784 133.793 -109.276
-1272.39 412.939 25.4277 130.784 133.793 -109.276
-1273.09 412.226 25.4502 130.811 133.797 -109.264
-1273.79 411.512 25.4727 130.811 133.797 -109.264
-1274.49 410.798 25.4953 130.827 133.79 -109.252
-1275.19 410.085 25.5178 130.831 133.785 -109.243
-1275.89 409.371 25.5403 130.833 133.784 -109.236
-1276.59 408.657 25.5628 130.834 133.784 -109.232
-1277.29 407.944 25.5854 130.835 133.786 -109.228
-1277.99 407.23 25.6079 130.835 133.786 -109.228
-1278.69 406.516 25.6304 130.833 133.786 -109.225
-1279.39 405.803 25.6529 130.828 133.783 -109.229
-1280.09 405.089 25.6754 130.828 133.783 -109.229
-1280.79 404.375 25.698 130.828 133.783 -109.229
-1281.49 403.662 25.7205 130.827 133.785 -109.236
-1282.19 402.948 25.743 130.827 133.788 -109.242
-1282.89 402.234 25.7655 130.826 133.792 -109.245
-1283.59 401.521 25.788 130.826 133.792 -109.245
-1284.29 400.807 25.8106 130.818 133.795 -109.254
-1284.99 400.093 25.8331 130.818 133.795 -109.254
-1285.69 399.38 25.8556 130.815 133.793 -109.257
-1286.39 398.666 25.8781 130.814 133.792 -109.257
-1287.09 397.952 25.9007 130.82 133.788 -109.25
-1287.79 397.239 25.9232 130.828 133.787 -109.246
-1288.49 396.525 25.9457 130.828 133.787 -109.246
-1289.19 395.811 25.9682 130.833 133.788 -109.244
-1289.89 395.098 25.9907 130.834 133.79 -109.243
-1290.59 394.384 26.0133 130.834 133.79 -109.243
-1291.29 393.67 26.0358 130.834 133.79 -109.243
-1291.99 392.957 26.0583 130.834 133.79 -109.243
-1292.69 392.243 26.0808 130.834 133.79 -109.243
-1293.39 391.529 26.1034 130.834 133.79 -109.243
-1294.09 390.816 26.1259 130.834 133.79 -109.243
-1294.79 390.102 26.1484 130.834 133.79 -109.243
-1295.49 389.388 26.1709 130.834 133.79 -109.243
-1296.19 388.675 26.1934 130.834 133.79 -109.243
-1296.89 387.961 26.216 130.834 133.79 -109.243
-1297.59 387.247 26.2385 130.834 133.79 -109.243
-1298.29 386.534 26.261 130.834 133.79 -109.243
-1298.99 385.82 26.2835 130.834 133.79 -109.243
-1299.69 385.106 26.3061 130.834 133.79 -109.243
16
-1267.67 417.786 25.0608 130.782 133.794 -109.278
-1268.37 417.072 25.082 130.782 133.794 -109.278
-1269.07 416.358 25.1032 130.782 133.794 -109.278
-1269.77 415.644 25.1244 130.782 133.794 -109.278
-1270.47 414.929 25.1456 130.782 133.794 -109.278
-1271.17 414.215 25.1668 130.782 133.794 -109.278
-1271.87 413.501 25.188 130.782 133.794 -109.278
-1272.57 412.786 25.2092 130.782 133.794 -109.278
-1273.27 412.072 25.2304 130.81 133.797 -109.266
-1273.97 411.358 25.2516 130.823 133.79 -109.256
-1274.67 410.644 25.2728 130.829 133.785 -109.244
-1275.37 409.929 25.294 130.831 133.784 -109.237
-1276.07 409.215 25.3152 130.833 133.784 -109.233
-1276.77 408.501 25.3364 130.833 133.784 -109.233
-1277.47 407.787 25.3576 130.834 133.785 -109.228
-1278.17 407.072 25.3788 130.834 133.787 -109.226
-1278.87 406.358 25.4 130.831 133.785 -109.226
-1279.57 405.644 25.4212 130.831 133.785 -109.226
-1280.27 404.929 25.4424 130.828 133.783 -109.232
-1280.97 404.215 25.4636 130.828 133.783 -109.232
-1281.66 403.501 25.4848 130.828 133.783 -109.232
-1282.36 402.787 25.506 130.828 133.788 -109.243
-1283.06 402.072 25.5272 130.826 133.792 -109.246
-1283.76 401.358 25.5484 130.82 133.794 -109.252
-1284.46 400.644 25.5696 130.82 133.794 -109.252
-1285.16 399.93 25.5908 130.816 133.794 -109.255
-1285.86 399.215 25.612 130.814 133.792 -109.256
-1286.56 398.501 25.6332 130.817 133.789 -109.253
-1287.26 397.787 25.6544 130.824 133.788 -109.247
-1287.96 397.072 25.6756 130.831 133.787 -109.244
-1288.66 396.358 25.6968 130.831 133.787 -109.244
-1289.36 395.644 25.718 130.835 133.788 -109.242
-1290.06 394.93 25.7393 130.835 133.79 -109.243
-1290.76 394.215 25.7605 130.835 133.79 -109.243
-1291.46 393.501 25.7817 130.835 133.79 -109.243
-1292.16 392.787 25.8029 130.835 133.79 -109.243
-1292.86 392.073 25.8241 130.835 133.79 -109.243
-1293.56 391.358 25.8453 130.835 133.79 -109.243
-1294.26 390.644 25.8665 130.835 133.79 -109.243
-1294.96 389.93 25.8877 130.835 133.79 -109.243
-1295.66 389.215 25.9089 130.835 133.79 -109.243
-1296.36 388.501 25.9301 130.835 133.79 -109.243
-1297.05 387.787 25.9513 130.835 133.79 -109.243
-1297.75 387.073 25.9725 130.835 133.79 -109.243
-1298.45 386.358 25.9937 130.835 133.79 -109.243
-1299.15 385.644 26.0149 130.835 133.79 -109.243
17
-1267.4 413.111 24.6265 130.779 133.793 -109.278
-1268.09 412.388 24.6462 130.779 133.793 -109.278
-1268.79 411.665 24.6659 130.779 133.793 -109.278
-1269.48 410.943 24.6856 130.779 133.793 -109.278
-1270.17 410.22 24.7053 130.809 133.795 -109.265
-1270.86 409.497 24.7249 130.833 133.792 -109.248
-1271.55 408.774 24.7446 130.835 133.787 -109.242
-1272.24 408.051 24.7643 130.835 133.787 -109.242
-1272.93 407.329 24.784 130.833 133.786 -109.24
-1273.62 406.606 24.8037 130.833 133.787 -109.236
-1274.31 405.883 24.8234 130.832 133.787 -109.235
-1275 405.16 24.8431 130.832 133.785 -109.234
-1275.69 404.437 24.8627 130.83 133.784 -109.235
-1276.38 403.715 24.8824 130.83 133.784 -109.235
-1277.08 402.992 24.9021 130.829 133.785 -109.238
-1277.77 402.269 24.9218 130.827 133.787 -109.242
-1278.46 401.546 24.9415 130.824 133.79 -109.248
-1279.15 400.823 24.9612 130.824 133.79 -109.248
-1279.84 400.101 24.9808 130.821 133.792 -109.252
-1280.53 399.378 25.0005 130.818 133.793 -109.253
-1281.22 398.655 25.0202 130.817 133.791 -109.255
-1281.91 397.932 25.0399 130.818 133.79 -109.257
-1282.6 397.209 25.0596 130.819 133.789 -109.254
-1283.29 396.487 25.0793 130.819 133.789 -109.254
-1283.98 395.764 25.0989 130.823 133.791 -109.252
-1284.67 395.041 25.1186 130.824 133.792 -109.253
-1285.36 394.318 25.1383 130.827 133.791 -109.252
-1286.06 393.595 25.158 130.827 133.791 -109.252
-1286.75 392.873 25.1777 130.831 133.792 -109.25
-1287.44 392.15 25.1974 130.831 133.792 -109.25
-1288.13 391.427 25.217 130.831 133.792 -109.25
-1288.82 390.704 25.2367 130.831 133.792 -109.25
-1289.51 389.981 25.2564 130.831 133.792 -109.25
-1290.2 389.259 25.2761 130.831 133.792 -109.25
-1290.89 388.536 25.2958 130.831 133.792 -109.25
-1291.58 387.813 25.3155 130.831 133.792 -109.25
-1292.27 387.09 25.3351 130.831 133.792 -109.25
-1292.96 386.367 25.3548 130.831 133.792 -109.25
-1293.65 385.645 25.3745 130.831 133.792 -109.25
-1294.34 384.922 25.3942 130.831 133.792 -109.25
-1295.04 384.199 25.4139 130.831 133.792 -109.25
-1295.73 383.476 25.4336 130.831 133.792 -109.25
-1296.42 382.754 25.4532 130.831 133.792 -109.25
-1297.11 382.031 25.4729 130.831 133.792 -109.25
-1297.8 381.308 25.4926 130.831 133.792 -109.25
-1298.49 380.585 25.5123 130.831 133.792 -109.25
18
-1268.23 415.252 26.3698 130.784 133.792 -109.273
-1268.93 414.539 26.3885 130.784 133.792 -109.273
-1269.63 413.826 26.4071 130.784 133.792 -109.273
-1270.33 413.112 26.4257 130.784 133.792 -109.273
-1271.03 412.399 26.4444 130.784 133.792 -109.273
-1271.73 411.685 26.463 130.784 133.792 -109.273
-1272.43 410.972 26.4816 130.812 133.796 -109.262
-1273.13 410.259 26.5003 130.825 133.79 -109.252
-1273.84 409.545 26.5189 130.827 133.786 -109.246
-1274.54 408.832 26.5375 130.827 133.786 -109.246
-1275.24 408.118 26.5562 130.829 133.786 -109.243
-1275.94 407.405 26.5748 130.831 133.788 -109.239
-1276.64 406.692 26.5934 130.832 133.79 -109.234
-1277.34 405.978 26.6121 130.832 133.79 -109.234
-1278.04 405.265 26.6307 130.829 133.789 -109.235
-1278.74 404.551 26.6493 130.826 133.786 -109.238
-1279.44 403.838 26.668 130.826 133.786 -109.238
-1280.14 403.125 26.6866 130.825 133.786 -109.241
-1280.84 402.411 26.7052 130.827 133.787 -109.24
-1281.54 401.698 26.7238 130.827 133.787 -109.24
-1282.24 400.985 26.7425 130.829 133.792 -109.243
-1282.94 400.271 26.7611 130.829 133.792 -109.243
-1283.64 399.558 26.7797 130.821 133.795 -109.252
-1284.34 398.844 26.7984 130.816 133.794 -109.257
-1285.04 398.131 26.817 130.816 133.792 -109.257
-1285.74 397.418 26.8356 130.819 133.79 -109.253
-1286.44 396.704 26.8543 130.819 133.79 -109.253
-1287.15 395.991 26.8729 130.826 133.788 -109.249
-1287.85 395.277 26.8915 130.832 133.789 -109.248
-1288.55 394.564 26.9102 130.836 133.79 -109.246
-1289.25 393.851 26.9288 130.836 133.79 -109.246
-1289.95 393.137 26.9474 130.836 133.79 -109.246
-1290.65 392.424 26.9661 130.836 133.79 -109.246
-1291.35 391.71 26.9847 130.836 133.79 -109.246
-1292.05 390.997 27.0033 130.836 133.79 -109.246
-1292.75 390.284 27.022 130.836 133.79 -109.246
-1293.45 389.57 27.0406 130.836 133.79 -109.246
-1294.15 388.857 27.0592 130.836 133.79 -109.246
-1294.85 388.143 27.0779 130.836 133.79 -109.246
-1295.55 387.43 27.0965 130.836 133.79 -109.246
-1296.25 386.717 27.1151 130.836 133.79 -109.246
-1296.95 386.003 27.1338 130.836 133.79 -109.246
-1297.65 385.29 27.1524 130.836 133.79 -109.246
-1298.35 384.576 27.171 130.836 133.79 -109.246
-1299.05 383.863 27.1897 130.836 133.79 -109.246
-1299.75 383.15 27.2083 130.836 133.79 -109.246
19
-1268.56 417.835 26.8512 130.785 133.793 -109.274
-1269.26 417.126 26.8719 130.785 133.793 -109.274
-1269.97 416.417 26.8925 130.785 133.793 -109.274
-1270.67 415.707 26.9131 130.785 133.793 -109.274
-1271.38 414.998 26.9338 130.785 133.793 -109.274
-1272.08 414.289 26.9544 130.785 133.793 -109.274
-1272.79 413.579 26.975 130.785 133.793 -109.274
-1273.49 412.87 26.9956 130.785 133.793 -109.274
-1274.2 412.161 27.0163 130.813 133.797 -109.262
-1274.9 411.452 27.0369 130.823 133.789 -109.251
-1275.6 410.742 27.0575 130.823 133.789 -109.251
-1276.31 410.033 27.0781 130.826 133.785 -109.242
-1277.01 409.324 27.0988 130.829 133.786 -109.239
-1277.72 408.614 27.1194 130.832 133.788 -109.234
-1278.42 407.905 27.14 130.832 133.788 -109.234
-1279.13 407.196 27.1606 130.833 133.79 -109.229
-1279.83 406.487 27.1813 130.829 133.788 -109.231
-1280.54 405.777 27.2019 130.829 133.788 -109.231
-1281.24 405.068 27.2225 130.825 133.785 -109.234
-1281.95 404.359 27.2432 130.825 133.785 -109.238
-1282.65 403.649 27.2638 130.825 133.785 -109.238
-1283.36 402.94 27.2844 130.828 133.788 -109.239
-1284.06 402.231 27.305 130.829 133.791 -109.241
-1284.76 401.521 27.3257 130.829 133.791 -109.241
-1285.47 400.812 27.3463 130.821 133.795 -109.251
-1286.17 400.103 27.3669 130.817 133.793 -109.253
-1286.88 399.394 27.3875 130.816 133.792 -109.256
-1287.58 398.684 27.4082 130.818 133.79 -109.252
-1288.29 397.975 27.4288 130.818 133.79 -109.252
-1288.99 397.266 27.4494 130.825 133.788 -109.248
-1289.7 396.556 27.4701 130.833 133.789 -109.246
-1290.4 395.847 27.4907 130.836 133.789 -109.245
-1291.11 395.138 27.5113 130.836 133.789 -109.245
-1291.81 394.428 27.5319 130.836 133.789 -109.245
-1292.52 393.719 27.5526 130.836 133.789 -109.245
-1293.22 393.01 27.5732 130.836 133.789 -109.245
-1293.92 392.301 27.5938 130.836 133.789 -109.245
-1294.63 391.591 27.6144 130.836 133.789 -109.245
-1295.33 390.882 27.6351 130.836 133.789 -109.245
-1296.04 390.173 27.6557 130.836 133.789 -109.245
-1296.74 389.463 27.6763 130.836 133.789 -109.245
-1297.45 388.754 27.6969 130.836 133.789 -109.245
-1298.15 388.045 27.7176 130.836 133.789 -109.245
-1298.86 387.336 27.7382 130.836 133.789 -109.245
-1299.56 386.626 27.7588 130.836 133.789 -109.245
-1300.27 385.917 27.7795 130.836 133.789 -109.245
20
-1267.77 417.459 25.2818 130.784 133.793 -109.274
-1268.48 416.749 25.3099 130.784 133.793 -109.274
-1269.18 416.039 25.3379 130.784 133.793 -109.274
-1269.88 415.329 25.3659 130.784 133.793 -109.274
-1270.59 414.619 25.3939 130.784 133.793 -109.274
-1271.29 413.909 25.422 130.784 133.793 -109.274
-1271.99 413.199 25.45 130.784 133.793 -109.274
-1272.7 412.489 25.478 130.784 133.793 -109.274
-1273.4 411.779 25.5061 130.813 133.797 -109.261
-1274.11 411.069 25.5341 130.823 133.789 -109.253
-1274.81 410.358 25.5621 130.825 133.784 -109.244
-1275.51 409.648 25.5902 130.825 133.784 -109.244
-1276.22 408.938 25.6182 130.829 133.786 -109.24
-1276.92 408.228 25.6462 130.832 133.787 -109.236
-1277.62 407.518 25.6742 130.833 133.789 -109.232
-1278.33 406.808 25.7023 130.833 133.789 -109.232
-1279.03 406.098 25.7303 130.83 133.789 -109.232
-1279.73 405.388 25.7583 130.826 133.786 -109.234
-1280.44 404.678 25.7864 130.824 133.784 -109.236
-1281.14 403.968 25.8144 130.826 133.784 -109.238
-1281.84 403.258 25.8424 130.829 133.787 -109.24
-1282.55 402.547 25.8705 130.829 133.79 -109.242
-1283.25 401.837 25.8985 130.829 133.79 -109.242
-1283.96 401.127 25.9265 130.826 133.794 -109.247
-1284.66 400.417 25.9546 130.819 133.795 -109.252
-1285.36 399.707 25.9826 130.815 133.794 -109.256
-1286.07 398.997 26.0106 130.815 133.794 -109.256
-1286.77 398.287 26.0386 130.816 133.791 -109.255
-1287.47 397.577 26.0667 130.821 133.789 -109.248
-1288.18 396.867 26.0947 130.829 133.789 -109.246
-1288.88 396.157 26.1227 130.833 133.789 -109.245
-1289.58 395.447 26.1508 130.833 133.789 -109.245
-1290.29 394.736 26.1788 130.833 133.791 -109.244
-1290.99 394.026 26.2068 130.833 133.791 -109.244
-1291.69 393.316 26.2349 130.833 133.791 -109.244
-1292.4 392.606 26.2629 130.833 133.791 -109.244
-1293.1 391.896 26.2909 130.833 133.791 -109.244
-1293.8 391.186 26.319 130.833 133.791 -109.244
-1294.51 390.476 26.347 130.833 133.791 -109.244
-1295.21 389.766 26.375 130.833 133.791 -109.244
-1295.92 389.056 26.403 130.833 133.791 -109.244
-1296.62 388.346 26.4311 130.833 133.791 -109.244
-1297.32 387.636 26.4591 130.833 133.791 -109.244
-1298.03 386.925 26.4871 130.833 133.791 -109.244
-1298.73 386.215 26.5152 130.833 133.791 -109.244
-1299.43 385.505 26.5432 130.833 133.791 -109.244
21
-1266.89 417.459 26.0698 130.783 133.791 -109.276
-1267.59 416.742 26.088 130.783 133.791 -109.276
-1268.28 416.025 26.1063 130.783 133.791 -109.276
-1268.98 415.307 26.1245 130.783 133.791 -109.276
-1269.68 414.59 26.1428 130.783 133.791 -109.276
-1270.37 413.873 26.161 130.783 133.791 -109.276
-1271.07 413.155 26.1793 130.783 133.791 -109.276
-1271.77 412.438 26.1975 130.783 133.791 -109.276
-1272.46 411.721 26.2158 130.783 133.791 -109.276
-1273.16 411.004 26.234 130.809 133.797 -109.264
-1273.86 410.286 26.2523 130.826 133.793 -109.252
-1274.55 409.569 26.2705 130.828 133.787 -109.244
-1275.25 408.852 26.2887 130.828 133.785 -109.242
-1275.95 408.135 26.307 130.831 133.786 -109.238
-1276.64 407.417 26.3252 130.833 133.789 -109.232
-1277.34 406.7 26.3435 130.833 133.789 -109.232
-1278.03 405.983 26.3617 130.833 133.79 -109.23
-1278.73 405.266 26.38 130.83 133.788 -109.23
-1279.43 404.548 26.3982 130.827 133.786 -109.235
-1280.12 403.831 26.4165 130.826 133.786 -109.237
-1280.82 403.114 26.4347 130.827 133.786 -109.238
-1281.52 402.397 26.453 130.829 133.788 -109.24
-1282.21 401.679 26.4712 130.828 133.791 -109.24
-1282.91 400.962 26.4895 130.828 133.791 -109.24
-1283.61 400.245 26.5077 130.823 133.794 -109.249
-1284.3 399.527 26.5259 130.817 133.793 -109.254
-1285 398.81 26.5442 130.817 133.793 -109.254
-1285.7 398.093 26.5624 130.815 133.792 -109.256
-1286.39 397.376 26.5807 130.818 133.79 -109.252
-1287.09 396.658 26.5989 130.825 133.788 -109.247
-1287.79 395.941 26.6172 130.832 133.789 -109.247
-1288.48 395.224 26.6354 130.832 133.789 -109.247
-1289.18 394.507 26.6537 130.837 133.789 -109.245
-1289.88 393.789 26.6719 130.837 133.789 -109.245
-1290.57 393.072 26.6902 130.837 133.789 -109.245
-1291.27 392.355 26.7084 130.837 133.789 -109.245
-1291.97 391.638 26.7267 130.837 133.789 -109.245
-1292.66 390.92 26.7449 130.837 133.789 -109.245
-1293.36 390.203 26.7631 130.837 133.789 -109.245
-1294.06 389.486 26.7814 130.837 133.789 -109.245
-1294.75 388.769 26.7996 130.837 133.789 -109.245
-1295.45 388.051 26.8179 130.837 133.789 -109.245
-1296.15 387.334 26.8361 130.837 133.789 -109.245
-1296.84 386.617 26.8544 130.837 133.789 -109.245
-1297.54 385.899 26.8726 130.837 133.789 -109.245
-1298.24 385.182 26.8909 130.837 133.789 -109.245
22
-1267.52 415.841 25.2464 130.787 133.792 -109.271
-1268.22 415.126 25.2692 130.787 133.792 -109.271
-1268.92 414.411 25.2919 130.787 133.792 -109.271
-1269.61 413.696 25.3147 130.787 133.792 -109.271
-1270.31 412.981 25.3375 130.787 133.792 -109.271
-1271.01 412.266 25.3602 130.787 133.792 -109.271
-1271.71 411.55 25.383 130.787 133.792 -109.271
-1272.41 410.835 25.4057 130.811 133.797 -109.262
-1273.11 410.12 25.4285 130.82 133.789 -109.255
-1273.81 409.405 25.4513 130.822 133.784 -109.246
-1274.51 408.69 25.474 130.824 133.784 -109.241
-1275.2 407.975 25.4968 130.827 133.785 -109.237
-1275.9 407.26 25.5195 130.831 133.788 -109.233
-1276.6 406.545 25.5423 130.831 133.788 -109.233
-1277.3 405.829 25.5651 130.831 133.79 -109.23
-1278 405.114 25.5878 130.827 133.789 -109.231
-1278.7 404.399 25.6106 130.824 133.786 -109.235
-1279.4 403.684 25.6334 130.823 133.785 -109.239
-1280.09 402.969 25.6561 130.823 133.785 -109.239
-1280.79 402.254 25.6789 130.826 133.786 -109.239
-1281.49 401.539 25.7016 130.828 133.788 -109.241
-1282.19 400.824 25.7244 130.827 133.791 -109.243
-1282.89 400.108 25.7472 130.821 133.794 -109.252
-1283.59 399.393 25.7699 130.821 133.794 -109.252
-1284.29 398.678 25.7927 130.818 133.792 -109.255
-1284.98 397.963 25.8155 130.817 133.791 -109.255
-1285.68 397.248 25.8382 130.821 133.789 -109.25
-1286.38 396.533 25.861 130.827 133.788 -109.249
-1287.08 395.818 25.8837 130.833 133.789 -109.247
-1287.78 395.103 25.9065 130.833 133.789 -109.247
-1288.48 394.387 25.9293 130.838 133.791 -109.245
-1289.18 393.672 25.952 130.838 133.791 -109.245
-1289.87 392.957 25.9748 130.838 133.791 -109.245
-1290.57 392.242 25.9976 130.838 133.791 -109.245
-1291.27 391.527 26.0203 130.838 133.791 -109.245
-1291.97 390.812 26.0431 130.838 133.791 -109.245
-1292.67 390.097 26.0658 130.838 133.791 -109.245
-1293.37 389.382 26.0886 130.838 133.791 -109.245
-1294.07 388.667 26.1114 130.838 133.791 -109.245
-1294.77 387.951 26.1341 130.838 133.791 -109.245
-1295.46 387.236 26.1569 130.838 133.791 -109.245
-1296.16 386.521 26.1797 130.838 133.791 -109.245
-1296.86 385.806 26.2024 130.838 133.791 -109.245
-1297.56 385.091 26.2252 130.838 133.791 -109.245
-1298.26 384.376 26.2479 130.838 133.791 -109.245
-1298.96 383.661 26.2707 130.838 133.791 -109.245
23
-1265.29 415.516 24.9936 130.786 133.793 -109.272
-1265.98 414.794 25.0059 130.786 133.793 -109.272
-1266.67 414.073 25.0182 130.786 133.793 -109.272
-1267.36 413.351 25.0305 130.786 133.793 -109.272
-1268.06 412.63 25.0428 130.786 133.793 -109.272
-1268.75 411.908 25.0552 130.786 133.793 -109.272
-1269.44 411.187 25.0675 130.786 133.793 -109.272
-1270.13 410.465 25.0798 130.786 133.793 -109.272
-1270.82 409.744 25.0921 130.813 133.797 -109.261
-1271.52 409.022 25.1044 130.821 133.79 -109.254
-1272.21 408.301 25.1167 130.821 133.79 -109.254
-1272.9 407.579 25.1291 130.821 133.79 -109.254
-1273.59 406.858 25.1414 130.832 133.789 -109.232
-1274.29 406.136 25.1537 130.832 133.789 -109.232
-1274.98 405.415 25.166 130.832 133.789 -109.232
-1275.67 404.693 25.1783 130.829 133.79 -109.231
-1276.36 403.972 25.1906 130.829 133.79 -109.231
-1277.06 403.25 25.2029 130.824 133.785 -109.238
-1277.75 402.529 25.2153 130.824 133.785 -109.238
-1278.44 401.808 25.2276 130.824 133.785 -109.238
-1279.13 401.086 25.2399 130.828 133.79 -109.243
-1279.82 400.365 25.2522 130.828 133.79 -109.243
-1280.52 399.643 25.2645 130.826 133.793 -109.246
-1281.21 398.922 25.2768 130.826 133.793 -109.246
-1281.9 398.2 25.2891 130.818 133.793 -109.254
-1282.59 397.479 25.3015 130.818 133.793 -109.254
-1283.29 396.757 25.3138 130.817 133.791 -109.255
-1283.98 396.036 25.3261 130.821 133.789 -109.252
-1284.67 395.314 25.3384 130.821 133.789 -109.252
-1285.36 394.593 25.3507 130.834 133.79 -109.247
-1286.06 393.871 25.363 130.834 133.79 -109.247
-1286.75 393.15 25.3754 130.834 133.79 -109.247
-1287.44 392.428 25.3877 130.834 133.79 -109.247
-1288.13 391.707 25.4 130.834 133.79 -109.247
-1288.83 390.985 25.4123 130.834 133.79 -109.247
-1289.52 390.264 25.4246 130.834 133.79 -109.247
-1290.21 389.542 25.4369 130.834 133.79 -109.247
-1290.9 388.821 25.4492 130.834 133.79 -109.247
-1291.59 388.099 25.4616 130.834 133.79 -109.247
-1292.29 387.378 25.4739 130.834 133.79 -109.247
-1292.98 386.656 25.4862 130.834 133.79 -109.247
-1293.67 385.935 25.4985 130.834 133.79 -109.247
-1294.36 385.213 25.5108 130.834 133.79 -109.247
-1295.06 384.492 25.5231 130.834 133.79 -109.247
-1295.75 383.771 25.5354 130.834 133.79 -109.247
-1296.44 383.049 25.5478 130.834 133.79 -109.247
24
-1268.81 416.578 24.3652 130.785 133.793 -109.273
-1269.5 415.858 24.392 130.785 133.793 -109.273
-1270.19 415.138 24.4188 130.785 133.793 -109.273
-1270.88 414.417 24.4456 130.785 133.793 -109.273
-1271.58 413.697 24.4724 130.785 133.793 -109.273
-1272.27 412.976 24.4992 130.785 133.793 -109.273
-1272.96 412.256 24.526 130.813 133.797 -109.262
-1273.66 411.536 24.5528 130.813 133.797 -109.262
-1274.35 410.815 24.5796 130.824 133.79 -109.252
-1275.04 410.095 24.6064 130.825 133.785 -109.245
-1275.74 409.375 24.6332 130.828 133.785 -109.239
-1276.43 408.654 24.66 130.83 133.786 -109.236
-1277.12 407.934 24.6868 130.833 133.789 -109.233
-1277.82 407.214 24.7136 130.833 133.789 -109.233
-1278.51 406.493 24.7404 130.827 133.787 -109.233
-1279.2 405.773 24.7672 130.827 133.787 -109.233
-1279.89 405.052 24.794 130.824 133.786 -109.236
-1280.59 404.332 24.8208 130.824 133.786 -109.236
-1281.28 403.612 24.8476 130.825 133.785 -109.238
-1281.97 402.891 24.8744 130.825 133.785 -109.238
-1282.67 402.171 24.9012 130.825 133.785 -109.238
-1283.36 401.451 24.928 130.818 133.794 -109.252
-1284.05 400.73 24.9548 130.818 133.794 -109.252
-1284.75 400.01 24.9816 130.818 133.794 -109.252
-1285.44 399.289 25.0084 130.816 133.792 -109.255
-1286.13 398.569 25.0352 130.817 133.79 -109.253
-1286.83 397.849 25.062 130.823 133.787 -109.248
-1287.52 397.128 25.0888 130.823 133.787 -109.248
-1288.21 396.408 25.1156 130.83 133.788 -109.246
-1288.9 395.688 25.1424 130.836 133.789 -109.244
-1289.6 394.967 25.1692 130.834 133.79 -109.245
-1290.29 394.247 25.196 130.834 133.79 -109.245
-1290.98 393.527 25.2228 130.834 133.79 -109.245
-1291.68 392.806 25.2496 130.834 133.79 -109.245
-1292.37 392.086 25.2764 130.834 133.79 -109.245
-1293.06 391.365 25.3032 130.834 133.79 -109.245
-1293.76 390.645 25.33 130.834 133.79 -109.245
-1294.45 389.925 25.3568 130.834 133.79 -109.245
-1295.14 389.204 25.3836 130.834 133.79 -109.245
-1295.84 388.484 25.4104 130.834 133.79 -109.245
-1296.53 387.764 25.4372 130.834 133.79 -109.245
-1297.22 387.043 25.464 130.834 133.79 -109.245
-1297.91 386.323 25.4908 130.834 133.79 -109.245
-1298.61 385.602 25.5176 130.834 133.79 -109.245
-1299.3 384.882 25.5444 130.834 133.79 -109.245
-1299.99 384.162 25.5712 130.834 133.79 -109.245
25
-1269.2 416.654 26.1668 130.786 133.792 -109.274
-1269.89 415.93 26.1867 130.786 133.792 -109.274
-1270.58 415.206 26.2066 130.786 133.792 -109.274
-1271.27 414.482 26.2265 130.786 133.792 -109.274
-1271.96 413.758 26.2465 130.786 133.792 -109.274
-1272.65 413.033 26.2664 130.786 133.792 -109.274
-1273.34 412.309 26.2863 130.786 133.792 -109.274
-1274.03 411.585 26.3062 130.811 133.797 -109.262
-1274.72 410.861 26.3262 130.82 133.789 -109.255
-1275.41 410.137 26.3461 130.823 133.784 -109.247
-1276.1 409.413 26.366 130.826 133.784 -109.241
-1276.78 408.689 26.3859 130.83 133.785 -109.235
-1277.47 407.965 26.4058 130.832 133.788 -109.232
-1278.16 407.241 26.4258 130.832 133.788 -109.232
-1278.85 406.516 26.4457 130.831 133.789 -109.228
-1279.54 405.792 26.4656 130.827 133.786 -109.232
-1280.23 405.068 26.4855 130.827 133.786 -109.232
-1280.92 404.344 26.5055 130.824 133.785 -109.235
-1281.61 403.62 26.5254 130.825 133.785 -109.237
-1282.3 402.896 26.5453 130.828 133.787 -109.24
-1282.99 402.172 26.5652 130.828 133.791 -109.241
-1283.68 401.448 26.5852 130.824 133.794 -109.246
-1284.37 400.723 26.6051 130.824 133.794 -109.246
-1285.06 399.999 26.625 130.819 133.794 -109.252
-1285.75 399.275 26.6449 130.816 133.792 -109.254
-1286.44 398.551 26.6649 130.816 133.792 -109.254
-1287.13 397.827 26.6848 130.829 133.788 -109.246
-1287.81 397.103 26.7047 130.829 133.788 -109.246
-1288.5 396.379 26.7246 130.829 133.788 -109.246
-1289.19 395.655 26.7446 130.833 133.788 -109.245
-1289.88 394.931 26.7645 130.835 133.79 -109.246
-1290.57 394.206 26.7844 130.835 133.79 -109.246
-1291.26 393.482 26.8043 130.835 133.79 -109.246
-1291.95 392.758 26.8243 130.835 133.79 -109.246
-1292.64 392.034 26.8442 130.835 133.79 -109.246
-1293.33 391.31 26.8641 130.835 133.79 -109.246
-1294.02 390.586 26.884 130.835 133.79 -109.246
-1294.71 389.862 26.904 130.835 133.79 -109.246
-1295.4 389.138 26.9239 130.835 133.79 -109.246
-1296.09 388.413 26.9438 130.835 133.79 -109.246
-1296.78 387.689 26.9637 130.835 133.79 -109.246
-1297.47 386.965 26.9837 130.835 133.79 -109.246
-1298.16 386.241 27.0036 130.835 133.79 -109.246
-1298.84 385.517 27.0235 130.835 133.79 -109.246
-1299.53 384.793 27.0434 130.835 133.79 -109.246
-1300.22 384.069 27.0634 130.835 133.79 -109.246
26
-1268.76 417.749 24.5464 130.782 133.793 -109.274
-1269.47 417.043 24.5667 130.782 133.793 -109.274
-1270.18 416.338 24.587 130.782 133.793 -109.274
-1270.89 415.633 24.6072 130.782 133.793 -109.274
-1271.6 414.928 24.6275 130.782 133.793 -109.274
-1272.31 414.223 24.6478 130.782 133.793 -109.274
-1273.01 413.517 24.6681 130.782 133.793 -109.274
-1273.72 412.812 24.6884 130.813 133.797 -109.263
-1274.43 412.107 24.7087 130.813 133.797 -109.263
-1275.14 411.402 24.7289 130.825 133.791 -109.256
-1275.85 410.697 24.7492 130.83 133.786 -109.245
-1276.56 409.991 24.7695 130.833 133.785 -109.239
-1277.27 409.286 24.7898 130.835 133.785 -109.234
-1277.98 408.581 24.8101 130.836 133.786 -109.231
-1278.68 407.876 24.8304 130.835 133.786 -109.229
-1279.39 407.171 24.8506 130.835 133.786 -109.229
-1280.1 406.465 24.8709 130.831 133.785 -109.229
-1280.81 405.76 24.8912 130.827 133.782 -109.235
-1281.52 405.055 24.9115 130.826 133.784 -109.239
-1282.23 404.35 24.9318 130.826 133.784 -109.239
-1282.94 403.645 24.9521 130.828 133.786 -109.242
-1283.64 402.939 24.9723 130.827 133.79 -109.244
-1284.35 402.234 24.9926 130.822 133.794 -109.25
-1285.06 401.529 25.0129 130.822 133.794 -109.25
-1285.77 400.824 25.0332 130.815 133.794 -109.255
-1286.48 400.119 25.0535 130.812 133.793 -109.257
-1287.19 399.413 25.0738 130.813 133.79 -109.256
-1287.9 398.708 25.094 130.82 133.787 -109.248
-1288.61 398.003 25.1143 130.82 133.787 -109.248
-1289.31 397.298 25.1346 130.829 133.787 -109.246
-1290.02 396.593 25.1549 130.833 133.788 -109.243
-1290.73 395.887 25.1752 130.834 133.79 -109.243
-1291.44 395.182 25.1955 130.834 133.79 -109.243
-1292.15 394.477 25.2157 130.834 133.79 -109.243
-1292.86 393.772 25.236 130.834 133.79 -109.243
-1293.57 393.067 25.2563 130.834 133.79 -109.243
-1294.28 392.361 25.2766 130.834 133.79 -109.243
-1294.98 391.656 25.2969 130.834 133.79 -109.243
-1295.69 390.951 25.3172 130.834 133.79 -109.243
-1296.4 390.246 25.3374 130.834 133.79 -109.243
-1297.11 389.541 25.3577 130.834 133.79 -109.243
-1297.82 388.835 25.378 130.834 133.79 -109.243
-1298.53 388.13 25.3983 130.834 133.79 -109.243
-1299.24 387.425 25.4186 130.834 133.79 -109.243
-1299.95 386.72 25.4389 130.834 133.79 -109.243
-1300.65 386.015 25.4591 130.834 133.79 -109.243
27
-1269.6 419.345 24.8323 130.782 133.792 -109.276
-1270.29 418.626 24.8558 130.782 133.792 -109.276
-1270.99 417.908 24.8792 130.782 133.792 -109.276
-1271.68 417.19 24.9027 130.782 133.792 -109.276
-1272.38 416.472 24.9262 130.782 133.792 -109.276
-1273.08 415.753 24.9497 130.782 133.792 -109.276
-1273.77 415.035 24.9732 130.782 133.792 -109.276
-1274.47 414.317 24.9967 130.782 133.792 -109.276
-1275.16 413.598 25.0202 130.81 133.796 -109.263
-1275.86 412.88 25.0437 130.825 133.791 -109.254
-1276.55 412.162 25.0672 130.829 133.787 -109.245
-1277.25 411.444 25.0907 130.831 133.786 -109.24
-1277.94 410.725 25.1142 130.831 133.786 -109.24
-1278.64 410.007 25.1377 130.832 133.787 -109.236
-1279.33 409.289 25.1611 130.832 133.788 -109.233
-1280.03 408.571 25.1846 130.831 133.788 -109.231
-1280.72 407.852 25.2081 130.831 133.788 -109.231
-1281.42 407.134 25.2316 130.827 133.786 -109.233
-1282.11 406.416 25.2551 130.825 133.785 -109.235
-1282.81 405.697 25.2786 130.825 133.785 -109.239
-1283.51 404.979 25.3021 130.827 133.788 -109.242
-1284.2 404.261 25.3256 130.827 133.788 -109.242
-1284.9 403.543 25.3491 130.828 133.791 -109.243
-1285.59 402.824 25.3726 130.828 133.791 -109.243
-1286.29 402.106 25.3961 130.818 133.794 -109.256
-1286.98 401.388 25.4195 130.818 133.794 -109.256
-1287.68 400.669 25.443 130.815 133.792 -109.256
-1288.37 399.951 25.4665 130.816 133.791 -109.256
-1289.07 399.233 25.49 130.822 133.788 -109.25
-1289.76 398.515 25.5135 130.829 133.787 -109.247
-1290.46 397.796 25.537 130.834 133.787 -109.244
-1291.15 397.078 25.5605 130.834 133.787 -109.244
-1291.85 396.36 25.584 130.836 133.79 -109.245
-1292.55 395.641 25.6075 130.836 133.79 -109.245
-1293.24 394.923 25.631 130.836 133.79 -109.245
-1293.94 394.205 25.6545 130.836 133.79 -109.245
-1294.63 393.487 25.6779 130.836 133.79 -109.245
-1295.33 392.768 25.7014 130.836 133.79 -109.245
-1296.02 392.05 25.7249 130.836 133.79 -109.245
-1296.72 391.332 25.7484 130.836 133.79 -109.245
-1297.41 390.613 25.7719 130.836 133.79 -109.245
-1298.11 389.895 25.7954 130.836 133.79 -109.245
-1298.8 389.177 25.8189 130.836 133.79 -109.245
-1299.5 388.459 25.8424 130.836 133.79 -109.245
-1300.19 387.74 25.8659 130.836 133.79 -109.245
-1300.89 387.022 25.8894 130.836 133.79 -109.245
28
-1267.08 415.46 25.2234 130.784 133.791 -109.274
-1267.76 414.73 25.2423 130.784 133.791 -109.274
-1268.45 414 25.2611 130.784 133.791 -109.274
-1269.13 413.27 25.2799 130.784 133.791 -109.274
-1269.81 412.541 25.2987 130.784 133.791 -109.274
-1270.5 411.811 25.3176 130.784 133.791 -109.274
-1271.18 411.081 25.3364 130.784 133.791 -109.274
-1271.86 410.351 25.3552 130.813 133.797 -109.262
-1272.55 409.621 25.374 130.824 133.791 -109.253
-1273.23 408.891 25.3929 130.827 133.785 -109.243
-1273.91 408.161 25.4117 130.829 133.786 -109.24
-1274.6 407.432 25.4305 130.832 133.787 -109.236
-1275.28 406.702 25.4494 130.832 133.787 -109.236
-1275.96 405.972 25.4682 130.833 133.788 -109.23
-1276.65 405.242 25.487 130.83 133.789 -109.23
-1277.33 404.512 25.5058 130.83 133.789 -109.23
-1278.01 403.782 25.5247 130.826 133.786 -109.233
-1278.7 403.052 25.5435 130.825 133.785 -109.236
-1279.38 402.323 25.5623 130.826 133.786 -109.239
-1280.06 401.593 25.5812 130.83 133.789 -109.241
-1280.75 400.863 25.6 130.83 133.789 -109.241
-1281.43 400.133 25.6188 130.827 133.793 -109.243
-1282.11 399.403 25.6376 130.823 133.795 -109.249
-1282.8 398.673 25.6565 130.818 133.794 -109.253
-1283.48 397.943 25.6753 130.817 133.792 -109.255
-1284.16 397.214 25.6941 130.817 133.792 -109.255
-1284.85 396.484 25.7129 130.819 133.789 -109.251
-1285.53 395.754 25.7318 130.826 133.788 -109.247
-1286.21 395.024 25.7506 130.832 133.788 -109.246
-1286.9 394.294 25.7694 130.836 133.79 -109.246
-1287.58 393.564 25.7883 130.836 133.79 -109.246
-1288.26 392.834 25.8071 130.836 133.79 -109.246
-1288.95 392.104 25.8259 130.836 133.79 -109.246
-1289.63 391.375 25.8447 130.836 133.79 -109.246
-1290.31 390.645 25.8636 130.836 133.79 -109.246
-1291 389.915 25.8824 130.836 133.79 -109.246
-1291.68 389.185 25.9012 130.836 133.79 -109.246
-1292.36 388.455 25.9201 130.836 133.79 -109.246
-1293.05 387.725 25.9389 130.836 133.79 -109.246
-1293.73 386.995 25.9577 130.836 133.79 -109.246
-1294.41 386.266 25.9765 130.836 133.79 -109.246
-1295.1 385.536 25.9954 130.836 133.79 -109.246
-1295.78 384.806 26.0142 130.836 133.79 -109.246
-1296.46 384.076 26.033 130.836 133.79 -109.246
-1297.15 383.346 26.0519 130.836 133.79 -109.246
-1297.83 382.616 26.0707 130.836 133.79 -109.246
29
-1267.58 417.912 24.2102 130.784 133.792 -109.274
-1268.28 417.205 24.2425 130.784 133.792 -109.274
-1268.99 416.498 24.2748 130.784 133.792 -109.274
-1269.7 415.791 24.3072 130.784 133.792 -109.274
-1270.4 415.083 24.3395 130.784 133.792 -109.274
-1271.11 414.376 24.3718 130.784 133.792 -109.274
-1271.82 413.669 24.4042 130.784 133.792 -109.274
-1272.52 412.962 24.4365 130.784 133.792 -109.274
-1273.23 412.255 24.4688 130.809 133.797 -109.263
-1273.93 411.548 24.5011 130.822 133.79 -109.253
-1274.64 410.84 24.5335 130.822 133.79 -109.253
-1275.35 410.133 24.5658 130.825 133.785 -109.243
-1276.05 409.426 24.5981 130.827 133.785 -109.241
-1276.76 408.719 24.6304 130.83 133.787 -109.237
-1277.47 408.012 24.6628 130.831 133.789 -109.232
-1278.17 407.304 24.6951 130.831 133.789 -109.232
-1278.88 406.597 24.7274 130.831 133.789 -109.232
-1279.59 405.89 24.7598 130.825 133.785 -109.235
-1280.29 405.183 24.7921 130.825 133.785 -109.235
-1281 404.476 24.8244 130.825 133.785 -109.235
-1281.7 403.769 24.8567 130.829 133.788 -109.24
-1282.41 403.061 24.8891 130.829 133.788 -109.24
-1283.12 402.354 24.9214 130.829 133.791 -109.241
-1283.82 401.647 24.9537 130.825 133.794 -109.246
-1284.53 400.94 24.9861 130.819 133.795 -109.253
-1285.24 400.233 25.0184 130.819 133.795 -109.253
-1285.94 399.526 25.0507 130.816 133.793 -109.254
-1286.65 398.818 25.083 130.816 133.791 -109.255
-1287.35 398.111 25.1154 130.822 133.789 -109.249
-1288.06 397.404 25.1477 130.829 133.788 -109.246
-1288.77 396.697 25.18 130.829 133.788 -109.246
-1289.47 395.99 25.2123 130.835 133.789 -109.245
-1290.18 395.282 25.2447 130.835 133.791 -109.243
-1290.89 394.575 25.277 130.835 133.791 -109.243
-1291.59 393.868 25.3093 130.835 133.791 -109.243
-1292.3 393.161 25.3417 130.835 133.791 -109.243
-1293 392.454 25.374 130.835 133.791 -109.243
-1293.71 391.747 25.4063 130.835 133.791 -109.243
-1294.42 391.039 25.4386 130.835 133.791 -109.243
-1295.12 390.332 25.471 130.835 133.791 -109.243
-1295.83 389.625 25.5033 130.835 133.791 -109.243
-1296.54 388.918 25.5356 130.835 133.791 -109.243
-1297.24 388.211 25.568 130.835 133.791 -109.243
-1297.95 387.503 25.6003 130.835 133.791 -109.243
-1298.66 386.796 25.6326 130.835 133.791 -109.243
-1299.36 386.089 25.6649 130.835 133.791 -109.243
30
-1267.22 415.355 25.161 130.784 133.792 -109.275
-1267.92 414.636 25.1791 130.784 133.792 -109.275
-1268.61 413.918 25.1972 130.784 133.792 -109.275
-1269.31 413.199 25.2153 130.784 133.792 -109.275
-1270 412.48 25.2334 130.784 133.792 -109.275
-1270.7 411.762 25.2515 130.784 133.792 -109.275
-1271.39 411.043 25.2696 130.81 133.796 -109.263
-1272.09 410.325 25.2877 130.821 133.791 -109.254
-1272.78 409.606 25.3058 130.821 133.791 -109.254
-1273.48 408.887 25.3239 130.824 133.786 -109.246
-1274.17 408.169 25.342 130.826 133.785 -109.241
-1274.87 407.45 25.3601 130.829 133.786 -109.237
-1275.56 406.731 25.3782 130.831 133.789 -109.234
-1276.26 406.013 25.3963 130.83 133.79 -109.231
-1276.95 405.294 25.4144 130.83 133.79 -109.231
-1277.65 404.576 25.4325 130.827 133.788 -109.232
-1278.34 403.857 25.4506 130.824 133.786 -109.235
-1279.04 403.138 25.4687 130.824 133.785 -109.236
-1279.73 402.42 25.4868 130.827 133.786 -109.238
-1280.43 401.701 25.5049 130.83 133.789 -109.241
-1281.12 400.982 25.523 130.83 133.789 -109.241
-1281.82 400.264 25.5411 130.828 133.791 -109.241
-1282.51 399.545 25.5592 130.823 133.794 -109.249
-1283.21 398.827 25.5773 130.817 133.794 -109.254
-1283.9 398.108 25.5954 130.814 133.792 -109.257
-1284.6 397.389 25.6135 130.817 133.79 -109.253
-1285.29 396.671 25.6316 130.817 133.79 -109.253
-1285.99 395.952 25.6497 130.823 133.789 -109.249
-1286.69 395.233 25.6678 130.83 133.789 -109.247
-1287.38 394.515 25.6859 130.834 133.79 -109.246
-1288.08 393.796 25.704 130.835 133.791 -109.244
-1288.77 393.078 25.7221 130.835 133.791 -109.244
-1289.47 392.359 25.7402 130.835 133.791 -109.244
-1290.16 391.64 25.7583 130.835 133.791 -109.244
-1290.86 390.922 25.7764 130.835 133.791 -109.244
-1291.55 390.203 25.7945 130.835 133.791 -109.244
-1292.25 389.484 25.8126 130.835 133.791 -109.244
-1292.94 388.766 25.8307 130.835 133.791 -109.244
-1293.64 388.047 25.8488 130.835 133.791 -109.244
-1294.33 387.329 25.8669 130.835 133.791 -109.244
-1295.03 386.61 25.885 130.835 133.791 -109.244
-1295.72 385.891 25.9031 130.835 133.791 -109.244
-1296.42 385.173 25.9212 130.835 133.791 -109.244
-1297.11 384.454 25.9393 130.835 133.791 -109.244
-1297.81 383.735 25.9574 130.835 133.791 -109.244
-1298.5 383.017 25.9755 130.835 133.791 -109.244
