1
-1344.34 360.103 -98.7224 100.692 135.009 64.572
-1333.66 349.575 -98.7224 114.376 138.521 74.581
-1332.95 350.287 -98.7289 114.376 138.521 74.581
-1332.25 351 -98.7353 114.376 138.521 74.581
-1331.55 351.712 -98.7417 114.376 138.521 74.581
-1330.85 352.424 -98.7482 114.376 138.521 74.581
-1330.15 353.137 -98.7546 114.376 138.521 74.581
-1329.44 353.849 -98.761 114.376 138.521 74.581
-1328.74 354.561 -98.7675 114.376 138.521 74.581
-1328.04 355.274 -98.7739 114.376 138.521 74.581
-1327.34 355.986 -98.7803 114.376 138.521 74.581
-1326.64 356.698 -98.7867 114.376 138.521 74.581
-1325.94 357.411 -98.7932 114.376 138.521 74.581
-1325.23 358.123 -98.7996 114.376 138.521 74.581
-1324.53 358.835 -98.806 114.376 138.521 74.581
-1323.83 359.547 -98.8125 114.376 138.521 74.581
-1323.13 360.26 -98.8189 114.406 138.522 74.62
-1322.43 360.972 -98.8253 114.397 138.52 74.614
-1321.72 361.684 -98.8318 114.388 138.517 74.613
-1321.02 362.397 -98.8382 114.382 138.515 74.607
-1320.32 363.109 -98.8446 114.379 138.516 74.605
-1319.62 363.821 -98.8511 114.379 138.516 74.605
-1318.92 364.534 -98.8575 114.38 138.52 74.611
-1318.21 365.246 -98.8639 114.378 138.523 74.612
-1317.51 365.958 -98.8704 114.373 138.523 74.608
-1316.81 366.67 -98.8768 114.37 138.523 74.608
-1316.11 367.383 -98.8832 114.37 138.523 74.608
-1315.41 368.095 -98.8897 114.371 138.522 74.609
-1314.71 368.807 -98.8961 114.374 138.52 74.611
-1314 369.52 -98.9025 114.378 138.52 74.613
-1313.3 370.232 -98.9089 114.378 138.52 74.614
-1312.6 370.944 -98.9154 114.378 138.52 74.614
-1311.9 371.657 -98.9218 114.368 138.52 74.614
-1311.2 372.369 -98.9282 114.362 138.521 74.614
-1310.49 373.081 -98.9347 114.364 138.52 74.61
-1309.79 373.794 -98.9411 114.364 138.52 74.61
-1309.09 374.506 -98.9475 114.364 138.52 74.61
-1308.39 375.218 -98.954 114.364 138.52 74.61
-1307.69 375.93 -98.9604 114.364 138.52 74.61
-1306.99 376.643 -98.9668 114.364 138.52 74.61
-1306.28 377.355 -98.9733 114.364 138.52 74.61
-1305.58 378.067 -98.9797 114.364 138.52 74.61
2
-1343.85 360.947 -98.5008 100.692 135.009 64.572
-1333.04 350.552 -98.5008 114.374 138.52 74.583
-1332.35 351.273 -98.511 114.374 138.52 74.583
-1331.65 351.993 -98.5212 114.374 138.52 74.583
-1330.96 352.714 -98.5315 114.374 138.52 74.583
-1330.27 353.435 -98.5417 114.374 138.52 74.583
-1329.57 354.156 -98.5519 114.374 138.52 74.583
-1328.88 354.877 -98.5622 114.374 138.52 74.583
-1328.19 355.598 -98.5724 114.374 138.52 74.583
-1327.49 356.319 -98.5827 114.374 138.52 74.583
-1326.8 357.039 -98.5929 114.374 138.52 74.583
-1326.11 357.76 -98.6031 114.374 138.52 74.583
-1325.42 358.481 -98.6134 114.374 138.52 74.583
-1324.72 359.202 -98.6236 114.374 138.52 74.583
-1324.03 359.923 -98.6338 114.374 138.52 74.583
-1323.34 360.644 -98.6441 114.408 138.524 74.62
-1322.64 361.365 -98.6543 114.397 138.521 74.615
-1321.95 362.086 -98.6646 114.388 138.518 74.614
-1321.26 362.806 -98.6748 114.381 138.515 74.606
-1320.56 363.527 -98.685 114.381 138.515 74.606
-1319.87 364.248 -98.6953 114.381 138.517 74.612
-1319.18 364.969 -98.7055 114.381 138.52 74.612
-1318.49 365.69 -98.7158 114.379 138.522 74.614
-1317.79 366.411 -98.726 114.373 138.523 74.611
-1317.1 367.132 -98.7362 114.372 138.524 74.612
-1316.41 367.852 -98.7465 114.371 138.522 74.611
-1315.71 368.573 -98.7567 114.371 138.522 74.611
-1315.02 369.294 -98.7669 114.374 138.521 74.613
-1314.33 370.015 -98.7772 114.382 138.519 74.615
-1313.63 370.736 -98.7874 114.382 138.519 74.615
-1312.94 371.457 -98.7977 114.369 138.52 74.616
-1312.25 372.178 -98.8079 114.369 138.52 74.616
-1311.56 372.898 -98.8181 114.369 138.52 74.616
-1310.86 373.619 -98.8284 114.369 138.52 74.616
-1310.17 374.34 -98.8386 114.369 138.52 74.616
-1309.48 375.061 -98.8488 114.369 138.52 74.616
-1308.78 375.782 -98.8591 114.369 138.52 74.616
-1308.09 376.503 -98.8693 114.369 138.52 74.616
-1307.4 377.224 -98.8796 114.369 138.52 74.616
-1306.7 377.944 -98.8898 114.369 138.52 74.616
-1306.01 378.665 -98.9 114.369 138.52 74.616
-1305.32 379.386 -98.9103 114.369 138.52 74.616
3
-1344.29 360.509 -98.36 100.692 135.009 64.572
-1333.74 349.853 -98.36 114.375 138.52 74.581
-1333.03 350.556 -98.3598 114.375 138.52 74.581
-1332.31 351.26 -98.3597 114.375 138.52 74.581
-1331.6 351.964 -98.3595 114.375 138.52 74.581
-1330.89 352.668 -98.3594 114.375 138.52 74.581
-1330.18 353.372 -98.3592 114.375 138.52 74.581
-1329.47 354.075 -98.3591 114.375 138.52 74.581
-1328.76 354.779 -98.359 114.375 138.52 74.581
-1328.05 355.483 -98.3588 114.375 138.52 74.581
-1327.34 356.187 -98.3587 114.375 138.52 74.581
-1326.63 356.89 -98.3585 114.375 138.52 74.581
-1325.92 357.594 -98.3584 114.375 138.52 74.581
-1325.21 358.298 -98.3582 114.375 138.52 74.581
-1324.5 359.002 -98.3581 114.375 138.52 74.581
-1323.79 359.705 -98.3579 114.375 138.52 74.581
-1323.08 360.409 -98.3578 114.41 138.525 74.626
-1322.37 361.113 -98.3577 114.403 138.521 74.624
-1321.66 361.817 -98.3575 114.396 138.517 74.619
-1320.95 362.52 -98.3574 114.388 138.514 74.612
-1320.24 363.224 -98.3572 114.388 138.514 74.612
-1319.53 363.928 -98.3571 114.382 138.514 74.612
-1318.82 364.632 -98.3569 114.383 138.515 74.612
-1318.11 365.336 -98.3568 114.385 138.519 74.616
-1317.4 366.039 -98.3566 114.383 138.522 74.614
-1316.69 366.743 -98.3565 114.377 138.524 74.616
-1315.97 367.447 -98.3564 114.377 138.524 74.616
-1315.26 368.151 -98.3562 114.37 138.523 74.611
-1314.55 368.854 -98.3561 114.367 138.523 74.61
-1313.84 369.558 -98.3559 114.366 138.523 74.61
-1313.13 370.262 -98.3558 114.366 138.521 74.607
-1312.42 370.966 -98.3556 114.367 138.52 74.61
-1311.71 371.669 -98.3555 114.367 138.52 74.61
-1311 372.373 -98.3553 114.367 138.52 74.61
-1310.29 373.077 -98.3552 114.367 138.52 74.61
-1309.58 373.781 -98.355 114.367 138.52 74.61
-1308.87 374.485 -98.3549 114.367 138.52 74.61
-1308.16 375.188 -98.3548 114.367 138.52 74.61
-1307.45 375.892 -98.3546 114.367 138.52 74.61
-1306.74 376.596 -98.3545 114.367 138.52 74.61
-1306.03 377.3 -98.3543 114.367 138.52 74.61
-1305.32 378.003 -98.3542 114.367 138.52 74.61
4
-1343.93 361.377 -98.1603 100.692 135.009 64.572
-1333.42 350.68 -98.1603 114.375 138.521 74.584
-1332.7 351.381 -98.1748 114.375 138.521 74.584
-1331.99 352.082 -98.1893 114.375 138.521 74.584
-1331.28 352.783 -98.2039 114.375 138.521 74.584
-1330.56 353.484 -98.2184 114.375 138.521 74.584
-1329.85 354.185 -98.2329 114.375 138.521 74.584
-1329.14 354.885 -98.2474 114.375 138.521 74.584
-1328.42 355.586 -98.262 114.375 138.521 74.584
-1327.71 356.287 -98.2765 114.375 138.521 74.584
-1327 356.988 -98.291 114.375 138.521 74.584
-1326.28 357.689 -98.3055 114.375 138.521 74.584
-1325.57 358.39 -98.3201 114.375 138.521 74.584
-1324.86 359.091 -98.3346 114.375 138.521 74.584
-1324.15 359.792 -98.3491 114.375 138.521 74.584
-1323.43 360.493 -98.3636 114.408 138.525 74.623
-1322.72 361.194 -98.3782 114.401 138.522 74.62
-1322.01 361.895 -98.3927 114.394 138.519 74.621
-1321.29 362.596 -98.4072 114.386 138.516 74.613
-1320.58 363.297 -98.4217 114.386 138.516 74.613
-1319.87 363.998 -98.4363 114.382 138.514 74.612
-1319.15 364.699 -98.4508 114.382 138.514 74.612
-1318.44 365.4 -98.4653 114.385 138.518 74.616
-1317.73 366.1 -98.4798 114.382 138.522 74.618
-1317.02 366.801 -98.4944 114.382 138.522 74.618
-1316.3 367.502 -98.5089 114.374 138.524 74.616
-1315.59 368.203 -98.5234 114.369 138.524 74.614
-1314.88 368.904 -98.5379 114.366 138.525 74.613
-1314.16 369.605 -98.5525 114.366 138.525 74.613
-1313.45 370.306 -98.567 114.366 138.522 74.609
-1312.74 371.007 -98.5815 114.366 138.522 74.61
-1312.02 371.708 -98.5961 114.37 138.519 74.614
-1311.31 372.409 -98.6106 114.37 138.519 74.614
-1310.6 373.11 -98.6251 114.37 138.519 74.614
-1309.88 373.811 -98.6396 114.37 138.519 74.614
-1309.17 374.512 -98.6542 114.37 138.519 74.614
-1308.46 375.213 -98.6687 114.37 138.519 74.614
-1307.75 375.914 -98.6832 114.37 138.519 74.614
-1307.03 376.615 -98.6977 114.37 138.519 74.614
-1306.32 377.316 -98.7123 114.37 138.519 74.614
-1305.61 378.016 -98.7268 114.37 138.519 74.614
-1304.89 378.717 -98.7413 114.37 138.519 74.614
5
-1344.13 360.23 -97.9087 100.692 135.009 64.572
-1333.34 349.807 -97.9087 114.376 138.52 74.587
-1332.65 350.526 -97.9039 114.376 138.52 74.587
-1331.95 351.245 -97.8991 114.376 138.52 74.587
-1331.26 351.964 -97.8943 114.376 138.52 74.587
-1330.56 352.683 -97.8895 114.376 138.52 74.587
-1329.87 353.402 -97.8847 114.376 138.52 74.587
-1329.17 354.121 -97.88 114.376 138.52 74.587
-1328.48 354.84 -97.8752 114.376 138.52 74.587
-1327.78 355.56 -97.8704 114.376 138.52 74.587
-1327.09 356.279 -97.8656 114.376 138.52 74.587
-1326.39 356.998 -97.8608 114.376 138.52 74.587
-1325.7 357.717 -97.856 114.376 138.52 74.587
-1325 358.436 -97.8512 114.376 138.52 74.587
-1324.31 359.155 -97.8465 114.376 138.52 74.587
-1323.61 359.874 -97.8417 114.408 138.526 74.623
-1322.92 360.593 -97.8369 114.408 138.526 74.623
-1322.22 361.313 -97.8321 114.39 138.517 74.616
-1321.53 362.032 -97.8273 114.39 138.517 74.616
-1320.83 362.751 -97.8225 114.383 138.515 74.613
-1320.14 363.47 -97.8178 114.383 138.515 74.613
-1319.44 364.189 -97.813 114.38 138.513 74.611
-1318.75 364.908 -97.8082 114.384 138.517 74.616
-1318.05 365.627 -97.8034 114.384 138.521 74.619
-1317.36 366.346 -97.7986 114.384 138.521 74.619
-1316.66 367.066 -97.7938 114.379 138.524 74.619
-1315.97 367.785 -97.789 114.372 138.524 74.616
-1315.27 368.504 -97.7843 114.372 138.524 74.616
-1314.58 369.223 -97.7795 114.369 138.523 74.614
-1313.88 369.942 -97.7747 114.367 138.523 74.612
-1313.19 370.661 -97.7699 114.367 138.523 74.612
-1312.49 371.38 -97.7651 114.367 138.521 74.611
-1311.8 372.099 -97.7603 114.367 138.521 74.611
-1311.1 372.819 -97.7555 114.367 138.521 74.611
-1310.41 373.538 -97.7508 114.367 138.521 74.611
-1309.71 374.257 -97.746 114.368 138.52 74.614
-1309.02 374.976 -97.7412 114.368 138.52 74.614
-1308.32 375.695 -97.7364 114.368 138.52 74.614
-1307.63 376.414 -97.7316 114.368 138.52 74.614
-1306.94 377.133 -97.7268 114.368 138.52 74.614
-1306.24 377.852 -97.7221 114.368 138.52 74.614
-1305.55 378.572 -97.7173 114.368 138.52 74.614
6
-1343.75 361.484 -98.1582 100.692 135.009 64.572
-1333.41 350.614 -98.1582 114.377 138.521 74.587
-1332.68 351.303 -98.1673 114.377 138.521 74.587
-1331.96 351.992 -98.1764 114.377 138.521 74.587
-1331.24 352.681 -98.1855 114.377 138.521 74.587
-1330.51 353.37 -98.1945 114.377 138.521 74.587
-1329.79 354.059 -98.2036 114.377 138.521 74.587
-1329.06 354.748 -98.2127 114.377 138.521 74.587
-1328.34 355.437 -98.2218 114.377 138.521 74.587
-1327.61 356.126 -98.2309 114.377 138.521 74.587
-1326.89 356.815 -98.24 114.377 138.521 74.587
-1326.16 357.504 -98.2491 114.377 138.521 74.587
-1325.44 358.193 -98.2582 114.377 138.521 74.587
-1324.71 358.882 -98.2673 114.377 138.521 74.587
-1323.99 359.571 -98.2764 114.377 138.521 74.587
-1323.26 360.26 -98.2855 114.406 138.527 74.621
-1322.54 360.95 -98.2945 114.399 138.523 74.619
-1321.81 361.639 -98.3036 114.399 138.523 74.619
-1321.09 362.328 -98.3127 114.391 138.518 74.614
-1320.37 363.017 -98.3218 114.385 138.515 74.608
-1319.64 363.706 -98.3309 114.381 138.513 74.609
-1318.92 364.395 -98.34 114.383 138.514 74.61
-1318.19 365.084 -98.3491 114.386 138.518 74.614
-1317.47 365.773 -98.3582 114.386 138.518 74.614
-1316.74 366.462 -98.3673 114.382 138.521 74.615
-1316.02 367.151 -98.3764 114.377 138.523 74.614
-1315.29 367.84 -98.3855 114.372 138.522 74.613
-1314.57 368.529 -98.3945 114.368 138.522 74.612
-1313.84 369.218 -98.4036 114.365 138.522 74.608
-1313.12 369.907 -98.4127 114.365 138.522 74.608
-1312.39 370.596 -98.4218 114.367 138.519 74.613
-1311.67 371.285 -98.4309 114.367 138.519 74.613
-1310.95 371.975 -98.44 114.367 138.519 74.613
-1310.22 372.664 -98.4491 114.367 138.519 74.613
-1309.5 373.353 -98.4582 114.367 138.519 74.613
-1308.77 374.042 -98.4673 114.367 138.519 74.613
-1308.05 374.731 -98.4764 114.367 138.519 74.613
-1307.32 375.42 -98.4855 114.367 138.519 74.613
-1306.6 376.109 -98.4946 114.367 138.519 74.613
-1305.87 376.798 -98.5036 114.367 138.519 74.613
-1305.15 377.487 -98.5127 114.367 138.519 74.613
-1304.42 378.176 -98.5218 114.367 138.519 74.613
7
-1344.23 362.111 -98.057 100.692 135.009 64.572
-1333.76 351.372 -98.057 114.373 138.518 74.58
-1333.04 352.071 -98.0667 114.373 138.518 74.58
-1332.33 352.769 -98.0764 114.373 138.518 74.58
-1331.61 353.467 -98.086 114.373 138.518 74.58
-1330.9 354.165 -98.0957 114.373 138.518 74.58
-1330.18 354.863 -98.1054 114.373 138.518 74.58
-1329.47 355.561 -98.115 114.373 138.518 74.58
-1328.75 356.259 -98.1247 114.373 138.518 74.58
-1328.03 356.957 -98.1344 114.373 138.518 74.58
-1327.32 357.656 -98.144 114.373 138.518 74.58
-1326.6 358.354 -98.1537 114.373 138.518 74.58
-1325.89 359.052 -98.1634 114.373 138.518 74.58
-1325.17 359.75 -98.1731 114.373 138.518 74.58
-1324.45 360.448 -98.1827 114.373 138.518 74.58
-1323.74 361.146 -98.1924 114.413 138.527 74.627
-1323.02 361.844 -98.2021 114.403 138.522 74.623
-1322.31 362.543 -98.2117 114.396 138.518 74.621
-1321.59 363.241 -98.2214 114.385 138.515 74.612
-1320.87 363.939 -98.2311 114.385 138.515 74.612
-1320.16 364.637 -98.2407 114.381 138.514 74.612
-1319.44 365.335 -98.2504 114.382 138.518 74.614
-1318.73 366.033 -98.2601 114.382 138.523 74.618
-1318.01 366.731 -98.2697 114.381 138.525 74.618
-1317.3 367.429 -98.2794 114.375 138.528 74.62
-1316.58 368.128 -98.2891 114.375 138.528 74.62
-1315.86 368.826 -98.2987 114.372 138.527 74.618
-1315.15 369.524 -98.3084 114.37 138.527 74.617
-1314.43 370.222 -98.3181 114.37 138.525 74.615
-1313.72 370.92 -98.3277 114.371 138.522 74.611
-1313 371.618 -98.3374 114.371 138.522 74.611
-1312.28 372.316 -98.3471 114.373 138.52 74.616
-1311.57 373.015 -98.3567 114.372 138.518 74.614
-1310.85 373.713 -98.3664 114.372 138.518 74.614
-1310.14 374.411 -98.3761 114.372 138.518 74.614
-1309.42 375.109 -98.3858 114.372 138.518 74.614
-1308.7 375.807 -98.3954 114.372 138.518 74.614
-1307.99 376.505 -98.4051 114.372 138.518 74.614
-1307.27 377.203 -98.4148 114.372 138.518 74.614
-1306.56 377.901 -98.4244 114.372 138.518 74.614
-1305.84 378.6 -98.4341 114.372 138.518 74.614
-1305.12 379.298 -98.4438 114.372 138.518 74.614
8
-1345.15 362.79 -97.7719 100.692 135.009 64.572
-1334.51 352.223 -97.7719 114.374 138.521 74.583
-1333.8 352.932 -97.8001 114.374 138.521 74.583
-1333.1 353.642 -97.8284 114.374 138.521 74.583
-1332.4 354.351 -97.8566 114.374 138.521 74.583
-1331.69 355.06 -97.8848 114.374 138.521 74.583
-1330.99 355.77 -97.9131 114.374 138.521 74.583
-1330.28 356.479 -97.9413 114.374 138.521 74.583
-1329.58 357.189 -97.9695 114.374 138.521 74.583
-1328.87 357.898 -97.9978 114.374 138.521 74.583
-1328.17 358.608 -98.026 114.374 138.521 74.583
-1327.47 359.317 -98.0542 114.374 138.521 74.583
-1326.76 360.027 -98.0825 114.374 138.521 74.583
-1326.06 360.736 -98.1107 114.374 138.521 74.583
-1325.35 361.446 -98.139 114.374 138.521 74.583
-1324.65 362.155 -98.1672 114.411 138.525 74.625
-1323.94 362.864 -98.1954 114.402 138.522 74.622
-1323.24 363.574 -98.2237 114.395 138.518 74.621
-1322.54 364.283 -98.2519 114.387 138.515 74.613
-1321.83 364.993 -98.2801 114.387 138.515 74.613
-1321.13 365.702 -98.3084 114.381 138.513 74.609
-1320.42 366.412 -98.3366 114.381 138.515 74.612
-1319.72 367.121 -98.3648 114.384 138.52 74.615
-1319.02 367.831 -98.3931 114.383 138.522 74.615
-1318.31 368.54 -98.4213 114.379 138.524 74.616
-1317.61 369.25 -98.4495 114.379 138.524 74.616
-1316.9 369.959 -98.4778 114.372 138.524 74.613
-1316.2 370.669 -98.506 114.372 138.524 74.613
-1315.49 371.378 -98.5342 114.367 138.522 74.609
-1314.79 372.087 -98.5625 114.368 138.52 74.605
-1314.09 372.797 -98.5907 114.368 138.52 74.605
-1313.38 373.506 -98.6189 114.369 138.52 74.613
-1312.68 374.216 -98.6472 114.371 138.519 74.614
-1311.97 374.925 -98.6754 114.371 138.519 74.614
-1311.27 375.635 -98.7036 114.371 138.519 74.614
-1310.57 376.344 -98.7319 114.371 138.519 74.614
-1309.86 377.054 -98.7601 114.371 138.519 74.614
-1309.16 377.763 -98.7883 114.371 138.519 74.614
-1308.45 378.473 -98.8166 114.371 138.519 74.614
-1307.75 379.182 -98.8448 114.371 138.519 74.614
-1307.04 379.891 -98.873 114.371 138.519 74.614
-1306.34 380.601 -98.9013 114.371 138.519 74.614
9
-1343.8 362.769 -98.2019 100.692 135.009 64.572
-1333.19 352.158 -98.2019 114.376 138.521 74.586
-1332.49 352.865 -98.2248 114.376 138.521 74.586
-1331.78 353.572 -98.2477 114.376 138.521 74.586
-1331.07 354.278 -98.2706 114.376 138.521 74.586
-1330.37 354.985 -98.2935 114.376 138.521 74.586
-1329.66 355.692 -98.3163 114.376 138.521 74.586
-1328.95 356.398 -98.3392 114.376 138.521 74.586
-1328.24 357.105 -98.3621 114.376 138.521 74.586
-1327.54 357.812 -98.385 114.376 138.521 74.586
-1326.83 358.518 -98.4079 114.376 138.521 74.586
-1326.12 359.225 -98.4308 114.376 138.521 74.586
-1325.41 359.932 -98.4537 114.376 138.521 74.586
-1324.71 360.638 -98.4765 114.376 138.521 74.586
-1324 361.345 -98.4994 114.41 138.524 74.625
-1323.29 362.052 -98.5223 114.401 138.52 74.621
-1322.59 362.758 -98.5452 114.393 138.518 74.62
-1321.88 363.465 -98.5681 114.393 138.518 74.62
-1321.17 364.172 -98.591 114.385 138.515 74.612
-1320.46 364.878 -98.6138 114.382 138.514 74.612
-1319.76 365.585 -98.6367 114.382 138.514 74.612
-1319.05 366.292 -98.6596 114.384 138.517 74.615
-1318.34 366.998 -98.6825 114.385 138.52 74.615
-1317.64 367.705 -98.7054 114.382 138.523 74.616
-1316.93 368.412 -98.7283 114.373 138.523 74.614
-1316.22 369.118 -98.7511 114.373 138.523 74.614
-1315.51 369.825 -98.774 114.373 138.523 74.614
-1314.81 370.532 -98.7969 114.368 138.521 74.609
-1314.1 371.238 -98.8198 114.368 138.521 74.609
-1313.39 371.945 -98.8427 114.368 138.521 74.609
-1312.69 372.652 -98.8656 114.371 138.519 74.616
-1311.98 373.358 -98.8884 114.372 138.519 74.615
-1311.27 374.065 -98.9113 114.372 138.519 74.615
-1310.56 374.772 -98.9342 114.372 138.519 74.615
-1309.86 375.478 -98.9571 114.372 138.519 74.615
-1309.15 376.185 -98.98 114.372 138.519 74.615
-1308.44 376.891 -99.0029 114.372 138.519 74.615
-1307.74 377.598 -99.0257 114.372 138.519 74.615
-1307.03 378.305 -99.0486 114.372 138.519 74.615
-1306.32 379.011 -99.0715 114.372 138.519 74.615
-1305.61 379.718 -99.0944 114.372 138.519 74.615
-1304.91 380.425 -99.1173 114.372 138.519 74.615
10
-1342.83 359.846 -98.2908 100.692 135.009 64.572
-1332.31 349.148 -98.2908 114.379 138.521 74.588
-1331.6 349.849 -98.3047 114.379 138.521 74.588
-1330.89 350.55 -98.3186 114.379 138.521 74.588
-1330.17 351.251 -98.3324 114.379 138.521 74.588
-1329.46 351.952 -98.3463 114.379 138.521 74.588
-1328.75 352.653 -98.3601 114.379 138.521 74.588
-1328.03 353.354 -98.374 114.379 138.521 74.588
-1327.32 354.054 -98.3879 114.379 138.521 74.588
-1326.61 354.755 -98.4017 114.379 138.521 74.588
-1325.89 355.456 -98.4156 114.379 138.521 74.588
-1325.18 356.157 -98.4294 114.379 138.521 74.588
-1324.47 356.858 -98.4433 114.379 138.521 74.588
-1323.75 357.559 -98.4572 114.379 138.521 74.588
-1323.04 358.26 -98.471 114.379 138.521 74.588
-1322.33 358.961 -98.4849 114.407 138.523 74.623
-1321.62 359.662 -98.4987 114.403 138.522 74.622
-1320.9 360.363 -98.5126 114.397 138.519 74.623
-1320.19 361.064 -98.5265 114.39 138.516 74.616
-1319.48 361.764 -98.5403 114.381 138.514 74.611
-1318.76 362.465 -98.5542 114.381 138.514 74.611
-1318.05 363.166 -98.568 114.378 138.515 74.613
-1317.34 363.867 -98.5819 114.38 138.519 74.616
-1316.62 364.568 -98.5957 114.379 138.523 74.616
-1315.91 365.269 -98.6096 114.375 138.526 74.617
-1315.2 365.97 -98.6235 114.375 138.526 74.617
-1314.48 366.671 -98.6373 114.37 138.527 74.617
-1313.77 367.372 -98.6512 114.366 138.527 74.615
-1313.06 368.073 -98.665 114.366 138.527 74.615
-1312.34 368.774 -98.6789 114.367 138.524 74.61
-1311.63 369.474 -98.6928 114.368 138.521 74.61
-1310.92 370.175 -98.7066 114.371 138.519 74.615
-1310.21 370.876 -98.7205 114.372 138.518 74.615
-1309.49 371.577 -98.7343 114.372 138.518 74.615
-1308.78 372.278 -98.7482 114.372 138.518 74.615
-1308.07 372.979 -98.7621 114.372 138.518 74.615
-1307.35 373.68 -98.7759 114.372 138.518 74.615
-1306.64 374.381 -98.7898 114.372 138.518 74.615
-1305.93 375.082 -98.8036 114.372 138.518 74.615
-1305.21 375.783 -98.8175 114.372 138.518 74.615
-1304.5 376.484 -98.8314 114.372 138.518 74.615
-1303.79 377.184 -98.8452 114.372 138.518 74.615
11
-1341.57 358.006 -97.9906 100.692 135.009 64.572
-1330.71 347.667 -97.9906 114.376 138.521 74.584
-1330.02 348.391 -98.0108 114.376 138.521 74.584
-1329.33 349.115 -98.0309 114.376 138.521 74.584
-1328.64 349.84 -98.0511 114.376 138.521 74.584
-1327.95 350.564 -98.0713 114.376 138.521 74.584
-1327.26 351.288 -98.0914 114.376 138.521 74.584
-1326.57 352.013 -98.1116 114.376 138.521 74.584
-1325.88 352.737 -98.1317 114.376 138.521 74.584
-1325.19 353.461 -98.1519 114.376 138.521 74.584
-1324.5 354.186 -98.172 114.376 138.521 74.584
-1323.82 354.91 -98.1922 114.376 138.521 74.584
-1323.13 355.634 -98.2123 114.376 138.521 74.584
-1322.44 356.359 -98.2325 114.376 138.521 74.584
-1321.75 357.083 -98.2527 114.409 138.524 74.624
-1321.06 357.807 -98.2728 114.403 138.521 74.621
-1320.37 358.532 -98.293 114.403 138.521 74.621
-1319.68 359.256 -98.3131 114.397 138.52 74.625
-1318.99 359.98 -98.3333 114.388 138.515 74.615
-1318.3 360.705 -98.3534 114.38 138.514 74.612
-1317.61 361.429 -98.3736 114.38 138.514 74.612
-1316.92 362.153 -98.3937 114.381 138.515 74.612
-1316.23 362.878 -98.4139 114.383 138.519 74.616
-1315.55 363.602 -98.434 114.38 138.523 74.617
-1314.86 364.326 -98.4542 114.38 138.523 74.617
-1314.17 365.051 -98.4744 114.376 138.525 74.618
-1313.48 365.775 -98.4945 114.369 138.524 74.614
-1312.79 366.499 -98.5147 114.366 138.524 74.612
-1312.1 367.224 -98.5348 114.367 138.522 74.61
-1311.41 367.948 -98.555 114.367 138.522 74.61
-1310.72 368.672 -98.5751 114.368 138.521 74.612
-1310.03 369.397 -98.5953 114.373 138.519 74.616
-1309.34 370.121 -98.6154 114.373 138.519 74.616
-1308.65 370.845 -98.6356 114.373 138.519 74.616
-1307.96 371.57 -98.6558 114.373 138.519 74.616
-1307.28 372.294 -98.6759 114.373 138.519 74.616
-1306.59 373.018 -98.6961 114.373 138.519 74.616
-1305.9 373.743 -98.7162 114.373 138.519 74.616
-1305.21 374.467 -98.7364 114.373 138.519 74.616
-1304.52 375.191 -98.7565 114.373 138.519 74.616
-1303.83 375.916 -98.7767 114.373 138.519 74.616
-1303.14 376.64 -98.7968 114.373 138.519 74.616
12
-1344.79 361.614 -97.9447 100.692 135.009 64.572
-1334.52 350.685 -97.9447 114.375 138.52 74.586
-1333.79 351.37 -97.9594 114.375 138.52 74.586
-1333.06 352.055 -97.974 114.375 138.52 74.586
-1332.33 352.739 -97.9886 114.375 138.52 74.586
-1331.6 353.424 -98.0032 114.375 138.52 74.586
-1330.87 354.109 -98.0178 114.375 138.52 74.586
-1330.15 354.794 -98.0325 114.375 138.52 74.586
-1329.42 355.479 -98.0471 114.375 138.52 74.586
-1328.69 356.164 -98.0617 114.375 138.52 74.586
-1327.96 356.849 -98.0763 114.375 138.52 74.586
-1327.23 357.533 -98.091 114.375 138.52 74.586
-1326.5 358.218 -98.1056 114.375 138.52 74.586
-1325.77 358.903 -98.1202 114.375 138.52 74.586
-1325.05 359.588 -98.1348 114.375 138.52 74.586
-1324.32 360.273 -98.1494 114.375 138.52 74.586
-1323.59 360.958 -98.1641 114.408 138.526 74.621
-1322.86 361.643 -98.1787 114.399 138.523 74.619
-1322.13 362.327 -98.1933 114.392 138.521 74.62
-1321.4 363.012 -98.2079 114.385 138.517 74.614
-1320.68 363.697 -98.2225 114.381 138.515 74.611
-1319.95 364.382 -98.2372 114.382 138.515 74.614
-1319.22 365.067 -98.2518 114.382 138.515 74.614
-1318.49 365.752 -98.2664 114.386 138.517 74.617
-1317.76 366.437 -98.281 114.387 138.521 74.62
-1317.03 367.121 -98.2957 114.382 138.523 74.62
-1316.3 367.806 -98.3103 114.375 138.524 74.619
-1315.58 368.491 -98.3249 114.37 138.523 74.615
-1314.85 369.176 -98.3395 114.366 138.523 74.612
-1314.12 369.861 -98.3541 114.366 138.523 74.612
-1313.39 370.546 -98.3688 114.366 138.522 74.609
-1312.66 371.231 -98.3834 114.366 138.522 74.609
-1311.93 371.915 -98.398 114.372 138.519 74.614
-1311.2 372.6 -98.4126 114.372 138.519 74.614
-1310.48 373.285 -98.4272 114.372 138.519 74.614
-1309.75 373.97 -98.4419 114.372 138.519 74.614
-1309.02 374.655 -98.4565 114.372 138.519 74.614
-1308.29 375.34 -98.4711 114.372 138.519 74.614
-1307.56 376.025 -98.4857 114.372 138.519 74.614
-1306.83 376.71 -98.5004 114.372 138.519 74.614
-1306.1 377.394 -98.515 114.372 138.519 74.614
-1305.38 378.079 -98.5296 114.372 138.519 74.614
13
-1341.05 360.702 -98.8047 100.692 135.009 64.572
-1330.24 350.301 -98.8047 114.376 138.52 74.582
-1329.54 351.021 -98.8065 114.376 138.52 74.582
-1328.85 351.742 -98.8083 114.376 138.52 74.582
-1328.16 352.462 -98.81 114.376 138.52 74.582
-1327.46 353.183 -98.8118 114.376 138.52 74.582
-1326.77 353.903 -98.8136 114.376 138.52 74.582
-1326.08 354.624 -98.8154 114.376 138.52 74.582
-1325.38 355.344 -98.8171 114.376 138.52 74.582
-1324.69 356.065 -98.8189 114.376 138.52 74.582
-1324 356.785 -98.8207 114.376 138.52 74.582
-1323.3 357.506 -98.8225 114.376 138.52 74.582
-1322.61 358.226 -98.8242 114.41 138.525 74.625
-1321.92 358.947 -98.826 114.41 138.525 74.625
-1321.22 359.667 -98.8278 114.402 138.521 74.622
-1320.53 360.388 -98.8296 114.397 138.518 74.621
-1319.84 361.109 -98.8313 114.387 138.515 74.613
-1319.14 361.829 -98.8331 114.387 138.515 74.613
-1318.45 362.55 -98.8349 114.382 138.514 74.611
-1317.76 363.27 -98.8367 114.385 138.517 74.614
-1317.06 363.991 -98.8384 114.385 138.517 74.614
-1316.37 364.711 -98.8402 114.384 138.52 74.615
-1315.68 365.432 -98.842 114.379 138.522 74.613
-1314.98 366.152 -98.8438 114.379 138.522 74.613
-1314.29 366.873 -98.8455 114.371 138.523 74.612
-1313.6 367.593 -98.8473 114.366 138.523 74.609
-1312.9 368.314 -98.8491 114.366 138.522 74.609
-1312.21 369.034 -98.8509 114.367 138.521 74.608
-1311.52 369.755 -98.8526 114.367 138.521 74.608
-1310.82 370.475 -98.8544 114.369 138.52 74.614
-1310.13 371.196 -98.8562 114.369 138.517 74.612
-1309.44 371.917 -98.858 114.369 138.517 74.612
-1308.74 372.637 -98.8597 114.369 138.517 74.612
-1308.05 373.358 -98.8615 114.369 138.517 74.612
-1307.35 374.078 -98.8633 114.369 138.517 74.612
-1306.66 374.799 -98.8651 114.369 138.517 74.612
-1305.97 375.519 -98.8668 114.369 138.517 74.612
-1305.27 376.24 -98.8686 114.369 138.517 74.612
-1304.58 376.96 -98.8704 114.369 138.517 74.612
-1303.89 377.681 -98.8722 114.369 138.517 74.612
-1303.19 378.401 -98.8739 114.369 138.517 74.612
-1302.5 379.122 -98.8757 114.369 138.517 74.612
14
-1344.59 362.819 -98.4055 100.692 135.009 64.572
-1333.96 352.242 -98.4055 114.376 138.521 74.589
-1333.25 352.952 -98.4191 114.376 138.521 74.589
-1332.55 353.661 -98.4328 114.376 138.521 74.589
-1331.84 354.37 -98.4465 114.376 138.521 74.589
-1331.14 355.079 -98.4602 114.376 138.521 74.589
-1330.43 355.788 -98.4738 114.376 138.521 74.589
-1329.73 356.497 -98.4875 114.376 138.521 74.589
-1329.02 357.206 -98.5012 114.376 138.521 74.589
-1328.32 357.915 -98.5148 114.376 138.521 74.589
-1327.61 358.624 -98.5285 114.376 138.521 74.589
-1326.91 359.333 -98.5422 114.376 138.521 74.589
-1326.2 360.042 -98.5559 114.376 138.521 74.589
-1325.5 360.751 -98.5695 114.376 138.521 74.589
-1324.79 361.46 -98.5832 114.409 138.525 74.624
-1324.09 362.169 -98.5969 114.409 138.525 74.624
-1323.38 362.878 -98.6105 114.401 138.522 74.624
-1322.68 363.587 -98.6242 114.391 138.518 74.618
-1321.97 364.296 -98.6379 114.391 138.518 74.618
-1321.27 365.005 -98.6515 114.383 138.515 74.613
-1320.56 365.714 -98.6652 114.382 138.515 74.613
-1319.86 366.423 -98.6789 114.382 138.515 74.613
-1319.15 367.132 -98.6926 114.384 138.519 74.618
-1318.45 367.841 -98.7062 114.383 138.522 74.619
-1317.74 368.55 -98.7199 114.378 138.524 74.619
-1317.04 369.259 -98.7336 114.373 138.524 74.616
-1316.33 369.968 -98.7472 114.369 138.524 74.613
-1315.63 370.677 -98.7609 114.369 138.524 74.613
-1314.92 371.386 -98.7746 114.366 138.522 74.61
-1314.22 372.095 -98.7883 114.366 138.522 74.61
-1313.51 372.804 -98.8019 114.368 138.521 74.612
-1312.81 373.513 -98.8156 114.37 138.519 74.615
-1312.1 374.222 -98.8293 114.37 138.519 74.615
-1311.4 374.931 -98.8429 114.37 138.519 74.615
-1310.69 375.64 -98.8566 114.37 138.519 74.615
-1309.99 376.349 -98.8703 114.37 138.519 74.615
-1309.28 377.058 -98.8839 114.37 138.519 74.615
-1308.58 377.767 -98.8976 114.37 138.519 74.615
-1307.87 378.476 -98.9113 114.37 138.519 74.615
-1307.17 379.185 -98.925 114.37 138.519 74.615
-1306.46 379.894 -98.9386 114.37 138.519 74.615
-1305.76 380.603 -98.9523 114.37 138.519 74.615
15
-1344.79 361.497 -98.2906 100.692 135.009 64.572
-1334.15 350.926 -98.2906 114.375 138.521 74.588
-1333.44 351.635 -98.3031 114.375 138.521 74.588
-1332.74 352.345 -98.3155 114.375 138.521 74.588
-1332.03 353.054 -98.328 114.375 138.521 74.588
-1331.33 353.763 -98.3405 114.375 138.521 74.588
-1330.62 354.473 -98.353 114.375 138.521 74.588
-1329.92 355.182 -98.3655 114.375 138.521 74.588
-1329.21 355.892 -98.378 114.375 138.521 74.588
-1328.51 356.601 -98.3905 114.375 138.521 74.588
-1327.81 357.31 -98.4029 114.375 138.521 74.588
-1327.1 358.02 -98.4154 114.375 138.521 74.588
-1326.4 358.729 -98.4279 114.375 138.521 74.588
-1325.69 359.439 -98.4404 114.375 138.521 74.588
-1324.99 360.148 -98.4529 114.375 138.521 74.588
-1324.28 360.858 -98.4654 114.411 138.525 74.625
-1323.58 361.567 -98.4779 114.4 138.522 74.621
-1322.87 362.276 -98.4904 114.4 138.522 74.621
-1322.17 362.986 -98.5028 114.395 138.519 74.623
-1321.46 363.695 -98.5153 114.388 138.517 74.616
-1320.76 364.405 -98.5278 114.382 138.515 74.613
-1320.05 365.114 -98.5403 114.383 138.516 74.613
-1319.35 365.824 -98.5528 114.385 138.519 74.618
-1318.64 366.533 -98.5653 114.385 138.519 74.618
-1317.94 367.242 -98.5778 114.383 138.522 74.617
-1317.24 367.952 -98.5902 114.379 138.524 74.618
-1316.53 368.661 -98.6027 114.372 138.524 74.615
-1315.83 369.371 -98.6152 114.368 138.524 74.613
-1315.12 370.08 -98.6277 114.368 138.524 74.613
-1314.42 370.79 -98.6402 114.366 138.524 74.611
-1313.71 371.499 -98.6527 114.367 138.522 74.608
-1313.01 372.208 -98.6652 114.367 138.521 74.611
-1312.3 372.918 -98.6776 114.371 138.519 74.615
-1311.6 373.627 -98.6901 114.371 138.519 74.615
-1310.89 374.337 -98.7026 114.371 138.519 74.615
-1310.19 375.046 -98.7151 114.371 138.519 74.615
-1309.48 375.755 -98.7276 114.371 138.519 74.615
-1308.78 376.465 -98.7401 114.371 138.519 74.615
-1308.07 377.174 -98.7526 114.371 138.519 74.615
-1307.37 377.884 -98.765 114.371 138.519 74.615
-1306.67 378.593 -98.7775 114.371 138.519 74.615
-1305.96 379.303 -98.79 114.371 138.519 74.615
16
-1343.75 362.476 -98.4279 100.692 135.009 64.572
-1333.2 351.816 -98.4279 114.375 138.52 74.583
-1332.49 352.519 -98.4302 114.375 138.52 74.583
-1331.78 353.223 -98.4326 114.375 138.52 74.583
-1331.07 353.926 -98.4349 114.375 138.52 74.583
-1330.35 354.63 -98.4372 114.375 138.52 74.583
-1329.64 355.333 -98.4396 114.375 138.52 74.583
-1328.93 356.037 -98.4419 114.375 138.52 74.583
-1328.22 356.74 -98.4442 114.375 138.52 74.583
-1327.51 357.444 -98.4466 114.375 138.52 74.583
-1326.8 358.147 -98.4489 114.375 138.52 74.583
-1326.09 358.851 -98.4512 114.375 138.52 74.583
-1325.38 359.554 -98.4536 114.375 138.52 74.583
-1324.67 360.258 -98.4559 114.375 138.52 74.583
-1323.96 360.961 -98.4582 114.411 138.526 74.627
-1323.25 361.665 -98.4605 114.402 138.522 74.624
-1322.54 362.368 -98.4629 114.396 138.518 74.622
-1321.83 363.072 -98.4652 114.389 138.516 74.618
-1321.12 363.775 -98.4675 114.389 138.516 74.618
-1320.41 364.479 -98.4699 114.382 138.514 74.613
-1319.69 365.182 -98.4722 114.383 138.516 74.615
-1318.98 365.886 -98.4745 114.383 138.516 74.615
-1318.27 366.589 -98.4769 114.384 138.521 74.618
-1317.56 367.292 -98.4792 114.379 138.524 74.619
-1316.85 367.996 -98.4815 114.375 138.525 74.618
-1316.14 368.699 -98.4839 114.375 138.525 74.618
-1315.43 369.403 -98.4862 114.368 138.523 74.612
-1314.72 370.106 -98.4885 114.366 138.524 74.611
-1314.01 370.81 -98.4909 114.366 138.524 74.611
-1313.3 371.513 -98.4932 114.367 138.522 74.609
-1312.59 372.217 -98.4955 114.37 138.521 74.615
-1311.88 372.92 -98.4979 114.372 138.519 74.615
-1311.17 373.624 -98.5002 114.372 138.519 74.615
-1310.46 374.327 -98.5025 114.372 138.519 74.615
-1309.74 375.031 -98.5049 114.372 138.519 74.615
-1309.03 375.734 -98.5072 114.372 138.519 74.615
-1308.32 376.438 -98.5095 114.372 138.519 74.615
-1307.61 377.141 -98.5119 114.372 138.519 74.615
-1306.9 377.845 -98.5142 114.372 138.519 74.615
-1306.19 378.548 -98.5165 114.372 138.519 74.615
-1305.48 379.252 -98.5189 114.372 138.519 74.615
-1304.77 379.955 -98.5212 114.372 138.519 74.615
17
-1343.14 356.925 -98.3019 100.692 135.009 64.572
-1332.38 346.472 -98.3019 114.375 138.52 74.584
-1331.68 347.189 -98.3034 114.375 138.52 74.584
-1330.98 347.906 -98.3049 114.375 138.52 74.584
-1330.29 348.623 -98.3064 114.375 138.52 74.584
-1329.59 349.341 -98.3079 114.375 138.52 74.584
-1328.89 350.058 -98.3094 114.375 138.52 74.584
-1328.2 350.775 -98.3109 114.375 138.52 74.584
-1327.5 351.492 -98.3124 114.375 138.52 74.584
-1326.8 352.209 -98.3139 114.375 138.52 74.584
-1326.11 352.927 -98.3155 114.375 138.52 74.584
-1325.41 353.644 -98.317 114.375 138.52 74.584
-1324.71 354.361 -98.3185 114.375 138.52 74.584
-1324.02 355.078 -98.32 114.375 138.52 74.584
-1323.32 355.796 -98.3215 114.375 138.52 74.584
-1322.62 356.513 -98.323 114.375 138.52 74.584
-1321.93 357.23 -98.3245 114.375 138.52 74.584
-1321.23 357.947 -98.326 114.408 138.525 74.619
-1320.53 358.664 -98.3275 114.395 138.522 74.614
-1319.83 359.382 -98.329 114.385 138.518 74.613
-1319.14 360.099 -98.3305 114.38 138.516 74.608
-1318.44 360.816 -98.332 114.383 138.517 74.612
-1317.74 361.533 -98.3335 114.384 138.521 74.615
-1317.05 362.25 -98.335 114.384 138.521 74.615
-1316.35 362.968 -98.3365 114.379 138.522 74.615
-1315.65 363.685 -98.338 114.373 138.523 74.611
-1314.96 364.402 -98.3395 114.371 138.524 74.613
-1314.26 365.119 -98.341 114.37 138.523 74.612
-1313.56 365.836 -98.3425 114.37 138.523 74.612
-1312.87 366.554 -98.344 114.372 138.521 74.612
-1312.17 367.271 -98.3455 114.381 138.52 74.616
-1311.47 367.988 -98.347 114.377 138.521 74.616
-1310.78 368.705 -98.3485 114.377 138.521 74.616
-1310.08 369.422 -98.35 114.369 138.519 74.615
-1309.38 370.14 -98.3515 114.366 138.52 74.615
-1308.69 370.857 -98.353 114.366 138.52 74.615
-1307.99 371.574 -98.3545 114.366 138.52 74.615
-1307.29 372.291 -98.356 114.366 138.52 74.615
-1306.59 373.008 -98.3575 114.366 138.52 74.615
-1305.9 373.726 -98.359 114.366 138.52 74.615
-1305.2 374.443 -98.3605 114.366 138.52 74.615
-1304.5 375.16 -98.362 114.366 138.52 74.615
18
-1343.94 359.802 -97.3611 100.692 135.009 64.572
-1333.34 349.193 -97.3611 114.378 138.521 74.584
-1332.63 349.899 -97.3844 114.378 138.521 74.584
-1331.92 350.606 -97.4077 114.378 138.521 74.584
-1331.22 351.313 -97.431 114.378 138.521 74.584
-1330.51 352.02 -97.4543 114.378 138.521 74.584
-1329.8 352.726 -97.4776 114.378 138.521 74.584
-1329.09 353.433 -97.5009 114.378 138.521 74.584
-1328.39 354.14 -97.5242 114.378 138.521 74.584
-1327.68 354.847 -97.5474 114.378 138.521 74.584
-1326.97 355.553 -97.5707 114.378 138.521 74.584
-1326.27 356.26 -97.594 114.378 138.521 74.584
-1325.56 356.967 -97.6173 114.378 138.521 74.584
-1324.85 357.674 -97.6406 114.378 138.521 74.584
-1324.14 358.38 -97.6639 114.378 138.521 74.584
-1323.44 359.087 -97.6872 114.411 138.526 74.625
-1322.73 359.794 -97.7104 114.411 138.526 74.625
-1322.02 360.501 -97.7337 114.398 138.521 74.619
-1321.32 361.207 -97.757 114.392 138.518 74.618
-1320.61 361.914 -97.7803 114.385 138.516 74.612
-1319.9 362.621 -97.8036 114.382 138.515 74.61
-1319.2 363.328 -97.8269 114.382 138.515 74.61
-1318.49 364.034 -97.8502 114.383 138.518 74.614
-1317.78 364.741 -97.8735 114.385 138.521 74.616
-1317.07 365.448 -97.8967 114.38 138.523 74.616
-1316.37 366.155 -97.92 114.38 138.523 74.616
-1315.66 366.861 -97.9433 114.373 138.524 74.615
-1314.95 367.568 -97.9666 114.369 138.523 74.613
-1314.25 368.275 -97.9899 114.366 138.523 74.611
-1313.54 368.982 -98.0132 114.365 138.523 74.61
-1312.83 369.688 -98.0365 114.365 138.521 74.609
-1312.12 370.395 -98.0598 114.365 138.521 74.609
-1311.42 371.102 -98.083 114.366 138.519 74.615
-1310.71 371.809 -98.1063 114.366 138.518 74.613
-1310 372.515 -98.1296 114.366 138.518 74.613
-1309.3 373.222 -98.1529 114.366 138.518 74.613
-1308.59 373.929 -98.1762 114.366 138.518 74.613
-1307.88 374.636 -98.1995 114.366 138.518 74.613
-1307.17 375.342 -98.2228 114.366 138.518 74.613
-1306.47 376.049 -98.246 114.366 138.518 74.613
-1305.76 376.756 -98.2693 114.366 138.518 74.613
-1305.05 377.463 -98.2926 114.366 138.518 74.613
19
-1344.87 363.51 -97.272 100.692 135.009 64.572
-1334.53 352.64 -97.272 114.374 138.519 74.584
-1333.81 353.329 -97.2881 114.374 138.519 74.584
-1333.08 354.018 -97.3042 114.374 138.519 74.584
-1332.36 354.707 -97.3203 114.374 138.519 74.584
-1331.63 355.396 -97.3364 114.374 138.519 74.584
-1330.91 356.085 -97.3525 114.374 138.519 74.584
-1330.18 356.774 -97.3685 114.374 138.519 74.584
-1329.46 357.463 -97.3846 114.374 138.519 74.584
-1328.73 358.152 -97.4007 114.374 138.519 74.584
-1328.01 358.841 -97.4168 114.374 138.519 74.584
-1327.29 359.53 -97.4329 114.374 138.519 74.584
-1326.56 360.219 -97.449 114.374 138.519 74.584
-1325.84 360.908 -97.4651 114.374 138.519 74.584
-1325.11 361.597 -97.4812 114.413 138.528 74.628
-1324.39 362.286 -97.4972 114.413 138.528 74.628
-1323.66 362.975 -97.5133 114.395 138.519 74.62
-1322.94 363.664 -97.5294 114.395 138.519 74.62
-1322.21 364.353 -97.5455 114.395 138.519 74.62
-1321.49 365.042 -97.5616 114.395 138.519 74.62
-1320.76 365.731 -97.5777 114.395 138.519 74.62
-1320.04 366.42 -97.5938 114.395 138.519 74.62
-1319.31 367.109 -97.6098 114.395 138.519 74.62
-1318.59 367.798 -97.6259 114.367 138.521 74.611
-1317.87 368.487 -97.642 114.367 138.521 74.611
-1317.14 369.176 -97.6581 114.367 138.521 74.611
-1316.42 369.865 -97.6742 114.367 138.521 74.611
-1315.69 370.554 -97.6903 114.367 138.521 74.611
-1314.97 371.243 -97.7064 114.367 138.521 74.611
-1314.24 371.932 -97.7225 114.367 138.521 74.611
-1313.52 372.62 -97.7385 114.367 138.519 74.612
-1312.79 373.309 -97.7546 114.369 138.517 74.614
-1312.07 373.998 -97.7707 114.369 138.517 74.614
-1311.34 374.687 -97.7868 114.369 138.517 74.614
-1310.62 375.376 -97.8029 114.369 138.517 74.614
-1309.89 376.065 -97.819 114.369 138.517 74.614
-1309.17 376.754 -97.8351 114.369 138.517 74.614
-1308.45 377.443 -97.8512 114.369 138.517 74.614
-1307.72 378.132 -97.8672 114.369 138.517 74.614
-1307 378.821 -97.8833 114.369 138.517 74.614
-1306.27 379.51 -97.8994 114.369 138.517 74.614
-1305.55 380.199 -97.9155 114.369 138.517 74.614
20
-1344.49 362.148 -96.911 100.692 135.009 64.572
-1333.92 351.501 -96.911 114.373 138.519 74.586
-1333.21 352.205 -96.9251 114.373 138.519 74.586
-1332.5 352.909 -96.9392 114.373 138.519 74.586
-1331.79 353.614 -96.9533 114.373 138.519 74.586
-1331.09 354.318 -96.9675 114.373 138.519 74.586
-1330.38 355.022 -96.9816 114.373 138.519 74.586
-1329.67 355.727 -96.9957 114.373 138.519 74.586
-1328.96 356.431 -97.0098 114.373 138.519 74.586
-1328.25 357.135 -97.0239 114.373 138.519 74.586
-1327.54 357.84 -97.038 114.373 138.519 74.586
-1326.83 358.544 -97.0522 114.373 138.519 74.586
-1326.12 359.248 -97.0663 114.373 138.519 74.586
-1325.41 359.953 -97.0804 114.373 138.519 74.586
-1324.7 360.657 -97.0945 114.373 138.519 74.586
-1323.99 361.361 -97.1086 114.409 138.527 74.625
-1323.28 362.066 -97.1227 114.402 138.524 74.623
-1322.57 362.77 -97.1369 114.393 138.519 74.619
-1321.86 363.474 -97.151 114.385 138.516 74.613
-1321.15 364.178 -97.1651 114.385 138.516 74.613
-1320.44 364.883 -97.1792 114.383 138.515 74.612
-1319.73 365.587 -97.1933 114.386 138.519 74.618
-1319.02 366.291 -97.2074 114.386 138.519 74.618
-1318.31 366.996 -97.2216 114.383 138.524 74.619
-1317.6 367.7 -97.2357 114.376 138.525 74.618
-1316.89 368.404 -97.2498 114.376 138.525 74.618
-1316.18 369.109 -97.2639 114.37 138.525 74.617
-1315.47 369.813 -97.278 114.365 138.524 74.612
-1314.76 370.517 -97.2921 114.365 138.524 74.612
-1314.05 371.222 -97.3063 114.365 138.524 74.612
-1313.34 371.926 -97.3204 114.369 138.516 74.613
-1312.63 372.63 -97.3345 114.369 138.516 74.613
-1311.92 373.335 -97.3486 114.369 138.516 74.613
-1311.21 374.039 -97.3627 114.369 138.516 74.613
-1310.5 374.743 -97.3768 114.369 138.516 74.613
-1309.79 375.448 -97.391 114.369 138.516 74.613
-1309.08 376.152 -97.4051 114.369 138.516 74.613
-1308.37 376.856 -97.4192 114.369 138.516 74.613
-1307.66 377.56 -97.4333 114.369 138.516 74.613
-1306.95 378.265 -97.4474 114.369 138.516 74.613
-1306.24 378.969 -97.4615 114.369 138.516 74.613
-1305.53 379.673 -97.4757 114.369 138.516 74.613
21
-1343.13 361.751 -97.2751 100.692 135.009 64.572
-1332.55 351.113 -97.2751 114.379 138.521 74.586
-1331.84 351.818 -97.2813 114.379 138.521 74.586
-1331.13 352.523 -97.2875 114.379 138.521 74.586
-1330.42 353.227 -97.2936 114.379 138.521 74.586
-1329.71 353.932 -97.2998 114.379 138.521 74.586
-1329.01 354.637 -97.306 114.379 138.521 74.586
-1328.3 355.342 -97.3122 114.379 138.521 74.586
-1327.59 356.047 -97.3184 114.379 138.521 74.586
-1326.88 356.752 -97.3245 114.379 138.521 74.586
-1326.17 357.457 -97.3307 114.379 138.521 74.586
-1325.46 358.162 -97.3369 114.379 138.521 74.586
-1324.75 358.867 -97.3431 114.379 138.521 74.586
-1324.04 359.572 -97.3493 114.379 138.521 74.586
-1323.33 360.277 -97.3555 114.41 138.526 74.623
-1322.62 360.982 -97.3616 114.398 138.521 74.616
-1321.91 361.687 -97.3678 114.39 138.518 74.617
-1321.2 362.392 -97.374 114.383 138.515 74.61
-1320.49 363.097 -97.3802 114.383 138.515 74.61
-1319.79 363.802 -97.3864 114.383 138.515 74.61
-1319.08 364.507 -97.3925 114.383 138.515 74.61
-1318.37 365.212 -97.3987 114.383 138.515 74.61
-1317.66 365.917 -97.4049 114.383 138.515 74.61
-1316.95 366.622 -97.4111 114.383 138.515 74.61
-1316.24 367.327 -97.4173 114.368 138.519 74.615
-1315.53 368.032 -97.4234 114.368 138.519 74.615
-1314.82 368.737 -97.4296 114.368 138.519 74.615
-1314.11 369.442 -97.4358 114.368 138.519 74.615
-1313.4 370.147 -97.442 114.368 138.519 74.615
-1312.69 370.852 -97.4482 114.368 138.519 74.615
-1311.98 371.557 -97.4544 114.368 138.519 74.615
-1311.28 372.262 -97.4605 114.368 138.517 74.614
-1310.57 372.967 -97.4667 114.368 138.517 74.614
-1309.86 373.672 -97.4729 114.368 138.517 74.614
-1309.15 374.377 -97.4791 114.368 138.517 74.614
-1308.44 375.082 -97.4853 114.368 138.517 74.614
-1307.73 375.787 -97.4914 114.368 138.517 74.614
-1307.02 376.492 -97.4976 114.368 138.517 74.614
-1306.31 377.196 -97.5038 114.368 138.517 74.614
-1305.6 377.901 -97.51 114.368 138.517 74.614
-1304.89 378.606 -97.5162 114.368 138.517 74.614
-1304.18 379.311 -97.5223 114.368 138.517 74.614
22
-1343.22 360.05 -97.4181 100.692 135.009 64.572
-1332.61 349.45 -97.4181 114.38 138.521 74.588
-1331.9 350.158 -97.4263 114.38 138.521 74.588
-1331.19 350.865 -97.4346 114.38 138.521 74.588
-1330.49 351.573 -97.4429 114.38 138.521 74.588
-1329.78 352.28 -97.4511 114.38 138.521 74.588
-1329.07 352.988 -97.4594 114.38 138.521 74.588
-1328.37 353.695 -97.4676 114.38 138.521 74.588
-1327.66 354.403 -97.4759 114.38 138.521 74.588
-1326.95 355.11 -97.4842 114.38 138.521 74.588
-1326.25 355.818 -97.4924 114.38 138.521 74.588
-1325.54 356.526 -97.5007 114.38 138.521 74.588
-1324.83 357.233 -97.5089 114.38 138.521 74.588
-1324.13 357.941 -97.5172 114.38 138.521 74.588
-1323.42 358.648 -97.5254 114.38 138.521 74.588
-1322.71 359.356 -97.5337 114.409 138.528 74.619
-1322.01 360.063 -97.542 114.395 138.523 74.613
-1321.3 360.771 -97.5502 114.388 138.519 74.611
-1320.59 361.478 -97.5585 114.382 138.517 74.608
-1319.89 362.186 -97.5667 114.382 138.517 74.608
-1319.18 362.893 -97.575 114.379 138.515 74.607
-1318.47 363.601 -97.5833 114.384 138.517 74.614
-1317.77 364.309 -97.5915 114.385 138.519 74.615
-1317.06 365.016 -97.5998 114.385 138.519 74.615
-1316.35 365.724 -97.608 114.383 138.519 74.613
-1315.65 366.431 -97.6163 114.376 138.521 74.614
-1314.94 367.139 -97.6246 114.376 138.521 74.614
-1314.23 367.846 -97.6328 114.366 138.52 74.61
-1313.53 368.554 -97.6411 114.367 138.521 74.611
-1312.82 369.261 -97.6493 114.366 138.52 74.608
-1312.11 369.969 -97.6576 114.366 138.52 74.608
-1311.41 370.676 -97.6659 114.365 138.518 74.612
-1310.7 371.384 -97.6741 114.366 138.517 74.611
-1309.99 372.092 -97.6824 114.366 138.517 74.611
-1309.29 372.799 -97.6906 114.366 138.517 74.611
-1308.58 373.507 -97.6989 114.366 138.517 74.611
-1307.87 374.214 -97.7071 114.366 138.517 74.611
-1307.17 374.922 -97.7154 114.366 138.517 74.611
-1306.46 375.629 -97.7237 114.366 138.517 74.611
-1305.76 376.337 -97.7319 114.366 138.517 74.611
-1305.05 377.044 -97.7402 114.366 138.517 74.611
-1304.34 377.752 -97.7484 114.366 138.517 74.611
23
-1340.45 358.933 -97.3816 100.692 135.009 64.572
-1329.84 348.337 -97.3816 114.381 138.521 74.588
-1329.13 349.045 -97.3993 114.381 138.521 74.588
-1328.43 349.753 -97.417 114.381 138.521 74.588
-1327.72 350.46 -97.4347 114.381 138.521 74.588
-1327.01 351.168 -97.4524 114.381 138.521 74.588
-1326.31 351.876 -97.4701 114.381 138.521 74.588
-1325.6 352.583 -97.4878 114.381 138.521 74.588
-1324.89 353.291 -97.5055 114.381 138.521 74.588
-1324.19 353.999 -97.5232 114.381 138.521 74.588
-1323.48 354.706 -97.5409 114.381 138.521 74.588
-1322.77 355.414 -97.5586 114.381 138.521 74.588
-1322.07 356.122 -97.5763 114.381 138.521 74.588
-1321.36 356.829 -97.594 114.405 138.528 74.615
-1320.66 357.537 -97.6117 114.394 138.524 74.611
-1319.95 358.245 -97.6294 114.386 138.522 74.611
-1319.24 358.953 -97.6471 114.386 138.522 74.611
-1318.54 359.66 -97.6648 114.379 138.517 74.605
-1317.83 360.368 -97.6825 114.378 138.515 74.605
-1317.12 361.076 -97.7002 114.382 138.515 74.609
-1316.42 361.783 -97.7179 114.386 138.518 74.615
-1315.71 362.491 -97.7356 114.386 138.518 74.615
-1315.01 363.199 -97.7533 114.385 138.519 74.614
-1314.3 363.906 -97.771 114.38 138.521 74.614
-1313.59 364.614 -97.7887 114.371 138.52 74.612
-1312.89 365.322 -97.8064 114.366 138.52 74.609
-1312.18 366.029 -97.8241 114.366 138.52 74.609
-1311.47 366.737 -97.8417 114.365 138.521 74.609
-1310.77 367.445 -97.8594 114.363 138.52 74.609
-1310.06 368.153 -97.8771 114.363 138.52 74.609
-1309.36 368.86 -97.8948 114.364 138.517 74.611
-1308.65 369.568 -97.9125 114.364 138.517 74.611
-1307.94 370.276 -97.9302 114.364 138.517 74.611
-1307.24 370.983 -97.9479 114.364 138.517 74.611
-1306.53 371.691 -97.9656 114.364 138.517 74.611
-1305.82 372.399 -97.9833 114.364 138.517 74.611
-1305.12 373.106 -98.001 114.364 138.517 74.611
-1304.41 373.814 -98.0187 114.364 138.517 74.611
-1303.7 374.522 -98.0364 114.364 138.517 74.611
-1303 375.23 -98.0541 114.364 138.517 74.611
-1302.29 375.937 -98.0718 114.364 138.517 74.611
-1301.59 376.645 -98.0895 114.364 138.517 74.611
24
-1344.28 361.006 -97.5888 100.692 135.009 64.572
-1333.53 350.547 -97.5888 114.38 138.522 74.59
-1332.83 351.264 -97.5977 114.38 138.522 74.59
-1332.14 351.981 -97.6065 114.38 138.522 74.59
-1331.44 352.698 -97.6154 114.38 138.522 74.59
-1330.74 353.414 -97.6243 114.38 138.522 74.59
-1330.04 354.131 -97.6331 114.38 138.522 74.59
-1329.35 354.848 -97.642 114.38 138.522 74.59
-1328.65 355.565 -97.6509 114.38 138.522 74.59
-1327.95 356.282 -97.6597 114.38 138.522 74.59
-1327.26 356.999 -97.6686 114.38 138.522 74.59
-1326.56 357.715 -97.6774 114.38 138.522 74.59
-1325.86 358.432 -97.6863 114.38 138.522 74.59
-1325.16 359.149 -97.6952 114.38 138.522 74.59
-1324.47 359.866 -97.704 114.38 138.522 74.59
-1323.77 360.583 -97.7129 114.414 138.525 74.627
-1323.07 361.299 -97.7218 114.401 138.52 74.619
-1322.38 362.016 -97.7306 114.392 138.517 74.619
-1321.68 362.733 -97.7395 114.392 138.517 74.619
-1320.98 363.45 -97.7484 114.386 138.515 74.614
-1320.28 364.167 -97.7572 114.381 138.514 74.611
-1319.59 364.884 -97.7661 114.383 138.516 74.613
-1318.89 365.6 -97.775 114.387 138.519 74.617
-1318.19 366.317 -97.7838 114.383 138.521 74.616
-1317.5 367.034 -97.7927 114.377 138.524 74.617
-1316.8 367.751 -97.8015 114.377 138.524 74.617
-1316.1 368.468 -97.8104 114.369 138.524 74.614
-1315.4 369.184 -97.8193 114.364 138.523 74.611
-1314.71 369.901 -97.8281 114.364 138.523 74.611
-1314.01 370.618 -97.837 114.367 138.52 74.61
-1313.31 371.335 -97.8459 114.367 138.52 74.61
-1312.61 372.052 -97.8547 114.37 138.519 74.617
-1311.92 372.769 -97.8636 114.368 138.517 74.615
-1311.22 373.485 -97.8725 114.368 138.517 74.615
-1310.52 374.202 -97.8813 114.368 138.517 74.615
-1309.83 374.919 -97.8902 114.368 138.517 74.615
-1309.13 375.636 -97.8991 114.368 138.517 74.615
-1308.43 376.353 -97.9079 114.368 138.517 74.615
-1307.73 377.069 -97.9168 114.368 138.517 74.615
-1307.04 377.786 -97.9256 114.368 138.517 74.615
-1306.34 378.503 -97.9345 114.368 138.517 74.615
-1305.64 379.22 -97.9434 114.368 138.517 74.615
25
-1344.78 360.1 -97.54 100.692 135.009 64.572
-1334.11 349.554 -97.54 114.38 138.521 74.587
-1333.41 350.265 -97.5576 114.38 138.521 74.587
-1332.71 350.976 -97.5752 114.38 138.521 74.587
-1332 351.687 -97.5929 114.38 138.521 74.587
-1331.3 352.398 -97.6105 114.38 138.521 74.587
-1330.6 353.109 -97.6281 114.38 138.521 74.587
-1329.9 353.82 -97.6457 114.38 138.521 74.587
-1329.19 354.531 -97.6634 114.38 138.521 74.587
-1328.49 355.242 -97.681 114.38 138.521 74.587
-1327.79 355.953 -97.6986 114.38 138.521 74.587
-1327.08 356.664 -97.7162 114.38 138.521 74.587
-1326.38 357.375 -97.7339 114.38 138.521 74.587
-1325.68 358.086 -97.7515 114.38 138.521 74.587
-1324.97 358.797 -97.7691 114.38 138.521 74.587
-1324.27 359.508 -97.7867 114.38 138.521 74.587
-1323.57 360.219 -97.8044 114.411 138.525 74.624
-1322.87 360.93 -97.822 114.399 138.52 74.62
-1322.16 361.641 -97.8396 114.391 138.517 74.618
-1321.46 362.352 -97.8572 114.391 138.517 74.618
-1320.76 363.063 -97.8749 114.385 138.515 74.613
-1320.05 363.774 -97.8925 114.381 138.515 74.612
-1319.35 364.485 -97.9101 114.383 138.517 74.613
-1318.65 365.196 -97.9277 114.385 138.519 74.616
-1317.94 365.907 -97.9454 114.385 138.519 74.616
-1317.24 366.618 -97.963 114.38 138.523 74.616
-1316.54 367.329 -97.9806 114.371 138.524 74.615
-1315.84 368.04 -97.9983 114.371 138.524 74.615
-1315.13 368.751 -98.0159 114.366 138.523 74.612
-1314.43 369.462 -98.0335 114.364 138.523 74.611
-1313.73 370.173 -98.0511 114.365 138.521 74.611
-1313.02 370.884 -98.0688 114.365 138.521 74.611
-1312.32 371.595 -98.0864 114.368 138.519 74.614
-1311.62 372.307 -98.104 114.37 138.518 74.615
-1310.92 373.018 -98.1216 114.37 138.518 74.615
-1310.21 373.729 -98.1393 114.37 138.518 74.615
-1309.51 374.44 -98.1569 114.37 138.518 74.615
-1308.81 375.151 -98.1745 114.37 138.518 74.615
-1308.1 375.862 -98.1921 114.37 138.518 74.615
-1307.4 376.573 -98.2098 114.37 138.518 74.615
-1306.7 377.284 -98.2274 114.37 138.518 74.615
-1305.99 377.995 -98.245 114.37 138.518 74.615
26
-1345.4 362.738 -97.5262 100.692 135.009 64.572
-1334.91 352.022 -97.5262 114.375 138.52 74.588
-1334.19 352.722 -97.5373 114.375 138.52 74.588
-1333.48 353.421 -97.5484 114.375 138.52 74.588
-1332.77 354.121 -97.5595 114.375 138.52 74.588
-1332.05 354.821 -97.5706 114.375 138.52 74.588
-1331.34 355.52 -97.5817 114.375 138.52 74.588
-1330.62 356.22 -97.5928 114.375 138.52 74.588
-1329.91 356.92 -97.6039 114.375 138.52 74.588
-1329.19 357.619 -97.6151 114.375 138.52 74.588
-1328.48 358.319 -97.6262 114.375 138.52 74.588
-1327.76 359.018 -97.6373 114.375 138.52 74.588
-1327.05 359.718 -97.6484 114.375 138.52 74.588
-1326.34 360.418 -97.6595 114.375 138.52 74.588
-1325.62 361.117 -97.6706 114.375 138.52 74.588
-1324.91 361.817 -97.6817 114.41 138.525 74.627
-1324.19 362.517 -97.6928 114.4 138.522 74.624
-1323.48 363.216 -97.7039 114.4 138.522 74.624
-1322.76 363.916 -97.715 114.393 138.519 74.622
-1322.05 364.616 -97.7261 114.388 138.516 74.616
-1321.34 365.315 -97.7373 114.383 138.514 74.614
-1320.62 366.015 -97.7484 114.385 138.517 74.616
-1319.91 366.715 -97.7595 114.385 138.517 74.616
-1319.19 367.414 -97.7706 114.384 138.52 74.618
-1318.48 368.114 -97.7817 114.381 138.523 74.618
-1317.76 368.814 -97.7928 114.376 138.526 74.62
-1317.05 369.513 -97.8039 114.372 138.526 74.617
-1316.33 370.213 -97.815 114.368 138.525 74.616
-1315.62 370.913 -97.8261 114.368 138.525 74.616
-1314.91 371.612 -97.8372 114.369 138.522 74.609
-1314.19 372.312 -97.8484 114.369 138.522 74.609
-1313.48 373.012 -97.8595 114.371 138.521 74.613
-1312.76 373.711 -97.8706 114.373 138.518 74.614
-1312.05 374.411 -97.8817 114.373 138.518 74.614
-1311.33 375.111 -97.8928 114.373 138.518 74.614
-1310.62 375.81 -97.9039 114.373 138.518 74.614
-1309.9 376.51 -97.915 114.373 138.518 74.614
-1309.19 377.21 -97.9261 114.373 138.518 74.614
-1308.48 377.909 -97.9372 114.373 138.518 74.614
-1307.76 378.609 -97.9483 114.373 138.518 74.614
-1307.05 379.309 -97.9594 114.373 138.518 74.614
-1306.33 380.008 -97.9706 114.373 138.518 74.614
27
-1345.16 363.269 -97.9843 100.692 135.009 64.572
-1334.38 352.838 -97.9843 114.374 138.519 74.582
-1333.68 353.557 -97.9716 114.374 138.519 74.582
-1332.99 354.275 -97.9588 114.374 138.519 74.582
-1332.29 354.994 -97.9461 114.374 138.519 74.582
-1331.6 355.712 -97.9333 114.374 138.519 74.582
-1330.9 356.431 -97.9206 114.374 138.519 74.582
-1330.21 357.15 -97.9079 114.374 138.519 74.582
-1329.51 357.868 -97.8951 114.374 138.519 74.582
-1328.82 358.587 -97.8824 114.374 138.519 74.582
-1328.12 359.305 -97.8696 114.374 138.519 74.582
-1327.43 360.024 -97.8569 114.374 138.519 74.582
-1326.73 360.743 -97.8441 114.374 138.519 74.582
-1326.03 361.461 -97.8314 114.374 138.519 74.582
-1325.34 362.18 -97.8186 114.374 138.519 74.582
-1324.64 362.898 -97.8059 114.374 138.519 74.582
-1323.95 363.617 -97.7931 114.374 138.519 74.582
-1323.25 364.335 -97.7804 114.374 138.519 74.582
-1322.56 365.054 -97.7676 114.374 138.519 74.582
-1321.86 365.773 -97.7549 114.384 138.522 74.618
-1321.17 366.491 -97.7421 114.384 138.522 74.618
-1320.47 367.21 -97.7294 114.384 138.522 74.618
-1319.78 367.928 -97.7166 114.384 138.522 74.618
-1319.08 368.647 -97.7039 114.384 138.522 74.618
-1318.39 369.365 -97.6911 114.384 138.522 74.618
-1317.69 370.084 -97.6784 114.373 138.523 74.616
-1317 370.803 -97.6656 114.373 138.523 74.616
-1316.3 371.521 -97.6529 114.373 138.523 74.616
-1315.6 372.24 -97.6401 114.373 138.523 74.616
-1314.91 372.958 -97.6274 114.373 138.523 74.616
-1314.21 373.677 -97.6146 114.373 138.523 74.616
-1313.52 374.395 -97.6019 114.373 138.523 74.616
-1312.82 375.114 -97.5891 114.373 138.523 74.616
-1312.13 375.833 -97.5764 114.373 138.523 74.616
-1311.43 376.551 -97.5636 114.373 138.523 74.616
-1310.74 377.27 -97.5509 114.373 138.523 74.616
-1310.04 377.988 -97.5381 114.373 138.523 74.616
-1309.35 378.707 -97.5254 114.373 138.523 74.616
-1308.65 379.425 -97.5126 114.373 138.523 74.616
-1307.96 380.144 -97.4999 114.373 138.523 74.616
-1307.26 380.863 -97.4871 114.373 138.523 74.616
-1306.57 381.581 -97.4744 114.373 138.523 74.616
28
-1341.94 358.1 -97.3138 100.692 135.009 64.572
-1331.01 347.832 -97.3138 114.375 138.52 74.586
-1330.32 348.56 -97.3355 114.375 138.52 74.586
-1329.64 349.289 -97.3572 114.375 138.52 74.586
-1328.96 350.018 -97.3788 114.375 138.52 74.586
-1328.27 350.747 -97.4005 114.375 138.52 74.586
-1327.59 351.475 -97.4222 114.375 138.52 74.586
-1326.9 352.204 -97.4438 114.375 138.52 74.586
-1326.22 352.933 -97.4655 114.375 138.52 74.586
-1325.53 353.662 -97.4872 114.375 138.52 74.586
-1324.85 354.39 -97.5088 114.375 138.52 74.586
-1324.16 355.119 -97.5305 114.375 138.52 74.586
-1323.48 355.848 -97.5522 114.375 138.52 74.586
-1322.8 356.577 -97.5738 114.375 138.52 74.586
-1322.11 357.305 -97.5955 114.375 138.52 74.586
-1321.43 358.034 -97.6172 114.408 138.527 74.623
-1320.74 358.763 -97.6388 114.4 138.525 74.621
-1320.06 359.492 -97.6605 114.391 138.52 74.618
-1319.37 360.22 -97.6822 114.384 138.517 74.611
-1318.69 360.949 -97.7038 114.384 138.517 74.611
-1318 361.678 -97.7255 114.382 138.515 74.61
-1317.32 362.407 -97.7472 114.385 138.516 74.613
-1316.64 363.135 -97.7689 114.385 138.52 74.617
-1315.95 363.864 -97.7905 114.385 138.52 74.617
-1315.27 364.593 -97.8122 114.382 138.522 74.618
-1314.58 365.322 -97.8339 114.375 138.523 74.616
-1313.9 366.05 -97.8555 114.371 138.523 74.615
-1313.21 366.779 -97.8772 114.367 138.523 74.612
-1312.53 367.508 -97.8989 114.367 138.522 74.611
-1311.84 368.237 -97.9205 114.367 138.522 74.611
-1311.16 368.965 -97.9422 114.366 138.52 74.61
-1310.48 369.694 -97.9639 114.368 138.518 74.613
-1309.79 370.423 -97.9855 114.368 138.518 74.613
-1309.11 371.152 -98.0072 114.368 138.518 74.613
-1308.42 371.88 -98.0289 114.368 138.518 74.613
-1307.74 372.609 -98.0505 114.368 138.518 74.613
-1307.05 373.338 -98.0722 114.368 138.518 74.613
-1306.37 374.067 -98.0939 114.368 138.518 74.613
-1305.68 374.795 -98.1155 114.368 138.518 74.613
-1305 375.524 -98.1372 114.368 138.518 74.613
-1304.32 376.253 -98.1589 114.368 138.518 74.613
-1303.63 376.982 -98.1806 114.368 138.518 74.613
29
-1344.4 363.546 -97.5558 100.692 135.009 64.572
-1333.82 352.908 -97.5558 114.374 138.519 74.583
-1333.11 353.613 -97.57 114.374 138.519 74.583
-1332.4 354.318 -97.5842 114.374 138.519 74.583
-1331.69 355.023 -97.5984 114.374 138.519 74.583
-1330.98 355.728 -97.6125 114.374 138.519 74.583
-1330.27 356.433 -97.6267 114.374 138.519 74.583
-1329.57 357.138 -97.6409 114.374 138.519 74.583
-1328.86 357.843 -97.6551 114.374 138.519 74.583
-1328.15 358.548 -97.6693 114.374 138.519 74.583
-1327.44 359.253 -97.6835 114.374 138.519 74.583
-1326.73 359.958 -97.6977 114.374 138.519 74.583
-1326.02 360.663 -97.7119 114.374 138.519 74.583
-1325.31 361.368 -97.726 114.374 138.519 74.583
-1324.6 362.073 -97.7402 114.415 138.527 74.629
-1323.89 362.778 -97.7544 114.403 138.522 74.622
-1323.18 363.483 -97.7686 114.403 138.522 74.622
-1322.47 364.188 -97.7828 114.386 138.516 74.613
-1321.77 364.893 -97.797 114.382 138.516 74.612
-1321.06 365.598 -97.8112 114.382 138.516 74.612
-1320.35 366.303 -97.8253 114.383 138.516 74.613
-1319.64 367.007 -97.8395 114.385 138.52 74.619
-1318.93 367.712 -97.8537 114.382 138.523 74.617
-1318.22 368.417 -97.8679 114.377 138.524 74.617
-1317.51 369.122 -97.8821 114.373 138.524 74.615
-1316.8 369.827 -97.8963 114.369 138.523 74.613
-1316.09 370.532 -97.9105 114.369 138.523 74.613
-1315.38 371.237 -97.9247 114.366 138.523 74.612
-1314.67 371.942 -97.9388 114.365 138.519 74.607
-1313.97 372.647 -97.953 114.365 138.519 74.607
-1313.26 373.352 -97.9672 114.368 138.518 74.614
-1312.55 374.057 -97.9814 114.368 138.518 74.614
-1311.84 374.762 -97.9956 114.368 138.518 74.614
-1311.13 375.467 -98.0098 114.368 138.518 74.614
-1310.42 376.172 -98.024 114.368 138.518 74.614
-1309.71 376.877 -98.0382 114.368 138.518 74.614
-1309 377.582 -98.0523 114.368 138.518 74.614
-1308.29 378.287 -98.0665 114.368 138.518 74.614
-1307.58 378.992 -98.0807 114.368 138.518 74.614
-1306.87 379.697 -98.0949 114.368 138.518 74.614
-1306.17 380.402 -98.1091 114.368 138.518 74.614
-1305.46 381.107 -98.1233 114.368 138.518 74.614
30
-1342.47 359.319 -96.6121 100.692 135.009 64.572
-1331.8 348.784 -96.6121 114.375 138.52 74.585
-1331.09 349.496 -96.6342 114.375 138.52 74.585
-1330.39 350.207 -96.6563 114.375 138.52 74.585
-1329.69 350.919 -96.6784 114.375 138.52 74.585
-1328.99 351.631 -96.7005 114.375 138.52 74.585
-1328.29 352.342 -96.7226 114.375 138.52 74.585
-1327.58 353.054 -96.7446 114.375 138.52 74.585
-1326.88 353.766 -96.7667 114.375 138.52 74.585
-1326.18 354.477 -96.7888 114.375 138.52 74.585
-1325.48 355.189 -96.8109 114.375 138.52 74.585
-1324.77 355.901 -96.833 114.375 138.52 74.585
-1324.07 356.612 -96.8551 114.375 138.52 74.585
-1323.37 357.324 -96.8772 114.375 138.52 74.585
-1322.67 358.036 -96.8992 114.412 138.527 74.625
-1321.97 358.747 -96.9213 114.399 138.522 74.618
-1321.26 359.459 -96.9434 114.399 138.522 74.618
-1320.56 360.171 -96.9655 114.391 138.519 74.618
-1319.86 360.882 -96.9876 114.385 138.517 74.614
-1319.16 361.594 -97.0097 114.383 138.516 74.612
-1318.45 362.305 -97.0318 114.386 138.517 74.615
-1317.75 363.017 -97.0538 114.386 138.517 74.615
-1317.05 363.729 -97.0759 114.386 138.52 74.618
-1316.35 364.44 -97.098 114.384 138.52 74.617
-1315.65 365.152 -97.1201 114.379 138.523 74.618
-1314.94 365.864 -97.1422 114.374 138.524 74.617
-1314.24 366.575 -97.1643 114.368 138.523 74.612
-1313.54 367.287 -97.1864 114.368 138.523 74.612
-1312.84 367.999 -97.2085 114.367 138.524 74.613
-1312.14 368.71 -97.2305 114.367 138.521 74.609
-1311.43 369.422 -97.2526 114.367 138.519 74.612
-1310.73 370.134 -97.2747 114.367 138.519 74.612
-1310.03 370.845 -97.2968 114.369 138.518 74.614
-1309.33 371.557 -97.3189 114.369 138.518 74.614
-1308.62 372.269 -97.341 114.369 138.518 74.614
-1307.92 372.98 -97.3631 114.369 138.518 74.614
-1307.22 373.692 -97.3851 114.369 138.518 74.614
-1306.52 374.404 -97.4072 114.369 138.518 74.614
-1305.82 375.115 -97.4293 114.369 138.518 74.614
-1305.11 375.827 -97.4514 114.369 138.518 74.614
-1304.41 376.539 -97.4735 114.369 138.518 74.614
-1303.71 377.25 -97.4956 114.369 138.518 74.614
