1
-884.095 427.238 19.3912 37.454 139.584 86.888
-895.025 416.965 19.3912 38.285 127.668 87.456
-894.34 416.236 19.3859 38.285 127.668 87.456
-893.655 415.508 19.3806 38.285 127.668 87.456
-892.97 414.779 19.3753 38.285 127.668 87.456
-892.286 414.051 19.37 38.285 127.668 87.456
-891.601 413.322 19.3647 38.285 127.668 87.456
-890.916 412.593 19.3594 38.285 127.668 87.456
-890.231 411.865 19.3541 38.285 127.668 87.456
-889.546 411.136 19.3488 38.285 127.668 87.456
-888.861 410.407 19.3435 38.285 127.668 87.456
-888.176 409.679 19.3382 38.285 127.668 87.456
-887.492 408.95 19.3329 38.342 127.678 87.505
-886.807 408.221 19.3275 38.361 127.668 87.519
-886.122 407.493 19.3222 38.361 127.668 87.519
-885.437 406.764 19.3169 38.365 127.662 87.521
-884.752 406.035 19.3116 38.364 127.66 87.519
-884.067 405.307 19.3063 38.36 127.66 87.508
-883.382 404.578 19.301 38.36 127.66 87.508
-882.698 403.849 19.2957 38.353 127.661 87.501
-882.013 403.121 19.2904 38.347 127.66 87.496
-881.328 402.392 19.2851 38.344 127.659 87.496
-880.643 401.663 19.2798 38.346 127.663 87.498
-879.958 400.935 19.2745 38.346 127.663 87.498
-879.273 400.206 19.2692 38.349 127.667 87.5
-878.589 399.477 19.2639 38.351 127.671 87.502
-877.904 398.749 19.2586 38.349 127.673 87.501
-877.219 398.02 19.2533 38.344 127.674 87.499
-876.534 397.291 19.2479 38.344 127.676 87.499
-875.849 396.563 19.2426 38.344 127.676 87.499
-875.164 395.834 19.2373 38.344 127.678 87.497
-874.479 395.105 19.232 38.342 127.677 87.488
-873.795 394.377 19.2267 38.34 127.678 87.494
-873.11 393.648 19.2214 38.34 127.678 87.494
-872.425 392.919 19.2161 38.341 127.681 87.503
-871.74 392.191 19.2108 38.342 127.68 87.499
-871.055 391.462 19.2055 38.342 127.68 87.499
-870.37 390.733 19.2002 38.341 127.679 87.498
-869.685 390.005 19.1949 38.337 127.673 87.491
-869.001 389.276 19.1896 38.331 127.672 87.488
-868.316 388.547 19.1843 38.325 127.671 87.484
-867.631 387.819 19.179 38.325 127.671 87.484
-866.946 387.09 19.1737 38.325 127.671 87.484
-866.261 386.361 19.1683 38.325 127.671 87.484
-865.576 385.633 19.163 38.325 127.671 87.484
-864.891 384.904 19.1577 38.325 127.671 87.484
-864.207 384.175 19.1524 38.325 127.671 87.484
2
-884.332 428.612 20.0263 37.454 139.584 86.888
-895.223 418.298 20.0263 38.284 127.667 87.456
-894.536 417.572 20.0214 38.284 127.667 87.456
-893.848 416.846 20.0165 38.284 127.667 87.456
-893.161 416.12 20.0117 38.284 127.667 87.456
-892.473 415.394 20.0068 38.284 127.667 87.456
-891.785 414.668 20.0019 38.284 127.667 87.456
-891.098 413.942 19.997 38.284 127.667 87.456
-890.41 413.216 19.9921 38.284 127.667 87.456
-889.723 412.49 19.9872 38.284 127.667 87.456
-889.035 411.764 19.9824 38.284 127.667 87.456
-888.347 411.038 19.9775 38.284 127.667 87.456
-887.66 410.311 19.9726 38.284 127.667 87.456
-886.972 409.585 19.9677 38.284 127.667 87.456
-886.285 408.859 19.9628 38.36 127.669 87.515
-885.597 408.133 19.9579 38.36 127.669 87.515
-884.909 407.407 19.9531 38.365 127.662 87.519
-884.222 406.681 19.9482 38.365 127.661 87.517
-883.534 405.955 19.9433 38.362 127.659 87.511
-882.847 405.229 19.9384 38.353 127.66 87.495
-882.159 404.503 19.9335 38.353 127.66 87.495
-881.471 403.777 19.9286 38.347 127.659 87.491
-880.784 403.051 19.9238 38.345 127.658 87.489
-880.096 402.325 19.9189 38.346 127.662 87.492
-879.409 401.599 19.914 38.346 127.662 87.492
-878.721 400.872 19.9091 38.348 127.665 87.493
-878.033 400.146 19.9042 38.351 127.671 87.498
-877.346 399.42 19.8993 38.349 127.674 87.498
-876.658 398.694 19.8944 38.344 127.675 87.498
-875.971 397.968 19.8896 38.344 127.675 87.498
-875.283 397.242 19.8847 38.345 127.678 87.501
-874.595 396.516 19.8798 38.344 127.68 87.495
-873.908 395.79 19.8749 38.344 127.68 87.495
-873.22 395.064 19.87 38.341 127.681 87.497
-872.533 394.338 19.8651 38.339 127.681 87.504
-871.845 393.612 19.8603 38.341 127.683 87.507
-871.157 392.886 19.8554 38.341 127.683 87.507
-870.47 392.16 19.8505 38.342 127.683 87.505
-869.782 391.433 19.8456 38.341 127.68 87.501
-869.095 390.707 19.8407 38.337 127.675 87.496
-868.407 389.981 19.8358 38.332 127.673 87.493
-867.719 389.255 19.831 38.326 127.672 87.487
-867.032 388.529 19.8261 38.326 127.672 87.487
-866.344 387.803 19.8212 38.326 127.672 87.487
-865.657 387.077 19.8163 38.326 127.672 87.487
-864.969 386.351 19.8114 38.326 127.672 87.487
-864.282 385.625 19.8065 38.326 127.672 87.487
3
-883.172 426.775 20.168 37.454 139.584 86.888
-894.276 416.689 20.168 38.281 127.667 87.453
-893.603 415.949 20.1631 38.281 127.667 87.453
-892.931 415.209 20.1581 38.281 127.667 87.453
-892.259 414.468 20.1532 38.281 127.667 87.453
-891.586 413.728 20.1483 38.281 127.667 87.453
-890.914 412.988 20.1433 38.281 127.667 87.453
-890.241 412.248 20.1384 38.281 127.667 87.453
-889.569 411.508 20.1335 38.281 127.667 87.453
-888.897 410.767 20.1286 38.281 127.667 87.453
-888.224 410.027 20.1236 38.281 127.667 87.453
-887.552 409.287 20.1187 38.281 127.667 87.453
-886.88 408.547 20.1138 38.339 127.681 87.506
-886.207 407.807 20.1089 38.363 127.672 87.521
-885.535 407.066 20.1039 38.369 127.667 87.526
-884.863 406.326 20.099 38.366 127.666 87.522
-884.19 405.586 20.0941 38.366 127.666 87.522
-883.518 404.846 20.0892 38.36 127.664 87.512
-882.846 404.105 20.0842 38.356 127.662 87.502
-882.173 403.365 20.0793 38.352 127.663 87.504
-881.501 402.625 20.0744 38.347 127.664 87.498
-880.829 401.885 20.0694 38.347 127.664 87.498
-880.156 401.145 20.0645 38.343 127.664 87.493
-879.484 400.404 20.0596 38.339 127.663 87.491
-878.811 399.664 20.0547 38.34 127.667 87.492
-878.139 398.924 20.0497 38.344 127.67 87.499
-877.467 398.184 20.0448 38.344 127.67 87.499
-876.794 397.444 20.0399 38.347 127.674 87.503
-876.122 396.703 20.035 38.349 127.676 87.506
-875.45 395.963 20.03 38.348 127.675 87.502
-874.777 395.223 20.0251 38.345 127.674 87.496
-874.105 394.483 20.0202 38.343 127.679 87.5
-873.433 393.742 20.0152 38.341 127.683 87.506
-872.76 393.002 20.0103 38.341 127.683 87.506
-872.088 392.262 20.0054 38.342 127.686 87.508
-871.416 391.522 20.0005 38.34 127.682 87.502
-870.743 390.782 19.9955 38.332 127.674 87.491
-870.071 390.041 19.9906 38.326 127.667 87.483
-869.398 389.301 19.9857 38.322 127.665 87.481
-868.726 388.561 19.9808 38.322 127.665 87.481
-868.054 387.821 19.9758 38.322 127.665 87.481
-867.381 387.081 19.9709 38.322 127.665 87.481
-866.709 386.34 19.966 38.322 127.665 87.481
-866.037 385.6 19.961 38.322 127.665 87.481
-865.364 384.86 19.9561 38.322 127.665 87.481
-864.692 384.12 19.9512 38.322 127.665 87.481
-864.02 383.379 19.9463 38.322 127.665 87.481
4
-883.378 427.478 19.4878 37.454 139.584 86.888
-894.483 417.394 19.4878 38.284 127.668 87.456
-893.811 416.654 19.491 38.284 127.668 87.456
-893.139 415.914 19.4942 38.284 127.668 87.456
-892.467 415.173 19.4974 38.284 127.668 87.456
-891.795 414.433 19.5006 38.284 127.668 87.456
-891.122 413.693 19.5038 38.284 127.668 87.456
-890.45 412.952 19.507 38.284 127.668 87.456
-889.778 412.212 19.5102 38.284 127.668 87.456
-889.106 411.472 19.5134 38.284 127.668 87.456
-888.433 410.731 19.5166 38.284 127.668 87.456
-887.761 409.991 19.5198 38.284 127.668 87.456
-887.089 409.25 19.523 38.34 127.681 87.505
-886.417 408.51 19.5262 38.364 127.674 87.519
-885.745 407.77 19.5294 38.371 127.668 87.525
-885.072 407.029 19.5326 38.371 127.668 87.525
-884.4 406.289 19.5358 38.368 127.665 87.521
-883.728 405.549 19.539 38.365 127.663 87.516
-883.056 404.808 19.5422 38.36 127.661 87.502
-882.384 404.068 19.5454 38.355 127.662 87.499
-881.711 403.328 19.5486 38.35 127.662 87.496
-881.039 402.587 19.5518 38.35 127.662 87.496
-880.367 401.847 19.555 38.346 127.663 87.491
-879.695 401.107 19.5581 38.341 127.662 87.487
-879.022 400.366 19.5613 38.341 127.665 87.488
-878.35 399.626 19.5645 38.345 127.668 87.492
-877.678 398.886 19.5677 38.345 127.668 87.492
-877.006 398.145 19.5709 38.347 127.671 87.498
-876.334 397.405 19.5741 38.349 127.675 87.502
-875.661 396.665 19.5773 38.349 127.675 87.502
-874.989 395.924 19.5805 38.348 127.676 87.5
-874.317 395.184 19.5837 38.345 127.678 87.498
-873.645 394.443 19.5869 38.345 127.678 87.498
-872.973 393.703 19.5901 38.343 127.683 87.506
-872.3 392.963 19.5933 38.344 127.688 87.513
-871.628 392.222 19.5965 38.342 127.686 87.507
-870.956 391.482 19.5997 38.335 127.678 87.496
-870.284 390.742 19.6029 38.335 127.678 87.496
-869.611 390.001 19.6061 38.327 127.669 87.488
-868.939 389.261 19.6093 38.321 127.666 87.483
-868.267 388.521 19.6125 38.321 127.666 87.483
-867.595 387.78 19.6157 38.321 127.666 87.483
-866.923 387.04 19.6189 38.321 127.666 87.483
-866.25 386.3 19.6221 38.321 127.666 87.483
-865.578 385.559 19.6253 38.321 127.666 87.483
-864.906 384.819 19.6285 38.321 127.666 87.483
-864.234 384.079 19.6317 38.321 127.666 87.483
5
-884.29 427.219 19.6364 37.454 139.584 86.888
-895.193 416.917 19.6364 38.28 127.666 87.454
-894.506 416.19 19.6338 38.28 127.666 87.454
-893.819 415.463 19.6312 38.28 127.666 87.454
-893.133 414.736 19.6286 38.28 127.666 87.454
-892.446 414.009 19.626 38.28 127.666 87.454
-891.759 413.282 19.6234 38.28 127.666 87.454
-891.072 412.556 19.6208 38.28 127.666 87.454
-890.385 411.829 19.6181 38.28 127.666 87.454
-889.699 411.102 19.6155 38.28 127.666 87.454
-889.012 410.375 19.6129 38.28 127.666 87.454
-888.325 409.648 19.6103 38.28 127.666 87.454
-887.638 408.921 19.6077 38.28 127.666 87.454
-886.951 408.194 19.6051 38.364 127.673 87.52
-886.265 407.468 19.6025 38.364 127.673 87.52
-885.578 406.741 19.5998 38.37 127.666 87.523
-884.891 406.014 19.5972 38.366 127.664 87.518
-884.204 405.287 19.5946 38.366 127.664 87.518
-883.518 404.56 19.592 38.36 127.662 87.507
-882.831 403.833 19.5894 38.356 127.661 87.499
-882.144 403.106 19.5868 38.349 127.662 87.496
-881.457 402.38 19.5842 38.349 127.662 87.496
-880.77 401.653 19.5815 38.346 127.664 87.491
-880.084 400.926 19.5789 38.343 127.663 87.488
-879.397 400.199 19.5763 38.34 127.664 87.487
-878.71 399.472 19.5737 38.34 127.664 87.487
-878.023 398.745 19.5711 38.344 127.667 87.491
-877.336 398.019 19.5685 38.346 127.671 87.496
-876.65 397.292 19.5659 38.349 127.675 87.502
-875.963 396.565 19.5632 38.349 127.676 87.503
-875.276 395.838 19.5606 38.349 127.676 87.503
-874.589 395.111 19.558 38.347 127.676 87.498
-873.902 394.384 19.5554 38.344 127.68 87.5
-873.216 393.657 19.5528 38.343 127.684 87.507
-872.529 392.931 19.5502 38.343 127.687 87.513
-871.842 392.204 19.5476 38.341 127.685 87.505
-871.155 391.477 19.5449 38.341 127.685 87.505
-870.469 390.75 19.5423 38.332 127.676 87.493
-869.782 390.023 19.5397 38.325 127.668 87.486
-869.095 389.296 19.5371 38.322 127.666 87.484
-868.408 388.569 19.5345 38.322 127.666 87.484
-867.721 387.843 19.5319 38.322 127.666 87.484
-867.035 387.116 19.5293 38.322 127.666 87.484
-866.348 386.389 19.5266 38.322 127.666 87.484
-865.661 385.662 19.524 38.322 127.666 87.484
-864.974 384.935 19.5214 38.322 127.666 87.484
-864.287 384.208 19.5188 38.322 127.666 87.484
6
-882.623 428.21 19.8098 37.454 139.584 86.888
-893.793 418.198 19.8098 38.281 127.667 87.453
-893.126 417.453 19.8082 38.281 127.667 87.453
-892.458 416.709 19.8066 38.281 127.667 87.453
-891.791 415.964 19.8049 38.281 127.667 87.453
-891.123 415.219 19.8033 38.281 127.667 87.453
-890.456 414.475 19.8017 38.281 127.667 87.453
-889.788 413.73 19.8 38.281 127.667 87.453
-889.121 412.985 19.7984 38.281 127.667 87.453
-888.454 412.241 19.7968 38.281 127.667 87.453
-887.786 411.496 19.7951 38.281 127.667 87.453
-887.119 410.751 19.7935 38.281 127.667 87.453
-886.451 410.007 19.7919 38.281 127.667 87.453
-885.784 409.262 19.7903 38.363 127.675 87.521
-885.116 408.517 19.7886 38.363 127.675 87.521
-884.449 407.773 19.787 38.37 127.67 87.529
-883.782 407.028 19.7854 38.368 127.667 87.526
-883.114 406.283 19.7837 38.362 127.665 87.519
-882.447 405.539 19.7821 38.362 127.665 87.519
-881.779 404.794 19.7805 38.357 127.663 87.505
-881.112 404.049 19.7788 38.349 127.663 87.502
-880.444 403.305 19.7772 38.349 127.663 87.502
-879.777 402.56 19.7756 38.345 127.665 87.497
-879.109 401.815 19.7739 38.341 127.664 87.492
-878.442 401.071 19.7723 38.339 127.664 87.491
-877.775 400.326 19.7707 38.342 127.667 87.494
-877.107 399.581 19.769 38.342 127.667 87.494
-876.44 398.837 19.7674 38.345 127.671 87.498
-875.772 398.092 19.7658 38.348 127.674 87.502
-875.105 397.347 19.7642 38.348 127.674 87.502
-874.437 396.603 19.7625 38.347 127.675 87.5
-873.77 395.858 19.7609 38.346 127.675 87.495
-873.103 395.113 19.7593 38.344 127.679 87.495
-872.435 394.369 19.7576 38.342 127.683 87.502
-871.768 393.624 19.756 38.343 127.685 87.506
-871.1 392.879 19.7544 38.342 127.684 87.501
-870.433 392.135 19.7527 38.342 127.684 87.501
-869.765 391.39 19.7511 38.334 127.676 87.489
-869.098 390.645 19.7495 38.326 127.667 87.481
-868.43 389.901 19.7478 38.323 127.665 87.48
-867.763 389.156 19.7462 38.323 127.665 87.48
-867.096 388.411 19.7446 38.323 127.665 87.48
-866.428 387.667 19.7429 38.323 127.665 87.48
-865.761 386.922 19.7413 38.323 127.665 87.48
-865.093 386.177 19.7397 38.323 127.665 87.48
-864.426 385.433 19.738 38.323 127.665 87.48
-863.758 384.688 19.7364 38.323 127.665 87.48
7
-884.23 428.121 19.6279 37.454 139.584 86.888
-895.304 418.003 19.6279 38.278 127.664 87.452
-894.629 417.265 19.6251 38.278 127.664 87.452
-893.955 416.527 19.6222 38.278 127.664 87.452
-893.28 415.788 19.6193 38.278 127.664 87.452
-892.606 415.05 19.6164 38.278 127.664 87.452
-891.931 414.312 19.6135 38.278 127.664 87.452
-891.257 413.574 19.6106 38.278 127.664 87.452
-890.582 412.835 19.6078 38.278 127.664 87.452
-889.908 412.097 19.6049 38.278 127.664 87.452
-889.233 411.359 19.602 38.278 127.664 87.452
-888.559 410.621 19.5991 38.278 127.664 87.452
-887.884 409.882 19.5962 38.278 127.664 87.452
-887.21 409.144 19.5934 38.339 127.682 87.505
-886.535 408.406 19.5905 38.363 127.672 87.519
-885.861 407.667 19.5876 38.363 127.672 87.519
-885.186 406.929 19.5847 38.37 127.667 87.524
-884.512 406.191 19.5818 38.368 127.665 87.52
-883.837 405.453 19.579 38.363 127.663 87.513
-883.163 404.714 19.5761 38.359 127.661 87.5
-882.488 403.976 19.5732 38.355 127.662 87.499
-881.814 403.238 19.5703 38.355 127.662 87.499
-881.139 402.499 19.5674 38.35 127.662 87.495
-880.465 401.761 19.5646 38.348 127.664 87.492
-879.79 401.023 19.5617 38.343 127.663 87.488
-879.116 400.285 19.5588 38.341 127.664 87.487
-878.441 399.546 19.5559 38.345 127.668 87.492
-877.767 398.808 19.553 38.345 127.668 87.492
-877.092 398.07 19.5501 38.347 127.672 87.496
-876.418 397.332 19.5473 38.349 127.676 87.502
-875.744 396.593 19.5444 38.349 127.677 87.502
-875.069 395.855 19.5415 38.347 127.677 87.499
-874.395 395.117 19.5386 38.344 127.679 87.496
-873.72 394.378 19.5357 38.342 127.684 87.502
-873.046 393.64 19.5329 38.34 127.688 87.509
-872.371 392.902 19.53 38.341 127.689 87.509
-871.697 392.164 19.5271 38.341 127.689 87.509
-871.022 391.425 19.5242 38.337 127.684 87.499
-870.348 390.687 19.5213 38.328 127.674 87.489
-869.673 389.949 19.5185 38.323 127.668 87.484
-868.999 389.211 19.5156 38.323 127.668 87.484
-868.324 388.472 19.5127 38.32 127.666 87.482
-867.65 387.734 19.5098 38.32 127.666 87.482
-866.975 386.996 19.5069 38.32 127.666 87.482
-866.301 386.257 19.5041 38.32 127.666 87.482
-865.626 385.519 19.5012 38.32 127.666 87.482
-864.952 384.781 19.4983 38.32 127.666 87.482
8
-886.261 426.82 19.2088 37.454 139.584 86.888
-897.277 416.639 19.2088 38.28 127.666 87.453
-896.598 415.904 19.2127 38.28 127.666 87.453
-895.919 415.17 19.2167 38.28 127.666 87.453
-895.24 414.436 19.2206 38.28 127.666 87.453
-894.562 413.701 19.2245 38.28 127.666 87.453
-893.883 412.967 19.2285 38.28 127.666 87.453
-893.204 412.232 19.2324 38.28 127.666 87.453
-892.525 411.498 19.2363 38.28 127.666 87.453
-891.847 410.764 19.2402 38.28 127.666 87.453
-891.168 410.029 19.2442 38.28 127.666 87.453
-890.489 409.295 19.2481 38.28 127.666 87.453
-889.81 408.561 19.252 38.28 127.666 87.453
-889.132 407.826 19.256 38.28 127.666 87.453
-888.453 407.092 19.2599 38.342 127.681 87.506
-887.774 406.358 19.2638 38.366 127.671 87.522
-887.095 405.623 19.2677 38.369 127.667 87.525
-886.416 404.889 19.2717 38.369 127.667 87.525
-885.738 404.155 19.2756 38.365 127.666 87.521
-885.059 403.42 19.2795 38.36 127.664 87.509
-884.38 402.686 19.2835 38.356 127.662 87.501
-883.701 401.952 19.2874 38.351 127.663 87.5
-883.023 401.217 19.2913 38.347 127.664 87.496
-882.344 400.483 19.2953 38.347 127.664 87.496
-881.665 399.748 19.2992 38.342 127.665 87.491
-880.986 399.014 19.3031 38.339 127.664 87.49
-880.308 398.28 19.307 38.342 127.668 87.493
-879.629 397.545 19.311 38.345 127.67 87.498
-878.95 396.811 19.3149 38.345 127.67 87.498
-878.271 396.077 19.3188 38.348 127.675 87.503
-877.593 395.342 19.3228 38.349 127.676 87.504
-876.914 394.608 19.3267 38.348 127.676 87.502
-876.235 393.874 19.3306 38.345 127.677 87.497
-875.556 393.139 19.3346 38.344 127.681 87.502
-874.878 392.405 19.3385 38.342 127.685 87.506
-874.199 391.671 19.3424 38.343 127.687 87.511
-873.52 390.936 19.3463 38.342 127.686 87.504
-872.841 390.202 19.3503 38.342 127.686 87.504
-872.163 389.468 19.3542 38.335 127.678 87.493
-871.484 388.733 19.3581 38.328 127.669 87.485
-870.805 387.999 19.3621 38.324 127.666 87.482
-870.126 387.265 19.366 38.324 127.666 87.482
-869.448 386.53 19.3699 38.324 127.666 87.482
-868.769 385.796 19.3738 38.324 127.666 87.482
-868.09 385.061 19.3778 38.324 127.666 87.482
-867.411 384.327 19.3817 38.324 127.666 87.482
-866.732 383.593 19.3856 38.324 127.666 87.482
9
-886.143 427.875 19.3557 37.454 139.584 86.888
-896.998 417.523 19.3557 38.28 127.666 87.452
-896.308 416.799 19.3498 38.28 127.666 87.452
-895.617 416.076 19.3438 38.28 127.666 87.452
-894.927 415.352 19.3379 38.28 127.666 87.452
-894.237 414.628 19.332 38.28 127.666 87.452
-893.547 413.905 19.326 38.28 127.666 87.452
-892.857 413.181 19.3201 38.28 127.666 87.452
-892.167 412.458 19.3142 38.28 127.666 87.452
-891.477 411.734 19.3082 38.28 127.666 87.452
-890.786 411.01 19.3023 38.28 127.666 87.452
-890.096 410.287 19.2964 38.28 127.666 87.452
-889.406 409.563 19.2904 38.28 127.666 87.452
-888.716 408.839 19.2845 38.28 127.666 87.452
-888.026 408.116 19.2786 38.341 127.681 87.507
-887.336 407.392 19.2726 38.367 127.671 87.522
-886.645 406.668 19.2667 38.369 127.667 87.526
-885.955 405.945 19.2608 38.367 127.666 87.524
-885.265 405.221 19.2549 38.367 127.666 87.524
-884.575 404.498 19.2489 38.363 127.665 87.518
-883.885 403.774 19.243 38.358 127.662 87.506
-883.195 403.05 19.2371 38.353 127.663 87.502
-882.505 402.327 19.2311 38.348 127.664 87.498
-881.814 401.603 19.2252 38.348 127.664 87.498
-881.124 400.879 19.2193 38.345 127.665 87.494
-880.434 400.156 19.2133 38.34 127.664 87.491
-879.744 399.432 19.2074 38.339 127.664 87.49
-879.054 398.708 19.2015 38.344 127.669 87.495
-878.364 397.985 19.1955 38.344 127.669 87.495
-877.673 397.261 19.1896 38.347 127.673 87.501
-876.983 396.537 19.1837 38.349 127.676 87.504
-876.293 395.814 19.1777 38.349 127.676 87.504
-875.603 395.09 19.1718 38.349 127.677 87.502
-874.913 394.367 19.1659 38.345 127.677 87.497
-874.223 393.643 19.1599 38.343 127.682 87.502
-873.533 392.919 19.154 38.342 127.687 87.51
-872.842 392.196 19.1481 38.342 127.687 87.51
-872.152 391.472 19.1421 38.342 127.686 87.506
-871.462 390.748 19.1362 38.336 127.679 87.494
-870.772 390.025 19.1303 38.327 127.668 87.484
-870.082 389.301 19.1244 38.327 127.668 87.484
-869.392 388.577 19.1184 38.323 127.665 87.481
-868.701 387.854 19.1125 38.323 127.665 87.481
-868.011 387.13 19.1066 38.323 127.665 87.481
-867.321 386.407 19.1006 38.323 127.665 87.481
-866.631 385.683 19.0947 38.323 127.665 87.481
-865.941 384.959 19.0888 38.323 127.665 87.481
10
-882.492 429.045 19.7 37.454 139.584 86.888
-893.606 418.971 19.7 38.282 127.668 87.454
-892.934 418.23 19.6908 38.282 127.668 87.454
-892.263 417.489 19.6817 38.282 127.668 87.454
-891.591 416.748 19.6725 38.282 127.668 87.454
-890.92 416.008 19.6633 38.282 127.668 87.454
-890.248 415.267 19.6542 38.282 127.668 87.454
-889.576 414.526 19.645 38.282 127.668 87.454
-888.905 413.785 19.6358 38.282 127.668 87.454
-888.233 413.044 19.6267 38.282 127.668 87.454
-887.562 412.303 19.6175 38.282 127.668 87.454
-886.89 411.562 19.6083 38.282 127.668 87.454
-886.219 410.821 19.5992 38.282 127.668 87.454
-885.547 410.081 19.59 38.341 127.681 87.506
-884.875 409.34 19.5808 38.365 127.673 87.522
-884.204 408.599 19.5717 38.372 127.666 87.526
-883.532 407.858 19.5625 38.372 127.666 87.526
-882.861 407.117 19.5533 38.37 127.664 87.523
-882.189 406.376 19.5442 38.366 127.662 87.515
-881.518 405.635 19.535 38.361 127.659 87.501
-880.846 404.894 19.5258 38.355 127.661 87.5
-880.174 404.154 19.5167 38.35 127.662 87.496
-879.503 403.413 19.5075 38.35 127.662 87.496
-878.831 402.672 19.4983 38.347 127.664 87.494
-878.16 401.931 19.4892 38.343 127.663 87.49
-877.488 401.19 19.48 38.341 127.662 87.488
-876.817 400.449 19.4708 38.345 127.668 87.494
-876.145 399.708 19.4616 38.347 127.671 87.499
-875.473 398.967 19.4525 38.347 127.671 87.499
-874.802 398.226 19.4433 38.348 127.674 87.502
-874.13 397.486 19.4341 38.346 127.675 87.5
-873.459 396.745 19.425 38.344 127.675 87.493
-872.787 396.004 19.4158 38.344 127.675 87.493
-872.115 395.263 19.4066 38.342 127.682 87.501
-871.444 394.522 19.3975 38.342 127.688 87.513
-870.772 393.781 19.3883 38.342 127.688 87.513
-870.101 393.04 19.3791 38.341 127.686 87.505
-869.429 392.299 19.37 38.332 127.678 87.494
-868.758 391.559 19.3608 38.325 127.669 87.485
-868.086 390.818 19.3516 38.325 127.669 87.485
-867.414 390.077 19.3425 38.321 127.666 87.482
-866.743 389.336 19.3333 38.321 127.666 87.482
-866.071 388.595 19.3241 38.321 127.666 87.482
-865.4 387.854 19.315 38.321 127.666 87.482
-864.728 387.113 19.3058 38.321 127.666 87.482
-864.057 386.372 19.2966 38.321 127.666 87.482
-863.385 385.632 19.2875 38.321 127.666 87.482
11
-882.095 430.493 19.6183 37.454 139.584 86.888
-893.012 420.205 19.6183 38.279 127.665 87.452
-892.326 419.477 19.6147 38.279 127.665 87.452
-891.64 418.749 19.6111 38.279 127.665 87.452
-890.954 418.022 19.6075 38.279 127.665 87.452
-890.268 417.294 19.6039 38.279 127.665 87.452
-889.582 416.566 19.6003 38.279 127.665 87.452
-888.897 415.838 19.5968 38.279 127.665 87.452
-888.211 415.111 19.5932 38.279 127.665 87.452
-887.525 414.383 19.5896 38.279 127.665 87.452
-886.839 413.655 19.586 38.279 127.665 87.452
-886.153 412.928 19.5824 38.279 127.665 87.452
-885.467 412.2 19.5788 38.279 127.665 87.452
-884.782 411.472 19.5752 38.279 127.665 87.452
-884.096 410.744 19.5716 38.363 127.674 87.52
-883.41 410.017 19.568 38.363 127.674 87.52
-882.724 409.289 19.5644 38.37 127.667 87.526
-882.038 408.561 19.5608 38.368 127.665 87.523
-881.352 407.833 19.5573 38.363 127.664 87.515
-880.666 407.106 19.5537 38.363 127.664 87.515
-879.981 406.378 19.5501 38.358 127.661 87.499
-879.295 405.65 19.5465 38.353 127.661 87.499
-878.609 404.922 19.5429 38.35 127.662 87.495
-877.923 404.195 19.5393 38.346 127.664 87.492
-877.237 403.467 19.5357 38.342 127.663 87.488
-876.551 402.739 19.5321 38.342 127.663 87.488
-875.866 402.011 19.5285 38.342 127.664 87.488
-875.18 401.284 19.5249 38.345 127.668 87.493
-874.494 400.556 19.5214 38.347 127.673 87.498
-873.808 399.828 19.5178 38.35 127.676 87.503
-873.122 399.1 19.5142 38.35 127.676 87.503
-872.436 398.373 19.5106 38.349 127.676 87.502
-871.751 397.645 19.507 38.347 127.676 87.497
-871.065 396.917 19.5034 38.345 127.681 87.501
-870.379 396.189 19.4998 38.342 127.685 87.509
-869.693 395.462 19.4962 38.343 127.688 87.513
-869.007 394.734 19.4926 38.342 127.686 87.508
-868.321 394.006 19.489 38.342 127.686 87.508
-867.635 393.278 19.4854 38.336 127.679 87.497
-866.95 392.551 19.4819 38.328 127.669 87.487
-866.264 391.823 19.4783 38.324 127.667 87.486
-865.578 391.095 19.4747 38.324 127.667 87.486
-864.892 390.367 19.4711 38.324 127.667 87.486
-864.206 389.64 19.4675 38.324 127.667 87.486
-863.52 388.912 19.4639 38.324 127.667 87.486
-862.835 388.184 19.4603 38.324 127.667 87.486
-862.149 387.457 19.4567 38.324 127.667 87.486
12
-883.917 427.041 19.3726 37.454 139.584 86.888
-894.975 416.905 19.3726 38.281 127.667 87.454
-894.299 416.168 19.3662 38.281 127.667 87.454
-893.623 415.431 19.3599 38.281 127.667 87.454
-892.948 414.694 19.3536 38.281 127.667 87.454
-892.272 413.957 19.3473 38.281 127.667 87.454
-891.596 413.219 19.341 38.281 127.667 87.454
-890.921 412.482 19.3347 38.281 127.667 87.454
-890.245 411.745 19.3284 38.281 127.667 87.454
-889.569 411.008 19.3221 38.281 127.667 87.454
-888.894 410.271 19.3158 38.281 127.667 87.454
-888.218 409.534 19.3095 38.281 127.667 87.454
-887.542 408.796 19.3032 38.281 127.667 87.454
-886.867 408.059 19.2969 38.365 127.673 87.52
-886.191 407.322 19.2906 38.37 127.668 87.525
-885.515 406.585 19.2843 38.37 127.668 87.525
-884.84 405.848 19.278 38.367 127.665 87.52
-884.164 405.11 19.2717 38.362 127.663 87.513
-883.488 404.373 19.2653 38.357 127.661 87.498
-882.813 403.636 19.259 38.354 127.662 87.498
-882.137 402.899 19.2527 38.354 127.662 87.498
-881.461 402.162 19.2464 38.348 127.662 87.493
-880.786 401.425 19.2401 38.344 127.664 87.488
-880.11 400.687 19.2338 38.34 127.663 87.485
-879.434 399.95 19.2275 38.34 127.663 87.485
-878.759 399.213 19.2212 38.342 127.666 87.488
-878.083 398.476 19.2149 38.345 127.669 87.493
-877.407 397.739 19.2086 38.348 127.673 87.5
-876.732 397.002 19.2023 38.348 127.673 87.5
-876.056 396.264 19.196 38.35 127.675 87.502
-875.38 395.527 19.1897 38.348 127.676 87.5
-874.705 394.79 19.1834 38.346 127.676 87.497
-874.029 394.053 19.1771 38.344 127.681 87.502
-873.353 393.316 19.1707 38.342 127.685 87.509
-872.678 392.579 19.1644 38.342 127.688 87.514
-872.002 391.841 19.1581 38.342 127.687 87.51
-871.326 391.104 19.1518 38.336 127.679 87.498
-870.651 390.367 19.1455 38.336 127.679 87.498
-869.975 389.63 19.1392 38.327 127.669 87.488
-869.299 388.893 19.1329 38.323 127.666 87.485
-868.624 388.155 19.1266 38.323 127.666 87.485
-867.948 387.418 19.1203 38.323 127.666 87.485
-867.272 386.681 19.114 38.323 127.666 87.485
-866.597 385.944 19.1077 38.323 127.666 87.485
-865.921 385.207 19.1014 38.323 127.666 87.485
-865.245 384.47 19.0951 38.323 127.666 87.485
-864.57 383.732 19.0888 38.323 127.666 87.485
13
-883.73 430.029 19.0812 37.454 139.584 86.888
-894.481 419.569 19.0812 38.281 127.667 87.453
-893.784 418.852 19.08 38.281 127.667 87.453
-893.086 418.136 19.0788 38.281 127.667 87.453
-892.389 417.419 19.0775 38.281 127.667 87.453
-891.692 416.702 19.0763 38.281 127.667 87.453
-890.994 415.985 19.075 38.281 127.667 87.453
-890.297 415.269 19.0738 38.281 127.667 87.453
-889.6 414.552 19.0726 38.281 127.667 87.453
-888.902 413.835 19.0713 38.281 127.667 87.453
-888.205 413.118 19.0701 38.281 127.667 87.453
-887.508 412.402 19.0689 38.281 127.667 87.453
-886.81 411.685 19.0676 38.281 127.667 87.453
-886.113 410.968 19.0664 38.281 127.667 87.453
-885.416 410.251 19.0652 38.343 127.681 87.508
-884.718 409.535 19.0639 38.366 127.672 87.524
-884.021 408.818 19.0627 38.366 127.672 87.524
-883.324 408.101 19.0615 38.368 127.667 87.526
-882.626 407.384 19.0602 38.363 127.665 87.521
-881.929 406.668 19.059 38.363 127.665 87.521
-881.232 405.951 19.0578 38.357 127.663 87.507
-880.534 405.234 19.0565 38.352 127.663 87.504
-879.837 404.517 19.0553 38.352 127.663 87.504
-879.14 403.801 19.0541 38.347 127.665 87.501
-878.442 403.084 19.0528 38.343 127.664 87.495
-877.745 402.367 19.0516 38.339 127.663 87.49
-877.048 401.65 19.0504 38.341 127.666 87.493
-876.35 400.934 19.0491 38.341 127.666 87.493
-875.653 400.217 19.0479 38.346 127.671 87.499
-874.956 399.5 19.0467 38.346 127.671 87.499
-874.258 398.783 19.0454 38.348 127.675 87.502
-873.561 398.067 19.0442 38.348 127.675 87.501
-872.864 397.35 19.043 38.347 127.674 87.497
-872.166 396.633 19.0417 38.343 127.679 87.497
-871.469 395.916 19.0405 38.343 127.679 87.497
-870.772 395.2 19.0393 38.342 127.684 87.505
-870.074 394.483 19.038 38.343 127.685 87.506
-869.377 393.766 19.0368 38.34 127.682 87.498
-868.68 393.049 19.0356 38.34 127.682 87.498
-867.982 392.333 19.0343 38.332 127.673 87.487
-867.285 391.616 19.0331 38.326 127.667 87.483
-866.588 390.899 19.0319 38.321 127.665 87.48
-865.89 390.182 19.0306 38.321 127.665 87.48
-865.193 389.466 19.0294 38.321 127.665 87.48
-864.496 388.749 19.0281 38.321 127.665 87.48
-863.798 388.032 19.0269 38.321 127.665 87.48
-863.101 387.315 19.0257 38.321 127.665 87.48
14
-885.685 427.252 19.2493 37.454 139.584 86.888
-896.676 417.045 19.2493 38.283 127.667 87.455
-895.996 416.312 19.2442 38.283 127.667 87.455
-895.315 415.579 19.2391 38.283 127.667 87.455
-894.635 414.846 19.234 38.283 127.667 87.455
-893.954 414.114 19.2289 38.283 127.667 87.455
-893.274 413.381 19.2238 38.283 127.667 87.455
-892.593 412.648 19.2187 38.283 127.667 87.455
-891.913 411.915 19.2136 38.283 127.667 87.455
-891.232 411.183 19.2085 38.283 127.667 87.455
-890.552 410.45 19.2034 38.283 127.667 87.455
-889.871 409.717 19.1983 38.283 127.667 87.455
-889.191 408.984 19.1932 38.283 127.667 87.455
-888.51 408.252 19.1881 38.283 127.667 87.455
-887.83 407.519 19.183 38.341 127.681 87.506
-887.149 406.786 19.1779 38.367 127.67 87.522
-886.469 406.053 19.1728 38.369 127.667 87.524
-885.788 405.321 19.1677 38.366 127.665 87.519
-885.108 404.588 19.1626 38.366 127.665 87.519
-884.427 403.855 19.1575 38.361 127.663 87.511
-883.747 403.123 19.1524 38.356 127.662 87.498
-883.066 402.39 19.1473 38.35 127.662 87.496
-882.386 401.657 19.1422 38.347 127.663 87.491
-881.705 400.924 19.1371 38.343 127.664 87.489
-881.025 400.192 19.132 38.343 127.664 87.489
-880.344 399.459 19.1269 38.339 127.664 87.485
-879.664 398.726 19.1218 38.341 127.666 87.489
-878.983 397.993 19.1167 38.347 127.67 87.495
-878.303 397.261 19.1116 38.347 127.67 87.495
-877.622 396.528 19.1065 38.348 127.673 87.5
-876.942 395.795 19.1014 38.35 127.675 87.503
-876.261 395.062 19.0963 38.349 127.677 87.502
-875.581 394.33 19.0912 38.345 127.68 87.499
-874.9 393.597 19.0861 38.345 127.68 87.499
-874.22 392.864 19.081 38.343 127.685 87.508
-873.539 392.131 19.0759 38.343 127.688 87.514
-872.859 391.399 19.0708 38.342 127.686 87.51
-872.178 390.666 19.0657 38.342 127.686 87.51
-871.498 389.933 19.0606 38.336 127.679 87.498
-870.818 389.201 19.0555 38.327 127.67 87.487
-870.137 388.468 19.0504 38.322 127.666 87.485
-869.457 387.735 19.0453 38.322 127.666 87.485
-868.776 387.002 19.0402 38.322 127.666 87.485
-868.096 386.27 19.0351 38.322 127.666 87.485
-867.415 385.537 19.03 38.322 127.666 87.485
-866.735 384.804 19.0249 38.322 127.666 87.485
-866.054 384.071 19.0198 38.322 127.666 87.485
15
-884.932 427.839 19.9909 37.454 139.584 86.888
-895.845 417.548 19.9909 38.28 127.666 87.454
-895.159 416.821 19.9858 38.28 127.666 87.454
-894.473 416.093 19.9808 38.28 127.666 87.454
-893.787 415.365 19.9758 38.28 127.666 87.454
-893.101 414.638 19.9708 38.28 127.666 87.454
-892.415 413.91 19.9658 38.28 127.666 87.454
-891.729 413.183 19.9608 38.28 127.666 87.454
-891.043 412.455 19.9558 38.28 127.666 87.454
-890.357 411.728 19.9507 38.28 127.666 87.454
-889.671 411 19.9457 38.28 127.666 87.454
-888.985 410.273 19.9407 38.28 127.666 87.454
-888.299 409.545 19.9357 38.28 127.666 87.454
-887.613 408.818 19.9307 38.339 127.681 87.506
-886.927 408.09 19.9257 38.362 127.674 87.519
-886.241 407.362 19.9206 38.369 127.669 87.524
-885.555 406.635 19.9156 38.369 127.669 87.524
-884.869 405.907 19.9106 38.367 127.666 87.52
-884.183 405.18 19.9056 38.361 127.664 87.512
-883.497 404.452 19.9006 38.356 127.662 87.499
-882.811 403.725 19.8956 38.353 127.662 87.497
-882.125 402.997 19.8906 38.353 127.662 87.497
-881.439 402.27 19.8855 38.346 127.663 87.493
-880.753 401.542 19.8805 38.342 127.664 87.488
-880.067 400.814 19.8755 38.339 127.664 87.486
-879.381 400.087 19.8705 38.339 127.664 87.486
-878.695 399.359 19.8655 38.34 127.666 87.487
-878.009 398.632 19.8605 38.343 127.669 87.493
-877.323 397.904 19.8555 38.346 127.672 87.498
-876.637 397.177 19.8504 38.349 127.675 87.503
-875.95 396.449 19.8454 38.349 127.677 87.504
-875.264 395.722 19.8404 38.349 127.677 87.504
-874.578 394.994 19.8354 38.347 127.677 87.498
-873.892 394.266 19.8304 38.345 127.681 87.501
-873.206 393.539 19.8254 38.342 127.687 87.509
-872.52 392.811 19.8203 38.342 127.689 87.513
-871.834 392.084 19.8153 38.34 127.685 87.504
-871.148 391.356 19.8103 38.34 127.685 87.504
-870.462 390.629 19.8053 38.332 127.675 87.493
-869.776 389.901 19.8003 38.326 127.669 87.487
-869.09 389.174 19.7953 38.322 127.667 87.485
-868.404 388.446 19.7903 38.322 127.667 87.485
-867.718 387.718 19.7852 38.322 127.667 87.485
-867.032 386.991 19.7802 38.322 127.667 87.485
-866.346 386.263 19.7752 38.322 127.667 87.485
-865.66 385.536 19.7702 38.322 127.667 87.485
-864.974 384.808 19.7652 38.322 127.667 87.485
16
-884.587 428.49 19.6778 37.454 139.584 86.888
-895.546 418.249 19.6778 38.279 127.664 87.452
-894.864 417.518 19.6706 38.279 127.664 87.452
-894.181 416.788 19.6633 38.279 127.664 87.452
-893.498 416.057 19.656 38.279 127.664 87.452
-892.815 415.326 19.6488 38.279 127.664 87.452
-892.133 414.596 19.6415 38.279 127.664 87.452
-891.45 413.865 19.6343 38.279 127.664 87.452
-890.767 413.135 19.627 38.279 127.664 87.452
-890.085 412.404 19.6198 38.279 127.664 87.452
-889.402 411.673 19.6125 38.279 127.664 87.452
-888.719 410.943 19.6052 38.279 127.664 87.452
-888.036 410.212 19.598 38.279 127.664 87.452
-887.354 409.481 19.5907 38.279 127.664 87.452
-886.671 408.751 19.5835 38.341 127.681 87.505
-885.988 408.02 19.5762 38.362 127.673 87.518
-885.305 407.289 19.569 38.369 127.667 87.523
-884.623 406.559 19.5617 38.368 127.666 87.522
-883.94 405.828 19.5545 38.361 127.664 87.512
-883.257 405.098 19.5472 38.361 127.664 87.512
-882.575 404.367 19.5399 38.357 127.662 87.499
-881.892 403.636 19.5327 38.352 127.663 87.497
-881.209 402.906 19.5254 38.348 127.663 87.493
-880.526 402.175 19.5182 38.345 127.664 87.491
-879.844 401.444 19.5109 38.34 127.664 87.487
-879.161 400.714 19.5037 38.339 127.664 87.485
-878.478 399.983 19.4964 38.341 127.667 87.488
-877.795 399.252 19.4892 38.341 127.667 87.488
-877.113 398.522 19.4819 38.345 127.669 87.494
-876.43 397.791 19.4746 38.348 127.674 87.501
-875.747 397.061 19.4674 38.35 127.676 87.504
-875.064 396.33 19.4601 38.349 127.677 87.502
-874.382 395.599 19.4529 38.349 127.677 87.502
-873.699 394.869 19.4456 38.346 127.679 87.5
-873.016 394.138 19.4384 38.344 127.684 87.505
-872.334 393.407 19.4311 38.342 127.687 87.511
-871.651 392.677 19.4239 38.342 127.688 87.512
-870.968 391.946 19.4166 38.339 127.684 87.504
-870.285 391.215 19.4093 38.339 127.684 87.504
-869.603 390.485 19.4021 38.329 127.672 87.49
-868.92 389.754 19.3948 38.323 127.667 87.486
-868.237 389.024 19.3876 38.32 127.665 87.482
-867.554 388.293 19.3803 38.32 127.665 87.482
-866.872 387.562 19.3731 38.32 127.665 87.482
-866.189 386.832 19.3658 38.32 127.665 87.482
-865.506 386.101 19.3586 38.32 127.665 87.482
-864.824 385.37 19.3513 38.32 127.665 87.482
17
-880.842 427.658 18.7814 37.454 139.584 86.888
-891.688 417.296 18.7814 38.282 127.664 87.454
-890.997 416.573 18.7764 38.282 127.664 87.454
-890.306 415.85 18.7715 38.282 127.664 87.454
-889.615 415.127 18.7666 38.282 127.664 87.454
-888.924 414.404 18.7616 38.282 127.664 87.454
-888.234 413.681 18.7567 38.282 127.664 87.454
-887.543 412.957 18.7517 38.282 127.664 87.454
-886.852 412.234 18.7468 38.282 127.664 87.454
-886.161 411.511 18.7418 38.282 127.664 87.454
-885.47 410.788 18.7369 38.282 127.664 87.454
-884.78 410.065 18.7319 38.358 127.667 87.515
-884.089 409.342 18.727 38.358 127.667 87.515
-883.398 408.619 18.722 38.363 127.664 87.518
-882.707 407.896 18.7171 38.362 127.663 87.516
-882.016 407.173 18.7121 38.358 127.661 87.508
-881.326 406.45 18.7072 38.353 127.662 87.5
-880.635 405.727 18.7022 38.353 127.662 87.5
-879.944 405.004 18.6973 38.347 127.662 87.497
-879.253 404.281 18.6923 38.345 127.66 87.49
-878.562 403.558 18.6874 38.347 127.662 87.492
-877.872 402.835 18.6824 38.349 127.667 87.497
-877.181 402.112 18.6775 38.349 127.667 87.497
-876.49 401.389 18.6725 38.352 127.672 87.501
-875.799 400.666 18.6676 38.35 127.675 87.502
-875.109 399.943 18.6627 38.345 127.675 87.499
-874.418 399.22 18.6577 38.346 127.677 87.5
-873.727 398.497 18.6528 38.346 127.677 87.5
-873.036 397.774 18.6478 38.344 127.68 87.5
-872.345 397.051 18.6429 38.343 127.68 87.496
-871.655 396.328 18.6379 38.34 127.682 87.498
-870.964 395.605 18.633 38.34 127.682 87.503
-870.273 394.882 18.628 38.34 127.682 87.503
-869.582 394.159 18.6231 38.342 127.683 87.505
-868.891 393.435 18.6181 38.343 127.682 87.503
-868.201 392.712 18.6132 38.343 127.682 87.503
-867.51 391.989 18.6082 38.34 127.677 87.497
-866.819 391.266 18.6033 38.332 127.674 87.492
-866.128 390.543 18.5983 38.326 127.672 87.486
-865.437 389.82 18.5934 38.326 127.672 87.486
-864.747 389.097 18.5884 38.326 127.672 87.486
-864.056 388.374 18.5835 38.326 127.672 87.486
-863.365 387.651 18.5785 38.326 127.672 87.486
-862.674 386.928 18.5736 38.326 127.672 87.486
-861.983 386.205 18.5687 38.326 127.672 87.486
-861.293 385.482 18.5637 38.326 127.672 87.486
-860.602 384.759 18.5588 38.326 127.672 87.486
18
-882.73 427.325 20.6879 37.454 139.584 86.888
-893.696 417.091 20.6879 38.279 127.663 87.452
-893.014 416.359 20.6841 38.279 127.663 87.452
-892.331 415.628 20.6803 38.279 127.663 87.452
-891.649 414.897 20.6764 38.279 127.663 87.452
-890.967 414.166 20.6726 38.279 127.663 87.452
-890.285 413.435 20.6688 38.279 127.663 87.452
-889.602 412.704 20.665 38.279 127.663 87.452
-888.92 411.973 20.6612 38.279 127.663 87.452
-888.238 411.242 20.6573 38.279 127.663 87.452
-887.555 410.511 20.6535 38.279 127.663 87.452
-886.873 409.78 20.6497 38.279 127.663 87.452
-886.191 409.049 20.6459 38.343 127.681 87.509
-885.509 408.318 20.6421 38.365 127.672 87.522
-884.826 407.587 20.6383 38.368 127.668 87.526
-884.144 406.856 20.6344 38.365 127.668 87.522
-883.462 406.124 20.6306 38.358 127.666 87.512
-882.779 405.393 20.6268 38.358 127.666 87.512
-882.097 404.662 20.623 38.354 127.665 87.505
-881.415 403.931 20.6192 38.35 127.665 87.504
-880.733 403.2 20.6154 38.346 127.666 87.494
-880.05 402.469 20.6115 38.346 127.666 87.494
-879.368 401.738 20.6077 38.342 127.666 87.492
-878.686 401.007 20.6039 38.339 127.665 87.488
-878.003 400.276 20.6001 38.339 127.665 87.488
-877.321 399.545 20.5963 38.342 127.668 87.492
-876.639 398.814 20.5924 38.345 127.671 87.496
-875.957 398.083 20.5886 38.348 127.675 87.501
-875.274 397.352 20.5848 38.348 127.675 87.501
-874.592 396.62 20.581 38.349 127.676 87.502
-873.91 395.889 20.5772 38.347 127.676 87.499
-873.227 395.158 20.5734 38.343 127.681 87.501
-872.545 394.427 20.5695 38.341 127.683 87.504
-871.863 393.696 20.5657 38.342 127.685 87.505
-871.181 392.965 20.5619 38.342 127.685 87.505
-870.498 392.234 20.5581 38.34 127.684 87.501
-869.816 391.503 20.5543 38.331 127.674 87.49
-869.134 390.772 20.5505 38.325 127.665 87.482
-868.451 390.041 20.5466 38.325 127.665 87.482
-867.769 389.31 20.5428 38.321 127.664 87.481
-867.087 388.579 20.539 38.321 127.664 87.481
-866.404 387.848 20.5352 38.321 127.664 87.481
-865.722 387.117 20.5314 38.321 127.664 87.481
-865.04 386.385 20.5275 38.321 127.664 87.481
-864.358 385.654 20.5237 38.321 127.664 87.481
-863.675 384.923 20.5199 38.321 127.664 87.481
-862.993 384.192 20.5161 38.321 127.664 87.481
19
-884.158 427.416 21.6712 37.454 139.584 86.888
-895.209 417.273 21.6712 38.28 127.665 87.453
-894.533 416.537 21.6661 38.28 127.665 87.453
-893.857 415.8 21.6609 38.28 127.665 87.453
-893.181 415.063 21.6557 38.28 127.665 87.453
-892.505 414.326 21.6505 38.28 127.665 87.453
-891.828 413.59 21.6453 38.28 127.665 87.453
-891.152 412.853 21.6401 38.28 127.665 87.453
-890.476 412.116 21.6349 38.28 127.665 87.453
-889.8 411.38 21.6297 38.28 127.665 87.453
-889.124 410.643 21.6245 38.28 127.665 87.453
-888.448 409.906 21.6193 38.28 127.665 87.453
-887.771 409.169 21.6141 38.28 127.665 87.453
-887.095 408.433 21.609 38.345 127.681 87.511
-886.419 407.696 21.6038 38.363 127.673 87.521
-885.743 406.959 21.5986 38.368 127.669 87.525
-885.067 406.222 21.5934 38.368 127.669 87.525
-884.391 405.486 21.5882 38.362 127.667 87.519
-883.714 404.749 21.583 38.357 127.666 87.509
-883.038 404.012 21.5778 38.353 127.665 87.505
-882.362 403.275 21.5726 38.348 127.664 87.5
-881.686 402.539 21.5674 38.348 127.664 87.5
-881.01 401.802 21.5622 38.345 127.665 87.493
-880.334 401.065 21.557 38.342 127.666 87.491
-879.657 400.328 21.5519 38.339 127.664 87.489
-878.981 399.592 21.5467 38.341 127.667 87.491
-878.305 398.855 21.5415 38.341 127.667 87.491
-877.629 398.118 21.5363 38.344 127.671 87.496
-876.953 397.382 21.5311 38.348 127.674 87.501
-876.277 396.645 21.5259 38.349 127.676 87.502
-875.601 395.908 21.5207 38.349 127.676 87.502
-874.924 395.171 21.5155 38.348 127.676 87.5
-874.248 394.435 21.5103 38.345 127.678 87.499
-873.572 393.698 21.5051 38.341 127.682 87.502
-872.896 392.961 21.4999 38.342 127.685 87.506
-872.22 392.224 21.4948 38.342 127.685 87.506
-871.544 391.488 21.4896 38.34 127.685 87.503
-870.867 390.751 21.4844 38.335 127.678 87.493
-870.191 390.014 21.4792 38.327 127.669 87.485
-869.515 389.277 21.474 38.325 127.665 87.484
-868.839 388.541 21.4688 38.325 127.665 87.484
-868.163 387.804 21.4636 38.325 127.665 87.484
-867.487 387.067 21.4584 38.325 127.665 87.484
-866.81 386.331 21.4532 38.325 127.665 87.484
-866.134 385.594 21.448 38.325 127.665 87.484
-865.458 384.857 21.4428 38.325 127.665 87.484
-864.782 384.12 21.4377 38.325 127.665 87.484
20
-884.628 428.047 19.9128 37.454 139.584 86.888
-895.588 417.806 19.9128 38.283 127.665 87.456
-894.905 417.075 19.9071 38.283 127.665 87.456
-894.222 416.344 19.9015 38.283 127.665 87.456
-893.54 415.614 19.8958 38.283 127.665 87.456
-892.857 414.883 19.8901 38.283 127.665 87.456
-892.174 414.152 19.8844 38.283 127.665 87.456
-891.491 413.422 19.8787 38.283 127.665 87.456
-890.809 412.691 19.8731 38.283 127.665 87.456
-890.126 411.96 19.8674 38.283 127.665 87.456
-889.443 411.23 19.8617 38.283 127.665 87.456
-888.761 410.499 19.856 38.283 127.665 87.456
-888.078 409.768 19.8504 38.283 127.665 87.456
-887.395 409.038 19.8447 38.283 127.665 87.456
-886.713 408.307 19.839 38.348 127.679 87.51
-886.03 407.576 19.8333 38.364 127.671 87.519
-885.347 406.846 19.8277 38.367 127.668 87.522
-884.664 406.115 19.822 38.365 127.667 87.518
-883.982 405.384 19.8163 38.358 127.665 87.509
-883.299 404.654 19.8106 38.358 127.665 87.509
-882.616 403.923 19.805 38.354 127.663 87.502
-881.934 403.192 19.7993 38.35 127.664 87.499
-881.251 402.462 19.7936 38.348 127.664 87.493
-880.568 401.731 19.7879 38.345 127.664 87.49
-879.885 401 19.7822 38.342 127.664 87.489
-879.203 400.27 19.7766 38.342 127.664 87.489
-878.52 399.539 19.7709 38.341 127.665 87.49
-877.837 398.808 19.7652 38.344 127.669 87.494
-877.155 398.078 19.7595 38.345 127.671 87.497
-876.472 397.347 19.7539 38.348 127.675 87.502
-875.789 396.616 19.7482 38.349 127.677 87.504
-875.106 395.886 19.7425 38.349 127.677 87.504
-874.424 395.155 19.7368 38.347 127.678 87.504
-873.741 394.424 19.7312 38.345 127.68 87.503
-873.058 393.694 19.7255 38.342 127.683 87.506
-872.376 392.963 19.7198 38.341 127.686 87.509
-871.693 392.232 19.7141 38.34 127.686 87.507
-871.01 391.502 19.7084 38.334 127.68 87.497
-870.327 390.771 19.7028 38.327 127.671 87.488
-869.645 390.04 19.6971 38.327 127.671 87.488
-868.962 389.31 19.6914 38.324 127.667 87.485
-868.279 388.579 19.6857 38.32 127.666 87.481
-867.597 387.848 19.6801 38.32 127.666 87.481
-866.914 387.118 19.6744 38.32 127.666 87.481
-866.231 386.387 19.6687 38.32 127.666 87.481
-865.548 385.656 19.663 38.32 127.666 87.481
-864.866 384.926 19.6574 38.32 127.666 87.481
21
-884.919 429.277 20.3448 37.454 139.584 86.888
-895.839 418.993 20.3448 38.279 127.664 87.452
-895.153 418.265 20.332 38.279 127.664 87.452
-894.467 417.537 20.3191 38.279 127.664 87.452
-893.782 416.809 20.3062 38.279 127.664 87.452
-893.096 416.081 20.2934 38.279 127.664 87.452
-892.411 415.353 20.2805 38.279 127.664 87.452
-891.725 414.625 20.2677 38.279 127.664 87.452
-891.04 413.897 20.2548 38.279 127.664 87.452
-890.354 413.169 20.2419 38.279 127.664 87.452
-889.669 412.441 20.2291 38.279 127.664 87.452
-888.983 411.713 20.2162 38.279 127.664 87.452
-888.298 410.985 20.2034 38.279 127.664 87.452
-887.612 410.258 20.1905 38.279 127.664 87.452
-886.927 409.53 20.1776 38.279 127.664 87.452
-886.241 408.802 20.1648 38.364 127.671 87.521
-885.556 408.074 20.1519 38.364 127.671 87.521
-884.87 407.346 20.1391 38.368 127.669 87.525
-884.185 406.618 20.1262 38.363 127.667 87.521
-883.499 405.89 20.1133 38.357 127.666 87.512
-882.813 405.162 20.1005 38.357 127.666 87.512
-882.128 404.434 20.0876 38.353 127.665 87.506
-881.442 403.706 20.0748 38.348 127.665 87.502
-880.757 402.978 20.0619 38.346 127.666 87.494
-880.071 402.25 20.049 38.341 127.665 87.49
-879.386 401.522 20.0362 38.341 127.665 87.49
-878.7 400.794 20.0233 38.339 127.664 87.488
-878.015 400.067 20.0105 38.341 127.668 87.491
-877.329 399.339 19.9976 38.341 127.668 87.491
-876.644 398.611 19.9847 38.344 127.67 87.495
-875.958 397.883 19.9719 38.348 127.675 87.502
-875.273 397.155 19.959 38.349 127.677 87.502
-874.587 396.427 19.9462 38.348 127.677 87.501
-873.902 395.699 19.9333 38.348 127.677 87.501
-873.216 394.971 19.9204 38.344 127.681 87.502
-872.531 394.243 19.9076 38.342 127.684 87.504
-871.845 393.515 19.8947 38.342 127.686 87.508
-871.159 392.787 19.8819 38.34 127.685 87.504
-870.474 392.059 19.869 38.34 127.685 87.504
-869.788 391.331 19.8561 38.334 127.678 87.494
-869.103 390.603 19.8433 38.326 127.667 87.485
-868.417 389.876 19.8304 38.323 127.664 87.482
-867.732 389.148 19.8176 38.323 127.664 87.482
-867.046 388.42 19.8047 38.323 127.664 87.482
-866.361 387.692 19.7918 38.323 127.664 87.482
-865.675 386.964 19.779 38.323 127.664 87.482
-864.99 386.236 19.7661 38.323 127.664 87.482
22
-883.092 428.699 19.3659 37.454 139.584 86.888
-894.007 418.41 19.3659 38.285 127.664 87.455
-893.321 417.683 19.3612 38.285 127.664 87.455
-892.635 416.955 19.3565 38.285 127.664 87.455
-891.949 416.228 19.3518 38.285 127.664 87.455
-891.263 415.5 19.3471 38.285 127.664 87.455
-890.577 414.772 19.3424 38.285 127.664 87.455
-889.891 414.045 19.3377 38.285 127.664 87.455
-889.205 413.317 19.333 38.285 127.664 87.455
-888.52 412.589 19.3283 38.285 127.664 87.455
-887.834 411.862 19.3236 38.285 127.664 87.455
-887.148 411.134 19.3189 38.285 127.664 87.455
-886.462 410.406 19.3142 38.285 127.664 87.455
-885.776 409.679 19.3095 38.342 127.681 87.51
-885.09 408.951 19.3048 38.363 127.672 87.523
-884.404 408.223 19.3001 38.366 127.669 87.526
-883.718 407.496 19.2954 38.364 127.668 87.524
-883.032 406.768 19.2907 38.358 127.667 87.518
-882.346 406.04 19.286 38.354 127.666 87.511
-881.66 405.313 19.2813 38.354 127.666 87.511
-880.974 404.585 19.2766 38.351 127.666 87.508
-880.288 403.857 19.2719 38.346 127.665 87.502
-879.603 403.13 19.2671 38.344 127.666 87.497
-878.917 402.402 19.2624 38.341 127.665 87.494
-878.231 401.674 19.2577 38.338 127.664 87.492
-877.545 400.947 19.253 38.34 127.666 87.493
-876.859 400.219 19.2483 38.34 127.666 87.493
-876.173 399.491 19.2436 38.344 127.67 87.498
-875.487 398.764 19.2389 38.347 127.673 87.501
-874.801 398.036 19.2342 38.349 127.675 87.503
-874.115 397.308 19.2295 38.35 127.674 87.503
-873.429 396.581 19.2248 38.35 127.674 87.503
-872.743 395.853 19.2201 38.346 127.677 87.5
-872.057 395.126 19.2154 38.344 127.68 87.503
-871.371 394.398 19.2107 38.343 127.683 87.504
-870.685 393.67 19.206 38.344 127.685 87.505
-870 392.943 19.2013 38.344 127.685 87.505
-869.314 392.215 19.1966 38.338 127.679 87.494
-868.628 391.487 19.1919 38.328 127.666 87.482
-867.942 390.76 19.1872 38.324 127.664 87.479
-867.256 390.032 19.1825 38.324 127.664 87.479
-866.57 389.304 19.1778 38.324 127.664 87.479
-865.884 388.577 19.1731 38.324 127.664 87.479
-865.198 387.849 19.1683 38.324 127.664 87.479
-864.512 387.121 19.1636 38.324 127.664 87.479
-863.826 386.394 19.1589 38.324 127.664 87.479
-863.14 385.666 19.1542 38.324 127.664 87.479
23
-882.17 430.677 19.0249 37.454 139.584 86.888
-893.036 420.337 19.0249 38.281 127.664 87.452
-892.347 419.612 19.0177 38.281 127.664 87.452
-891.657 418.888 19.0106 38.281 127.664 87.452
-890.968 418.164 19.0035 38.281 127.664 87.452
-890.279 417.439 18.9964 38.281 127.664 87.452
-889.589 416.715 18.9893 38.281 127.664 87.452
-888.9 415.99 18.9821 38.281 127.664 87.452
-888.211 415.266 18.975 38.281 127.664 87.452
-887.521 414.542 18.9679 38.281 127.664 87.452
-886.832 413.817 18.9608 38.281 127.664 87.452
-886.143 413.093 18.9537 38.281 127.664 87.452
-885.453 412.368 18.9465 38.281 127.664 87.452
-884.764 411.644 18.9394 38.281 127.664 87.452
-884.075 410.92 18.9323 38.341 127.681 87.509
-883.385 410.195 18.9252 38.361 127.674 87.522
-882.696 409.471 18.9181 38.366 127.669 87.525
-882.007 408.746 18.9109 38.363 127.669 87.525
-881.317 408.022 18.9038 38.355 127.667 87.514
-880.628 407.297 18.8967 38.355 127.667 87.514
-879.939 406.573 18.8896 38.351 127.665 87.507
-879.249 405.849 18.8825 38.346 127.666 87.503
-878.56 405.124 18.8753 38.346 127.666 87.503
-877.871 404.4 18.8682 38.344 127.666 87.497
-877.181 403.675 18.8611 38.34 127.665 87.494
-876.492 402.951 18.854 38.338 127.663 87.491
-875.803 402.227 18.8469 38.34 127.666 87.494
-875.113 401.502 18.8397 38.34 127.666 87.494
-874.424 400.778 18.8326 38.343 127.669 87.498
-873.735 400.053 18.8255 38.347 127.672 87.502
-873.045 399.329 18.8184 38.349 127.675 87.503
-872.356 398.605 18.8113 38.349 127.675 87.503
-871.667 397.88 18.8041 38.348 127.675 87.501
-870.977 397.156 18.797 38.346 127.677 87.5
-870.288 396.431 18.7899 38.343 127.681 87.502
-869.599 395.707 18.7828 38.343 127.684 87.505
-868.909 394.983 18.7757 38.343 127.684 87.505
-868.22 394.258 18.7685 38.34 127.682 87.499
-867.531 393.534 18.7614 38.332 127.672 87.488
-866.841 392.809 18.7543 38.327 127.666 87.481
-866.152 392.085 18.7472 38.327 127.666 87.481
-865.463 391.36 18.7401 38.323 127.664 87.479
-864.773 390.636 18.7329 38.323 127.664 87.479
-864.084 389.912 18.7258 38.323 127.664 87.479
-863.395 389.187 18.7187 38.323 127.664 87.479
-862.705 388.463 18.7116 38.323 127.664 87.479
-862.016 387.738 18.7045 38.323 127.664 87.479
24
-883.216 427.906 18.7731 37.454 139.584 86.888
-894.062 417.544 18.7731 38.279 127.664 87.452
-893.371 416.821 18.7715 38.279 127.664 87.452
-892.68 416.098 18.77 38.279 127.664 87.452
-891.99 415.375 18.7685 38.279 127.664 87.452
-891.299 414.652 18.7669 38.279 127.664 87.452
-890.608 413.929 18.7654 38.279 127.664 87.452
-889.917 413.206 18.7639 38.279 127.664 87.452
-889.227 412.483 18.7624 38.279 127.664 87.452
-888.536 411.76 18.7608 38.279 127.664 87.452
-887.845 411.037 18.7593 38.279 127.664 87.452
-887.154 410.314 18.7578 38.279 127.664 87.452
-886.463 409.59 18.7562 38.341 127.681 87.509
-885.773 408.867 18.7547 38.363 127.673 87.522
-885.082 408.144 18.7532 38.368 127.669 87.526
-884.391 407.421 18.7516 38.368 127.669 87.526
-883.7 406.698 18.7501 38.365 127.668 87.523
-883.01 405.975 18.7486 38.36 127.667 87.517
-882.319 405.252 18.747 38.355 127.665 87.508
-881.628 404.529 18.7455 38.352 127.665 87.505
-880.937 403.806 18.744 38.347 127.664 87.499
-880.247 403.083 18.7424 38.345 127.665 87.493
-879.556 402.36 18.7409 38.342 127.665 87.49
-878.865 401.637 18.7394 38.339 127.664 87.489
-878.174 400.913 18.7378 38.339 127.664 87.489
-877.484 400.19 18.7363 38.341 127.666 87.49
-876.793 399.467 18.7348 38.345 127.671 87.495
-876.102 398.744 18.7333 38.345 127.671 87.495
-875.411 398.021 18.7317 38.348 127.674 87.501
-874.721 397.298 18.7302 38.35 127.676 87.502
-874.03 396.575 18.7287 38.349 127.676 87.501
-873.339 395.852 18.7271 38.344 127.679 87.499
-872.648 395.129 18.7256 38.344 127.679 87.499
-871.957 394.406 18.7241 38.342 127.684 87.504
-871.267 393.683 18.7225 38.342 127.687 87.507
-870.576 392.96 18.721 38.342 127.687 87.507
-869.885 392.237 18.7195 38.336 127.678 87.494
-869.194 391.513 18.7179 38.328 127.67 87.487
-868.504 390.79 18.7164 38.325 127.666 87.484
-867.813 390.067 18.7149 38.325 127.666 87.484
-867.122 389.344 18.7133 38.32 127.665 87.481
-866.431 388.621 18.7118 38.32 127.665 87.481
-865.741 387.898 18.7103 38.32 127.665 87.481
-865.05 387.175 18.7087 38.32 127.665 87.481
-864.359 386.452 18.7072 38.32 127.665 87.481
-863.668 385.729 18.7057 38.32 127.665 87.481
-862.978 385.006 18.7042 38.32 127.665 87.481
25
-883.872 427.364 20.4685 37.454 139.584 86.888
-894.746 417.031 20.4685 38.28 127.665 87.452
-894.057 416.306 20.4636 38.28 127.665 87.452
-893.368 415.581 20.4588 38.28 127.665 87.452
-892.679 414.856 20.4539 38.28 127.665 87.452
-891.99 414.131 20.449 38.28 127.665 87.452
-891.301 413.407 20.4441 38.28 127.665 87.452
-890.613 412.682 20.4392 38.28 127.665 87.452
-889.924 411.957 20.4343 38.28 127.665 87.452
-889.235 411.232 20.4294 38.28 127.665 87.452
-888.546 410.507 20.4246 38.28 127.665 87.452
-887.857 409.782 20.4197 38.28 127.665 87.452
-887.168 409.057 20.4148 38.343 127.681 87.51
-886.479 408.332 20.4099 38.365 127.67 87.523
-885.791 407.608 20.405 38.365 127.67 87.523
-885.102 406.883 20.4001 38.367 127.668 87.525
-884.413 406.158 20.3953 38.362 127.667 87.52
-883.724 405.433 20.3904 38.356 127.665 87.51
-883.035 404.708 20.3855 38.356 127.665 87.51
-882.346 403.983 20.3806 38.352 127.665 87.506
-881.657 403.258 20.3757 38.347 127.665 87.501
-880.969 402.533 20.3708 38.345 127.666 87.494
-880.28 401.809 20.366 38.345 127.666 87.494
-879.591 401.084 20.3611 38.34 127.665 87.489
-878.902 400.359 20.3562 38.339 127.666 87.489
-878.213 399.634 20.3513 38.339 127.666 87.489
-877.524 398.909 20.3464 38.343 127.669 87.494
-876.835 398.184 20.3415 38.345 127.672 87.496
-876.147 397.459 20.3366 38.345 127.672 87.496
-875.458 396.734 20.3318 38.349 127.675 87.501
-874.769 396.01 20.3269 38.348 127.676 87.5
-874.08 395.285 20.322 38.346 127.676 87.497
-873.391 394.56 20.3171 38.344 127.681 87.501
-872.702 393.835 20.3122 38.343 127.685 87.506
-872.013 393.11 20.3073 38.343 127.685 87.506
-871.325 392.385 20.3025 38.34 127.684 87.503
-870.636 391.66 20.2976 38.334 127.676 87.492
-869.947 390.935 20.2927 38.327 127.668 87.484
-869.258 390.21 20.2878 38.327 127.668 87.484
-868.569 389.486 20.2829 38.323 127.665 87.483
-867.88 388.761 20.278 38.323 127.665 87.483
-867.191 388.036 20.2731 38.323 127.665 87.483
-866.502 387.311 20.2683 38.323 127.665 87.483
-865.814 386.586 20.2634 38.323 127.665 87.483
-865.125 385.861 20.2585 38.323 127.665 87.483
-864.436 385.136 20.2536 38.323 127.665 87.483
-863.747 384.411 20.2487 38.323 127.665 87.483
26
-884.486 427.499 18.7411 37.454 139.584 86.888
-895.495 417.311 18.7411 38.279 127.665 87.452
-894.816 416.577 18.7316 38.279 127.665 87.452
-894.137 415.843 18.7221 38.279 127.665 87.452
-893.457 415.109 18.7126 38.279 127.665 87.452
-892.778 414.375 18.7031 38.279 127.665 87.452
-892.099 413.641 18.6936 38.279 127.665 87.452
-891.42 412.907 18.6841 38.279 127.665 87.452
-890.741 412.173 18.6745 38.279 127.665 87.452
-890.062 411.439 18.665 38.279 127.665 87.452
-889.382 410.705 18.6555 38.279 127.665 87.452
-888.703 409.972 18.646 38.279 127.665 87.452
-888.024 409.238 18.6365 38.279 127.665 87.452
-887.345 408.504 18.627 38.339 127.682 87.506
-886.666 407.77 18.6175 38.361 127.673 87.517
-885.987 407.036 18.608 38.37 127.666 87.524
-885.307 406.302 18.5984 38.368 127.665 87.52
-884.628 405.568 18.5889 38.368 127.665 87.52
-883.949 404.834 18.5794 38.361 127.662 87.506
-883.27 404.1 18.5699 38.361 127.662 87.506
-882.591 403.366 18.5604 38.357 127.661 87.499
-881.912 402.632 18.5509 38.351 127.661 87.494
-881.232 401.898 18.5414 38.346 127.663 87.489
-880.553 401.165 18.5318 38.346 127.663 87.489
-879.874 400.431 18.5223 38.342 127.663 87.486
-879.195 399.697 18.5128 38.344 127.667 87.491
-878.516 398.963 18.5033 38.344 127.667 87.491
-877.837 398.229 18.4938 38.347 127.67 87.495
-877.157 397.495 18.4843 38.349 127.675 87.503
-876.478 396.761 18.4748 38.349 127.675 87.503
-875.799 396.027 18.4653 38.349 127.677 87.504
-875.12 395.293 18.4557 38.347 127.677 87.501
-874.441 394.559 18.4462 38.344 127.678 87.499
-873.761 393.825 18.4367 38.343 127.683 87.506
-873.082 393.091 18.4272 38.341 127.686 87.511
-872.403 392.358 18.4177 38.342 127.689 87.513
-871.724 391.624 18.4082 38.34 127.687 87.508
-871.045 390.89 18.3987 38.333 127.679 87.498
-870.366 390.156 18.3892 38.326 127.671 87.488
-869.686 389.422 18.3796 38.322 127.667 87.486
-869.007 388.688 18.3701 38.322 127.667 87.486
-868.328 387.954 18.3606 38.322 127.667 87.486
-867.649 387.22 18.3511 38.322 127.667 87.486
-866.97 386.486 18.3416 38.322 127.667 87.486
-866.291 385.752 18.3321 38.322 127.667 87.486
-865.611 385.018 18.3226 38.322 127.667 87.486
-864.932 384.284 18.3131 38.322 127.667 87.486
27
-886.148 426.983 19.4414 37.454 139.584 86.888
-897.099 416.732 19.4414 38.282 127.666 87.453
-896.415 416.002 19.4371 38.282 127.666 87.453
-895.732 415.272 19.4328 38.282 127.666 87.453
-895.049 414.542 19.4284 38.282 127.666 87.453
-894.365 413.812 19.4241 38.282 127.666 87.453
-893.682 413.082 19.4198 38.282 127.666 87.453
-892.999 412.352 19.4155 38.282 127.666 87.453
-892.315 411.622 19.4112 38.282 127.666 87.453
-891.632 410.892 19.4069 38.282 127.666 87.453
-890.948 410.162 19.4025 38.282 127.666 87.453
-890.265 409.432 19.3982 38.282 127.666 87.453
-889.582 408.702 19.3939 38.282 127.666 87.453
-888.898 407.972 19.3896 38.282 127.666 87.453
-888.215 407.241 19.3853 38.362 127.673 87.52
-887.532 406.511 19.381 38.362 127.673 87.52
-886.848 405.781 19.3767 38.369 127.667 87.526
-886.165 405.051 19.3723 38.365 127.666 87.522
-885.482 404.321 19.368 38.36 127.665 87.514
-884.798 403.591 19.3637 38.36 127.665 87.514
-884.115 402.861 19.3594 38.355 127.663 87.505
-883.432 402.131 19.3551 38.349 127.663 87.502
-882.748 401.401 19.3508 38.346 127.665 87.495
-882.065 400.671 19.3465 38.342 127.664 87.491
-881.381 399.941 19.3421 38.342 127.664 87.491
-880.698 399.211 19.3378 38.339 127.663 87.489
-880.015 398.481 19.3335 38.34 127.664 87.489
-879.331 397.751 19.3292 38.343 127.668 87.494
-878.648 397.021 19.3249 38.346 127.672 87.5
-877.965 396.29 19.3206 38.346 127.672 87.5
-877.281 395.56 19.3163 38.349 127.675 87.503
-876.598 394.83 19.3119 38.349 127.676 87.503
-875.915 394.1 19.3076 38.347 127.676 87.501
-875.231 393.37 19.3033 38.345 127.68 87.503
-874.548 392.64 19.299 38.343 127.683 87.507
-873.864 391.91 19.2947 38.343 127.683 87.507
-873.181 391.18 19.2904 38.343 127.686 87.509
-872.498 390.45 19.286 38.339 127.681 87.5
-871.814 389.72 19.2817 38.331 127.673 87.49
-871.131 388.99 19.2774 38.327 127.666 87.484
-870.448 388.26 19.2731 38.323 127.664 87.483
-869.764 387.53 19.2688 38.323 127.664 87.483
-869.081 386.8 19.2645 38.323 127.664 87.483
-868.398 386.07 19.2602 38.323 127.664 87.483
-867.714 385.339 19.2558 38.323 127.664 87.483
-867.031 384.609 19.2515 38.323 127.664 87.483
-866.347 383.879 19.2472 38.323 127.664 87.483
28
-883.101 429.03 19.2282 37.454 139.584 86.888
-893.753 418.469 19.2282 38.28 127.664 87.451
-893.049 417.759 19.2188 38.28 127.664 87.451
-892.345 417.049 19.2094 38.28 127.664 87.451
-891.641 416.339 19.2001 38.28 127.664 87.451
-890.937 415.629 19.1907 38.28 127.664 87.451
-890.233 414.919 19.1813 38.28 127.664 87.451
-889.529 414.208 19.1719 38.28 127.664 87.451
-888.825 413.498 19.1626 38.28 127.664 87.451
-888.121 412.788 19.1532 38.28 127.664 87.451
-887.417 412.078 19.1438 38.28 127.664 87.451
-886.713 411.368 19.1345 38.28 127.664 87.451
-886.009 410.658 19.1251 38.28 127.664 87.451
-885.305 409.948 19.1157 38.339 127.682 87.507
-884.601 409.238 19.1063 38.362 127.672 87.52
-883.897 408.528 19.097 38.367 127.669 87.524
-883.193 407.818 19.0876 38.365 127.668 87.521
-882.489 407.108 19.0782 38.36 127.666 87.516
-881.784 406.397 19.0688 38.356 127.665 87.507
-881.08 405.687 19.0595 38.353 127.664 87.503
-880.376 404.977 19.0501 38.353 127.664 87.503
-879.672 404.267 19.0407 38.349 127.663 87.5
-878.968 403.557 19.0314 38.345 127.664 87.493
-878.264 402.847 19.022 38.342 127.664 87.49
-877.56 402.137 19.0126 38.338 127.664 87.489
-876.856 401.427 19.0032 38.338 127.664 87.488
-876.152 400.717 18.9939 38.343 127.669 87.496
-875.448 400.007 18.9845 38.343 127.669 87.496
-874.744 399.296 18.9751 38.347 127.673 87.502
-874.04 398.586 18.9658 38.348 127.675 87.503
-873.336 397.876 18.9564 38.348 127.676 87.503
-872.632 397.166 18.947 38.348 127.676 87.503
-871.928 396.456 18.9376 38.346 127.676 87.501
-871.224 395.746 18.9283 38.344 127.681 87.504
-870.52 395.036 18.9189 38.343 127.685 87.51
-869.816 394.326 18.9095 38.342 127.686 87.509
-869.112 393.616 18.9002 38.338 127.682 87.5
-868.408 392.906 18.8908 38.338 127.682 87.5
-867.704 392.195 18.8814 38.328 127.67 87.487
-867 391.485 18.872 38.324 127.665 87.485
-866.296 390.775 18.8627 38.324 127.665 87.485
-865.591 390.065 18.8533 38.324 127.665 87.485
-864.887 389.355 18.8439 38.324 127.665 87.485
-864.183 388.645 18.8345 38.324 127.665 87.485
-863.479 387.935 18.8252 38.324 127.665 87.485
-862.775 387.225 18.8158 38.324 127.665 87.485
-862.071 386.515 18.8064 38.324 127.665 87.485
29
-885.042 428.795 18.8648 37.454 139.584 86.888
-896.095 418.654 18.8648 38.281 127.665 87.453
-895.419 417.917 18.8585 38.281 127.665 87.453
-894.743 417.18 18.8521 38.281 127.665 87.453
-894.067 416.444 18.8458 38.281 127.665 87.453
-893.391 415.707 18.8394 38.281 127.665 87.453
-892.715 414.97 18.8331 38.281 127.665 87.453
-892.039 414.233 18.8267 38.281 127.665 87.453
-891.363 413.496 18.8204 38.281 127.665 87.453
-890.687 412.759 18.8141 38.281 127.665 87.453
-890.011 412.022 18.8077 38.281 127.665 87.453
-889.335 411.286 18.8014 38.281 127.665 87.453
-888.659 410.549 18.795 38.281 127.665 87.453
-887.983 409.812 18.7887 38.281 127.665 87.453
-887.307 409.075 18.7823 38.281 127.665 87.453
-886.631 408.338 18.776 38.363 127.673 87.521
-885.955 407.601 18.7696 38.363 127.673 87.521
-885.279 406.864 18.7633 38.368 127.669 87.524
-884.603 406.128 18.7569 38.366 127.667 87.522
-883.927 405.391 18.7506 38.359 127.667 87.514
-883.251 404.654 18.7442 38.355 127.665 87.505
-882.575 403.917 18.7379 38.352 127.665 87.503
-881.899 403.18 18.7316 38.347 127.663 87.496
-881.223 402.443 18.7252 38.347 127.663 87.496
-880.547 401.706 18.7189 38.344 127.666 87.492
-879.871 400.969 18.7125 38.342 127.665 87.491
-879.195 400.233 18.7062 38.339 127.664 87.489
-878.519 399.496 18.6998 38.342 127.667 87.492
-877.843 398.759 18.6935 38.342 127.667 87.492
-877.167 398.022 18.6871 38.344 127.67 87.496
-876.491 397.285 18.6808 38.348 127.675 87.502
-875.815 396.548 18.6744 38.348 127.677 87.504
-875.139 395.811 18.6681 38.347 127.677 87.503
-874.463 395.075 18.6617 38.345 127.679 87.503
-873.787 394.338 18.6554 38.345 127.679 87.503
-873.111 393.601 18.6491 38.343 127.683 87.508
-872.435 392.864 18.6427 38.343 127.686 87.511
-871.759 392.127 18.6364 38.342 127.686 87.509
-871.083 391.39 18.63 38.338 127.682 87.5
-870.407 390.653 18.6237 38.33 127.672 87.49
-869.731 389.917 18.6173 38.325 127.665 87.484
-869.055 389.18 18.611 38.322 127.664 87.482
-868.379 388.443 18.6046 38.322 127.664 87.482
-867.703 387.706 18.5983 38.322 127.664 87.482
-867.027 386.969 18.5919 38.322 127.664 87.482
-866.351 386.232 18.5856 38.322 127.664 87.482
-865.675 385.495 18.5792 38.322 127.664 87.482
30
-882.97 428.36 19.3941 37.454 139.584 86.888
-893.81 417.991 19.3941 38.28 127.664 87.452
-893.119 417.269 19.3853 38.28 127.664 87.452
-892.428 416.546 19.3765 38.28 127.664 87.452
-891.737 415.823 19.3678 38.28 127.664 87.452
-891.045 415.101 19.359 38.28 127.664 87.452
-890.354 414.378 19.3502 38.28 127.664 87.452
-889.663 413.656 19.3414 38.28 127.664 87.452
-888.972 412.933 19.3327 38.28 127.664 87.452
-888.281 412.21 19.3239 38.28 127.664 87.452
-887.589 411.488 19.3151 38.28 127.664 87.452
-886.898 410.765 19.3064 38.28 127.664 87.452
-886.207 410.042 19.2976 38.28 127.664 87.452
-885.516 409.32 19.2888 38.363 127.671 87.519
-884.825 408.597 19.2801 38.363 127.671 87.519
-884.133 407.875 19.2713 38.367 127.668 87.522
-883.442 407.152 19.2625 38.363 127.668 87.519
-882.751 406.429 19.2538 38.358 127.667 87.513
-882.06 405.707 19.245 38.355 127.665 87.504
-881.369 404.984 19.2362 38.351 127.665 87.502
-880.677 404.262 19.2275 38.347 127.664 87.497
-879.986 403.539 19.2187 38.345 127.665 87.492
-879.295 402.816 19.2099 38.343 127.665 87.49
-878.604 402.094 19.2012 38.343 127.665 87.49
-877.913 401.371 19.1924 38.339 127.664 87.488
-877.222 400.648 19.1836 38.341 127.667 87.49
-876.53 399.926 19.1749 38.344 127.669 87.496
-875.839 399.203 19.1661 38.344 127.669 87.496
-875.148 398.481 19.1573 38.346 127.673 87.499
-874.457 397.758 19.1485 38.349 127.676 87.504
-873.766 397.035 19.1398 38.347 127.677 87.504
-873.074 396.313 19.131 38.347 127.677 87.504
-872.383 395.59 19.1222 38.344 127.681 87.505
-871.692 394.867 19.1135 38.341 127.684 87.508
-871.001 394.145 19.1047 38.341 127.684 87.508
-870.31 393.422 19.0959 38.341 127.686 87.508
-869.618 392.7 19.0872 38.337 127.682 87.501
-868.927 391.977 19.0784 38.33 127.673 87.49
-868.236 391.254 19.0696 38.325 127.666 87.485
-867.545 390.532 19.0609 38.325 127.666 87.485
-866.854 389.809 19.0521 38.32 127.664 87.481
-866.163 389.086 19.0433 38.32 127.664 87.481
-865.471 388.364 19.0346 38.32 127.664 87.481
-864.78 387.641 19.0258 38.32 127.664 87.481
-864.089 386.919 19.017 38.32 127.664 87.481
-863.398 386.196 19.0083 38.32 127.664 87.481
-862.707 385.473 18.9995 38.32 127.664 87.481
