1
-836.738 348.145 -105.873 72.678 121.836 116.127
-837.437 348.86 -105.862 72.678 121.836 116.127
-838.136 349.575 -105.852 72.678 121.836 116.127
-838.835 350.29 -105.841 72.678 121.836 116.127
-839.534 351.006 -105.83 72.678 121.836 116.127
-840.232 351.721 -105.82 72.678 121.836 116.127
-840.931 352.436 -105.809 72.678 121.836 116.127
-841.63 353.151 -105.798 72.678 121.836 116.127
-842.329 353.866 -105.788 72.678 121.836 116.127
-843.028 354.582 -105.777 72.678 121.836 116.127
-843.727 355.297 -105.766 72.889 121.744 116.244
-844.425 356.012 -105.756 72.889 121.744 116.244
-845.124 356.727 -105.745 73.101 121.651 116.351
-845.823 357.442 -105.734 73.305 121.568 116.466
-846.522 358.158 -105.724 73.305 121.568 116.466
-847.221 358.873 -105.713 73.508 121.479 116.561
-847.92 359.588 -105.702 73.739 121.379 116.691
-848.619 360.303 -105.692 73.739 121.379 116.691
-849.317 361.018 -105.681 73.941 121.29 116.787
-850.016 361.733 -105.67 74.12 121.214 116.883
-850.715 362.449 -105.66 74.298 121.133 116.96
-851.414 363.164 -105.649 74.298 121.133 116.96
-852.113 363.879 -105.638 74.474 121.058 117.064
-852.812 364.594 -105.627 74.634 120.985 117.136
-853.511 365.309 -105.617 74.843 120.895 117.25
-854.209 366.025 -105.606 74.843 120.895 117.25
-854.908 366.74 -105.595 75.044 120.8 117.337
-855.607 367.455 -105.585 75.044 120.8 117.337
-856.306 368.17 -105.574 75.044 120.8 117.337
-857.005 368.885 -105.563 75.044 120.8 117.337
-857.704 369.601 -105.553 75.044 120.8 117.337
-858.402 370.316 -105.542 75.044 120.8 117.337
-859.101 371.031 -105.531 75.044 120.8 117.337
-859.8 371.746 -105.521 75.044 120.8 117.337
-860.499 372.461 -105.51 75.044 120.8 117.337
-861.198 373.176 -105.499 75.044 120.8 117.337
-861.897 373.892 -105.489 75.044 120.8 117.337
-862.596 374.607 -105.478 75.044 120.8 117.337
-863.294 375.322 -105.467 75.044 120.8 117.337
-863.993 376.037 -105.457 75.044 120.8 117.337
-864.692 376.752 -105.446 75.044 120.8 117.337
2
-837.107 349.674 -105.67 72.696 121.826 116.131
-837.807 350.389 -105.662 72.696 121.826 116.131
-838.506 351.104 -105.654 72.696 121.826 116.131
-839.205 351.819 -105.645 72.696 121.826 116.131
-839.904 352.533 -105.637 72.696 121.826 116.131
-840.604 353.248 -105.629 72.696 121.826 116.131
-841.303 353.963 -105.62 72.696 121.826 116.131
-842.002 354.678 -105.612 72.696 121.826 116.131
-842.701 355.393 -105.604 72.696 121.826 116.131
-843.401 356.108 -105.595 72.887 121.742 116.236
-844.1 356.823 -105.587 73.051 121.669 116.317
-844.799 357.537 -105.579 73.051 121.669 116.317
-845.498 358.252 -105.57 73.252 121.589 116.433
-846.197 358.967 -105.562 73.433 121.514 116.525
-846.897 359.682 -105.554 73.614 121.438 116.626
-847.596 360.397 -105.545 73.614 121.438 116.626
-848.295 361.112 -105.537 73.842 121.336 116.744
-848.994 361.826 -105.529 74.02 121.259 116.836
-849.694 362.541 -105.52 74.198 121.181 116.92
-850.393 363.256 -105.512 74.198 121.181 116.92
-851.092 363.971 -105.504 74.373 121.101 117.002
-851.791 364.686 -105.495 74.59 121.006 117.115
-852.491 365.401 -105.487 74.59 121.006 117.115
-853.19 366.116 -105.479 74.783 120.921 117.21
-853.889 366.83 -105.471 74.972 120.831 117.29
-854.588 367.545 -105.462 74.972 120.831 117.29
-855.287 368.26 -105.454 74.972 120.831 117.29
-855.987 368.975 -105.446 74.972 120.831 117.29
-856.686 369.69 -105.437 74.972 120.831 117.29
-857.385 370.405 -105.429 74.972 120.831 117.29
-858.084 371.119 -105.421 74.972 120.831 117.29
-858.784 371.834 -105.412 74.972 120.831 117.29
-859.483 372.549 -105.404 74.972 120.831 117.29
-860.182 373.264 -105.396 74.972 120.831 117.29
-860.881 373.979 -105.387 74.972 120.831 117.29
-861.581 374.694 -105.379 74.972 120.831 117.29
-862.28 375.409 -105.371 74.972 120.831 117.29
-862.979 376.123 -105.362 74.972 120.831 117.29
-863.678 376.838 -105.354 74.972 120.831 117.29
-864.378 377.553 -105.346 74.972 120.831 117.29
-865.077 378.268 -105.337 74.972 120.831 117.29
3
-836.067 347.134 -105.826 72.868 121.755 116.23
-836.758 347.856 -105.797 72.868 121.755 116.23
-837.449 348.578 -105.769 72.868 121.755 116.23
-838.141 349.3 -105.74 72.868 121.755 116.23
-838.832 350.021 -105.711 72.868 121.755 116.23
-839.524 350.743 -105.682 72.868 121.755 116.23
-840.215 351.465 -105.654 72.868 121.755 116.23
-840.906 352.187 -105.625 72.868 121.755 116.23
-841.598 352.909 -105.596 72.868 121.755 116.23
-842.289 353.631 -105.567 72.868 121.755 116.23
-842.981 354.353 -105.539 72.868 121.755 116.23
-843.672 355.075 -105.51 72.868 121.755 116.23
-844.363 355.797 -105.481 72.868 121.755 116.23
-845.055 356.519 -105.452 73.083 121.658 116.343
-845.746 357.24 -105.424 73.292 121.568 116.458
-846.438 357.962 -105.395 73.292 121.568 116.458
-847.129 358.684 -105.366 73.51 121.477 116.57
-847.82 359.406 -105.337 73.734 121.386 116.695
-848.512 360.128 -105.309 73.734 121.386 116.695
-849.203 360.85 -105.28 73.893 121.313 116.772
-849.895 361.572 -105.251 74.114 121.212 116.88
-850.586 362.294 -105.222 74.321 121.119 116.973
-851.277 363.016 -105.194 74.321 121.119 116.973
-851.969 363.737 -105.165 74.541 121.025 117.094
-852.66 364.459 -105.136 74.722 120.946 117.184
-853.352 365.181 -105.107 74.722 120.946 117.184
-854.043 365.903 -105.079 74.92 120.857 117.278
-854.734 366.625 -105.05 74.92 120.857 117.278
-855.426 367.347 -105.021 74.92 120.857 117.278
-856.117 368.069 -104.992 74.92 120.857 117.278
-856.809 368.791 -104.964 74.92 120.857 117.278
-857.5 369.513 -104.935 74.92 120.857 117.278
-858.192 370.235 -104.906 74.92 120.857 117.278
-858.883 370.956 -104.878 74.92 120.857 117.278
-859.574 371.678 -104.849 74.92 120.857 117.278
-860.266 372.4 -104.82 74.92 120.857 117.278
-860.957 373.122 -104.791 74.92 120.857 117.278
-861.649 373.844 -104.763 74.92 120.857 117.278
-862.34 374.566 -104.734 74.92 120.857 117.278
-863.031 375.288 -104.705 74.92 120.857 117.278
-863.723 376.01 -104.676 74.92 120.857 117.278
4
-837.346 348.056 -105.714 72.893 121.745 116.239
-838.033 348.782 -105.696 72.893 121.745 116.239
-838.721 349.507 -105.679 72.893 121.745 116.239
-839.409 350.233 -105.661 72.893 121.745 116.239
-840.096 350.959 -105.643 72.893 121.745 116.239
-840.784 351.685 -105.626 72.893 121.745 116.239
-841.471 352.411 -105.608 72.893 121.745 116.239
-842.159 353.137 -105.591 72.893 121.745 116.239
-842.847 353.862 -105.573 72.893 121.745 116.239
-843.534 354.588 -105.555 72.893 121.745 116.239
-844.222 355.314 -105.538 72.893 121.745 116.239
-844.91 356.04 -105.52 73.112 121.646 116.353
-845.597 356.766 -105.502 73.112 121.646 116.353
-846.285 357.492 -105.485 73.292 121.568 116.453
-846.973 358.218 -105.467 73.48 121.492 116.555
-847.66 358.943 -105.449 73.702 121.402 116.68
-848.348 359.669 -105.432 73.702 121.402 116.68
-849.035 360.395 -105.414 73.957 121.286 116.806
-849.723 361.121 -105.397 73.957 121.286 116.806
-850.411 361.847 -105.379 74.145 121.2 116.897
-851.098 362.573 -105.361 74.323 121.121 116.976
-851.786 363.298 -105.344 74.515 121.038 117.081
-852.474 364.024 -105.326 74.515 121.038 117.081
-853.161 364.75 -105.308 74.721 120.946 117.178
-853.849 365.476 -105.291 74.919 120.857 117.273
-854.537 366.202 -105.273 74.919 120.857 117.273
-855.224 366.928 -105.255 74.919 120.857 117.273
-855.912 367.653 -105.238 74.919 120.857 117.273
-856.599 368.379 -105.22 74.919 120.857 117.273
-857.287 369.105 -105.203 74.919 120.857 117.273
-857.975 369.831 -105.185 74.919 120.857 117.273
-858.662 370.557 -105.167 74.919 120.857 117.273
-859.35 371.283 -105.15 74.919 120.857 117.273
-860.038 372.009 -105.132 74.919 120.857 117.273
-860.725 372.734 -105.114 74.919 120.857 117.273
-861.413 373.46 -105.097 74.919 120.857 117.273
-862.101 374.186 -105.079 74.919 120.857 117.273
-862.788 374.912 -105.061 74.919 120.857 117.273
-863.476 375.638 -105.044 74.919 120.857 117.273
-864.163 376.364 -105.026 74.919 120.857 117.273
-864.851 377.089 -105.009 74.919 120.857 117.273
5
-837.189 348.722 -105.481 72.892 121.744 116.237
-837.894 349.43 -105.451 72.892 121.744 116.237
-838.599 350.139 -105.422 72.892 121.744 116.237
-839.305 350.847 -105.392 72.892 121.744 116.237
-840.01 351.555 -105.363 72.892 121.744 116.237
-840.715 352.264 -105.333 72.892 121.744 116.237
-841.42 352.972 -105.304 72.892 121.744 116.237
-842.125 353.68 -105.274 72.892 121.744 116.237
-842.831 354.389 -105.244 72.892 121.744 116.237
-843.536 355.097 -105.215 72.892 121.744 116.237
-844.241 355.805 -105.185 72.892 121.744 116.237
-844.946 356.514 -105.156 73.083 121.659 116.339
-845.652 357.222 -105.126 73.291 121.568 116.452
-846.357 357.931 -105.097 73.291 121.568 116.452
-847.062 358.639 -105.067 73.51 121.479 116.571
-847.767 359.347 -105.038 73.831 121.345 116.747
-848.473 360.056 -105.008 73.831 121.345 116.747
-849.178 360.764 -104.978 74.021 121.257 116.838
-849.883 361.472 -104.949 74.021 121.257 116.838
-850.588 362.181 -104.919 74.207 121.173 116.927
-851.293 362.889 -104.89 74.406 121.084 117.018
-851.999 363.598 -104.86 74.62 120.991 117.132
-852.704 364.306 -104.831 74.62 120.991 117.132
-853.409 365.014 -104.801 74.837 120.894 117.237
-854.114 365.723 -104.772 74.837 120.894 117.237
-854.82 366.431 -104.742 74.837 120.894 117.237
-855.525 367.139 -104.713 74.837 120.894 117.237
-856.23 367.848 -104.683 74.837 120.894 117.237
-856.935 368.556 -104.653 74.837 120.894 117.237
-857.64 369.265 -104.624 74.837 120.894 117.237
-858.346 369.973 -104.594 74.837 120.894 117.237
-859.051 370.681 -104.565 74.837 120.894 117.237
-859.756 371.39 -104.535 74.837 120.894 117.237
-860.461 372.098 -104.506 74.837 120.894 117.237
-861.167 372.806 -104.476 74.837 120.894 117.237
-861.872 373.515 -104.447 74.837 120.894 117.237
-862.577 374.223 -104.417 74.837 120.894 117.237
-863.282 374.931 -104.388 74.837 120.894 117.237
-863.987 375.64 -104.358 74.837 120.894 117.237
-864.693 376.348 -104.328 74.837 120.894 117.237
-865.398 377.057 -104.299 74.837 120.894 117.237
6
-837.903 348.391 -105.753 73.141 121.633 116.373
-838.576 349.129 -105.728 73.141 121.633 116.373
-839.25 349.868 -105.703 73.141 121.633 116.373
-839.923 350.607 -105.678 73.141 121.633 116.373
-840.597 351.346 -105.653 73.141 121.633 116.373
-841.27 352.085 -105.628 73.141 121.633 116.373
-841.944 352.823 -105.603 73.141 121.633 116.373
-842.617 353.562 -105.578 73.141 121.633 116.373
-843.29 354.301 -105.553 73.141 121.633 116.373
-843.964 355.04 -105.529 73.141 121.633 116.373
-844.637 355.779 -105.504 73.141 121.633 116.373
-845.311 356.518 -105.479 73.141 121.633 116.373
-845.984 357.256 -105.454 73.354 121.542 116.49
-846.658 357.995 -105.429 73.354 121.542 116.49
-847.331 358.734 -105.404 73.541 121.463 116.582
-848.005 359.473 -105.379 73.797 121.357 116.723
-848.678 360.212 -105.354 73.797 121.357 116.723
-849.351 360.95 -105.329 74.052 121.24 116.845
-850.025 361.689 -105.304 74.052 121.24 116.845
-850.698 362.428 -105.279 74.234 121.156 116.935
-851.372 363.167 -105.255 74.462 121.059 117.051
-852.045 363.906 -105.23 74.462 121.059 117.051
-852.719 364.644 -105.205 74.645 120.98 117.149
-853.392 365.383 -105.18 74.839 120.896 117.247
-854.066 366.122 -105.155 74.839 120.896 117.247
-854.739 366.861 -105.13 74.839 120.896 117.247
-855.413 367.6 -105.105 74.839 120.896 117.247
-856.086 368.339 -105.08 74.839 120.896 117.247
-856.759 369.077 -105.055 74.839 120.896 117.247
-857.433 369.816 -105.03 74.839 120.896 117.247
-858.106 370.555 -105.005 74.839 120.896 117.247
-858.78 371.294 -104.981 74.839 120.896 117.247
-859.453 372.033 -104.956 74.839 120.896 117.247
-860.127 372.771 -104.931 74.839 120.896 117.247
-860.8 373.51 -104.906 74.839 120.896 117.247
-861.474 374.249 -104.881 74.839 120.896 117.247
-862.147 374.988 -104.856 74.839 120.896 117.247
-862.82 375.727 -104.831 74.839 120.896 117.247
-863.494 376.466 -104.806 74.839 120.896 117.247
-864.167 377.204 -104.781 74.839 120.896 117.247
-864.841 377.943 -104.756 74.839 120.896 117.247
7
-838.366 348.042 -105.658 73.11 121.648 116.352
-839.054 348.767 -105.634 73.11 121.648 116.352
-839.742 349.493 -105.61 73.11 121.648 116.352
-840.43 350.218 -105.586 73.11 121.648 116.352
-841.118 350.943 -105.562 73.11 121.648 116.352
-841.806 351.668 -105.538 73.11 121.648 116.352
-842.494 352.394 -105.514 73.11 121.648 116.352
-843.182 353.119 -105.49 73.11 121.648 116.352
-843.87 353.844 -105.466 73.11 121.648 116.352
-844.558 354.57 -105.442 73.11 121.648 116.352
-845.246 355.295 -105.418 73.11 121.648 116.352
-845.934 356.02 -105.394 73.11 121.648 116.352
-846.622 356.746 -105.37 73.356 121.545 116.49
-847.31 357.471 -105.346 73.356 121.545 116.49
-847.998 358.196 -105.322 73.576 121.456 116.606
-848.686 358.922 -105.298 73.8 121.363 116.734
-849.374 359.647 -105.274 73.8 121.363 116.734
-850.062 360.372 -105.25 74.023 121.259 116.837
-850.75 361.098 -105.226 74.238 121.16 116.937
-851.438 361.823 -105.202 74.238 121.16 116.937
-852.126 362.548 -105.177 74.407 121.086 117.02
-852.814 363.274 -105.153 74.644 120.982 117.141
-853.502 363.999 -105.129 74.644 120.982 117.141
-854.19 364.724 -105.105 74.838 120.895 117.238
-854.878 365.449 -105.081 74.838 120.895 117.238
-855.566 366.175 -105.057 74.838 120.895 117.238
-856.254 366.9 -105.033 74.838 120.895 117.238
-856.942 367.625 -105.009 74.838 120.895 117.238
-857.63 368.351 -104.985 74.838 120.895 117.238
-858.318 369.076 -104.961 74.838 120.895 117.238
-859.006 369.801 -104.937 74.838 120.895 117.238
-859.694 370.527 -104.913 74.838 120.895 117.238
-860.382 371.252 -104.889 74.838 120.895 117.238
-861.07 371.977 -104.865 74.838 120.895 117.238
-861.758 372.703 -104.841 74.838 120.895 117.238
-862.446 373.428 -104.817 74.838 120.895 117.238
-863.134 374.153 -104.793 74.838 120.895 117.238
-863.822 374.879 -104.769 74.838 120.895 117.238
-864.51 375.604 -104.745 74.838 120.895 117.238
-865.198 376.329 -104.721 74.838 120.895 117.238
-865.886 377.055 -104.696 74.838 120.895 117.238
8
-839.594 347.23 -105.644 73.084 121.66 116.344
-840.281 347.957 -105.629 73.084 121.66 116.344
-840.968 348.683 -105.613 73.084 121.66 116.344
-841.654 349.41 -105.598 73.084 121.66 116.344
-842.341 350.137 -105.583 73.084 121.66 116.344
-843.028 350.863 -105.568 73.084 121.66 116.344
-843.715 351.59 -105.553 73.084 121.66 116.344
-844.402 352.316 -105.537 73.084 121.66 116.344
-845.089 353.043 -105.522 73.084 121.66 116.344
-845.776 353.77 -105.507 73.084 121.66 116.344
-846.463 354.496 -105.492 73.084 121.66 116.344
-847.149 355.223 -105.476 73.292 121.569 116.457
-847.836 355.949 -105.461 73.292 121.569 116.457
-848.523 356.676 -105.446 73.51 121.479 116.572
-849.21 357.403 -105.431 73.766 121.373 116.712
-849.897 358.129 -105.415 73.766 121.373 116.712
-850.584 358.856 -105.4 74.021 121.256 116.832
-851.271 359.582 -105.385 74.021 121.256 116.832
-851.958 360.309 -105.37 74.235 121.158 116.936
-852.645 361.036 -105.355 74.462 121.06 117.047
-853.331 361.762 -105.339 74.462 121.06 117.047
-854.018 362.489 -105.324 74.67 120.969 117.157
-854.705 363.216 -105.309 74.839 120.895 117.241
-855.392 363.942 -105.294 74.839 120.895 117.241
-856.079 364.669 -105.278 74.839 120.895 117.241
-856.766 365.395 -105.263 74.839 120.895 117.241
-857.453 366.122 -105.248 74.839 120.895 117.241
-858.14 366.849 -105.233 74.839 120.895 117.241
-858.826 367.575 -105.217 74.839 120.895 117.241
-859.513 368.302 -105.202 74.839 120.895 117.241
-860.2 369.028 -105.187 74.839 120.895 117.241
-860.887 369.755 -105.172 74.839 120.895 117.241
-861.574 370.482 -105.157 74.839 120.895 117.241
-862.261 371.208 -105.141 74.839 120.895 117.241
-862.948 371.935 -105.126 74.839 120.895 117.241
-863.635 372.661 -105.111 74.839 120.895 117.241
-864.322 373.388 -105.096 74.839 120.895 117.241
-865.008 374.115 -105.08 74.839 120.895 117.241
-865.695 374.841 -105.065 74.839 120.895 117.241
-866.382 375.568 -105.05 74.839 120.895 117.241
-867.069 376.294 -105.035 74.839 120.895 117.241
9
-838.941 348.955 -105.962 73.084 121.66 116.343
-839.629 349.681 -105.934 73.084 121.66 116.343
-840.316 350.407 -105.906 73.084 121.66 116.343
-841.003 351.133 -105.878 73.084 121.66 116.343
-841.691 351.859 -105.85 73.084 121.66 116.343
-842.378 352.585 -105.822 73.084 121.66 116.343
-843.065 353.31 -105.794 73.084 121.66 116.343
-843.753 354.036 -105.766 73.084 121.66 116.343
-844.44 354.762 -105.737 73.084 121.66 116.343
-845.127 355.488 -105.709 73.084 121.66 116.343
-845.814 356.214 -105.681 73.084 121.66 116.343
-846.502 356.94 -105.653 73.293 121.569 116.457
-847.189 357.665 -105.625 73.48 121.491 116.557
-847.876 358.391 -105.597 73.67 121.415 116.661
-848.564 359.117 -105.569 73.67 121.415 116.661
-849.251 359.843 -105.541 73.863 121.331 116.757
-849.938 360.569 -105.513 74.022 121.257 116.833
-850.626 361.295 -105.485 74.235 121.158 116.935
-851.313 362.02 -105.457 74.235 121.158 116.935
-852 362.746 -105.429 74.407 121.082 117.017
-852.687 363.472 -105.4 74.621 120.992 117.134
-853.375 364.198 -105.372 74.621 120.992 117.134
-854.062 364.924 -105.344 74.792 120.916 117.217
-854.749 365.65 -105.316 74.972 120.833 117.297
-855.437 366.375 -105.288 74.972 120.833 117.297
-856.124 367.101 -105.26 74.972 120.833 117.297
-856.811 367.827 -105.232 74.972 120.833 117.297
-857.498 368.553 -105.204 74.972 120.833 117.297
-858.186 369.279 -105.176 74.972 120.833 117.297
-858.873 370.005 -105.148 74.972 120.833 117.297
-859.56 370.73 -105.12 74.972 120.833 117.297
-860.248 371.456 -105.092 74.972 120.833 117.297
-860.935 372.182 -105.063 74.972 120.833 117.297
-861.622 372.908 -105.035 74.972 120.833 117.297
-862.31 373.634 -105.007 74.972 120.833 117.297
-862.997 374.36 -104.979 74.972 120.833 117.297
-863.684 375.085 -104.951 74.972 120.833 117.297
-864.371 375.811 -104.923 74.972 120.833 117.297
-865.059 376.537 -104.895 74.972 120.833 117.297
-865.746 377.263 -104.867 74.972 120.833 117.297
-866.433 377.989 -104.839 74.972 120.833 117.297
10
-836.413 350.014 -105.82 72.943 121.723 116.268
-837.107 350.734 -105.804 72.943 121.723 116.268
-837.802 351.453 -105.789 72.943 121.723 116.268
-838.496 352.172 -105.773 72.943 121.723 116.268
-839.191 352.892 -105.758 72.943 121.723 116.268
-839.885 353.611 -105.742 72.943 121.723 116.268
-840.58 354.33 -105.727 72.943 121.723 116.268
-841.274 355.05 -105.711 72.943 121.723 116.268
-841.969 355.769 -105.696 72.943 121.723 116.268
-842.663 356.488 -105.68 72.943 121.723 116.268
-843.358 357.208 -105.665 72.943 121.723 116.268
-844.052 357.927 -105.649 73.14 121.632 116.366
-844.747 358.646 -105.634 73.14 121.632 116.366
-845.441 359.366 -105.618 73.324 121.555 116.472
-846.136 360.085 -105.603 73.542 121.465 116.586
-846.83 360.804 -105.587 73.542 121.465 116.586
-847.525 361.524 -105.571 73.733 121.388 116.696
-848.219 362.243 -105.556 73.925 121.302 116.79
-848.914 362.963 -105.54 74.084 121.229 116.868
-849.608 363.682 -105.525 74.265 121.145 116.95
-850.303 364.401 -105.509 74.265 121.145 116.95
-850.997 365.121 -105.494 74.46 121.061 117.05
-851.692 365.84 -105.478 74.644 120.981 117.145
-852.386 366.559 -105.463 74.644 120.981 117.145
-853.081 367.279 -105.447 74.862 120.885 117.251
-853.775 367.998 -105.432 74.862 120.885 117.251
-854.47 368.717 -105.416 74.862 120.885 117.251
-855.164 369.437 -105.401 74.862 120.885 117.251
-855.858 370.156 -105.385 74.862 120.885 117.251
-856.553 370.875 -105.37 74.862 120.885 117.251
-857.247 371.595 -105.354 74.862 120.885 117.251
-857.942 372.314 -105.339 74.862 120.885 117.251
-858.636 373.033 -105.323 74.862 120.885 117.251
-859.331 373.753 -105.308 74.862 120.885 117.251
-860.025 374.472 -105.292 74.862 120.885 117.251
-860.72 375.191 -105.277 74.862 120.885 117.251
-861.414 375.911 -105.261 74.862 120.885 117.251
-862.109 376.63 -105.245 74.862 120.885 117.251
-862.803 377.349 -105.23 74.862 120.885 117.251
-863.498 378.069 -105.214 74.862 120.885 117.251
-864.192 378.788 -105.199 74.862 120.885 117.251
11
-834.053 351.609 -105.998 72.744 121.806 116.156
-834.761 352.314 -105.971 72.744 121.806 116.156
-835.469 353.02 -105.945 72.744 121.806 116.156
-836.178 353.725 -105.919 72.744 121.806 116.156
-836.886 354.43 -105.893 72.744 121.806 116.156
-837.594 355.136 -105.867 72.744 121.806 116.156
-838.303 355.841 -105.841 72.744 121.806 116.156
-839.011 356.547 -105.815 72.744 121.806 116.156
-839.719 357.252 -105.789 72.744 121.806 116.156
-840.428 357.957 -105.763 72.744 121.806 116.156
-841.136 358.663 -105.737 72.744 121.806 116.156
-841.844 359.368 -105.711 72.918 121.734 116.253
-842.552 360.074 -105.685 73.082 121.659 116.337
-843.261 360.779 -105.659 73.082 121.659 116.337
-843.969 361.484 -105.633 73.292 121.568 116.454
-844.677 362.19 -105.606 73.48 121.491 116.555
-845.386 362.895 -105.58 73.703 121.402 116.68
-846.094 363.601 -105.554 73.703 121.402 116.68
-846.802 364.306 -105.528 73.957 121.287 116.805
-847.511 365.011 -105.502 73.957 121.287 116.805
-848.219 365.717 -105.476 74.206 121.173 116.927
-848.927 366.422 -105.45 74.206 121.173 116.927
-849.636 367.128 -105.424 74.435 121.072 117.033
-850.344 367.833 -105.398 74.671 120.97 117.154
-851.052 368.538 -105.372 74.671 120.97 117.154
-851.761 369.244 -105.346 74.838 120.895 117.238
-852.469 369.949 -105.32 74.838 120.895 117.238
-853.177 370.655 -105.294 74.838 120.895 117.238
-853.886 371.36 -105.267 74.838 120.895 117.238
-854.594 372.065 -105.241 74.838 120.895 117.238
-855.302 372.771 -105.215 74.838 120.895 117.238
-856.011 373.476 -105.189 74.838 120.895 117.238
-856.719 374.182 -105.163 74.838 120.895 117.238
-857.427 374.887 -105.137 74.838 120.895 117.238
-858.136 375.592 -105.111 74.838 120.895 117.238
-858.844 376.298 -105.085 74.838 120.895 117.238
-859.552 377.003 -105.059 74.838 120.895 117.238
-860.261 377.709 -105.033 74.838 120.895 117.238
-860.969 378.414 -105.007 74.838 120.895 117.238
-861.677 379.119 -104.981 74.838 120.895 117.238
-862.386 379.825 -104.955 74.838 120.895 117.238
12
-837.513 347.448 -105.737 72.768 121.796 116.167
-838.191 348.182 -105.714 72.768 121.796 116.167
-838.87 348.916 -105.691 72.768 121.796 116.167
-839.549 349.65 -105.668 72.768 121.796 116.167
-840.227 350.384 -105.645 72.768 121.796 116.167
-840.906 351.119 -105.622 72.768 121.796 116.167
-841.584 351.853 -105.598 72.768 121.796 116.167
-842.263 352.587 -105.575 72.768 121.796 116.167
-842.941 353.321 -105.552 72.768 121.796 116.167
-843.62 354.055 -105.529 72.768 121.796 116.167
-844.299 354.789 -105.506 72.768 121.796 116.167
-844.977 355.524 -105.483 72.973 121.71 116.282
-845.656 356.258 -105.46 73.172 121.62 116.384
-846.334 356.992 -105.437 73.172 121.62 116.384
-847.013 357.726 -105.414 73.418 121.518 116.523
-847.691 358.46 -105.391 73.64 121.428 116.645
-848.37 359.194 -105.368 73.64 121.428 116.645
-849.049 359.929 -105.345 73.895 121.316 116.776
-849.727 360.663 -105.322 74.085 121.229 116.87
-850.406 361.397 -105.299 74.085 121.229 116.87
-851.084 362.131 -105.276 74.295 121.133 116.963
-851.763 362.865 -105.253 74.489 121.049 117.065
-852.442 363.599 -105.23 74.489 121.049 117.065
-853.12 364.334 -105.207 74.722 120.946 117.178
-853.799 365.068 -105.184 74.88 120.876 117.258
-854.477 365.802 -105.161 74.88 120.876 117.258
-855.156 366.536 -105.138 74.88 120.876 117.258
-855.834 367.27 -105.114 74.88 120.876 117.258
-856.513 368.004 -105.091 74.88 120.876 117.258
-857.192 368.739 -105.068 74.88 120.876 117.258
-857.87 369.473 -105.045 74.88 120.876 117.258
-858.549 370.207 -105.022 74.88 120.876 117.258
-859.227 370.941 -104.999 74.88 120.876 117.258
-859.906 371.675 -104.976 74.88 120.876 117.258
-860.584 372.409 -104.953 74.88 120.876 117.258
-861.263 373.144 -104.93 74.88 120.876 117.258
-861.942 373.878 -104.907 74.88 120.876 117.258
-862.62 374.612 -104.884 74.88 120.876 117.258
-863.299 375.346 -104.861 74.88 120.876 117.258
-863.977 376.08 -104.838 74.88 120.876 117.258
-864.656 376.814 -104.815 74.88 120.876 117.258
13
-835.861 352.438 -105.963 72.972 121.711 116.29
-836.573 353.141 -105.946 72.972 121.711 116.29
-837.284 353.843 -105.929 72.972 121.711 116.29
-837.996 354.546 -105.912 72.972 121.711 116.29
-838.707 355.248 -105.895 72.972 121.711 116.29
-839.419 355.951 -105.879 72.972 121.711 116.29
-840.13 356.653 -105.862 72.972 121.711 116.29
-840.842 357.355 -105.845 72.972 121.711 116.29
-841.553 358.058 -105.828 72.972 121.711 116.29
-842.265 358.76 -105.811 72.972 121.711 116.29
-842.976 359.463 -105.794 72.972 121.711 116.29
-843.688 360.165 -105.778 73.172 121.62 116.391
-844.399 360.868 -105.761 73.417 121.517 116.521
-845.111 361.57 -105.744 73.417 121.517 116.521
-845.822 362.273 -105.727 73.638 121.426 116.639
-846.534 362.975 -105.71 73.638 121.426 116.639
-847.245 363.678 -105.693 73.893 121.313 116.769
-847.957 364.38 -105.676 74.083 121.226 116.861
-848.668 365.083 -105.66 74.083 121.226 116.861
-849.38 365.785 -105.643 74.378 121.094 117.004
-850.091 366.488 -105.626 74.378 121.094 117.004
-850.803 367.19 -105.609 74.621 120.992 117.137
-851.514 367.893 -105.592 74.816 120.906 117.234
-852.226 368.595 -105.575 74.816 120.906 117.234
-852.937 369.298 -105.558 74.973 120.833 117.298
-853.649 370 -105.542 74.973 120.833 117.298
-854.36 370.703 -105.525 74.973 120.833 117.298
-855.072 371.405 -105.508 74.973 120.833 117.298
-855.783 372.108 -105.491 74.973 120.833 117.298
-856.495 372.81 -105.474 74.973 120.833 117.298
-857.206 373.513 -105.457 74.973 120.833 117.298
-857.918 374.215 -105.44 74.973 120.833 117.298
-858.629 374.918 -105.424 74.973 120.833 117.298
-859.341 375.62 -105.407 74.973 120.833 117.298
-860.052 376.323 -105.39 74.973 120.833 117.298
-860.764 377.025 -105.373 74.973 120.833 117.298
-861.475 377.727 -105.356 74.973 120.833 117.298
-862.187 378.43 -105.339 74.973 120.833 117.298
-862.898 379.132 -105.323 74.973 120.833 117.298
-863.61 379.835 -105.306 74.973 120.833 117.298
-864.321 380.537 -105.289 74.973 120.833 117.298
14
-839.037 347.841 -105.964 73.111 121.646 116.353
-839.724 348.567 -105.939 73.111 121.646 116.353
-840.411 349.294 -105.913 73.111 121.646 116.353
-841.098 350.02 -105.887 73.111 121.646 116.353
-841.785 350.746 -105.861 73.111 121.646 116.353
-842.472 351.472 -105.835 73.111 121.646 116.353
-843.159 352.198 -105.81 73.111 121.646 116.353
-843.846 352.925 -105.784 73.111 121.646 116.353
-844.533 353.651 -105.758 73.111 121.646 116.353
-845.22 354.377 -105.732 73.111 121.646 116.353
-845.907 355.103 -105.707 73.111 121.646 116.353
-846.594 355.829 -105.681 73.292 121.57 116.456
-847.281 356.556 -105.655 73.292 121.57 116.456
-847.968 357.282 -105.629 73.542 121.467 116.589
-848.655 358.008 -105.604 73.542 121.467 116.589
-849.342 358.734 -105.578 73.799 121.361 116.733
-850.029 359.46 -105.552 73.988 121.272 116.82
-850.716 360.187 -105.526 73.988 121.272 116.82
-851.403 360.913 -105.5 74.175 121.187 116.912
-852.09 361.639 -105.475 74.349 121.107 116.989
-852.777 362.365 -105.449 74.568 121.014 117.104
-853.464 363.092 -105.423 74.568 121.014 117.104
-854.151 363.818 -105.397 74.768 120.925 117.202
-854.838 364.544 -105.372 74.973 120.833 117.293
-855.525 365.27 -105.346 74.973 120.833 117.293
-856.212 365.996 -105.32 74.973 120.833 117.293
-856.899 366.723 -105.294 74.973 120.833 117.293
-857.586 367.449 -105.268 74.973 120.833 117.293
-858.273 368.175 -105.243 74.973 120.833 117.293
-858.96 368.901 -105.217 74.973 120.833 117.293
-859.647 369.627 -105.191 74.973 120.833 117.293
-860.334 370.354 -105.165 74.973 120.833 117.293
-861.021 371.08 -105.14 74.973 120.833 117.293
-861.708 371.806 -105.114 74.973 120.833 117.293
-862.395 372.532 -105.088 74.973 120.833 117.293
-863.082 373.258 -105.062 74.973 120.833 117.293
-863.769 373.985 -105.037 74.973 120.833 117.293
-864.456 374.711 -105.011 74.973 120.833 117.293
-865.143 375.437 -104.985 74.973 120.833 117.293
-865.83 376.163 -104.959 74.973 120.833 117.293
-866.517 376.889 -104.933 74.973 120.833 117.293
15
-837.263 348.792 -105.835 72.893 121.745 116.24
-837.967 349.502 -105.814 72.893 121.745 116.24
-838.671 350.212 -105.792 72.893 121.745 116.24
-839.375 350.922 -105.77 72.893 121.745 116.24
-840.079 351.632 -105.749 72.893 121.745 116.24
-840.783 352.342 -105.727 72.893 121.745 116.24
-841.486 353.052 -105.705 72.893 121.745 116.24
-842.19 353.762 -105.684 72.893 121.745 116.24
-842.894 354.472 -105.662 72.893 121.745 116.24
-843.598 355.182 -105.64 72.893 121.745 116.24
-844.302 355.892 -105.619 72.893 121.745 116.24
-845.006 356.602 -105.597 73.141 121.633 116.369
-845.71 357.312 -105.575 73.141 121.633 116.369
-846.414 358.022 -105.554 73.324 121.556 116.473
-847.117 358.732 -105.532 73.543 121.467 116.589
-847.821 359.442 -105.51 73.767 121.374 116.715
-848.525 360.152 -105.489 73.767 121.374 116.715
-849.229 360.862 -105.467 73.957 121.287 116.806
-849.933 361.572 -105.445 74.146 121.2 116.898
-850.637 362.282 -105.424 74.146 121.2 116.898
-851.341 362.992 -105.402 74.35 121.108 116.989
-852.045 363.702 -105.38 74.541 121.026 117.092
-852.749 364.412 -105.359 74.721 120.947 117.178
-853.452 365.122 -105.337 74.721 120.947 117.178
-854.156 365.832 -105.315 74.899 120.866 117.265
-854.86 366.542 -105.294 74.899 120.866 117.265
-855.564 367.252 -105.272 74.899 120.866 117.265
-856.268 367.962 -105.25 74.899 120.866 117.265
-856.972 368.672 -105.229 74.899 120.866 117.265
-857.676 369.382 -105.207 74.899 120.866 117.265
-858.38 370.092 -105.185 74.899 120.866 117.265
-859.083 370.802 -105.164 74.899 120.866 117.265
-859.787 371.512 -105.142 74.899 120.866 117.265
-860.491 372.222 -105.12 74.899 120.866 117.265
-861.195 372.932 -105.099 74.899 120.866 117.265
-861.899 373.642 -105.077 74.899 120.866 117.265
-862.603 374.352 -105.055 74.899 120.866 117.265
-863.307 375.062 -105.034 74.899 120.866 117.265
-864.011 375.772 -105.012 74.899 120.866 117.265
-864.714 376.482 -104.99 74.899 120.866 117.265
-865.418 377.192 -104.969 74.899 120.866 117.265
16
-837.67 349.382 -106.04 73.055 121.672 116.323
-838.361 350.103 -106.007 73.055 121.672 116.323
-839.053 350.825 -105.974 73.055 121.672 116.323
-839.745 351.546 -105.941 73.055 121.672 116.323
-840.437 352.267 -105.909 73.055 121.672 116.323
-841.129 352.989 -105.876 73.055 121.672 116.323
-841.821 353.71 -105.843 73.055 121.672 116.323
-842.512 354.431 -105.811 73.055 121.672 116.323
-843.204 355.153 -105.778 73.055 121.672 116.323
-843.896 355.874 -105.745 73.055 121.672 116.323
-844.588 356.595 -105.712 73.055 121.672 116.323
-845.28 357.316 -105.68 73.23 121.595 116.418
-845.972 358.038 -105.647 73.23 121.595 116.418
-846.663 358.759 -105.614 73.479 121.492 116.555
-847.355 359.48 -105.581 73.479 121.492 116.555
-848.047 360.202 -105.549 73.703 121.402 116.681
-848.739 360.923 -105.516 73.894 121.317 116.777
-849.431 361.644 -105.483 74.084 121.229 116.868
-850.123 362.366 -105.451 74.084 121.229 116.868
-850.814 363.087 -105.418 74.293 121.132 116.962
-851.506 363.808 -105.385 74.461 121.06 117.049
-852.198 364.53 -105.352 74.645 120.98 117.141
-852.89 365.251 -105.32 74.645 120.98 117.141
-853.582 365.972 -105.287 74.859 120.886 117.249
-854.274 366.694 -105.254 74.859 120.886 117.249
-854.965 367.415 -105.221 74.859 120.886 117.249
-855.657 368.136 -105.189 74.859 120.886 117.249
-856.349 368.858 -105.156 74.859 120.886 117.249
-857.041 369.579 -105.123 74.859 120.886 117.249
-857.733 370.3 -105.091 74.859 120.886 117.249
-858.425 371.021 -105.058 74.859 120.886 117.249
-859.116 371.743 -105.025 74.859 120.886 117.249
-859.808 372.464 -104.992 74.859 120.886 117.249
-860.5 373.185 -104.96 74.859 120.886 117.249
-861.192 373.907 -104.927 74.859 120.886 117.249
-861.884 374.628 -104.894 74.859 120.886 117.249
-862.576 375.349 -104.861 74.859 120.886 117.249
-863.267 376.071 -104.829 74.859 120.886 117.249
-863.959 376.792 -104.796 74.859 120.886 117.249
-864.651 377.513 -104.763 74.859 120.886 117.249
-865.343 378.235 -104.731 74.859 120.886 117.249
17
-833.504 349.291 -105.471 72.314 121.99 115.942
-834.197 350.012 -105.46 72.314 121.99 115.942
-834.889 350.734 -105.449 72.314 121.99 115.942
-835.582 351.455 -105.438 72.314 121.99 115.942
-836.274 352.177 -105.427 72.314 121.99 115.942
-836.967 352.898 -105.416 72.314 121.99 115.942
-837.659 353.619 -105.405 72.314 121.99 115.942
-838.351 354.341 -105.393 72.314 121.99 115.942
-839.044 355.062 -105.382 72.314 121.99 115.942
-839.736 355.784 -105.371 72.314 121.99 115.942
-840.429 356.505 -105.36 72.51 121.901 116.041
-841.121 357.226 -105.349 72.736 121.811 116.157
-841.814 357.948 -105.338 72.736 121.811 116.157
-842.506 358.669 -105.327 72.954 121.715 116.274
-843.199 359.39 -105.316 73.15 121.63 116.378
-843.891 360.112 -105.305 73.15 121.63 116.378
-844.583 360.833 -105.294 73.38 121.536 116.502
-845.276 361.555 -105.283 73.586 121.45 116.613
-845.968 362.276 -105.272 73.586 121.45 116.613
-846.661 362.997 -105.261 73.79 121.36 116.72
-847.353 363.719 -105.25 73.968 121.281 116.806
-848.046 364.44 -105.239 74.146 121.202 116.897
-848.738 365.161 -105.228 74.146 121.202 116.897
-849.431 365.883 -105.217 74.324 121.122 116.975
-850.123 366.604 -105.206 74.519 121.039 117.083
-850.816 367.326 -105.195 74.677 120.967 117.151
-851.508 368.047 -105.183 74.677 120.967 117.151
-852.2 368.768 -105.172 74.841 120.895 117.241
-852.893 369.49 -105.161 75.015 120.81 117.315
-853.585 370.211 -105.15 75.015 120.81 117.315
-854.278 370.933 -105.139 75.015 120.81 117.315
-854.97 371.654 -105.128 75.015 120.81 117.315
-855.663 372.375 -105.117 75.015 120.81 117.315
-856.355 373.097 -105.106 75.015 120.81 117.315
-857.048 373.818 -105.095 75.015 120.81 117.315
-857.74 374.539 -105.084 75.015 120.81 117.315
-858.433 375.261 -105.073 75.015 120.81 117.315
-859.125 375.982 -105.062 75.015 120.81 117.315
-859.817 376.704 -105.051 75.015 120.81 117.315
-860.51 377.425 -105.04 75.015 120.81 117.315
-861.202 378.146 -105.029 75.015 120.81 117.315
18
-835.128 348.949 -105.29 72.744 121.807 116.162
-835.832 349.659 -105.269 72.744 121.807 116.162
-836.535 350.37 -105.247 72.744 121.807 116.162
-837.239 351.08 -105.225 72.744 121.807 116.162
-837.942 351.79 -105.203 72.744 121.807 116.162
-838.646 352.501 -105.182 72.744 121.807 116.162
-839.349 353.211 -105.16 72.744 121.807 116.162
-840.053 353.921 -105.138 72.744 121.807 116.162
-840.756 354.632 -105.116 72.744 121.807 116.162
-841.46 355.342 -105.095 72.744 121.807 116.162
-842.163 356.053 -105.073 72.744 121.807 116.162
-842.867 356.763 -105.051 72.744 121.807 116.162
-843.57 357.473 -105.029 72.971 121.71 116.285
-844.274 358.184 -105.008 73.14 121.634 116.372
-844.977 358.894 -104.986 73.352 121.544 116.486
-845.681 359.604 -104.964 73.352 121.544 116.486
-846.384 360.315 -104.942 73.572 121.453 116.604
-847.088 361.025 -104.921 73.796 121.359 116.726
-847.791 361.736 -104.899 73.796 121.359 116.726
-848.495 362.446 -104.877 73.987 121.27 116.817
-849.198 363.156 -104.855 74.205 121.171 116.926
-849.902 363.867 -104.834 74.205 121.171 116.926
-850.605 364.577 -104.812 74.435 121.071 117.039
-851.309 365.287 -104.79 74.645 120.98 117.147
-852.012 365.998 -104.769 74.645 120.98 117.147
-852.716 366.708 -104.747 74.857 120.885 117.252
-853.419 367.419 -104.725 74.857 120.885 117.252
-854.123 368.129 -104.703 74.857 120.885 117.252
-854.826 368.839 -104.682 74.857 120.885 117.252
-855.53 369.55 -104.66 74.857 120.885 117.252
-856.233 370.26 -104.638 74.857 120.885 117.252
-856.936 370.97 -104.616 74.857 120.885 117.252
-857.64 371.681 -104.595 74.857 120.885 117.252
-858.343 372.391 -104.573 74.857 120.885 117.252
-859.047 373.101 -104.551 74.857 120.885 117.252
-859.75 373.812 -104.529 74.857 120.885 117.252
-860.454 374.522 -104.508 74.857 120.885 117.252
-861.157 375.233 -104.486 74.857 120.885 117.252
-861.861 375.943 -104.464 74.857 120.885 117.252
-862.564 376.653 -104.442 74.857 120.885 117.252
-863.268 377.364 -104.421 74.857 120.885 117.252
19
-837.92 348.719 -105.505 73.14 121.634 116.372
-838.606 349.443 -105.439 73.14 121.634 116.372
-839.292 350.168 -105.372 73.14 121.634 116.372
-839.977 350.893 -105.306 73.14 121.634 116.372
-840.663 351.618 -105.239 73.14 121.634 116.372
-841.349 352.343 -105.173 73.14 121.634 116.372
-842.035 353.067 -105.107 73.14 121.634 116.372
-842.721 353.792 -105.04 73.14 121.634 116.372
-843.406 354.517 -104.974 73.14 121.634 116.372
-844.092 355.242 -104.907 73.14 121.634 116.372
-844.778 355.966 -104.841 73.14 121.634 116.372
-845.464 356.691 -104.774 73.14 121.634 116.372
-846.149 357.416 -104.708 73.353 121.544 116.489
-846.835 358.141 -104.641 73.605 121.441 116.622
-847.521 358.865 -104.575 73.605 121.441 116.622
-848.207 359.59 -104.509 73.797 121.359 116.725
-848.893 360.315 -104.442 73.956 121.286 116.802
-849.578 361.04 -104.376 73.956 121.286 116.802
-850.264 361.765 -104.309 74.145 121.199 116.895
-850.95 362.489 -104.243 74.407 121.083 117.022
-851.636 363.214 -104.176 74.407 121.083 117.022
-852.321 363.939 -104.11 74.595 121.003 117.123
-853.007 364.664 -104.044 74.858 120.885 117.252
-853.693 365.388 -103.977 74.858 120.885 117.252
-854.379 366.113 -103.911 74.858 120.885 117.252
-855.065 366.838 -103.844 74.858 120.885 117.252
-855.75 367.563 -103.778 74.858 120.885 117.252
-856.436 368.288 -103.711 74.858 120.885 117.252
-857.122 369.012 -103.645 74.858 120.885 117.252
-857.808 369.737 -103.578 74.858 120.885 117.252
-858.493 370.462 -103.512 74.858 120.885 117.252
-859.179 371.187 -103.446 74.858 120.885 117.252
-859.865 371.911 -103.379 74.858 120.885 117.252
-860.551 372.636 -103.313 74.858 120.885 117.252
-861.236 373.361 -103.246 74.858 120.885 117.252
-861.922 374.086 -103.18 74.858 120.885 117.252
-862.608 374.811 -103.113 74.858 120.885 117.252
-863.294 375.535 -103.047 74.858 120.885 117.252
-863.98 376.26 -102.981 74.858 120.885 117.252
-864.665 376.985 -102.914 74.858 120.885 117.252
-865.351 377.71 -102.848 74.858 120.885 117.252
20
-837.409 349.528 -104.894 73.322 121.556 116.474
-838.11 350.241 -104.873 73.322 121.556 116.474
-838.811 350.954 -104.851 73.322 121.556 116.474
-839.512 351.667 -104.829 73.322 121.556 116.474
-840.212 352.38 -104.807 73.322 121.556 116.474
-840.913 353.093 -104.785 73.322 121.556 116.474
-841.614 353.806 -104.763 73.322 121.556 116.474
-842.315 354.519 -104.741 73.322 121.556 116.474
-843.016 355.232 -104.719 73.322 121.556 116.474
-843.717 355.945 -104.697 73.322 121.556 116.474
-844.417 356.658 -104.675 73.322 121.556 116.474
-845.118 357.371 -104.654 73.322 121.556 116.474
-845.819 358.084 -104.632 73.322 121.556 116.474
-846.52 358.797 -104.61 73.541 121.467 116.591
-847.221 359.51 -104.588 73.541 121.467 116.591
-847.922 360.223 -104.566 73.765 121.374 116.714
-848.622 360.936 -104.544 74.02 121.255 116.835
-849.323 361.649 -104.522 74.02 121.255 116.835
-850.024 362.362 -104.5 74.206 121.17 116.926
-850.725 363.075 -104.478 74.377 121.095 117.006
-851.426 363.788 -104.456 74.54 121.025 117.091
-852.127 364.501 -104.435 74.54 121.025 117.091
-852.827 365.214 -104.413 74.719 120.946 117.18
-853.528 365.927 -104.391 74.898 120.865 117.267
-854.229 366.64 -104.369 74.898 120.865 117.267
-854.93 367.353 -104.347 74.898 120.865 117.267
-855.631 368.066 -104.325 74.898 120.865 117.267
-856.332 368.779 -104.303 74.898 120.865 117.267
-857.032 369.492 -104.281 74.898 120.865 117.267
-857.733 370.205 -104.259 74.898 120.865 117.267
-858.434 370.918 -104.238 74.898 120.865 117.267
-859.135 371.631 -104.216 74.898 120.865 117.267
-859.836 372.344 -104.194 74.898 120.865 117.267
-860.537 373.057 -104.172 74.898 120.865 117.267
-861.237 373.77 -104.15 74.898 120.865 117.267
-861.938 374.483 -104.128 74.898 120.865 117.267
-862.639 375.196 -104.106 74.898 120.865 117.267
-863.34 375.909 -104.084 74.898 120.865 117.267
-864.041 376.622 -104.062 74.898 120.865 117.267
-864.742 377.335 -104.04 74.898 120.865 117.267
-865.442 378.048 -104.019 74.898 120.865 117.267
21
-837.43 350.257 -104.788 73.289 121.569 116.452
-838.122 350.978 -104.761 73.289 121.569 116.452
-838.815 351.699 -104.734 73.289 121.569 116.452
-839.507 352.42 -104.707 73.289 121.569 116.452
-840.2 353.141 -104.68 73.289 121.569 116.452
-840.892 353.862 -104.653 73.289 121.569 116.452
-841.585 354.583 -104.626 73.289 121.569 116.452
-842.277 355.304 -104.599 73.289 121.569 116.452
-842.97 356.025 -104.572 73.289 121.569 116.452
-843.662 356.746 -104.545 73.289 121.569 116.452
-844.355 357.467 -104.518 73.289 121.569 116.452
-845.047 358.188 -104.492 73.289 121.569 116.452
-845.739 358.909 -104.465 73.476 121.491 116.553
-846.432 359.63 -104.438 73.476 121.491 116.553
-847.124 360.351 -104.411 73.699 121.401 116.676
-847.817 361.072 -104.384 73.954 121.286 116.803
-848.509 361.793 -104.357 73.954 121.286 116.803
-849.202 362.513 -104.33 74.144 121.199 116.896
-849.894 363.234 -104.303 74.144 121.199 116.896
-850.587 363.955 -104.276 74.406 121.083 117.022
-851.279 364.676 -104.249 74.62 120.991 117.134
-851.972 365.397 -104.222 74.62 120.991 117.134
-852.664 366.118 -104.195 74.79 120.915 117.217
-853.357 366.839 -104.168 74.953 120.841 117.291
-854.049 367.56 -104.142 74.953 120.841 117.291
-854.742 368.281 -104.115 74.953 120.841 117.291
-855.434 369.002 -104.088 74.953 120.841 117.291
-856.126 369.723 -104.061 74.953 120.841 117.291
-856.819 370.444 -104.034 74.953 120.841 117.291
-857.511 371.165 -104.007 74.953 120.841 117.291
-858.204 371.886 -103.98 74.953 120.841 117.291
-858.896 372.607 -103.953 74.953 120.841 117.291
-859.589 373.328 -103.926 74.953 120.841 117.291
-860.281 374.049 -103.899 74.953 120.841 117.291
-860.974 374.77 -103.872 74.953 120.841 117.291
-861.666 375.491 -103.845 74.953 120.841 117.291
-862.359 376.212 -103.819 74.953 120.841 117.291
-863.051 376.932 -103.792 74.953 120.841 117.291
-863.744 377.653 -103.765 74.953 120.841 117.291
-864.436 378.374 -103.738 74.953 120.841 117.291
-865.128 379.095 -103.711 74.953 120.841 117.291
22
-835.271 349.985 -105.088 72.97 121.711 116.291
-835.971 350.699 -105.06 72.97 121.711 116.291
-836.67 351.413 -105.032 72.97 121.711 116.291
-837.37 352.126 -105.003 72.97 121.711 116.291
-838.07 352.84 -104.975 72.97 121.711 116.291
-838.77 353.554 -104.947 72.97 121.711 116.291
-839.469 354.268 -104.919 72.97 121.711 116.291
-840.169 354.982 -104.89 72.97 121.711 116.291
-840.869 355.696 -104.862 72.97 121.711 116.291
-841.568 356.41 -104.834 72.97 121.711 116.291
-842.268 357.123 -104.805 72.97 121.711 116.291
-842.968 357.837 -104.777 72.97 121.711 116.291
-843.668 358.551 -104.749 73.198 121.607 116.409
-844.367 359.265 -104.72 73.198 121.607 116.409
-845.067 359.979 -104.692 73.444 121.503 116.537
-845.767 360.693 -104.664 73.444 121.503 116.537
-846.466 361.407 -104.636 73.635 121.426 116.639
-847.166 362.12 -104.607 73.891 121.313 116.768
-847.866 362.834 -104.579 73.891 121.313 116.768
-848.566 363.548 -104.551 74.08 121.226 116.86
-849.265 364.262 -104.522 74.32 121.118 116.977
-849.965 364.976 -104.494 74.32 121.118 116.977
-850.665 365.69 -104.466 74.487 121.047 117.065
-851.364 366.404 -104.437 74.722 120.947 117.187
-852.064 367.117 -104.409 74.722 120.947 117.187
-852.764 367.831 -104.381 74.899 120.867 117.273
-853.464 368.545 -104.353 74.899 120.867 117.273
-854.163 369.259 -104.324 74.899 120.867 117.273
-854.863 369.973 -104.296 74.899 120.867 117.273
-855.563 370.687 -104.268 74.899 120.867 117.273
-856.262 371.401 -104.239 74.899 120.867 117.273
-856.962 372.115 -104.211 74.899 120.867 117.273
-857.662 372.828 -104.183 74.899 120.867 117.273
-858.362 373.542 -104.154 74.899 120.867 117.273
-859.061 374.256 -104.126 74.899 120.867 117.273
-859.761 374.97 -104.098 74.899 120.867 117.273
-860.461 375.684 -104.07 74.899 120.867 117.273
-861.16 376.398 -104.041 74.899 120.867 117.273
-861.86 377.112 -104.013 74.899 120.867 117.273
-862.56 377.825 -103.985 74.899 120.867 117.273
-863.26 378.539 -103.956 74.899 120.867 117.273
23
-833.943 353.051 -105.367 72.865 121.756 116.232
-834.657 353.751 -105.342 72.865 121.756 116.232
-835.371 354.45 -105.317 72.865 121.756 116.232
-836.086 355.15 -105.293 72.865 121.756 116.232
-836.8 355.849 -105.268 72.865 121.756 116.232
-837.514 356.549 -105.243 72.865 121.756 116.232
-838.228 357.248 -105.218 72.865 121.756 116.232
-838.943 357.947 -105.193 72.865 121.756 116.232
-839.657 358.647 -105.168 72.865 121.756 116.232
-840.371 359.346 -105.143 72.865 121.756 116.232
-841.085 360.046 -105.118 72.865 121.756 116.232
-841.8 360.745 -105.093 73.054 121.673 116.333
-842.514 361.445 -105.068 73.228 121.595 116.424
-843.228 362.144 -105.043 73.228 121.595 116.424
-843.943 362.843 -105.018 73.412 121.517 116.522
-844.657 363.543 -104.993 73.634 121.427 116.64
-845.371 364.242 -104.969 73.634 121.427 116.64
-846.085 364.942 -104.944 73.89 121.313 116.766
-846.8 365.641 -104.919 73.89 121.313 116.766
-847.514 366.341 -104.894 74.143 121.197 116.892
-848.228 367.04 -104.869 74.348 121.107 116.992
-848.942 367.739 -104.844 74.348 121.107 116.992
-849.657 368.439 -104.819 74.568 121.013 117.108
-850.371 369.138 -104.794 74.768 120.925 117.211
-851.085 369.838 -104.769 74.768 120.925 117.211
-851.799 370.537 -104.744 74.954 120.842 117.296
-852.514 371.237 -104.719 74.954 120.842 117.296
-853.228 371.936 -104.694 74.954 120.842 117.296
-853.942 372.635 -104.669 74.954 120.842 117.296
-854.657 373.335 -104.645 74.954 120.842 117.296
-855.371 374.034 -104.62 74.954 120.842 117.296
-856.085 374.734 -104.595 74.954 120.842 117.296
-856.799 375.433 -104.57 74.954 120.842 117.296
-857.514 376.133 -104.545 74.954 120.842 117.296
-858.228 376.832 -104.52 74.954 120.842 117.296
-858.942 377.531 -104.495 74.954 120.842 117.296
-859.656 378.231 -104.47 74.954 120.842 117.296
-860.371 378.93 -104.445 74.954 120.842 117.296
-861.085 379.63 -104.42 74.954 120.842 117.296
-861.799 380.329 -104.395 74.954 120.842 117.296
-862.514 381.029 -104.37 74.954 120.842 117.296
24
-835.698 349.858 -105.28 72.719 121.815 116.149
-836.405 350.565 -105.253 72.719 121.815 116.149
-837.111 351.272 -105.226 72.719 121.815 116.149
-837.818 351.979 -105.199 72.719 121.815 116.149
-838.525 352.686 -105.172 72.719 121.815 116.149
-839.232 353.393 -105.146 72.719 121.815 116.149
-839.939 354.1 -105.119 72.719 121.815 116.149
-840.645 354.807 -105.092 72.719 121.815 116.149
-841.352 355.514 -105.065 72.719 121.815 116.149
-842.059 356.221 -105.038 72.719 121.815 116.149
-842.766 356.928 -105.011 72.943 121.723 116.272
-843.472 357.635 -104.984 72.943 121.723 116.272
-844.179 358.342 -104.958 73.139 121.634 116.372
-844.886 359.049 -104.931 73.32 121.556 116.471
-845.593 359.756 -104.904 73.539 121.466 116.587
-846.299 360.463 -104.877 73.539 121.466 116.587
-847.006 361.17 -104.85 73.731 121.387 116.693
-847.713 361.877 -104.823 73.986 121.271 116.816
-848.42 362.583 -104.797 73.986 121.271 116.816
-849.126 363.29 -104.77 74.175 121.185 116.912
-849.833 363.997 -104.743 74.377 121.094 117.007
-850.54 364.704 -104.716 74.377 121.094 117.007
-851.247 365.411 -104.689 74.568 121.013 117.108
-851.953 366.118 -104.662 74.768 120.925 117.207
-852.66 366.825 -104.635 74.768 120.925 117.207
-853.367 367.532 -104.609 74.936 120.849 117.284
-854.074 368.239 -104.582 74.936 120.849 117.284
-854.78 368.946 -104.555 74.936 120.849 117.284
-855.487 369.653 -104.528 74.936 120.849 117.284
-856.194 370.36 -104.501 74.936 120.849 117.284
-856.901 371.067 -104.474 74.936 120.849 117.284
-857.607 371.774 -104.447 74.936 120.849 117.284
-858.314 372.481 -104.421 74.936 120.849 117.284
-859.021 373.188 -104.394 74.936 120.849 117.284
-859.728 373.895 -104.367 74.936 120.849 117.284
-860.434 374.602 -104.34 74.936 120.849 117.284
-861.141 375.309 -104.313 74.936 120.849 117.284
-861.848 376.015 -104.286 74.936 120.849 117.284
-862.555 376.722 -104.259 74.936 120.849 117.284
-863.262 377.429 -104.233 74.936 120.849 117.284
-863.968 378.136 -104.206 74.936 120.849 117.284
25
-837.836 348.662 -105.387 73.11 121.647 116.35
-838.525 349.387 -105.363 73.11 121.647 116.35
-839.214 350.111 -105.338 73.11 121.647 116.35
-839.903 350.835 -105.314 73.11 121.647 116.35
-840.593 351.559 -105.29 73.11 121.647 116.35
-841.282 352.283 -105.266 73.11 121.647 116.35
-841.971 353.007 -105.242 73.11 121.647 116.35
-842.66 353.731 -105.218 73.11 121.647 116.35
-843.349 354.456 -105.193 73.11 121.647 116.35
-844.039 355.18 -105.169 73.11 121.647 116.35
-844.728 355.904 -105.145 73.11 121.647 116.35
-845.417 356.628 -105.121 73.11 121.647 116.35
-846.106 357.352 -105.097 73.292 121.568 116.451
-846.796 358.076 -105.073 73.481 121.492 116.558
-847.485 358.8 -105.048 73.671 121.417 116.667
-848.174 359.524 -105.024 73.671 121.417 116.667
-848.863 360.249 -105 73.926 121.304 116.794
-849.553 360.973 -104.976 73.926 121.304 116.794
-850.242 361.697 -104.952 74.115 121.216 116.886
-850.931 362.421 -104.928 74.322 121.121 116.976
-851.62 363.145 -104.904 74.322 121.121 116.976
-852.309 363.869 -104.879 74.567 121.015 117.103
-852.999 364.593 -104.855 74.791 120.914 117.209
-853.688 365.318 -104.831 74.791 120.914 117.209
-854.377 366.042 -104.807 74.956 120.84 117.286
-855.066 366.766 -104.783 74.956 120.84 117.286
-855.756 367.49 -104.759 74.956 120.84 117.286
-856.445 368.214 -104.734 74.956 120.84 117.286
-857.134 368.938 -104.71 74.956 120.84 117.286
-857.823 369.662 -104.686 74.956 120.84 117.286
-858.513 370.387 -104.662 74.956 120.84 117.286
-859.202 371.111 -104.638 74.956 120.84 117.286
-859.891 371.835 -104.614 74.956 120.84 117.286
-860.58 372.559 -104.589 74.956 120.84 117.286
-861.269 373.283 -104.565 74.956 120.84 117.286
-861.959 374.007 -104.541 74.956 120.84 117.286
-862.648 374.731 -104.517 74.956 120.84 117.286
-863.337 375.456 -104.493 74.956 120.84 117.286
-864.026 376.18 -104.469 74.956 120.84 117.286
-864.716 376.904 -104.445 74.956 120.84 117.286
-865.405 377.628 -104.42 74.956 120.84 117.286
26
-839.19 348.373 -105.176 73.385 121.53 116.507
-839.888 349.088 -105.14 73.385 121.53 116.507
-840.585 349.804 -105.103 73.385 121.53 116.507
-841.283 350.519 -105.067 73.385 121.53 116.507
-841.981 351.235 -105.03 73.385 121.53 116.507
-842.678 351.95 -104.994 73.385 121.53 116.507
-843.376 352.666 -104.957 73.385 121.53 116.507
-844.074 353.381 -104.921 73.385 121.53 116.507
-844.771 354.096 -104.885 73.385 121.53 116.507
-845.469 354.812 -104.848 73.385 121.53 116.507
-846.167 355.527 -104.812 73.385 121.53 116.507
-846.865 356.243 -104.775 73.385 121.53 116.507
-847.562 356.958 -104.739 73.574 121.453 116.607
-848.26 357.674 -104.702 73.574 121.453 116.607
-848.958 358.389 -104.666 73.83 121.346 116.744
-849.655 359.105 -104.63 73.83 121.346 116.744
-850.353 359.82 -104.593 74.052 121.243 116.851
-851.051 360.536 -104.557 74.235 121.16 116.938
-851.748 361.251 -104.52 74.235 121.16 116.938
-852.446 361.967 -104.484 74.461 121.06 117.049
-853.144 362.682 -104.447 74.645 120.979 117.143
-853.841 363.398 -104.411 74.814 120.904 117.228
-854.539 364.113 -104.374 74.814 120.904 117.228
-855.237 364.828 -104.338 74.814 120.904 117.228
-855.935 365.544 -104.302 74.814 120.904 117.228
-856.632 366.259 -104.265 74.814 120.904 117.228
-857.33 366.975 -104.229 74.814 120.904 117.228
-858.028 367.69 -104.192 74.814 120.904 117.228
-858.725 368.406 -104.156 74.814 120.904 117.228
-859.423 369.121 -104.119 74.814 120.904 117.228
-860.121 369.837 -104.083 74.814 120.904 117.228
-860.818 370.552 -104.047 74.814 120.904 117.228
-861.516 371.268 -104.01 74.814 120.904 117.228
-862.214 371.983 -103.974 74.814 120.904 117.228
-862.911 372.699 -103.937 74.814 120.904 117.228
-863.609 373.414 -103.901 74.814 120.904 117.228
-864.307 374.13 -103.864 74.814 120.904 117.228
-865.005 374.845 -103.828 74.814 120.904 117.228
-865.702 375.561 -103.792 74.814 120.904 117.228
-866.4 376.276 -103.755 74.814 120.904 117.228
-867.098 376.991 -103.719 74.814 120.904 117.228
27
-833.602 351.299 -105.431 72.72 121.816 116.148
-834.323 351.991 -105.409 72.72 121.816 116.148
-835.045 352.683 -105.386 72.72 121.816 116.148
-835.767 353.375 -105.363 72.72 121.816 116.148
-836.488 354.067 -105.34 72.72 121.816 116.148
-837.21 354.759 -105.317 72.72 121.816 116.148
-837.932 355.451 -105.294 72.72 121.816 116.148
-838.653 356.142 -105.271 72.72 121.816 116.148
-839.375 356.834 -105.248 72.72 121.816 116.148
-840.097 357.526 -105.225 72.72 121.816 116.148
-840.818 358.218 -105.202 72.72 121.816 116.148
-841.54 358.91 -105.179 72.971 121.712 116.286
-842.262 359.602 -105.156 72.971 121.712 116.286
-842.984 360.293 -105.133 73.17 121.621 116.388
-843.705 360.985 -105.11 73.384 121.53 116.507
-844.427 361.677 -105.087 73.384 121.53 116.507
-845.149 362.369 -105.064 73.669 121.414 116.662
-845.87 363.061 -105.041 73.669 121.414 116.662
-846.592 363.753 -105.018 73.861 121.33 116.758
-847.314 364.445 -104.995 74.052 121.242 116.851
-848.035 365.136 -104.972 74.052 121.242 116.851
-848.757 365.828 -104.949 74.264 121.144 116.949
-849.479 366.52 -104.926 74.434 121.07 117.034
-850.2 367.212 -104.903 74.645 120.977 117.142
-850.922 367.904 -104.88 74.645 120.977 117.142
-851.644 368.596 -104.857 74.813 120.902 117.226
-852.365 369.287 -104.835 74.988 120.826 117.305
-853.087 369.979 -104.812 74.988 120.826 117.305
-853.809 370.671 -104.789 74.988 120.826 117.305
-854.53 371.363 -104.766 74.988 120.826 117.305
-855.252 372.055 -104.743 74.988 120.826 117.305
-855.974 372.747 -104.72 74.988 120.826 117.305
-856.695 373.439 -104.697 74.988 120.826 117.305
-857.417 374.13 -104.674 74.988 120.826 117.305
-858.139 374.822 -104.651 74.988 120.826 117.305
-858.86 375.514 -104.628 74.988 120.826 117.305
-859.582 376.206 -104.605 74.988 120.826 117.305
-860.304 376.898 -104.582 74.988 120.826 117.305
-861.025 377.59 -104.559 74.988 120.826 117.305
-861.747 378.282 -104.536 74.988 120.826 117.305
-862.469 378.973 -104.513 74.988 120.826 117.305
28
-839.185 348.97 -105.182 73.229 121.596 116.422
-839.862 349.706 -105.156 73.229 121.596 116.422
-840.54 350.441 -105.131 73.229 121.596 116.422
-841.217 351.176 -105.106 73.229 121.596 116.422
-841.894 351.911 -105.081 73.229 121.596 116.422
-842.572 352.647 -105.056 73.229 121.596 116.422
-843.249 353.382 -105.031 73.229 121.596 116.422
-843.926 354.117 -105.006 73.229 121.596 116.422
-844.604 354.852 -104.981 73.229 121.596 116.422
-845.281 355.587 -104.956 73.229 121.596 116.422
-845.958 356.323 -104.931 73.229 121.596 116.422
-846.636 357.058 -104.906 73.446 121.504 116.54
-847.313 357.793 -104.881 73.446 121.504 116.54
-847.99 358.528 -104.855 73.7 121.4 116.679
-848.668 359.264 -104.83 73.7 121.4 116.679
-849.345 359.999 -104.805 73.924 121.3 116.79
-850.023 360.734 -104.78 74.175 121.186 116.912
-850.7 361.469 -104.755 74.175 121.186 116.912
-851.377 362.205 -104.73 74.35 121.107 116.99
-852.055 362.94 -104.705 74.54 121.023 117.09
-852.732 363.675 -104.68 74.54 121.023 117.09
-853.409 364.41 -104.655 74.743 120.932 117.19
-854.087 365.145 -104.63 74.916 120.857 117.275
-854.764 365.881 -104.605 74.916 120.857 117.275
-855.441 366.616 -104.58 74.916 120.857 117.275
-856.119 367.351 -104.554 74.916 120.857 117.275
-856.796 368.086 -104.529 74.916 120.857 117.275
-857.473 368.822 -104.504 74.916 120.857 117.275
-858.151 369.557 -104.479 74.916 120.857 117.275
-858.828 370.292 -104.454 74.916 120.857 117.275
-859.505 371.027 -104.429 74.916 120.857 117.275
-860.183 371.763 -104.404 74.916 120.857 117.275
-860.86 372.498 -104.379 74.916 120.857 117.275
-861.538 373.233 -104.354 74.916 120.857 117.275
-862.215 373.968 -104.329 74.916 120.857 117.275
-862.892 374.703 -104.304 74.916 120.857 117.275
-863.57 375.439 -104.279 74.916 120.857 117.275
-864.247 376.174 -104.254 74.916 120.857 117.275
-864.924 376.909 -104.228 74.916 120.857 117.275
-865.602 377.644 -104.203 74.916 120.857 117.275
-866.279 378.38 -104.178 74.916 120.857 117.275
29
-834.997 350.199 -104.459 72.865 121.757 116.226
-835.696 350.914 -104.436 72.865 121.757 116.226
-836.395 351.629 -104.414 72.865 121.757 116.226
-837.094 352.344 -104.391 72.865 121.757 116.226
-837.792 353.059 -104.369 72.865 121.757 116.226
-838.491 353.774 -104.347 72.865 121.757 116.226
-839.19 354.489 -104.324 72.865 121.757 116.226
-839.888 355.204 -104.302 72.865 121.757 116.226
-840.587 355.919 -104.279 72.865 121.757 116.226
-841.286 356.634 -104.257 72.865 121.757 116.226
-841.985 357.349 -104.234 72.865 121.757 116.226
-842.683 358.064 -104.212 73.081 121.661 116.342
-843.382 358.779 -104.189 73.081 121.661 116.342
-844.081 359.494 -104.167 73.289 121.569 116.455
-844.779 360.21 -104.144 73.509 121.478 116.574
-845.478 360.925 -104.122 73.509 121.478 116.574
-846.177 361.64 -104.1 73.7 121.401 116.681
-846.876 362.355 -104.077 73.923 121.301 116.791
-847.574 363.07 -104.055 73.923 121.301 116.791
-848.273 363.785 -104.032 74.113 121.214 116.882
-848.972 364.5 -104.01 74.321 121.119 116.977
-849.67 365.215 -103.987 74.321 121.119 116.977
-850.369 365.93 -103.965 74.488 121.047 117.063
-851.068 366.645 -103.942 74.743 120.933 117.19
-851.767 367.36 -103.92 74.743 120.933 117.19
-852.465 368.075 -103.897 74.916 120.856 117.274
-853.164 368.79 -103.875 74.916 120.856 117.274
-853.863 369.505 -103.853 74.916 120.856 117.274
-854.561 370.22 -103.83 74.916 120.856 117.274
-855.26 370.935 -103.808 74.916 120.856 117.274
-855.959 371.65 -103.785 74.916 120.856 117.274
-856.657 372.365 -103.763 74.916 120.856 117.274
-857.356 373.08 -103.74 74.916 120.856 117.274
-858.055 373.796 -103.718 74.916 120.856 117.274
-858.754 374.511 -103.695 74.916 120.856 117.274
-859.452 375.226 -103.673 74.916 120.856 117.274
-860.151 375.941 -103.65 74.916 120.856 117.274
-860.85 376.656 -103.628 74.916 120.856 117.274
-861.548 377.371 -103.605 74.916 120.856 117.274
-862.247 378.086 -103.583 74.916 120.856 117.274
-862.946 378.801 -103.561 74.916 120.856 117.274
