1
-1275.79 455.47 25.3049 129.595 136.07 72.136
-1276.52 454.787 25.3295 129.595 136.07 72.136
-1277.25 454.103 25.3542 129.595 136.07 72.136
-1277.98 453.42 25.3788 129.595 136.07 72.136
-1278.71 452.737 25.4035 129.595 136.07 72.136
-1279.44 452.054 25.4281 129.595 136.07 72.136
-1280.17 451.371 25.4527 129.595 136.07 72.136
-1280.9 450.687 25.4774 129.625 136.079 72.172
-1281.63 450.004 25.502 129.629 136.071 72.16
-1282.36 449.321 25.5267 129.63 136.067 72.156
-1283.09 448.638 25.5513 129.628 136.068 72.155
-1283.82 447.954 25.576 129.623 136.071 72.149
-1284.55 447.271 25.6006 129.623 136.071 72.149
-1285.28 446.588 25.6252 129.62 136.071 72.145
-1286.01 445.905 25.6499 129.616 136.069 72.14
-1286.73 445.221 25.6745 129.618 136.068 72.139
-1287.46 444.538 25.6992 129.621 136.069 72.143
-1288.19 443.855 25.7238 129.623 136.072 72.146
-1288.92 443.172 25.7485 129.62 136.074 72.147
-1289.65 442.489 25.7731 129.62 136.074 72.147
-1290.38 441.805 25.7977 129.619 136.074 72.148
-1291.11 441.122 25.8224 129.621 136.071 72.149
-1291.84 440.439 25.847 129.62 136.07 72.146
-1292.57 439.756 25.8717 129.62 136.07 72.146
-1293.3 439.072 25.8963 129.621 136.07 72.143
-1294.03 438.389 25.9209 129.618 136.073 72.147
-1294.76 437.706 25.9456 129.615 136.076 72.148
-1295.49 437.023 25.9702 129.615 136.076 72.148
-1296.22 436.339 25.9949 129.618 136.077 72.15
-1296.95 435.656 26.0195 129.619 136.076 72.15
-1297.68 434.973 26.0442 129.621 136.076 72.153
-1298.41 434.29 26.0688 129.621 136.076 72.153
-1299.14 433.606 26.0934 129.62 136.075 72.154
-1299.87 432.923 26.1181 129.616 136.077 72.157
-1300.6 432.24 26.1427 129.619 136.075 72.156
-1301.33 431.557 26.1674 129.623 136.075 72.158
-1302.06 430.874 26.192 129.623 136.076 72.158
-1302.79 430.19 26.2167 129.623 136.076 72.158
-1303.52 429.507 26.2413 129.623 136.076 72.158
-1304.25 428.824 26.2659 129.623 136.076 72.158
-1304.98 428.141 26.2906 129.623 136.076 72.158
-1305.71 427.457 26.3152 129.623 136.076 72.158
-1306.44 426.774 26.3399 129.623 136.076 72.158
-1307.17 426.091 26.3645 129.623 136.076 72.158
-1307.9 425.408 26.3892 129.623 136.076 72.158
-1308.63 424.724 26.4138 129.623 136.076 72.158
2
-1276.34 455.716 24.9451 129.596 136.071 72.141
-1277.08 455.04 24.9663 129.596 136.071 72.141
-1277.82 454.365 24.9874 129.596 136.071 72.141
-1278.55 453.69 25.0086 129.596 136.071 72.141
-1279.29 453.014 25.0298 129.596 136.071 72.141
-1280.03 452.339 25.051 129.596 136.071 72.141
-1280.77 451.663 25.0722 129.626 136.078 72.171
-1281.5 450.988 25.0934 129.626 136.078 72.171
-1282.24 450.313 25.1145 129.628 136.068 72.158
-1282.98 449.637 25.1357 129.629 136.067 72.157
-1283.71 448.962 25.1569 129.625 136.07 72.154
-1284.45 448.287 25.1781 129.622 136.072 72.151
-1285.19 447.611 25.1993 129.621 136.071 72.146
-1285.93 446.936 25.2204 129.621 136.071 72.146
-1286.66 446.26 25.2416 129.616 136.069 72.139
-1287.4 445.585 25.2628 129.62 136.069 72.14
-1288.14 444.91 25.284 129.624 136.071 72.146
-1288.87 444.234 25.3052 129.624 136.071 72.146
-1289.61 443.559 25.3263 129.623 136.073 72.147
-1290.35 442.883 25.3475 129.622 136.073 72.147
-1291.09 442.208 25.3687 129.622 136.072 72.148
-1291.82 441.533 25.3899 129.622 136.072 72.148
-1292.56 440.857 25.4111 129.623 136.07 72.147
-1293.3 440.182 25.4322 129.624 136.069 72.144
-1294.03 439.507 25.4534 129.622 136.071 72.145
-1294.77 438.831 25.4746 129.619 136.075 72.147
-1295.51 438.156 25.4958 129.619 136.075 72.147
-1296.25 437.48 25.517 129.616 136.076 72.146
-1296.98 436.805 25.5382 129.619 136.076 72.147
-1297.72 436.13 25.5593 129.619 136.076 72.147
-1298.46 435.454 25.5805 129.62 136.076 72.149
-1299.19 434.779 25.6017 129.62 136.076 72.149
-1299.93 434.104 25.6229 129.617 136.076 72.15
-1300.67 433.428 25.6441 129.615 136.076 72.152
-1301.41 432.753 25.6652 129.618 136.076 72.154
-1302.14 432.077 25.6864 129.622 136.074 72.154
-1302.88 431.402 25.7076 129.622 136.074 72.154
-1303.62 430.727 25.7288 129.622 136.074 72.154
-1304.35 430.051 25.75 129.622 136.074 72.154
-1305.09 429.376 25.7711 129.622 136.074 72.154
-1305.83 428.7 25.7923 129.622 136.074 72.154
-1306.57 428.025 25.8135 129.622 136.074 72.154
-1307.3 427.35 25.8347 129.622 136.074 72.154
-1308.04 426.674 25.8559 129.622 136.074 72.154
-1308.78 425.999 25.877 129.622 136.074 72.154
-1309.51 425.324 25.8982 129.622 136.074 72.154
3
-1275.12 455.668 26.0368 129.597 136.07 72.143
-1275.86 454.998 26.0647 129.597 136.07 72.143
-1276.6 454.328 26.0926 129.597 136.07 72.143
-1277.34 453.658 26.1205 129.597 136.07 72.143
-1278.09 452.988 26.1485 129.597 136.07 72.143
-1278.83 452.318 26.1764 129.597 136.07 72.143
-1279.57 451.648 26.2043 129.597 136.07 72.143
-1280.31 450.978 26.2322 129.62 136.081 72.17
-1281.05 450.308 26.2601 129.62 136.081 72.17
-1281.79 449.638 26.2881 129.623 136.071 72.156
-1282.54 448.968 26.316 129.626 136.067 72.154
-1283.28 448.298 26.3439 129.626 136.067 72.152
-1284.02 447.628 26.3718 129.626 136.069 72.152
-1284.76 446.959 26.3997 129.627 136.071 72.15
-1285.5 446.289 26.4277 129.623 136.071 72.147
-1286.25 445.619 26.4556 129.623 136.071 72.147
-1286.99 444.949 26.4835 129.618 136.07 72.141
-1287.73 444.279 26.5114 129.618 136.069 72.139
-1288.47 443.609 26.5393 129.618 136.069 72.139
-1289.21 442.939 26.5673 129.62 136.071 72.141
-1289.96 442.269 26.5952 129.621 136.072 72.144
-1290.7 441.599 26.6231 129.623 136.073 72.148
-1291.44 440.929 26.651 129.623 136.073 72.148
-1292.18 440.259 26.6789 129.623 136.073 72.15
-1292.92 439.589 26.7069 129.622 136.073 72.146
-1293.66 438.919 26.7348 129.622 136.07 72.141
-1294.41 438.249 26.7627 129.622 136.071 72.145
-1295.15 437.579 26.7906 129.622 136.071 72.145
-1295.89 436.909 26.8185 129.621 136.072 72.146
-1296.63 436.239 26.8464 129.621 136.072 72.146
-1297.37 435.569 26.8744 129.62 136.074 72.149
-1298.12 434.899 26.9023 129.62 136.075 72.151
-1298.86 434.229 26.9302 129.62 136.075 72.151
-1299.6 433.559 26.9581 129.62 136.074 72.152
-1300.34 432.889 26.986 129.622 136.075 72.153
-1301.08 432.219 27.014 129.625 136.076 72.156
-1301.82 431.549 27.0419 129.624 136.077 72.157
-1302.57 430.879 27.0698 129.624 136.077 72.157
-1303.31 430.209 27.0977 129.624 136.077 72.157
-1304.05 429.539 27.1256 129.624 136.077 72.157
-1304.79 428.869 27.1536 129.624 136.077 72.157
-1305.53 428.199 27.1815 129.624 136.077 72.157
-1306.28 427.529 27.2094 129.624 136.077 72.157
-1307.02 426.859 27.2373 129.624 136.077 72.157
-1307.76 426.189 27.2652 129.624 136.077 72.157
-1308.5 425.519 27.2932 129.624 136.077 72.157
4
-1275.51 454.513 25.5502 129.597 136.069 72.14
-1276.25 453.839 25.5842 129.597 136.069 72.14
-1276.99 453.165 25.6183 129.597 136.069 72.14
-1277.73 452.491 25.6524 129.597 136.069 72.14
-1278.46 451.817 25.6865 129.597 136.069 72.14
-1279.2 451.142 25.7205 129.597 136.069 72.14
-1279.94 450.468 25.7546 129.621 136.08 72.169
-1280.68 449.794 25.7887 129.625 136.07 72.157
-1281.42 449.12 25.8227 129.627 136.067 72.155
-1282.15 448.446 25.8568 129.627 136.067 72.155
-1282.89 447.772 25.8909 129.627 136.068 72.154
-1283.63 447.098 25.925 129.627 136.07 72.152
-1284.37 446.423 25.959 129.627 136.07 72.152
-1285.11 445.749 25.9931 129.624 136.072 72.149
-1285.84 445.075 26.0272 129.618 136.071 72.143
-1286.58 444.401 26.0612 129.618 136.07 72.141
-1287.32 443.727 26.0953 129.618 136.07 72.141
-1288.06 443.053 26.1294 129.62 136.07 72.14
-1288.79 442.378 26.1634 129.621 136.072 72.143
-1289.53 441.704 26.1975 129.623 136.073 72.146
-1290.27 441.03 26.2316 129.623 136.073 72.146
-1291.01 440.356 26.2657 129.626 136.074 72.152
-1291.75 439.682 26.2997 129.625 136.074 72.152
-1292.48 439.008 26.3338 129.624 136.072 72.145
-1293.22 438.334 26.3679 129.624 136.07 72.143
-1293.96 437.659 26.4019 129.624 136.07 72.143
-1294.7 436.985 26.436 129.623 136.071 72.147
-1295.43 436.311 26.4701 129.622 136.071 72.148
-1296.17 435.637 26.5042 129.621 136.073 72.15
-1296.91 434.963 26.5382 129.621 136.073 72.15
-1297.65 434.289 26.5723 129.619 136.075 72.148
-1298.39 433.614 26.6064 129.618 136.075 72.152
-1299.12 432.94 26.6404 129.62 136.075 72.151
-1299.86 432.266 26.6745 129.62 136.075 72.151
-1300.6 431.592 26.7086 129.623 136.076 72.154
-1301.34 430.918 26.7427 129.624 136.076 72.154
-1302.07 430.244 26.7767 129.624 136.076 72.154
-1302.81 429.57 26.8108 129.624 136.076 72.154
-1303.55 428.895 26.8449 129.624 136.076 72.154
-1304.29 428.221 26.8789 129.624 136.076 72.154
-1305.03 427.547 26.913 129.624 136.076 72.154
-1305.76 426.873 26.9471 129.624 136.076 72.154
-1306.5 426.199 26.9811 129.624 136.076 72.154
-1307.24 425.525 27.0152 129.624 136.076 72.154
-1307.98 424.85 27.0493 129.624 136.076 72.154
-1308.71 424.176 27.0834 129.624 136.076 72.154
5
-1275.46 456.392 26.017 129.597 136.07 72.141
-1276.2 455.716 26.0559 129.597 136.07 72.141
-1276.94 455.04 26.0949 129.597 136.07 72.141
-1277.67 454.364 26.1338 129.597 136.07 72.141
-1278.41 453.687 26.1728 129.597 136.07 72.141
-1279.14 453.011 26.2117 129.597 136.07 72.141
-1279.88 452.335 26.2507 129.597 136.07 72.141
-1280.61 451.659 26.2896 129.597 136.07 72.141
-1281.35 450.983 26.3286 129.622 136.081 72.17
-1282.09 450.306 26.3675 129.622 136.071 72.155
-1282.82 449.63 26.4065 129.626 136.067 72.154
-1283.56 448.954 26.4454 129.626 136.067 72.152
-1284.29 448.278 26.4844 129.627 136.069 72.151
-1285.03 447.601 26.5233 129.627 136.069 72.151
-1285.76 446.925 26.5622 129.627 136.071 72.154
-1286.5 446.249 26.6012 129.623 136.071 72.148
-1287.24 445.573 26.6401 129.619 136.071 72.144
-1287.97 444.897 26.6791 129.618 136.07 72.142
-1288.71 444.22 26.718 129.618 136.07 72.142
-1289.44 443.544 26.757 129.62 136.07 72.138
-1290.18 442.868 26.7959 129.621 136.072 72.144
-1290.91 442.192 26.8349 129.621 136.072 72.144
-1291.65 441.515 26.8738 129.624 136.074 72.149
-1292.39 440.839 26.9128 129.625 136.074 72.151
-1293.12 440.163 26.9517 129.624 136.073 72.146
-1293.86 439.487 26.9907 129.624 136.073 72.146
-1294.59 438.811 27.0296 129.623 136.07 72.141
-1295.33 438.134 27.0685 129.623 136.071 72.144
-1296.06 437.458 27.1075 129.621 136.071 72.145
-1296.8 436.782 27.1464 129.621 136.071 72.145
-1297.53 436.106 27.1854 129.621 136.072 72.149
-1298.27 435.429 27.2243 129.621 136.074 72.15
-1299.01 434.753 27.2633 129.619 136.075 72.151
-1299.74 434.077 27.3022 129.619 136.074 72.15
-1300.48 433.401 27.3412 129.619 136.074 72.15
-1301.21 432.725 27.3801 129.62 136.076 72.152
-1301.95 432.048 27.4191 129.623 136.076 72.153
-1302.68 431.372 27.458 129.622 136.076 72.154
-1303.42 430.696 27.497 129.622 136.076 72.154
-1304.16 430.02 27.5359 129.622 136.076 72.154
-1304.89 429.344 27.5749 129.622 136.076 72.154
-1305.63 428.667 27.6138 129.622 136.076 72.154
-1306.36 427.991 27.6527 129.622 136.076 72.154
-1307.1 427.315 27.6917 129.622 136.076 72.154
-1307.83 426.639 27.7306 129.622 136.076 72.154
-1308.57 425.962 27.7696 129.622 136.076 72.154
6
-1274.55 454.935 24.7741 129.599 136.068 72.138
-1275.28 454.261 24.8016 129.599 136.068 72.138
-1276.02 453.586 24.829 129.599 136.068 72.138
-1276.76 452.912 24.8565 129.599 136.068 72.138
-1277.5 452.238 24.8839 129.599 136.068 72.138
-1278.23 451.563 24.9114 129.599 136.068 72.138
-1278.97 450.889 24.9388 129.599 136.068 72.138
-1279.71 450.214 24.9663 129.619 136.081 72.169
-1280.45 449.54 24.9937 129.621 136.071 72.155
-1281.19 448.866 25.0212 129.625 136.067 72.153
-1281.92 448.191 25.0487 129.625 136.068 72.152
-1282.66 447.517 25.0761 129.625 136.068 72.152
-1283.4 446.842 25.1036 129.626 136.07 72.151
-1284.14 446.168 25.131 129.625 136.072 72.152
-1284.88 445.494 25.1585 129.619 136.071 72.144
-1285.61 444.819 25.1859 129.616 136.071 72.142
-1286.35 444.145 25.2134 129.616 136.071 72.142
-1287.09 443.47 25.2408 129.617 136.07 72.138
-1287.83 442.796 25.2683 129.618 136.07 72.139
-1288.56 442.121 25.2958 129.619 136.072 72.145
-1289.3 441.447 25.3232 129.622 136.073 72.148
-1290.04 440.773 25.3507 129.624 136.074 72.153
-1290.78 440.098 25.3781 129.624 136.074 72.153
-1291.52 439.424 25.4056 129.621 136.073 72.147
-1292.25 438.749 25.433 129.621 136.071 72.142
-1292.99 438.075 25.4605 129.621 136.07 72.144
-1293.73 437.401 25.4879 129.621 136.071 72.147
-1294.47 436.726 25.5154 129.62 136.072 72.148
-1295.21 436.052 25.5429 129.621 136.073 72.15
-1295.94 435.377 25.5703 129.621 136.073 72.15
-1296.68 434.703 25.5978 129.62 136.075 72.153
-1297.42 434.029 25.6252 129.621 136.076 72.154
-1298.16 433.354 25.6527 129.62 136.076 72.155
-1298.89 432.68 25.6801 129.623 136.077 72.157
-1299.63 432.005 25.7076 129.623 136.077 72.157
-1300.37 431.331 25.735 129.626 136.077 72.158
-1301.11 430.657 25.7625 129.626 136.077 72.158
-1301.85 429.982 25.79 129.626 136.077 72.158
-1302.58 429.308 25.8174 129.626 136.077 72.158
-1303.32 428.633 25.8449 129.626 136.077 72.158
-1304.06 427.959 25.8723 129.626 136.077 72.158
-1304.8 427.284 25.8998 129.626 136.077 72.158
-1305.53 426.61 25.9272 129.626 136.077 72.158
-1306.27 425.936 25.9547 129.626 136.077 72.158
-1307.01 425.261 25.9821 129.626 136.077 72.158
-1307.75 424.587 26.0096 129.626 136.077 72.158
7
-1276.22 456.298 25.8285 129.599 136.071 72.146
-1276.96 455.626 25.859 129.599 136.071 72.146
-1277.7 454.955 25.8895 129.599 136.071 72.146
-1278.44 454.283 25.92 129.599 136.071 72.146
-1279.18 453.611 25.9504 129.599 136.071 72.146
-1279.92 452.939 25.9809 129.599 136.071 72.146
-1280.66 452.268 26.0114 129.599 136.071 72.146
-1281.4 451.596 26.0419 129.616 136.078 72.164
-1282.14 450.924 26.0724 129.619 136.07 72.153
-1282.88 450.252 26.1028 129.619 136.07 72.153
-1283.62 449.58 26.1333 129.624 136.066 72.152
-1284.36 448.909 26.1638 129.623 136.066 72.15
-1285.1 448.237 26.1943 129.626 136.069 72.151
-1285.84 447.565 26.2248 129.624 136.071 72.149
-1286.58 446.893 26.2552 129.624 136.071 72.149
-1287.32 446.222 26.2857 129.617 136.07 72.141
-1288.06 445.55 26.3162 129.617 136.07 72.141
-1288.8 444.878 26.3467 129.617 136.068 72.136
-1289.54 444.206 26.3771 129.62 136.069 72.137
-1290.28 443.535 26.4076 129.623 136.072 72.144
-1291.02 442.863 26.4381 129.623 136.072 72.144
-1291.76 442.191 26.4686 129.624 136.073 72.146
-1292.5 441.519 26.4991 129.628 136.074 72.153
-1293.24 440.848 26.5295 129.628 136.075 72.153
-1293.98 440.176 26.56 129.627 136.073 72.149
-1294.72 439.504 26.5905 129.627 136.071 72.144
-1295.46 438.832 26.621 129.626 136.071 72.147
-1296.2 438.16 26.6515 129.625 136.072 72.149
-1296.94 437.489 26.6819 129.624 136.071 72.149
-1297.68 436.817 26.7124 129.622 136.073 72.151
-1298.42 436.145 26.7429 129.622 136.073 72.151
-1299.16 435.473 26.7734 129.621 136.074 72.151
-1299.9 434.802 26.8038 129.619 136.074 72.152
-1300.64 434.13 26.8343 129.619 136.074 72.152
-1301.38 433.458 26.8648 129.621 136.075 72.151
-1302.12 432.786 26.8953 129.622 136.076 72.153
-1302.86 432.115 26.9258 129.621 136.077 72.153
-1303.61 431.443 26.9562 129.621 136.077 72.153
-1304.35 430.771 26.9867 129.621 136.077 72.153
-1305.09 430.099 27.0172 129.621 136.077 72.153
-1305.83 429.428 27.0477 129.621 136.077 72.153
-1306.57 428.756 27.0781 129.621 136.077 72.153
-1307.31 428.084 27.1086 129.621 136.077 72.153
-1308.05 427.412 27.1391 129.621 136.077 72.153
-1308.79 426.741 27.1696 129.621 136.077 72.153
-1309.53 426.069 27.2001 129.621 136.077 72.153
8
-1277.32 455.948 24.2659 129.6 136.07 72.145
-1278.06 455.281 24.2917 129.6 136.07 72.145
-1278.8 454.613 24.3176 129.6 136.07 72.145
-1279.55 453.945 24.3435 129.6 136.07 72.145
-1280.29 453.277 24.3694 129.6 136.07 72.145
-1281.04 452.61 24.3953 129.6 136.07 72.145
-1281.78 451.942 24.4211 129.619 136.079 72.168
-1282.52 451.274 24.447 129.62 136.068 72.151
-1283.27 450.607 24.4729 129.625 136.065 72.151
-1284.01 449.939 24.4988 129.625 136.065 72.151
-1284.76 449.271 24.5247 129.626 136.068 72.152
-1285.5 448.603 24.5506 129.626 136.07 72.15
-1286.24 447.936 24.5764 129.626 136.07 72.15
-1286.99 447.268 24.6023 129.624 136.072 72.148
-1287.73 446.6 24.6282 129.617 136.071 72.142
-1288.48 445.933 24.6541 129.617 136.071 72.142
-1289.22 445.265 24.68 129.617 136.07 72.138
-1289.96 444.597 24.7058 129.619 136.07 72.136
-1290.71 443.929 24.7317 129.62 136.071 72.142
-1291.45 443.262 24.7576 129.623 136.073 72.146
-1292.2 442.594 24.7835 129.626 136.074 72.153
-1292.94 441.926 24.8094 129.626 136.074 72.153
-1293.68 441.259 24.8352 129.625 136.074 72.152
-1294.43 440.591 24.8611 129.624 136.071 72.144
-1295.17 439.923 24.887 129.624 136.071 72.144
-1295.92 439.255 24.9129 129.624 136.071 72.144
-1296.66 438.588 24.9388 129.622 136.072 72.147
-1297.4 437.92 24.9647 129.621 136.072 72.146
-1298.15 437.252 24.9905 129.62 136.074 72.149
-1298.89 436.585 25.0164 129.619 136.075 72.148
-1299.64 435.917 25.0423 129.619 136.075 72.148
-1300.38 435.249 25.0682 129.619 136.075 72.151
-1301.12 434.581 25.0941 129.619 136.075 72.151
-1301.87 433.914 25.1199 129.622 136.076 72.154
-1302.61 433.246 25.1458 129.623 136.077 72.154
-1303.35 432.578 25.1717 129.623 136.077 72.154
-1304.1 431.911 25.1976 129.623 136.077 72.154
-1304.84 431.243 25.2235 129.623 136.077 72.154
-1305.59 430.575 25.2494 129.623 136.077 72.154
-1306.33 429.907 25.2752 129.623 136.077 72.154
-1307.07 429.24 25.3011 129.623 136.077 72.154
-1307.82 428.572 25.327 129.623 136.077 72.154
-1308.56 427.904 25.3529 129.623 136.077 72.154
-1309.31 427.237 25.3788 129.623 136.077 72.154
-1310.05 426.569 25.4046 129.623 136.077 72.154
-1310.79 425.901 25.4305 129.623 136.077 72.154
9
-1277.64 456.333 25.1564 129.598 136.069 72.139
-1278.37 455.654 25.1949 129.598 136.069 72.139
-1279.11 454.974 25.2334 129.598 136.069 72.139
-1279.84 454.295 25.272 129.598 136.069 72.139
-1280.57 453.615 25.3105 129.598 136.069 72.139
-1281.3 452.936 25.349 129.598 136.069 72.139
-1282.04 452.256 25.3876 129.622 136.081 72.172
-1282.77 451.577 25.4261 129.622 136.07 72.155
-1283.5 450.897 25.4646 129.622 136.07 72.155
-1284.23 450.217 25.5032 129.627 136.065 72.152
-1284.97 449.538 25.5417 129.626 136.067 72.151
-1285.7 448.858 25.5802 129.627 136.07 72.152
-1286.43 448.179 25.6187 129.627 136.07 72.152
-1287.16 447.499 25.6573 129.623 136.071 72.148
-1287.9 446.82 25.6958 129.619 136.071 72.143
-1288.63 446.14 25.7343 129.618 136.07 72.14
-1289.36 445.461 25.7729 129.618 136.07 72.14
-1290.1 444.781 25.8114 129.62 136.07 72.14
-1290.83 444.102 25.8499 129.62 136.071 72.141
-1291.56 443.422 25.8885 129.623 136.072 72.145
-1292.29 442.743 25.927 129.625 136.073 72.149
-1293.03 442.063 25.9655 129.625 136.073 72.151
-1293.76 441.383 26.004 129.624 136.073 72.148
-1294.49 440.704 26.0426 129.624 136.073 72.148
-1295.22 440.024 26.0811 129.624 136.071 72.144
-1295.96 439.345 26.1196 129.624 136.07 72.144
-1296.69 438.665 26.1582 129.624 136.072 72.148
-1297.42 437.986 26.1967 129.622 136.071 72.148
-1298.15 437.306 26.2352 129.621 136.074 72.151
-1298.89 436.627 26.2738 129.621 136.074 72.151
-1299.62 435.947 26.3123 129.619 136.075 72.15
-1300.35 435.268 26.3508 129.619 136.075 72.152
-1301.08 434.588 26.3893 129.619 136.075 72.152
-1301.82 433.908 26.4279 129.621 136.075 72.152
-1302.55 433.229 26.4664 129.624 136.076 72.154
-1303.28 432.549 26.5049 129.624 136.077 72.156
-1304.01 431.87 26.5435 129.624 136.077 72.156
-1304.75 431.19 26.582 129.624 136.077 72.156
-1305.48 430.511 26.6205 129.624 136.077 72.156
-1306.21 429.831 26.6591 129.624 136.077 72.156
-1306.95 429.152 26.6976 129.624 136.077 72.156
-1307.68 428.472 26.7361 129.624 136.077 72.156
-1308.41 427.793 26.7746 129.624 136.077 72.156
-1309.14 427.113 26.8132 129.624 136.077 72.156
-1309.88 426.433 26.8517 129.624 136.077 72.156
-1310.61 425.754 26.8902 129.624 136.077 72.156
10
-1274.6 454.035 25.6385 129.597 136.069 72.139
-1275.35 453.373 25.6672 129.597 136.069 72.139
-1276.09 452.71 25.696 129.597 136.069 72.139
-1276.84 452.047 25.7248 129.597 136.069 72.139
-1277.59 451.384 25.7536 129.597 136.069 72.139
-1278.34 450.722 25.7823 129.597 136.069 72.139
-1279.09 450.059 25.8111 129.621 136.081 72.17
-1279.84 449.396 25.8399 129.623 136.07 72.155
-1280.58 448.734 25.8686 129.623 136.07 72.155
-1281.33 448.071 25.8974 129.627 136.066 72.152
-1282.08 447.408 25.9262 129.627 136.067 72.152
-1282.83 446.745 25.955 129.627 136.068 72.151
-1283.58 446.083 25.9837 129.627 136.068 72.151
-1284.33 445.42 26.0125 129.626 136.07 72.148
-1285.07 444.757 26.0413 129.62 136.069 72.143
-1285.82 444.094 26.0701 129.618 136.069 72.14
-1286.57 443.432 26.0988 129.618 136.069 72.14
-1287.32 442.769 26.1276 129.62 136.068 72.14
-1288.07 442.106 26.1564 129.622 136.07 72.141
-1288.82 441.443 26.1852 129.623 136.072 72.145
-1289.56 440.781 26.2139 129.623 136.072 72.145
-1290.31 440.118 26.2427 129.625 136.073 72.149
-1291.06 439.455 26.2715 129.626 136.073 72.151
-1291.81 438.793 26.3002 129.624 136.072 72.145
-1292.56 438.13 26.329 129.623 136.07 72.141
-1293.31 437.467 26.3578 129.623 136.07 72.141
-1294.05 436.804 26.3866 129.623 136.071 72.145
-1294.8 436.142 26.4153 129.622 136.071 72.144
-1295.55 435.479 26.4441 129.622 136.072 72.149
-1296.3 434.816 26.4729 129.621 136.074 72.15
-1297.05 434.153 26.5017 129.621 136.074 72.15
-1297.8 433.491 26.5304 129.62 136.075 72.151
-1298.54 432.828 26.5592 129.62 136.074 72.15
-1299.29 432.165 26.588 129.621 136.075 72.153
-1300.04 431.502 26.6168 129.624 136.077 72.156
-1300.79 430.84 26.6455 129.624 136.077 72.156
-1301.54 430.177 26.6743 129.624 136.077 72.156
-1302.28 429.514 26.7031 129.624 136.077 72.156
-1303.03 428.851 26.7318 129.624 136.077 72.156
-1303.78 428.189 26.7606 129.624 136.077 72.156
-1304.53 427.526 26.7894 129.624 136.077 72.156
-1305.28 426.863 26.8182 129.624 136.077 72.156
-1306.03 426.201 26.8469 129.624 136.077 72.156
-1306.77 425.538 26.8757 129.624 136.077 72.156
-1307.52 424.875 26.9045 129.624 136.077 72.156
-1308.27 424.212 26.9333 129.624 136.077 72.156
11
-1273.7 453.788 25.4117 129.597 136.071 72.145
-1274.43 453.111 25.4389 129.597 136.071 72.145
-1275.17 452.434 25.4662 129.597 136.071 72.145
-1275.9 451.757 25.4934 129.597 136.071 72.145
-1276.64 451.08 25.5206 129.597 136.071 72.145
-1277.38 450.403 25.5478 129.597 136.071 72.145
-1278.11 449.726 25.5751 129.597 136.071 72.145
-1278.85 449.049 25.6023 129.621 136.08 72.169
-1279.58 448.372 25.6295 129.623 136.07 72.155
-1280.32 447.695 25.6567 129.627 136.065 72.154
-1281.05 447.018 25.6839 129.628 136.066 72.154
-1281.79 446.341 25.7112 129.627 136.068 72.151
-1282.52 445.664 25.7384 129.627 136.068 72.151
-1283.26 444.987 25.7656 129.627 136.07 72.151
-1283.99 444.31 25.7928 129.622 136.071 72.146
-1284.73 443.633 25.82 129.617 136.07 72.142
-1285.47 442.956 25.8473 129.619 136.069 72.139
-1286.2 442.279 25.8745 129.619 136.069 72.139
-1286.94 441.602 25.9017 129.622 136.07 72.139
-1287.67 440.925 25.9289 129.623 136.072 72.144
-1288.41 440.248 25.9561 129.625 136.073 72.147
-1289.14 439.571 25.9834 129.627 136.073 72.152
-1289.88 438.894 26.0106 129.625 136.073 72.15
-1290.61 438.217 26.0378 129.624 136.071 72.143
-1291.35 437.54 26.065 129.624 136.071 72.143
-1292.09 436.863 26.0922 129.623 136.071 72.144
-1292.82 436.186 26.1195 129.623 136.071 72.144
-1293.56 435.509 26.1467 129.622 136.071 72.145
-1294.29 434.832 26.1739 129.622 136.073 72.148
-1295.03 434.155 26.2011 129.621 136.075 72.149
-1295.76 433.478 26.2283 129.621 136.075 72.149
-1296.5 432.801 26.2556 129.619 136.076 72.15
-1297.23 432.124 26.2828 129.619 136.074 72.148
-1297.97 431.447 26.31 129.619 136.074 72.148
-1298.7 430.77 26.3372 129.621 136.076 72.151
-1299.44 430.093 26.3645 129.623 136.076 72.152
-1300.18 429.416 26.3917 129.623 136.076 72.152
-1300.91 428.739 26.4189 129.623 136.076 72.152
-1301.65 428.062 26.4461 129.623 136.076 72.152
-1302.38 427.385 26.4733 129.623 136.076 72.152
-1303.12 426.708 26.5006 129.623 136.076 72.152
-1303.85 426.031 26.5278 129.623 136.076 72.152
-1304.59 425.354 26.555 129.623 136.076 72.152
-1305.32 424.677 26.5822 129.623 136.076 72.152
-1306.06 424 26.6094 129.623 136.076 72.152
-1306.79 423.323 26.6367 129.623 136.076 72.152
12
-1276.65 455.459 25.1089 129.597 136.071 72.145
-1277.4 454.79 25.1313 129.597 136.071 72.145
-1278.14 454.12 25.1536 129.597 136.071 72.145
-1278.88 453.451 25.176 129.597 136.071 72.145
-1279.62 452.782 25.1984 129.597 136.071 72.145
-1280.37 452.113 25.2207 129.597 136.071 72.145
-1281.11 451.444 25.2431 129.622 136.082 72.173
-1281.85 450.775 25.2654 129.623 136.072 72.158
-1282.6 450.106 25.2878 129.625 136.066 72.153
-1283.34 449.437 25.3102 129.627 136.066 72.154
-1284.08 448.768 25.3325 129.626 136.068 72.151
-1284.82 448.099 25.3549 129.626 136.068 72.151
-1285.57 447.43 25.3773 129.627 136.07 72.151
-1286.31 446.761 25.3996 129.623 136.071 72.148
-1287.05 446.092 25.422 129.619 136.071 72.144
-1287.8 445.423 25.4443 129.619 136.071 72.144
-1288.54 444.754 25.4667 129.619 136.069 72.139
-1289.28 444.085 25.4891 129.621 136.07 72.139
-1290.02 443.416 25.5114 129.622 136.072 72.143
-1290.77 442.747 25.5338 129.623 136.073 72.145
-1291.51 442.077 25.5562 129.625 136.074 72.149
-1292.25 441.408 25.5785 129.625 136.074 72.151
-1293 440.739 25.6009 129.625 136.074 72.151
-1293.74 440.07 25.6232 129.623 136.073 72.144
-1294.48 439.401 25.6456 129.623 136.07 72.14
-1295.22 438.732 25.668 129.624 136.07 72.143
-1295.97 438.063 25.6903 129.623 136.071 72.146
-1296.71 437.394 25.7127 129.624 136.071 72.147
-1297.45 436.725 25.7351 129.624 136.071 72.147
-1298.2 436.056 25.7574 129.621 136.074 72.149
-1298.94 435.387 25.7798 129.621 136.075 72.15
-1299.68 434.718 25.8022 129.619 136.074 72.151
-1300.42 434.049 25.8245 129.619 136.074 72.151
-1301.17 433.38 25.8469 129.621 136.074 72.15
-1301.91 432.711 25.8692 129.623 136.075 72.152
-1302.65 432.042 25.8916 129.621 136.077 72.154
-1303.4 431.373 25.914 129.621 136.077 72.154
-1304.14 430.704 25.9363 129.621 136.077 72.154
-1304.88 430.034 25.9587 129.621 136.077 72.154
-1305.62 429.365 25.9811 129.621 136.077 72.154
-1306.37 428.696 26.0034 129.621 136.077 72.154
-1307.11 428.027 26.0258 129.621 136.077 72.154
-1307.85 427.358 26.0481 129.621 136.077 72.154
-1308.6 426.689 26.0705 129.621 136.077 72.154
-1309.34 426.02 26.0929 129.621 136.077 72.154
-1310.08 425.351 26.1152 129.621 136.077 72.154
13
-1275.24 455.019 24.5059 129.599 136.068 72.137
-1275.98 454.355 24.5302 129.599 136.068 72.137
-1276.73 453.69 24.5545 129.599 136.068 72.137
-1277.48 453.026 24.5789 129.599 136.068 72.137
-1278.22 452.362 24.6032 129.599 136.068 72.137
-1278.97 451.698 24.6275 129.599 136.068 72.137
-1279.72 451.034 24.6519 129.599 136.068 72.137
-1280.47 450.37 24.6762 129.621 136.081 72.172
-1281.21 449.706 24.7006 129.62 136.072 72.156
-1281.96 449.042 24.7249 129.626 136.067 72.154
-1282.71 448.378 24.7492 129.626 136.067 72.153
-1283.46 447.714 24.7736 129.626 136.069 72.152
-1284.2 447.049 24.7979 129.627 136.071 72.153
-1284.95 446.385 24.8222 129.623 136.072 72.148
-1285.7 445.721 24.8466 129.617 136.071 72.143
-1286.44 445.057 24.8709 129.617 136.071 72.143
-1287.19 444.393 24.8952 129.616 136.071 72.142
-1287.94 443.729 24.9196 129.618 136.07 72.138
-1288.69 443.065 24.9439 129.619 136.072 72.143
-1289.43 442.401 24.9683 129.62 136.073 72.146
-1290.18 441.737 24.9926 129.622 136.074 72.15
-1290.93 441.072 25.0169 129.622 136.074 72.15
-1291.68 440.408 25.0413 129.622 136.074 72.151
-1292.42 439.744 25.0656 129.622 136.073 72.147
-1293.17 439.08 25.0899 129.622 136.071 72.144
-1293.92 438.416 25.1143 129.622 136.071 72.146
-1294.66 437.752 25.1386 129.622 136.071 72.146
-1295.41 437.088 25.1629 129.622 136.072 72.15
-1296.16 436.424 25.1873 129.621 136.073 72.151
-1296.91 435.76 25.2116 129.62 136.075 72.154
-1297.65 435.095 25.236 129.62 136.076 72.155
-1298.4 434.431 25.2603 129.62 136.076 72.155
-1299.15 433.767 25.2846 129.619 136.076 72.155
-1299.89 433.103 25.309 129.622 136.077 72.156
-1300.64 432.439 25.3333 129.625 136.077 72.158
-1301.39 431.775 25.3576 129.625 136.077 72.158
-1302.14 431.111 25.382 129.625 136.077 72.158
-1302.88 430.447 25.4063 129.625 136.077 72.158
-1303.63 429.783 25.4306 129.625 136.077 72.158
-1304.38 429.118 25.455 129.625 136.077 72.158
-1305.13 428.454 25.4793 129.625 136.077 72.158
-1305.87 427.79 25.5037 129.625 136.077 72.158
-1306.62 427.126 25.528 129.625 136.077 72.158
-1307.37 426.462 25.5523 129.625 136.077 72.158
-1308.11 425.798 25.5767 129.625 136.077 72.158
-1308.86 425.134 25.601 129.625 136.077 72.158
14
-1276.7 456.305 25.5637 129.599 136.07 72.145
-1277.44 455.63 25.5987 129.599 136.07 72.145
-1278.17 454.956 25.6338 129.599 136.07 72.145
-1278.91 454.282 25.6688 129.599 136.07 72.145
-1279.65 453.608 25.7038 129.599 136.07 72.145
-1280.39 452.933 25.7388 129.599 136.07 72.145
-1281.13 452.259 25.7739 129.599 136.07 72.145
-1281.86 451.585 25.8089 129.619 136.08 72.168
-1282.6 450.911 25.8439 129.618 136.07 72.153
-1283.34 450.237 25.8789 129.623 136.066 72.152
-1284.08 449.562 25.9139 129.624 136.068 72.152
-1284.81 448.888 25.949 129.624 136.068 72.152
-1285.55 448.214 25.984 129.625 136.069 72.15
-1286.29 447.54 26.019 129.624 136.071 72.15
-1287.03 446.866 26.054 129.618 136.072 72.143
-1287.76 446.191 26.089 129.618 136.072 72.143
-1288.5 445.517 26.1241 129.616 136.071 72.141
-1289.24 444.843 26.1591 129.618 136.07 72.139
-1289.98 444.169 26.1941 129.619 136.071 72.139
-1290.72 443.495 26.2291 129.62 136.072 72.142
-1291.45 442.82 26.2642 129.621 136.073 72.145
-1292.19 442.146 26.2992 129.624 136.073 72.15
-1292.93 441.472 26.3342 129.625 136.074 72.152
-1293.67 440.798 26.3692 129.625 136.074 72.152
-1294.4 440.123 26.4042 129.625 136.073 72.148
-1295.14 439.449 26.4393 129.625 136.07 72.143
-1295.88 438.775 26.4743 129.623 136.072 72.146
-1296.62 438.101 26.5093 129.621 136.072 72.147
-1297.35 437.427 26.5443 129.62 136.073 72.148
-1298.09 436.752 26.5793 129.62 136.073 72.148
-1298.83 436.078 26.6144 129.619 136.075 72.148
-1299.57 435.404 26.6494 129.618 136.075 72.15
-1300.31 434.73 26.6844 129.618 136.075 72.15
-1301.04 434.056 26.7194 129.619 136.075 72.15
-1301.78 433.381 26.7545 129.621 136.076 72.152
-1302.52 432.707 26.7895 129.624 136.076 72.154
-1303.26 432.033 26.8245 129.621 136.076 72.153
-1303.99 431.359 26.8595 129.621 136.076 72.153
-1304.73 430.684 26.8945 129.621 136.076 72.153
-1305.47 430.01 26.9296 129.621 136.076 72.153
-1306.21 429.336 26.9646 129.621 136.076 72.153
-1306.94 428.662 26.9996 129.621 136.076 72.153
-1307.68 427.988 27.0346 129.621 136.076 72.153
-1308.42 427.313 27.0696 129.621 136.076 72.153
-1309.16 426.639 27.1047 129.621 136.076 72.153
-1309.9 425.965 27.1397 129.621 136.076 72.153
15
-1276 455.686 25.6704 129.599 136.07 72.148
-1276.73 455.01 25.7018 129.599 136.07 72.148
-1277.47 454.335 25.7332 129.599 136.07 72.148
-1278.21 453.659 25.7647 129.599 136.07 72.148
-1278.94 452.984 25.7961 129.599 136.07 72.148
-1279.68 452.308 25.8275 129.599 136.07 72.148
-1280.42 451.633 25.859 129.599 136.07 72.148
-1281.15 450.957 25.8904 129.62 136.08 72.17
-1281.89 450.282 25.9218 129.621 136.07 72.155
-1282.63 449.607 25.9533 129.624 136.066 72.152
-1283.36 448.931 25.9847 129.625 136.068 72.153
-1284.1 448.256 26.0161 129.625 136.068 72.153
-1284.84 447.58 26.0476 129.625 136.07 72.151
-1285.57 446.905 26.079 129.623 136.072 72.15
-1286.31 446.229 26.1104 129.623 136.072 72.15
-1287.05 445.554 26.1419 129.616 136.072 72.143
-1287.78 444.878 26.1733 129.617 136.071 72.14
-1288.52 444.203 26.2047 129.617 136.071 72.14
-1289.26 443.527 26.2362 129.619 136.072 72.14
-1289.99 442.852 26.2676 129.619 136.073 72.143
-1290.73 442.176 26.299 129.621 136.074 72.145
-1291.47 441.501 26.3305 129.624 136.074 72.151
-1292.2 440.825 26.3619 129.624 136.074 72.151
-1292.94 440.15 26.3933 129.624 136.075 72.15
-1293.68 439.474 26.4248 129.624 136.073 72.145
-1294.41 438.799 26.4562 129.624 136.072 72.143
-1295.15 438.123 26.4876 129.624 136.073 72.146
-1295.89 437.448 26.5191 129.621 136.073 72.145
-1296.62 436.773 26.5505 129.62 136.074 72.147
-1297.36 436.097 26.582 129.62 136.074 72.147
-1298.1 435.422 26.6134 129.619 136.075 72.147
-1298.83 434.746 26.6448 129.618 136.076 72.147
-1299.57 434.071 26.6763 129.618 136.076 72.149
-1300.31 433.395 26.7077 129.621 136.076 72.15
-1301.04 432.72 26.7391 129.623 136.076 72.152
-1301.78 432.044 26.7706 129.622 136.077 72.153
-1302.52 431.369 26.802 129.622 136.077 72.153
-1303.25 430.693 26.8334 129.622 136.077 72.153
-1303.99 430.018 26.8649 129.622 136.077 72.153
-1304.73 429.342 26.8963 129.622 136.077 72.153
-1305.46 428.667 26.9277 129.622 136.077 72.153
-1306.2 427.991 26.9592 129.622 136.077 72.153
-1306.94 427.316 26.9906 129.622 136.077 72.153
-1307.67 426.64 27.022 129.622 136.077 72.153
-1308.41 425.965 27.0535 129.622 136.077 72.153
-1309.15 425.289 27.0849 129.622 136.077 72.153
16
-1277.18 455.911 24.9383 129.598 136.069 72.14
-1277.91 455.23 24.9684 129.598 136.069 72.14
-1278.64 454.55 24.9985 129.598 136.069 72.14
-1279.38 453.87 25.0287 129.598 136.069 72.14
-1280.11 453.189 25.0588 129.598 136.069 72.14
-1280.84 452.509 25.0889 129.598 136.069 72.14
-1281.57 451.828 25.1191 129.622 136.081 72.172
-1282.3 451.148 25.1492 129.62 136.071 72.156
-1283.04 450.468 25.1793 129.624 136.067 72.154
-1283.77 449.787 25.2095 129.625 136.067 72.153
-1284.5 449.107 25.2396 129.625 136.067 72.153
-1285.23 448.426 25.2697 129.624 136.069 72.152
-1285.97 447.746 25.2999 129.625 136.072 72.152
-1286.7 447.066 25.33 129.62 136.072 72.147
-1287.43 446.385 25.3601 129.617 136.072 72.145
-1288.16 445.705 25.3902 129.617 136.072 72.145
-1288.89 445.024 25.4204 129.617 136.071 72.142
-1289.63 444.344 25.4505 129.619 136.071 72.14
-1290.36 443.664 25.4806 129.621 136.072 72.144
-1291.09 442.983 25.5108 129.623 136.073 72.147
-1291.82 442.303 25.5409 129.625 136.074 72.151
-1292.56 441.622 25.571 129.625 136.074 72.151
-1293.29 440.942 25.6012 129.625 136.074 72.151
-1294.02 440.262 25.6313 129.625 136.073 72.147
-1294.75 439.581 25.6614 129.626 136.07 72.143
-1295.49 438.901 25.6916 129.624 136.071 72.147
-1296.22 438.221 25.7217 129.623 136.071 72.147
-1296.95 437.54 25.7518 129.623 136.071 72.147
-1297.68 436.86 25.782 129.622 136.073 72.149
-1298.41 436.179 25.8121 129.62 136.074 72.148
-1299.15 435.499 25.8422 129.619 136.075 72.15
-1299.88 434.819 25.8724 129.619 136.075 72.15
-1300.61 434.138 25.9025 129.619 136.075 72.15
-1301.34 433.458 25.9326 129.622 136.076 72.153
-1302.08 432.777 25.9628 129.622 136.076 72.152
-1302.81 432.097 25.9929 129.622 136.076 72.152
-1303.54 431.417 26.023 129.622 136.076 72.152
-1304.27 430.736 26.0532 129.622 136.076 72.152
-1305 430.056 26.0833 129.622 136.076 72.152
-1305.74 429.375 26.1134 129.622 136.076 72.152
-1306.47 428.695 26.1436 129.622 136.076 72.152
-1307.2 428.015 26.1737 129.622 136.076 72.152
-1307.93 427.334 26.2038 129.622 136.076 72.152
-1308.67 426.654 26.234 129.622 136.076 72.152
-1309.4 425.973 26.2641 129.622 136.076 72.152
-1310.13 425.293 26.2942 129.622 136.076 72.152
17
-1272.02 454.064 24.6894 129.594 136.07 72.136
-1272.75 453.385 24.7199 129.594 136.07 72.136
-1273.49 452.706 24.7504 129.594 136.07 72.136
-1274.22 452.026 24.781 129.594 136.07 72.136
-1274.95 451.347 24.8115 129.594 136.07 72.136
-1275.69 450.668 24.842 129.594 136.07 72.136
-1276.42 449.989 24.8725 129.594 136.07 72.136
-1277.15 449.31 24.9031 129.594 136.07 72.136
-1277.89 448.63 24.9336 129.625 136.079 72.174
-1278.62 447.951 24.9641 129.629 136.071 72.164
-1279.35 447.272 24.9946 129.626 136.067 72.157
-1280.09 446.593 25.0252 129.624 136.069 72.155
-1280.82 445.914 25.0557 129.619 136.071 72.147
-1281.55 445.234 25.0862 129.619 136.071 72.147
-1282.29 444.555 25.1167 129.618 136.072 72.146
-1283.02 443.876 25.1473 129.614 136.07 72.139
-1283.75 443.197 25.1778 129.614 136.07 72.139
-1284.49 442.518 25.2083 129.619 136.069 72.141
-1285.22 441.838 25.2388 129.624 136.07 72.145
-1285.95 441.159 25.2693 129.622 136.073 72.148
-1286.69 440.48 25.2999 129.621 136.073 72.148
-1287.42 439.801 25.3304 129.621 136.073 72.148
-1288.15 439.122 25.3609 129.622 136.072 72.149
-1288.89 438.442 25.3914 129.621 136.07 72.147
-1289.62 437.763 25.422 129.622 136.069 72.142
-1290.35 437.084 25.4525 129.621 136.072 72.145
-1291.09 436.405 25.483 129.621 136.072 72.145
-1291.82 435.726 25.5135 129.619 136.075 72.148
-1292.55 435.046 25.5441 129.618 136.077 72.149
-1293.29 434.367 25.5746 129.618 136.077 72.149
-1294.02 433.688 25.6051 129.62 136.075 72.149
-1294.75 433.009 25.6356 129.619 136.075 72.149
-1295.49 432.33 25.6662 129.617 136.075 72.151
-1296.22 431.65 25.6967 129.617 136.075 72.151
-1296.95 430.971 25.7272 129.615 136.076 72.153
-1297.69 430.292 25.7577 129.62 136.076 72.153
-1298.42 429.613 25.7883 129.62 136.076 72.153
-1299.15 428.934 25.8188 129.624 136.074 72.154
-1299.89 428.255 25.8493 129.624 136.074 72.154
-1300.62 427.575 25.8798 129.624 136.074 72.154
-1301.35 426.896 25.9104 129.624 136.074 72.154
-1302.09 426.217 25.9409 129.624 136.074 72.154
-1302.82 425.538 25.9714 129.624 136.074 72.154
-1303.55 424.859 26.0019 129.624 136.074 72.154
-1304.29 424.179 26.0325 129.624 136.074 72.154
-1305.02 423.5 26.063 129.624 136.074 72.154
18
-1274.98 454.271 26.1895 129.597 136.07 72.141
-1275.69 453.573 26.2132 129.597 136.07 72.141
-1276.41 452.876 26.2368 129.597 136.07 72.141
-1277.13 452.178 26.2605 129.597 136.07 72.141
-1277.84 451.481 26.2841 129.597 136.07 72.141
-1278.56 450.783 26.3078 129.597 136.07 72.141
-1279.28 450.086 26.3314 129.624 136.081 72.174
-1279.99 449.388 26.3551 129.624 136.081 72.174
-1280.71 448.691 26.3787 129.621 136.071 72.159
-1281.42 447.993 26.4024 129.622 136.066 72.154
-1282.14 447.296 26.426 129.624 136.067 72.155
-1282.86 446.598 26.4497 129.625 136.07 72.155
-1283.57 445.901 26.4733 129.625 136.072 72.155
-1284.29 445.203 26.497 129.625 136.072 72.155
-1285.01 444.506 26.5206 129.617 136.073 72.148
-1285.72 443.808 26.5443 129.614 136.072 72.144
-1286.44 443.111 26.568 129.615 136.071 72.139
-1287.15 442.413 26.5916 129.615 136.072 72.14
-1287.87 441.716 26.6153 129.617 136.073 72.145
-1288.59 441.018 26.6389 129.617 136.073 72.145
-1289.3 440.321 26.6626 129.621 136.073 72.148
-1290.02 439.623 26.6862 129.623 136.074 72.154
-1290.73 438.926 26.7099 129.623 136.074 72.154
-1291.45 438.228 26.7335 129.621 136.074 72.149
-1292.17 437.531 26.7572 129.622 136.072 72.144
-1292.88 436.833 26.7808 129.622 136.071 72.146
-1293.6 436.136 26.8045 129.622 136.072 72.15
-1294.32 435.438 26.8281 129.621 136.072 72.151
-1295.03 434.741 26.8518 129.619 136.075 72.153
-1295.75 434.044 26.8754 129.619 136.075 72.153
-1296.46 433.346 26.8991 129.619 136.076 72.152
-1297.18 432.649 26.9227 129.619 136.076 72.155
-1297.9 431.951 26.9464 129.619 136.076 72.155
-1298.61 431.254 26.97 129.623 136.077 72.156
-1299.33 430.556 26.9937 129.626 136.077 72.157
-1300.05 429.859 27.0173 129.626 136.077 72.157
-1300.76 429.161 27.041 129.626 136.077 72.157
-1301.48 428.464 27.0646 129.626 136.077 72.157
-1302.19 427.766 27.0883 129.626 136.077 72.157
-1302.91 427.069 27.1119 129.626 136.077 72.157
-1303.63 426.371 27.1356 129.626 136.077 72.157
-1304.34 425.674 27.1592 129.626 136.077 72.157
-1305.06 424.976 27.1829 129.626 136.077 72.157
-1305.78 424.279 27.2065 129.626 136.077 72.157
-1306.49 423.581 27.2302 129.626 136.077 72.157
-1307.21 422.884 27.2538 129.626 136.077 72.157
19
-1275.48 455.415 27.0077 129.598 136.07 72.141
-1276.22 454.74 27.0353 129.598 136.07 72.141
-1276.96 454.065 27.0629 129.598 136.07 72.141
-1277.7 453.39 27.0905 129.598 136.07 72.141
-1278.43 452.716 27.1181 129.598 136.07 72.141
-1279.17 452.041 27.1458 129.598 136.07 72.141
-1279.91 451.366 27.1734 129.598 136.07 72.141
-1280.65 450.692 27.201 129.622 136.081 72.173
-1281.38 450.017 27.2286 129.62 136.07 72.155
-1282.12 449.342 27.2562 129.62 136.07 72.155
-1282.86 448.667 27.2839 129.623 136.067 72.155
-1283.6 447.993 27.3115 129.623 136.067 72.153
-1284.33 447.318 27.3391 129.623 136.07 72.153
-1285.07 446.643 27.3667 129.624 136.073 72.155
-1285.81 445.969 27.3943 129.624 136.073 72.155
-1286.55 445.294 27.422 129.618 136.073 72.148
-1287.28 444.619 27.4496 129.614 136.072 72.143
-1288.02 443.944 27.4772 129.615 136.071 72.14
-1288.76 443.27 27.5048 129.615 136.071 72.14
-1289.5 442.595 27.5324 129.616 136.072 72.142
-1290.23 441.92 27.5601 129.617 136.072 72.144
-1290.97 441.246 27.5877 129.62 136.073 72.148
-1291.71 440.571 27.6153 129.623 136.075 72.154
-1292.45 439.896 27.6429 129.622 136.074 72.151
-1293.18 439.221 27.6705 129.621 136.073 72.146
-1293.92 438.547 27.6982 129.622 136.071 72.145
-1294.66 437.872 27.7258 129.622 136.071 72.145
-1295.4 437.197 27.7534 129.621 136.072 72.149
-1296.14 436.523 27.781 129.621 136.072 72.151
-1296.87 435.848 27.8086 129.62 136.075 72.154
-1297.61 435.173 27.8362 129.62 136.075 72.154
-1298.35 434.498 27.8639 129.62 136.076 72.152
-1299.09 433.824 27.8915 129.62 136.076 72.156
-1299.82 433.149 27.9191 129.621 136.076 72.155
-1300.56 432.474 27.9467 129.621 136.076 72.155
-1301.3 431.8 27.9743 129.625 136.077 72.157
-1302.04 431.125 28.002 129.625 136.078 72.159
-1302.77 430.45 28.0296 129.625 136.078 72.159
-1303.51 429.775 28.0572 129.625 136.078 72.159
-1304.25 429.101 28.0848 129.625 136.078 72.159
-1304.99 428.426 28.1124 129.625 136.078 72.159
-1305.72 427.751 28.1401 129.625 136.078 72.159
-1306.46 427.077 28.1677 129.625 136.078 72.159
-1307.2 426.402 28.1953 129.625 136.078 72.159
-1307.94 425.727 28.2229 129.625 136.078 72.159
-1308.67 425.052 28.2505 129.625 136.078 72.159
20
-1276.27 455.162 25.9232 129.597 136.071 72.145
-1277 454.476 25.9494 129.597 136.071 72.145
-1277.72 453.789 25.9755 129.597 136.071 72.145
-1278.45 453.103 26.0016 129.597 136.071 72.145
-1279.18 452.417 26.0277 129.597 136.071 72.145
-1279.9 451.73 26.0538 129.597 136.071 72.145
-1280.63 451.044 26.0799 129.621 136.081 72.173
-1281.36 450.358 26.106 129.621 136.07 72.157
-1282.08 449.671 26.1321 129.621 136.07 72.157
-1282.81 448.985 26.1583 129.624 136.066 72.155
-1283.54 448.299 26.1844 129.624 136.067 72.154
-1284.26 447.613 26.2105 129.626 136.069 72.154
-1284.99 446.926 26.2366 129.625 136.072 72.155
-1285.72 446.24 26.2627 129.625 136.072 72.155
-1286.44 445.554 26.2888 129.62 136.073 72.148
-1287.17 444.867 26.3149 129.615 136.072 72.143
-1287.9 444.181 26.341 129.615 136.071 72.139
-1288.62 443.495 26.3672 129.616 136.072 72.138
-1289.35 442.808 26.3933 129.616 136.072 72.138
-1290.08 442.122 26.4194 129.617 136.073 72.142
-1290.81 441.436 26.4455 129.619 136.073 72.145
-1291.53 440.749 26.4716 129.621 136.074 72.15
-1292.26 440.063 26.4977 129.622 136.073 72.147
-1292.99 439.377 26.5238 129.624 136.071 72.144
-1293.71 438.691 26.55 129.624 136.07 72.144
-1294.44 438.004 26.5761 129.624 136.07 72.144
-1295.17 437.318 26.6022 129.624 136.071 72.147
-1295.89 436.632 26.6283 129.623 136.071 72.148
-1296.62 435.945 26.6544 129.621 136.074 72.151
-1297.35 435.259 26.6805 129.619 136.075 72.149
-1298.07 434.573 26.7066 129.619 136.075 72.149
-1298.8 433.886 26.7327 129.618 136.076 72.152
-1299.53 433.2 26.7589 129.619 136.075 72.15
-1300.25 432.514 26.785 129.622 136.076 72.153
-1300.98 431.827 26.8111 129.625 136.077 72.154
-1301.71 431.141 26.8372 129.625 136.077 72.154
-1302.43 430.455 26.8633 129.625 136.077 72.154
-1303.16 429.768 26.8894 129.625 136.077 72.154
-1303.89 429.082 26.9155 129.625 136.077 72.154
-1304.62 428.396 26.9416 129.625 136.077 72.154
-1305.34 427.71 26.9678 129.625 136.077 72.154
-1306.07 427.023 26.9939 129.625 136.077 72.154
-1306.8 426.337 27.02 129.625 136.077 72.154
-1307.52 425.651 27.0461 129.625 136.077 72.154
-1308.25 424.964 27.0722 129.625 136.077 72.154
-1308.98 424.278 27.0983 129.625 136.077 72.154
21
-1276.22 456.465 26.5874 129.599 136.071 72.143
-1276.96 455.787 26.6157 129.599 136.071 72.143
-1277.69 455.11 26.644 129.599 136.071 72.143
-1278.43 454.432 26.6723 129.599 136.071 72.143
-1279.16 453.755 26.7006 129.599 136.071 72.143
-1279.9 453.077 26.7289 129.599 136.071 72.143
-1280.63 452.4 26.7573 129.599 136.071 72.143
-1281.37 451.722 26.7856 129.599 136.071 72.143
-1282.1 451.045 26.8139 129.622 136.081 72.174
-1282.84 450.367 26.8422 129.618 136.07 72.156
-1283.57 449.69 26.8705 129.619 136.066 72.154
-1284.31 449.012 26.8989 129.621 136.067 72.153
-1285.04 448.335 26.9272 129.622 136.07 72.152
-1285.78 447.657 26.9555 129.623 136.073 72.156
-1286.51 446.98 26.9838 129.623 136.073 72.156
-1287.25 446.302 27.0121 129.62 136.074 72.152
-1287.98 445.625 27.0404 129.613 136.073 72.144
-1288.72 444.948 27.0688 129.612 136.071 72.137
-1289.45 444.27 27.0971 129.612 136.071 72.137
-1290.19 443.593 27.1254 129.615 136.072 72.139
-1290.92 442.915 27.1537 129.616 136.073 72.143
-1291.66 442.238 27.182 129.618 136.074 72.146
-1292.39 441.56 27.2104 129.621 136.074 72.153
-1293.13 440.883 27.2387 129.622 136.074 72.149
-1293.86 440.205 27.267 129.622 136.074 72.149
-1294.6 439.528 27.2953 129.622 136.073 72.146
-1295.33 438.85 27.3236 129.622 136.072 72.146
-1296.07 438.173 27.3519 129.622 136.072 72.15
-1296.8 437.495 27.3803 129.622 136.072 72.15
-1297.54 436.818 27.4086 129.62 136.075 72.154
-1298.27 436.14 27.4369 129.62 136.075 72.154
-1299.01 435.463 27.4652 129.62 136.076 72.151
-1299.74 434.785 27.4935 129.618 136.077 72.154
-1300.48 434.108 27.5219 129.619 136.076 72.153
-1301.21 433.431 27.5502 129.621 136.077 72.155
-1301.95 432.753 27.5785 129.625 136.077 72.157
-1302.68 432.076 27.6068 129.625 136.077 72.157
-1303.42 431.398 27.6351 129.625 136.077 72.159
-1304.15 430.721 27.6634 129.625 136.077 72.159
-1304.89 430.043 27.6918 129.625 136.077 72.159
-1305.62 429.366 27.7201 129.625 136.077 72.159
-1306.36 428.688 27.7484 129.625 136.077 72.159
-1307.09 428.011 27.7767 129.625 136.077 72.159
-1307.83 427.333 27.805 129.625 136.077 72.159
-1308.56 426.656 27.8333 129.625 136.077 72.159
-1309.3 425.978 27.8617 129.625 136.077 72.159
22
-1274.75 453.78 24.6131 129.597 136.07 72.14
-1275.49 453.11 24.6419 129.597 136.07 72.14
-1276.24 452.441 24.6707 129.597 136.07 72.14
-1276.98 451.772 24.6995 129.597 136.07 72.14
-1277.72 451.103 24.7283 129.597 136.07 72.14
-1278.46 450.434 24.7571 129.597 136.07 72.14
-1279.21 449.764 24.7859 129.624 136.08 72.172
-1279.95 449.095 24.8147 129.621 136.069 72.155
-1280.69 448.426 24.8435 129.622 136.066 72.153
-1281.43 447.757 24.8722 129.622 136.068 72.153
-1282.18 447.087 24.901 129.623 136.07 72.153
-1282.92 446.418 24.9298 129.623 136.07 72.153
-1283.66 445.749 24.9586 129.625 136.073 72.157
-1284.4 445.08 24.9874 129.62 136.073 72.15
-1285.15 444.41 25.0162 129.616 136.072 72.144
-1285.89 443.741 25.045 129.616 136.072 72.144
-1286.63 443.072 25.0738 129.616 136.071 72.141
-1287.37 442.403 25.1026 129.617 136.071 72.14
-1288.12 441.733 25.1314 129.618 136.072 72.144
-1288.86 441.064 25.1602 129.621 136.074 72.15
-1289.6 440.395 25.189 129.621 136.074 72.15
-1290.34 439.726 25.2178 129.622 136.074 72.152
-1291.09 439.056 25.2465 129.621 136.073 72.147
-1291.83 438.387 25.2753 129.621 136.073 72.147
-1292.57 437.718 25.3041 129.62 136.071 72.143
-1293.31 437.049 25.3329 129.619 136.071 72.145
-1294.05 436.379 25.3617 129.619 136.072 72.149
-1294.8 435.71 25.3905 129.62 136.072 72.15
-1295.54 435.041 25.4193 129.619 136.075 72.152
-1296.28 434.372 25.4481 129.619 136.075 72.152
-1297.02 433.702 25.4769 129.618 136.075 72.152
-1297.77 433.033 25.5057 129.617 136.076 72.155
-1298.51 432.364 25.5345 129.62 136.076 72.154
-1299.25 431.695 25.5633 129.624 136.077 72.157
-1299.99 431.026 25.592 129.624 136.077 72.157
-1300.74 430.356 25.6208 129.626 136.078 72.16
-1301.48 429.687 25.6496 129.626 136.078 72.16
-1302.22 429.018 25.6784 129.626 136.078 72.16
-1302.96 428.349 25.7072 129.626 136.078 72.16
-1303.71 427.679 25.736 129.626 136.078 72.16
-1304.45 427.01 25.7648 129.626 136.078 72.16
-1305.19 426.341 25.7936 129.626 136.078 72.16
-1305.93 425.672 25.8224 129.626 136.078 72.16
-1306.68 425.002 25.8512 129.626 136.078 72.16
-1307.42 424.333 25.88 129.626 136.078 72.16
-1308.16 423.664 25.9088 129.626 136.078 72.16
23
-1273.84 456.099 24.8997 129.597 136.069 72.14
-1274.56 455.4 24.9268 129.597 136.069 72.14
-1275.27 454.7 24.9538 129.597 136.069 72.14
-1275.99 454.001 24.9809 129.597 136.069 72.14
-1276.7 453.302 25.008 129.597 136.069 72.14
-1277.42 452.602 25.035 129.597 136.069 72.14
-1278.13 451.903 25.0621 129.597 136.069 72.14
-1278.84 451.204 25.0891 129.597 136.069 72.14
-1279.56 450.504 25.1162 129.622 136.081 72.173
-1280.27 449.805 25.1432 129.624 136.071 72.16
-1280.99 449.106 25.1703 129.623 136.067 72.155
-1281.7 448.406 25.1974 129.623 136.067 72.155
-1282.42 447.707 25.2244 129.625 136.068 72.154
-1283.13 447.007 25.2515 129.624 136.07 72.153
-1283.84 446.308 25.2785 129.625 136.073 72.156
-1284.56 445.609 25.3056 129.621 136.074 72.152
-1285.27 444.909 25.3326 129.621 136.074 72.152
-1285.99 444.21 25.3597 129.616 136.073 72.146
-1286.7 443.511 25.3867 129.614 136.072 72.142
-1287.42 442.811 25.4138 129.615 136.072 72.14
-1288.13 442.112 25.4409 129.616 136.073 72.142
-1288.84 441.412 25.4679 129.618 136.073 72.145
-1289.56 440.713 25.495 129.621 136.074 72.15
-1290.27 440.014 25.522 129.622 136.075 72.152
-1290.99 439.314 25.5491 129.622 136.075 72.152
-1291.7 438.615 25.5761 129.62 136.073 72.147
-1292.42 437.916 25.6032 129.62 136.072 72.143
-1293.13 437.216 25.6303 129.62 136.071 72.144
-1293.84 436.517 25.6573 129.619 136.072 72.147
-1294.56 435.818 25.6844 129.618 136.072 72.147
-1295.27 435.118 25.7114 129.618 136.073 72.15
-1295.99 434.419 25.7385 129.619 136.075 72.151
-1296.7 433.719 25.7655 129.618 136.075 72.151
-1297.42 433.02 25.7926 129.617 136.076 72.154
-1298.13 432.321 25.8196 129.62 136.076 72.154
-1298.84 431.621 25.8467 129.62 136.076 72.154
-1299.56 430.922 25.8738 129.624 136.077 72.157
-1300.27 430.223 25.9008 129.625 136.078 72.16
-1300.99 429.523 25.9279 129.625 136.078 72.16
-1301.7 428.824 25.9549 129.625 136.078 72.16
-1302.41 428.124 25.982 129.625 136.078 72.16
-1303.13 427.425 26.009 129.625 136.078 72.16
-1303.84 426.726 26.0361 129.625 136.078 72.16
-1304.56 426.026 26.0631 129.625 136.078 72.16
-1305.27 425.327 26.0902 129.625 136.078 72.16
-1305.99 424.628 26.1173 129.625 136.078 72.16
24
-1274.86 454.189 24.3192 129.598 136.069 72.142
-1275.6 453.517 24.3457 129.598 136.069 72.142
-1276.34 452.846 24.3721 129.598 136.069 72.142
-1277.08 452.174 24.3985 129.598 136.069 72.142
-1277.82 451.503 24.425 129.598 136.069 72.142
-1278.56 450.831 24.4514 129.598 136.069 72.142
-1279.3 450.16 24.4779 129.624 136.081 72.175
-1280.04 449.488 24.5043 129.62 136.071 72.159
-1280.78 448.817 24.5307 129.622 136.066 72.154
-1281.52 448.145 24.5572 129.622 136.067 72.154
-1282.26 447.474 24.5836 129.622 136.07 72.154
-1283 446.803 24.61 129.622 136.07 72.154
-1283.74 446.131 24.6365 129.624 136.074 72.156
-1284.48 445.46 24.6629 129.617 136.074 72.149
-1285.22 444.788 24.6893 129.617 136.074 72.149
-1285.97 444.117 24.7158 129.614 136.073 72.145
-1286.71 443.445 24.7422 129.615 136.071 72.139
-1287.45 442.774 24.7686 129.615 136.072 72.14
-1288.19 442.102 24.7951 129.616 136.073 72.143
-1288.93 441.431 24.8215 129.62 136.073 72.149
-1289.67 440.759 24.8479 129.62 136.073 72.149
-1290.41 440.088 24.8744 129.623 136.074 72.153
-1291.15 439.416 24.9008 129.622 136.074 72.153
-1291.89 438.745 24.9272 129.622 136.073 72.148
-1292.63 438.073 24.9537 129.623 136.071 72.144
-1293.37 437.402 24.9801 129.622 136.072 72.149
-1294.11 436.731 25.0066 129.622 136.072 72.149
-1294.85 436.059 25.033 129.621 136.072 72.151
-1295.59 435.388 25.0594 129.619 136.074 72.152
-1296.33 434.716 25.0859 129.62 136.076 72.152
-1297.07 434.045 25.1123 129.62 136.076 72.152
-1297.81 433.373 25.1387 129.618 136.077 72.154
-1298.55 432.702 25.1652 129.62 136.076 72.153
-1299.3 432.03 25.1916 129.624 136.077 72.157
-1300.04 431.359 25.218 129.624 136.077 72.157
-1300.78 430.687 25.2445 129.624 136.078 72.156
-1301.52 430.016 25.2709 129.624 136.078 72.156
-1302.26 429.344 25.2973 129.624 136.078 72.156
-1303 428.673 25.3238 129.624 136.078 72.156
-1303.74 428.001 25.3502 129.624 136.078 72.156
-1304.48 427.33 25.3766 129.624 136.078 72.156
-1305.22 426.658 25.4031 129.624 136.078 72.156
-1305.96 425.987 25.4295 129.624 136.078 72.156
-1306.7 425.316 25.4559 129.624 136.078 72.156
-1307.44 424.644 25.4824 129.624 136.078 72.156
-1308.18 423.973 25.5088 129.624 136.078 72.156
25
-1275.29 454.532 26.0567 129.599 136.068 72.135
-1276.01 453.838 26.0906 129.599 136.068 72.135
-1276.73 453.144 26.1245 129.599 136.068 72.135
-1277.45 452.45 26.1584 129.599 136.068 72.135
-1278.17 451.756 26.1923 129.599 136.068 72.135
-1278.89 451.062 26.2262 129.599 136.068 72.135
-1279.61 450.368 26.2601 129.599 136.068 72.135
-1280.33 449.674 26.294 129.628 136.078 72.179
-1281.05 448.98 26.328 129.625 136.067 72.158
-1281.76 448.286 26.3619 129.625 136.066 72.155
-1282.48 447.592 26.3958 129.621 136.069 72.153
-1283.2 446.898 26.4297 129.619 136.072 72.149
-1283.92 446.204 26.4636 129.619 136.072 72.149
-1284.64 445.51 26.4975 129.616 136.075 72.147
-1285.36 444.816 26.5314 129.613 136.073 72.142
-1286.08 444.122 26.5653 129.613 136.073 72.142
-1286.8 443.428 26.5992 129.616 136.071 72.142
-1287.52 442.734 26.6331 129.62 136.071 72.142
-1288.24 442.04 26.667 129.622 136.071 72.145
-1288.96 441.346 26.701 129.623 136.072 72.149
-1289.67 440.651 26.7349 129.623 136.073 72.152
-1290.39 439.957 26.7688 129.623 136.073 72.152
-1291.11 439.263 26.8027 129.623 136.073 72.152
-1291.83 438.569 26.8366 129.621 136.072 72.147
-1292.55 437.875 26.8705 129.62 136.07 72.144
-1293.27 437.181 26.9044 129.621 136.071 72.148
-1293.99 436.487 26.9383 129.62 136.073 72.151
-1294.71 435.793 26.9722 129.619 136.074 72.152
-1295.43 435.099 27.0061 129.619 136.074 72.152
-1296.15 434.405 27.04 129.618 136.076 72.154
-1296.87 433.711 27.0739 129.618 136.077 72.153
-1297.59 433.017 27.1079 129.619 136.076 72.156
-1298.3 432.323 27.1418 129.619 136.076 72.156
-1299.02 431.629 27.1757 129.622 136.076 72.156
-1299.74 430.935 27.2096 129.626 136.077 72.159
-1300.46 430.241 27.2435 129.626 136.077 72.158
-1301.18 429.547 27.2774 129.622 136.077 72.158
-1301.9 428.853 27.3113 129.622 136.077 72.158
-1302.62 428.159 27.3452 129.622 136.077 72.158
-1303.34 427.465 27.3791 129.622 136.077 72.158
-1304.06 426.771 27.413 129.622 136.077 72.158
-1304.78 426.077 27.4469 129.622 136.077 72.158
-1305.5 425.383 27.4809 129.622 136.077 72.158
-1306.21 424.689 27.5148 129.622 136.077 72.158
-1306.93 423.994 27.5487 129.622 136.077 72.158
-1307.65 423.3 27.5826 129.622 136.077 72.158
26
-1276.27 455.024 24.0192 129.597 136.069 72.141
-1277 454.347 24.0492 129.597 136.069 72.141
-1277.74 453.671 24.0793 129.597 136.069 72.141
-1278.48 452.994 24.1093 129.597 136.069 72.141
-1279.21 452.318 24.1394 129.597 136.069 72.141
-1279.95 451.641 24.1694 129.597 136.069 72.141
-1280.68 450.965 24.1995 129.624 136.08 72.172
-1281.42 450.288 24.2296 129.623 136.071 72.158
-1282.15 449.611 24.2596 129.625 136.066 72.154
-1282.89 448.935 24.2897 129.627 136.067 72.155
-1283.63 448.258 24.3197 129.624 136.069 72.152
-1284.36 447.582 24.3498 129.625 136.071 72.154
-1285.1 446.905 24.3798 129.625 136.071 72.154
-1285.83 446.229 24.4099 129.622 136.072 72.149
-1286.57 445.552 24.4399 129.616 136.071 72.142
-1287.31 444.876 24.47 129.616 136.071 72.142
-1288.04 444.199 24.5 129.617 136.07 72.139
-1288.78 443.523 24.5301 129.619 136.071 72.14
-1289.51 442.846 24.5601 129.62 136.072 72.143
-1290.25 442.17 24.5902 129.622 136.073 72.145
-1290.98 441.493 24.6202 129.626 136.074 72.152
-1291.72 440.817 24.6503 129.626 136.074 72.152
-1292.46 440.14 24.6803 129.625 136.074 72.149
-1293.19 439.464 24.7104 129.625 136.072 72.144
-1293.93 438.787 24.7404 129.625 136.071 72.144
-1294.66 438.11 24.7705 129.625 136.071 72.144
-1295.4 437.434 24.8005 129.624 136.072 72.147
-1296.13 436.757 24.8306 129.623 136.072 72.147
-1296.87 436.081 24.8607 129.621 136.074 72.149
-1297.61 435.404 24.8907 129.62 136.075 72.149
-1298.34 434.728 24.9208 129.62 136.075 72.149
-1299.08 434.051 24.9508 129.619 136.075 72.15
-1299.81 433.375 24.9809 129.62 136.075 72.149
-1300.55 432.698 25.0109 129.622 136.076 72.153
-1301.29 432.022 25.041 129.621 136.076 72.152
-1302.02 431.345 25.071 129.621 136.076 72.152
-1302.76 430.669 25.1011 129.621 136.076 72.152
-1303.49 429.992 25.1311 129.621 136.076 72.152
-1304.23 429.316 25.1612 129.621 136.076 72.152
-1304.96 428.639 25.1912 129.621 136.076 72.152
-1305.7 427.963 25.2213 129.621 136.076 72.152
-1306.44 427.286 25.2513 129.621 136.076 72.152
-1307.17 426.609 25.2814 129.621 136.076 72.152
-1307.91 425.933 25.3114 129.621 136.076 72.152
-1308.64 425.256 25.3415 129.621 136.076 72.152
-1309.38 424.58 25.3715 129.621 136.076 72.152
27
-1277.45 454.783 25.438 129.596 136.07 72.14
-1278.19 454.111 25.4605 129.596 136.07 72.14
-1278.93 453.439 25.4831 129.596 136.07 72.14
-1279.67 452.768 25.5057 129.596 136.07 72.14
-1280.41 452.096 25.5283 129.596 136.07 72.14
-1281.15 451.425 25.5509 129.624 136.081 72.173
-1281.89 450.753 25.5735 129.622 136.071 72.158
-1282.63 450.081 25.5961 129.625 136.066 72.154
-1283.37 449.41 25.6187 129.627 136.067 72.156
-1284.11 448.738 25.6413 129.625 136.069 72.154
-1284.85 448.067 25.6639 129.625 136.069 72.154
-1285.59 447.395 25.6865 129.626 136.072 72.155
-1286.33 446.724 25.7091 129.62 136.072 72.149
-1287.07 446.052 25.7317 129.62 136.072 72.149
-1287.82 445.38 25.7543 129.615 136.071 72.142
-1288.56 444.709 25.7769 129.617 136.07 72.138
-1289.3 444.037 25.7995 129.619 136.072 72.14
-1290.04 443.366 25.8221 129.62 136.073 72.145
-1290.78 442.694 25.8447 129.62 136.073 72.145
-1291.52 442.022 25.8673 129.622 136.074 72.148
-1292.26 441.351 25.8899 129.624 136.075 72.153
-1293 440.679 25.9125 129.624 136.074 72.152
-1293.74 440.008 25.9351 129.623 136.073 72.147
-1294.48 439.336 25.9577 129.622 136.071 72.144
-1295.22 438.664 25.9803 129.621 136.072 72.147
-1295.96 437.993 26.0029 129.621 136.072 72.147
-1296.7 437.321 26.0255 129.62 136.071 72.147
-1297.44 436.65 26.0481 129.619 136.073 72.151
-1298.18 435.978 26.0707 129.62 136.075 72.151
-1298.92 435.307 26.0933 129.619 136.075 72.151
-1299.66 434.635 26.1159 129.619 136.075 72.154
-1300.41 433.963 26.1385 129.619 136.075 72.154
-1301.15 433.292 26.1611 129.622 136.075 72.153
-1301.89 432.62 26.1837 129.624 136.076 72.154
-1302.63 431.949 26.2062 129.624 136.076 72.154
-1303.37 431.277 26.2288 129.624 136.076 72.154
-1304.11 430.605 26.2514 129.624 136.076 72.154
-1304.85 429.934 26.274 129.624 136.076 72.154
-1305.59 429.262 26.2966 129.624 136.076 72.154
-1306.33 428.591 26.3192 129.624 136.076 72.154
-1307.07 427.919 26.3418 129.624 136.076 72.154
-1307.81 427.247 26.3644 129.624 136.076 72.154
-1308.55 426.576 26.387 129.624 136.076 72.154
-1309.29 425.904 26.4096 129.624 136.076 72.154
-1310.03 425.233 26.4322 129.624 136.076 72.154
-1310.77 424.561 26.4548 129.624 136.076 72.154
28
-1274.43 454.231 25.0907 129.597 136.07 72.142
-1275.16 453.546 25.1172 129.597 136.07 72.142
-1275.89 452.86 25.1438 129.597 136.07 72.142
-1276.62 452.175 25.1703 129.597 136.07 72.142
-1277.34 451.489 25.1968 129.597 136.07 72.142
-1278.07 450.803 25.2234 129.597 136.07 72.142
-1278.8 450.118 25.2499 129.597 136.07 72.142
-1279.53 449.432 25.2764 129.622 136.079 72.169
-1280.25 448.747 25.3029 129.621 136.07 72.156
-1280.98 448.061 25.3295 129.625 136.066 72.155
-1281.71 447.376 25.356 129.626 136.068 72.157
-1282.44 446.69 25.3825 129.626 136.07 72.155
-1283.16 446.005 25.4091 129.626 136.07 72.155
-1283.89 445.319 25.4356 129.625 136.072 72.156
-1284.62 444.633 25.4621 129.617 136.073 72.147
-1285.35 443.948 25.4887 129.614 136.072 72.142
-1286.07 443.262 25.5152 129.615 136.071 72.139
-1286.8 442.577 25.5417 129.615 136.071 72.139
-1287.53 441.891 25.5682 129.616 136.071 72.139
-1288.26 441.206 25.5948 129.618 136.073 72.144
-1288.98 440.52 25.6213 129.619 136.073 72.146
-1289.71 439.834 25.6478 129.621 136.074 72.151
-1290.44 439.149 25.6744 129.62 136.074 72.149
-1291.17 438.463 25.7009 129.621 136.072 72.144
-1291.89 437.778 25.7274 129.622 136.071 72.142
-1292.62 437.092 25.754 129.622 136.071 72.142
-1293.35 436.407 25.7805 129.621 136.072 72.146
-1294.08 435.721 25.807 129.62 136.071 72.146
-1294.8 435.036 25.8335 129.619 136.074 72.15
-1295.53 434.35 25.8601 129.619 136.075 72.149
-1296.26 433.664 25.8866 129.619 136.075 72.149
-1296.99 432.979 25.9131 129.618 136.076 72.151
-1297.71 432.293 25.9397 129.621 136.075 72.152
-1298.44 431.608 25.9662 129.621 136.075 72.152
-1299.17 430.922 25.9927 129.625 136.077 72.156
-1299.9 430.237 26.0193 129.626 136.077 72.154
-1300.62 429.551 26.0458 129.626 136.077 72.154
-1301.35 428.866 26.0723 129.626 136.077 72.154
-1302.08 428.18 26.0988 129.626 136.077 72.154
-1302.81 427.494 26.1254 129.626 136.077 72.154
-1303.54 426.809 26.1519 129.626 136.077 72.154
-1304.26 426.123 26.1784 129.626 136.077 72.154
-1304.99 425.438 26.205 129.626 136.077 72.154
-1305.72 424.752 26.2315 129.626 136.077 72.154
-1306.45 424.067 26.258 129.626 136.077 72.154
-1307.17 423.381 26.2846 129.626 136.077 72.154
29
-1276.89 456.67 24.6618 129.595 136.07 72.141
-1277.63 455.997 24.6906 129.595 136.07 72.141
-1278.37 455.325 24.7194 129.595 136.07 72.141
-1279.11 454.652 24.7482 129.595 136.07 72.141
-1279.85 453.98 24.777 129.595 136.07 72.141
-1280.59 453.308 24.8059 129.595 136.07 72.141
-1281.33 452.635 24.8347 129.595 136.07 72.141
-1282.06 451.963 24.8635 129.624 136.079 72.171
-1282.8 451.29 24.8923 129.623 136.07 72.157
-1283.54 450.618 24.9212 129.625 136.066 72.155
-1284.28 449.945 24.95 129.625 136.067 72.157
-1285.02 449.273 24.9788 129.624 136.069 72.154
-1285.76 448.6 25.0076 129.624 136.069 72.154
-1286.5 447.928 25.0364 129.624 136.072 72.155
-1287.24 447.255 25.0653 129.619 136.073 72.148
-1287.98 446.583 25.0941 129.614 136.073 72.142
-1288.72 445.91 25.1229 129.614 136.073 72.142
-1289.46 445.238 25.1517 129.615 136.071 72.138
-1290.2 444.565 25.1806 129.616 136.072 72.138
-1290.94 443.893 25.2094 129.617 136.073 72.143
-1291.68 443.22 25.2382 129.62 136.073 72.147
-1292.42 442.548 25.267 129.62 136.073 72.147
-1293.16 441.875 25.2958 129.622 136.074 72.152
-1293.9 441.203 25.3247 129.621 136.074 72.147
-1294.64 440.53 25.3535 129.621 136.072 72.143
-1295.38 439.858 25.3823 129.621 136.072 72.143
-1296.12 439.185 25.4111 129.622 136.071 72.145
-1296.86 438.513 25.44 129.622 136.072 72.148
-1297.6 437.84 25.4688 129.621 136.071 72.148
-1298.33 437.168 25.4976 129.619 136.074 72.151
-1299.07 436.495 25.5264 129.62 136.075 72.15
-1299.81 435.823 25.5552 129.619 136.076 72.153
-1300.55 435.15 25.5841 129.619 136.076 72.152
-1301.29 434.478 25.6129 129.619 136.076 72.152
-1302.03 433.805 25.6417 129.624 136.077 72.155
-1302.77 433.133 25.6705 129.626 136.077 72.155
-1303.51 432.461 25.6993 129.623 136.076 72.154
-1304.25 431.788 25.7282 129.623 136.076 72.154
-1304.99 431.116 25.757 129.623 136.076 72.154
-1305.73 430.443 25.7858 129.623 136.076 72.154
-1306.47 429.771 25.8146 129.623 136.076 72.154
-1307.21 429.098 25.8435 129.623 136.076 72.154
-1307.95 428.426 25.8723 129.623 136.076 72.154
-1308.69 427.753 25.9011 129.623 136.076 72.154
-1309.43 427.081 25.9299 129.623 136.076 72.154
-1310.17 426.408 25.9587 129.623 136.076 72.154
30
-1274.18 454.152 24.9319 129.597 136.068 72.139
-1274.92 453.482 24.9591 129.597 136.068 72.139
-1275.67 452.812 24.9864 129.597 136.068 72.139
-1276.41 452.142 25.0136 129.597 136.068 72.139
-1277.15 451.472 25.0408 129.597 136.068 72.139
-1277.89 450.802 25.068 129.597 136.068 72.139
-1278.63 450.132 25.0952 129.597 136.068 72.139
-1279.37 449.462 25.1225 129.623 136.08 72.174
-1280.12 448.792 25.1497 129.62 136.071 72.158
-1280.86 448.122 25.1769 129.622 136.066 72.154
-1281.6 447.452 25.2041 129.624 136.067 72.155
-1282.34 446.782 25.2314 129.624 136.069 72.153
-1283.08 446.112 25.2586 129.624 136.069 72.153
-1283.83 445.442 25.2858 129.624 136.072 72.155
-1284.57 444.772 25.313 129.619 136.073 72.149
-1285.31 444.102 25.3402 129.614 136.073 72.144
-1286.05 443.432 25.3675 129.614 136.071 72.137
-1286.79 442.762 25.3947 129.614 136.071 72.137
-1287.53 442.092 25.4219 129.615 136.073 72.14
-1288.28 441.422 25.4491 129.617 136.073 72.143
-1289.02 440.752 25.4763 129.619 136.074 72.147
-1289.76 440.082 25.5036 129.619 136.074 72.147
-1290.5 439.412 25.5308 129.622 136.074 72.149
-1291.24 438.742 25.558 129.622 136.073 72.147
-1291.99 438.072 25.5852 129.622 136.072 72.144
-1292.73 437.402 25.6125 129.623 136.071 72.146
-1293.47 436.731 25.6397 129.622 136.072 72.148
-1294.21 436.061 25.6669 129.622 136.072 72.148
-1294.95 435.391 25.6941 129.621 136.071 72.148
-1295.69 434.721 25.7213 129.619 136.074 72.15
-1296.44 434.051 25.7486 129.62 136.075 72.151
-1297.18 433.381 25.7758 129.62 136.075 72.151
-1297.92 432.711 25.803 129.619 136.076 72.152
-1298.66 432.041 25.8302 129.622 136.076 72.152
-1299.4 431.371 25.8574 129.625 136.077 72.155
-1300.15 430.701 25.8847 129.625 136.077 72.155
-1300.89 430.031 25.9119 129.624 136.077 72.156
-1301.63 429.361 25.9391 129.624 136.077 72.156
-1302.37 428.691 25.9663 129.624 136.077 72.156
-1303.11 428.021 25.9936 129.624 136.077 72.156
-1303.85 427.351 26.0208 129.624 136.077 72.156
-1304.6 426.681 26.048 129.624 136.077 72.156
-1305.34 426.011 26.0752 129.624 136.077 72.156
-1306.08 425.341 26.1024 129.624 136.077 72.156
-1306.82 424.671 26.1297 129.624 136.077 72.156
-1307.56 424.001 26.1569 129.624 136.077 72.156
