1
-1264.36 505.336 -49.842 78.551 123.22 -2.126
-1264.28 505.344 -50.8381 78.551 123.22 -2.126
-1264.19 505.352 -51.8342 78.551 123.22 -2.126
-1264.1 505.361 -52.8303 78.551 123.22 -2.126
-1264.01 505.369 -53.8264 78.551 123.22 -2.126
-1263.92 505.377 -54.8225 78.551 123.22 -2.126
-1263.84 505.385 -55.8186 78.551 123.22 -2.126
-1263.75 505.393 -56.8147 78.551 123.22 -2.126
-1263.66 505.401 -57.8108 78.551 123.22 -2.126
-1263.57 505.409 -58.8069 78.551 123.22 -2.126
-1263.49 505.417 -59.803 78.551 123.22 -2.126
-1263.4 505.425 -60.7991 78.547 123.444 -2.134
-1263.31 505.433 -61.7952 78.543 123.696 -2.146
-1263.22 505.441 -62.7913 78.535 123.96 -2.163
-1263.13 505.449 -63.7874 78.535 123.96 -2.163
-1263.05 505.457 -64.7834 78.519 124.201 -2.177
-1262.96 505.465 -65.7795 78.496 124.481 -2.19
-1262.87 505.473 -66.7756 78.496 124.481 -2.19
-1262.78 505.481 -67.7717 78.483 124.766 -2.201
-1262.69 505.489 -68.7678 78.474 125.084 -2.224
-1262.61 505.497 -69.7639 78.474 125.084 -2.224
-1262.52 505.505 -70.76 78.467 125.401 -2.228
-1262.43 505.513 -71.7561 78.467 125.401 -2.228
-1262.34 505.521 -72.7522 78.452 125.645 -2.234
-1262.25 505.529 -73.7483 78.425 125.959 -2.247
-1262.17 505.537 -74.7444 78.425 125.959 -2.247
-1262.08 505.545 -75.7405 78.408 126.206 -2.251
-1261.99 505.553 -76.7366 78.408 126.206 -2.251
-1261.9 505.561 -77.7327 78.408 126.206 -2.251
-1261.82 505.569 -78.7288 78.408 126.206 -2.251
-1261.73 505.577 -79.7249 78.408 126.206 -2.251
-1261.64 505.585 -80.721 78.408 126.206 -2.251
-1261.55 505.593 -81.7171 78.408 126.206 -2.251
-1261.46 505.601 -82.7132 78.408 126.206 -2.251
-1261.38 505.609 -83.7093 78.408 126.206 -2.251
-1261.29 505.617 -84.7054 78.408 126.206 -2.251
-1261.2 505.625 -85.7015 78.408 126.206 -2.251
-1261.11 505.633 -86.6976 78.408 126.206 -2.251
-1261.02 505.641 -87.6937 78.408 126.206 -2.251
-1260.94 505.649 -88.6898 78.408 126.206 -2.251
-1260.85 505.657 -89.6859 78.408 126.206 -2.251
-1260.76 505.665 -90.682 78.408 126.206 -2.251
-1260.67 505.673 -91.6781 78.408 126.206 -2.251
-1260.58 505.681 -92.6742 78.408 126.206 -2.251
-1260.5 505.689 -93.6703 78.408 126.206 -2.251
-1260.41 505.697 -94.6664 78.408 126.206 -2.251
-1260.32 505.705 -95.6625 78.408 126.206 -2.251
-1260.23 505.713 -96.6586 78.408 126.206 -2.251
-1260.15 505.721 -97.6547 78.408 126.206 -2.251
-1260.06 505.729 -98.6508 78.408 126.206 -2.251
-1259.97 505.737 -99.6469 78.408 126.206 -2.251
2
-1262.7 503.392 -49.7549 78.581 122.639 -2.165
-1262.62 503.449 -50.7496 78.581 122.639 -2.165
-1262.53 503.505 -51.7444 78.581 122.639 -2.165
-1262.45 503.562 -52.7391 78.581 122.639 -2.165
-1262.36 503.618 -53.7338 78.581 122.639 -2.165
-1262.28 503.675 -54.7286 78.581 122.639 -2.165
-1262.19 503.731 -55.7233 78.569 122.931 -2.12
-1262.1 503.788 -56.718 78.569 122.931 -2.12
-1262.02 503.844 -57.7128 78.552 123.168 -2.124
-1261.93 503.9 -58.7075 78.552 123.168 -2.124
-1261.85 503.957 -59.7023 78.542 123.631 -2.144
-1261.76 504.013 -60.697 78.542 123.631 -2.144
-1261.68 504.07 -61.6917 78.535 123.894 -2.162
-1261.59 504.126 -62.6865 78.535 123.894 -2.162
-1261.51 504.183 -63.6812 78.522 124.167 -2.176
-1261.42 504.239 -64.676 78.503 124.411 -2.188
-1261.34 504.296 -65.6707 78.503 124.411 -2.188
-1261.25 504.352 -66.6654 78.483 124.765 -2.203
-1261.16 504.409 -67.6602 78.483 124.765 -2.203
-1261.08 504.465 -68.6549 78.475 125.012 -2.223
-1260.99 504.521 -69.6496 78.471 125.26 -2.228
-1260.91 504.578 -70.6444 78.461 125.503 -2.232
-1260.82 504.634 -71.6391 78.461 125.503 -2.232
-1260.74 504.691 -72.6339 78.442 125.785 -2.239
-1260.65 504.747 -73.6286 78.421 126.03 -2.249
-1260.57 504.804 -74.6233 78.421 126.03 -2.249
-1260.48 504.86 -75.6181 78.408 126.277 -2.251
-1260.39 504.917 -76.6128 78.404 126.526 -2.258
-1260.31 504.973 -77.6075 78.404 126.526 -2.258
-1260.22 505.03 -78.6023 78.396 126.772 -2.263
-1260.14 505.086 -79.597 78.396 126.772 -2.263
-1260.05 505.142 -80.5918 78.367 127.296 -2.276
-1259.97 505.199 -81.5865 78.367 127.296 -2.276
-1259.88 505.255 -82.5812 78.367 127.296 -2.276
-1259.8 505.312 -83.576 78.367 127.296 -2.276
-1259.71 505.368 -84.5707 78.367 127.296 -2.276
-1259.63 505.425 -85.5654 78.367 127.296 -2.276
-1259.54 505.481 -86.5602 78.367 127.296 -2.276
-1259.45 505.538 -87.5549 78.367 127.296 -2.276
-1259.37 505.594 -88.5497 78.367 127.296 -2.276
-1259.28 505.651 -89.5444 78.367 127.296 -2.276
-1259.2 505.707 -90.5391 78.367 127.296 -2.276
-1259.11 505.763 -91.5339 78.367 127.296 -2.276
-1259.03 505.82 -92.5286 78.367 127.296 -2.276
-1258.94 505.876 -93.5234 78.367 127.296 -2.276
-1258.86 505.933 -94.5181 78.367 127.296 -2.276
-1258.77 505.989 -95.5128 78.367 127.296 -2.276
-1258.68 506.046 -96.5076 78.367 127.296 -2.276
-1258.6 506.102 -97.5023 78.367 127.296 -2.276
-1258.51 506.159 -98.497 78.367 127.296 -2.276
-1258.43 506.215 -99.4918 78.367 127.296 -2.276
3
-1266.57 507.71 -50.2338 78.552 123.168 -2.125
-1266.48 507.736 -51.2286 78.552 123.168 -2.125
-1266.38 507.762 -52.2235 78.552 123.168 -2.125
-1266.28 507.788 -53.2184 78.552 123.168 -2.125
-1266.18 507.814 -54.2132 78.552 123.168 -2.125
-1266.09 507.84 -55.2081 78.552 123.168 -2.125
-1265.99 507.866 -56.203 78.552 123.168 -2.125
-1265.89 507.892 -57.1979 78.552 123.168 -2.125
-1265.79 507.918 -58.1927 78.552 123.168 -2.125
-1265.69 507.944 -59.1876 78.552 123.168 -2.125
-1265.6 507.97 -60.1825 78.552 123.168 -2.125
-1265.5 507.996 -61.1773 78.552 123.168 -2.125
-1265.4 508.022 -62.1722 78.546 123.444 -2.137
-1265.3 508.048 -63.1671 78.538 123.793 -2.157
-1265.21 508.074 -64.1619 78.538 123.793 -2.157
-1265.11 508.101 -65.1568 78.529 124.064 -2.169
-1265.01 508.127 -66.1517 78.509 124.34 -2.183
-1264.91 508.153 -67.1466 78.509 124.34 -2.183
-1264.82 508.179 -68.1414 78.49 124.623 -2.195
-1264.72 508.205 -69.1363 78.49 124.623 -2.195
-1264.62 508.231 -70.1312 78.481 124.871 -2.211
-1264.52 508.257 -71.126 78.474 125.189 -2.227
-1264.42 508.283 -72.1209 78.474 125.189 -2.227
-1264.33 508.309 -73.1158 78.464 125.47 -2.232
-1264.23 508.335 -74.1106 78.464 125.47 -2.232
-1264.13 508.361 -75.1055 78.447 125.714 -2.238
-1264.03 508.387 -76.1004 78.427 125.96 -2.246
-1263.94 508.413 -77.0953 78.41 126.207 -2.252
-1263.84 508.439 -78.0901 78.41 126.207 -2.252
-1263.74 508.465 -79.085 78.41 126.207 -2.252
-1263.64 508.491 -80.0799 78.41 126.207 -2.252
-1263.54 508.517 -81.0747 78.41 126.207 -2.252
-1263.45 508.544 -82.0696 78.41 126.207 -2.252
-1263.35 508.57 -83.0645 78.41 126.207 -2.252
-1263.25 508.596 -84.0593 78.41 126.207 -2.252
-1263.15 508.622 -85.0542 78.41 126.207 -2.252
-1263.06 508.648 -86.0491 78.41 126.207 -2.252
-1262.96 508.674 -87.044 78.41 126.207 -2.252
-1262.86 508.7 -88.0388 78.41 126.207 -2.252
-1262.76 508.726 -89.0337 78.41 126.207 -2.252
-1262.66 508.752 -90.0286 78.41 126.207 -2.252
-1262.57 508.778 -91.0234 78.41 126.207 -2.252
-1262.47 508.804 -92.0183 78.41 126.207 -2.252
-1262.37 508.83 -93.0132 78.41 126.207 -2.252
-1262.27 508.856 -94.008 78.41 126.207 -2.252
-1262.18 508.882 -95.0029 78.41 126.207 -2.252
-1262.08 508.908 -95.9978 78.41 126.207 -2.252
-1261.98 508.934 -96.9927 78.41 126.207 -2.252
-1261.88 508.96 -97.9875 78.41 126.207 -2.252
-1261.78 508.987 -98.9824 78.41 126.207 -2.252
-1261.69 509.013 -99.9773 78.41 126.207 -2.252
4
-1261.82 500.669 -50.3674 78.519 124.202 -2.178
-1261.72 500.723 -51.3611 78.519 124.202 -2.178
-1261.62 500.778 -52.3547 78.519 124.202 -2.178
-1261.52 500.833 -53.3484 78.519 124.202 -2.178
-1261.43 500.888 -54.342 78.519 124.202 -2.178
-1261.33 500.943 -55.3357 78.519 124.202 -2.178
-1261.23 500.997 -56.3293 78.519 124.202 -2.178
-1261.13 501.052 -57.323 78.519 124.202 -2.178
-1261.03 501.107 -58.3166 78.519 124.202 -2.178
-1260.93 501.162 -59.3102 78.519 124.202 -2.178
-1260.84 501.217 -60.3039 78.519 124.202 -2.178
-1260.74 501.271 -61.2975 78.519 124.202 -2.178
-1260.64 501.326 -62.2912 78.519 124.202 -2.178
-1260.54 501.381 -63.2848 78.5 124.446 -2.189
-1260.44 501.436 -64.2785 78.483 124.729 -2.201
-1260.34 501.49 -65.2721 78.483 124.729 -2.201
-1260.25 501.545 -66.2658 78.477 124.977 -2.219
-1260.15 501.6 -67.2594 78.472 125.297 -2.228
-1260.05 501.655 -68.2531 78.472 125.297 -2.228
-1259.95 501.71 -69.2467 78.461 125.539 -2.231
-1259.85 501.764 -70.2403 78.461 125.539 -2.231
-1259.75 501.819 -71.234 78.438 125.819 -2.24
-1259.66 501.874 -72.2276 78.416 126.064 -2.25
-1259.56 501.929 -73.2213 78.405 126.349 -2.252
-1259.46 501.984 -74.2149 78.405 126.349 -2.252
-1259.36 502.038 -75.2086 78.4 126.632 -2.26
-1259.26 502.093 -76.2022 78.4 126.632 -2.26
-1259.16 502.148 -77.1959 78.393 126.911 -2.263
-1259.07 502.203 -78.1895 78.376 127.191 -2.271
-1258.97 502.258 -79.1832 78.376 127.191 -2.271
-1258.87 502.312 -80.1768 78.376 127.191 -2.271
-1258.77 502.367 -81.1704 78.376 127.191 -2.271
-1258.67 502.422 -82.1641 78.376 127.191 -2.271
-1258.57 502.477 -83.1577 78.376 127.191 -2.271
-1258.48 502.532 -84.1514 78.376 127.191 -2.271
-1258.38 502.586 -85.145 78.376 127.191 -2.271
-1258.28 502.641 -86.1387 78.376 127.191 -2.271
-1258.18 502.696 -87.1323 78.376 127.191 -2.271
-1258.08 502.751 -88.126 78.376 127.191 -2.271
-1257.98 502.805 -89.1196 78.376 127.191 -2.271
-1257.89 502.86 -90.1133 78.376 127.191 -2.271
-1257.79 502.915 -91.1069 78.376 127.191 -2.271
-1257.69 502.97 -92.1005 78.376 127.191 -2.271
-1257.59 503.025 -93.0942 78.376 127.191 -2.271
-1257.49 503.079 -94.0878 78.376 127.191 -2.271
-1257.39 503.134 -95.0815 78.376 127.191 -2.271
-1257.3 503.189 -96.0751 78.376 127.191 -2.271
-1257.2 503.244 -97.0688 78.376 127.191 -2.271
-1257.1 503.299 -98.0624 78.376 127.191 -2.271
-1257 503.353 -99.0561 78.376 127.191 -2.271
-1256.9 503.408 -100.05 78.376 127.191 -2.271
