1
-739.879 934.581 -12.5253 -170.757 117.164 -3.752
-739.875 934.566 -13.5252 -170.757 117.164 -3.752
-739.87 934.55 -14.5251 -170.757 117.164 -3.752
-739.866 934.534 -15.5249 -170.757 117.164 -3.752
-739.861 934.519 -16.5248 -170.757 117.164 -3.752
-739.857 934.503 -17.5247 -170.757 117.164 -3.752
-739.853 934.487 -18.5245 -170.757 117.164 -3.752
-739.848 934.472 -19.5244 -170.757 117.164 -3.752
-739.844 934.456 -20.5243 -170.757 117.164 -3.752
-739.839 934.44 -21.5241 -170.757 117.164 -3.752
-739.835 934.425 -22.524 -170.757 117.164 -3.752
-739.831 934.409 -23.5239 -170.757 117.164 -3.752
-739.826 934.393 -24.5237 -170.757 117.164 -3.752
-739.822 934.378 -25.5236 -170.757 117.164 -3.752
-739.817 934.362 -26.5235 -170.757 117.164 -3.752
-739.813 934.346 -27.5233 -170.757 117.164 -3.752
-739.808 934.331 -28.5232 -170.757 117.164 -3.752
-739.804 934.315 -29.5231 -170.757 117.164 -3.752
-739.8 934.299 -30.5229 -170.757 117.164 -3.752
-739.795 934.284 -31.5228 -170.757 117.164 -3.752
-739.791 934.268 -32.5227 -170.757 117.164 -3.752
-739.786 934.252 -33.5225 -170.757 117.164 -3.752
-739.782 934.237 -34.5224 -170.76 117.153 -3.762
-739.778 934.221 -35.5223 -170.76 117.153 -3.762
-739.773 934.205 -36.5222 -170.765 117.149 -3.763
-739.769 934.19 -37.522 -170.768 117.15 -3.767
-739.764 934.174 -38.5219 -170.767 117.153 -3.769
-739.76 934.158 -39.5218 -170.765 117.156 -3.768
-739.755 934.143 -40.5216 -170.764 117.16 -3.767
-739.751 934.127 -41.5215 -170.764 117.16 -3.767
-739.747 934.111 -42.5214 -170.763 117.163 -3.766
-739.742 934.096 -43.5212 -170.764 117.164 -3.766
-739.738 934.08 -44.5211 -170.765 117.163 -3.763
-739.733 934.064 -45.521 -170.765 117.163 -3.763
-739.729 934.049 -46.5208 -170.767 117.16 -3.759
-739.725 934.033 -47.5207 -170.764 117.159 -3.768
-739.72 934.017 -48.5206 -170.764 117.159 -3.768
-739.716 934.002 -49.5204 -170.765 117.157 -3.765
-739.711 933.986 -50.5203 -170.766 117.155 -3.765
-739.707 933.97 -51.5202 -170.767 117.156 -3.766
-739.702 933.955 -52.52 -170.77 117.157 -3.767
-739.698 933.939 -53.5199 -170.772 117.16 -3.765
-739.694 933.923 -54.5198 -170.775 117.163 -3.76
-739.689 933.908 -55.5196 -170.775 117.163 -3.76
-739.685 933.892 -56.5195 -170.777 117.165 -3.747
-739.68 933.876 -57.5194 -170.771 117.167 -3.756
-739.676 933.861 -58.5192 -170.77 117.166 -3.758
-739.672 933.845 -59.5191 -170.769 117.164 -3.754
-739.667 933.829 -60.519 -170.769 117.164 -3.754
-739.663 933.814 -61.5188 -170.771 117.162 -3.752
-739.658 933.798 -62.5187 -170.771 117.161 -3.755
-739.654 933.782 -63.5186 -170.774 117.159 -3.757
-739.649 933.767 -64.5184 -170.774 117.159 -3.757
-739.645 933.751 -65.5183 -170.778 117.158 -3.749
-739.641 933.735 -66.5182 -170.778 117.158 -3.751
-739.636 933.72 -67.518 -170.776 117.158 -3.765
-739.632 933.704 -68.5179 -170.776 117.158 -3.765
-739.627 933.689 -69.5178 -170.775 117.158 -3.767
-739.623 933.673 -70.5176 -170.774 117.159 -3.765
-739.619 933.657 -71.5175 -170.773 117.16 -3.764
-739.614 933.642 -72.5174 -170.771 117.16 -3.77
-739.61 933.626 -73.5173 -170.77 117.159 -3.77
-739.605 933.61 -74.5171 -170.771 117.159 -3.762
-739.601 933.595 -75.517 -170.771 117.159 -3.762
-739.596 933.579 -76.5169 -170.773 117.158 -3.761
-739.592 933.563 -77.5167 -170.773 117.157 -3.769
-739.588 933.548 -78.5166 -170.773 117.157 -3.769
-739.583 933.532 -79.5165 -170.775 117.158 -3.767
-739.579 933.516 -80.5163 -170.777 117.159 -3.766
-739.574 933.501 -81.5162 -170.777 117.16 -3.765
-739.57 933.485 -82.5161 -170.777 117.16 -3.765
2
-730.977 947.195 -12.5564 -170.756 117.163 -3.752
-730.974 947.178 -13.5563 -170.756 117.163 -3.752
-730.971 947.16 -14.5561 -170.756 117.163 -3.752
-730.968 947.143 -15.556 -170.756 117.163 -3.752
-730.965 947.126 -16.5558 -170.756 117.163 -3.752
-730.962 947.108 -17.5556 -170.756 117.163 -3.752
-730.959 947.091 -18.5555 -170.756 117.163 -3.752
-730.956 947.074 -19.5553 -170.756 117.163 -3.752
-730.952 947.057 -20.5552 -170.756 117.163 -3.752
-730.949 947.039 -21.555 -170.756 117.163 -3.752
-730.946 947.022 -22.5549 -170.756 117.163 -3.752
-730.943 947.005 -23.5547 -170.756 117.163 -3.752
-730.94 946.987 -24.5546 -170.756 117.163 -3.752
-730.937 946.97 -25.5544 -170.756 117.163 -3.752
-730.934 946.953 -26.5543 -170.756 117.163 -3.752
-730.931 946.935 -27.5541 -170.756 117.163 -3.752
-730.927 946.918 -28.5539 -170.762 117.154 -3.766
-730.924 946.901 -29.5538 -170.767 117.149 -3.766
-730.921 946.883 -30.5536 -170.768 117.151 -3.768
-730.918 946.866 -31.5535 -170.767 117.153 -3.768
-730.915 946.849 -32.5533 -170.767 117.153 -3.768
-730.912 946.832 -33.5532 -170.764 117.159 -3.766
-730.909 946.814 -34.553 -170.763 117.162 -3.766
-730.906 946.797 -35.5529 -170.763 117.165 -3.764
-730.902 946.78 -36.5527 -170.763 117.165 -3.764
-730.899 946.762 -37.5525 -170.764 117.166 -3.763
-730.896 946.745 -38.5524 -170.763 117.166 -3.763
-730.893 946.728 -39.5522 -170.765 117.163 -3.757
-730.89 946.71 -40.5521 -170.765 117.161 -3.76
-730.887 946.693 -41.5519 -170.763 117.158 -3.763
-730.884 946.676 -42.5518 -170.763 117.158 -3.763
-730.881 946.658 -43.5516 -170.764 117.156 -3.763
-730.877 946.641 -44.5515 -170.766 117.155 -3.764
-730.874 946.624 -45.5513 -170.768 117.158 -3.767
-730.871 946.606 -46.5512 -170.768 117.158 -3.767
-730.868 946.589 -47.551 -170.772 117.16 -3.765
-730.865 946.572 -48.5508 -170.774 117.163 -3.758
-730.862 946.555 -49.5507 -170.775 117.165 -3.751
-730.859 946.537 -50.5505 -170.775 117.165 -3.751
-730.856 946.52 -51.5504 -170.77 117.166 -3.761
-730.852 946.503 -52.5502 -170.769 117.163 -3.757
-730.849 946.485 -53.5501 -170.769 117.163 -3.757
-730.846 946.468 -54.5499 -170.771 117.162 -3.756
-730.843 946.451 -55.5498 -170.772 117.16 -3.755
-730.84 946.433 -56.5496 -170.774 117.159 -3.758
-730.837 946.416 -57.5495 -170.774 117.159 -3.758
-730.834 946.399 -58.5493 -170.777 117.158 -3.756
-730.831 946.381 -59.5491 -170.781 117.158 -3.749
-730.827 946.364 -60.549 -170.778 117.159 -3.759
-730.824 946.347 -61.5488 -170.778 117.159 -3.764
-730.821 946.33 -62.5487 -170.778 117.159 -3.764
-730.818 946.312 -63.5485 -170.776 117.16 -3.763
-730.815 946.295 -64.5484 -170.775 117.161 -3.763
-730.812 946.278 -65.5482 -170.771 117.161 -3.764
-730.809 946.26 -66.5481 -170.77 117.16 -3.768
-730.806 946.243 -67.5479 -170.77 117.16 -3.768
-730.802 946.226 -68.5478 -170.769 117.16 -3.765
-730.799 946.208 -69.5476 -170.772 117.16 -3.757
-730.796 946.191 -70.5474 -170.771 117.159 -3.764
-730.793 946.174 -71.5473 -170.772 117.158 -3.77
-730.79 946.156 -72.5471 -170.772 117.158 -3.77
-730.787 946.139 -73.547 -170.775 117.158 -3.766
-730.784 946.122 -74.5468 -170.776 117.159 -3.767
-730.781 946.104 -75.5467 -170.777 117.16 -3.766
-730.777 946.087 -76.5465 -170.776 117.163 -3.765
-730.774 946.07 -77.5464 -170.776 117.163 -3.765
-730.771 946.053 -78.5462 -170.774 117.167 -3.761
-730.768 946.035 -79.5461 -170.774 117.167 -3.761
-730.765 946.018 -80.5459 -170.774 117.167 -3.761
-730.762 946.001 -81.5457 -170.774 117.167 -3.761
-730.759 945.983 -82.5456 -170.774 117.167 -3.761
3
-725.517 934.605 -11.2721 -170.758 117.163 -3.75
-725.514 934.594 -12.272 -170.758 117.163 -3.75
-725.51 934.583 -13.272 -170.758 117.163 -3.75
-725.507 934.572 -14.2719 -170.758 117.163 -3.75
-725.503 934.56 -15.2718 -170.758 117.163 -3.75
-725.499 934.549 -16.2717 -170.758 117.163 -3.75
-725.496 934.538 -17.2717 -170.758 117.163 -3.75
-725.492 934.527 -18.2716 -170.758 117.163 -3.75
-725.488 934.516 -19.2715 -170.758 117.163 -3.75
-725.485 934.505 -20.2715 -170.758 117.163 -3.75
-725.481 934.494 -21.2714 -170.758 117.163 -3.75
-725.478 934.483 -22.2713 -170.758 117.163 -3.75
-725.474 934.472 -23.2713 -170.758 117.163 -3.75
-725.47 934.461 -24.2712 -170.758 117.163 -3.75
-725.467 934.449 -25.2711 -170.758 117.163 -3.75
-725.463 934.438 -26.2711 -170.758 117.163 -3.75
-725.46 934.427 -27.271 -170.758 117.163 -3.75
-725.456 934.416 -28.2709 -170.763 117.154 -3.766
-725.452 934.405 -29.2709 -170.77 117.149 -3.766
-725.449 934.394 -30.2708 -170.771 117.152 -3.767
-725.445 934.383 -31.2707 -170.767 117.156 -3.768
-725.441 934.372 -32.2707 -170.767 117.156 -3.768
-725.438 934.361 -33.2706 -170.764 117.16 -3.769
-725.434 934.35 -34.2705 -170.762 117.164 -3.768
-725.431 934.339 -35.2705 -170.762 117.164 -3.768
-725.427 934.327 -36.2704 -170.762 117.165 -3.766
-725.423 934.316 -37.2703 -170.762 117.165 -3.766
-725.42 934.305 -38.2703 -170.763 117.165 -3.766
-725.416 934.294 -39.2702 -170.765 117.162 -3.763
-725.413 934.283 -40.2701 -170.763 117.16 -3.769
-725.409 934.272 -41.27 -170.763 117.16 -3.769
-725.405 934.261 -42.27 -170.763 117.156 -3.766
-725.402 934.25 -43.2699 -170.763 117.155 -3.768
-725.398 934.239 -44.2698 -170.766 117.156 -3.766
-725.394 934.228 -45.2698 -170.769 117.158 -3.767
-725.391 934.217 -46.2697 -170.769 117.158 -3.767
-725.387 934.205 -47.2696 -170.771 117.16 -3.766
-725.384 934.194 -48.2696 -170.773 117.163 -3.76
-725.38 934.183 -49.2695 -170.775 117.164 -3.749
-725.376 934.172 -50.2694 -170.772 117.166 -3.753
-725.373 934.161 -51.2694 -170.771 117.166 -3.755
-725.369 934.15 -52.2693 -170.771 117.163 -3.75
-725.366 934.139 -53.2692 -170.771 117.163 -3.75
-725.362 934.128 -54.2692 -170.771 117.162 -3.751
-725.358 934.117 -55.2691 -170.774 117.16 -3.752
-725.355 934.106 -56.269 -170.776 117.159 -3.755
-725.351 934.095 -57.269 -170.777 117.158 -3.755
-725.347 934.083 -58.2689 -170.78 117.158 -3.748
-725.344 934.072 -59.2688 -170.78 117.158 -3.748
-725.34 934.061 -60.2688 -170.778 117.158 -3.753
-725.337 934.05 -61.2687 -170.776 117.158 -3.764
-725.333 934.039 -62.2686 -170.774 117.159 -3.765
-725.329 934.028 -63.2686 -170.773 117.16 -3.766
-725.326 934.017 -64.2685 -170.77 117.161 -3.767
-725.322 934.006 -65.2684 -170.769 117.161 -3.771
-725.319 933.995 -66.2683 -170.768 117.16 -3.771
-725.315 933.984 -67.2683 -170.768 117.16 -3.771
-725.311 933.972 -68.2682 -170.768 117.159 -3.766
-725.308 933.961 -69.2681 -170.77 117.159 -3.761
-725.304 933.95 -70.2681 -170.77 117.158 -3.77
-725.3 933.939 -71.268 -170.773 117.158 -3.767
-725.297 933.928 -72.2679 -170.773 117.158 -3.767
-725.293 933.917 -73.2679 -170.776 117.158 -3.766
-725.29 933.906 -74.2678 -170.777 117.159 -3.765
-725.286 933.895 -75.2677 -170.777 117.161 -3.763
-725.282 933.884 -76.2677 -170.775 117.165 -3.762
-725.279 933.873 -77.2676 -170.775 117.165 -3.762
-725.275 933.862 -78.2675 -170.775 117.165 -3.762
-725.272 933.85 -79.2675 -170.775 117.165 -3.762
-725.268 933.839 -80.2674 -170.775 117.165 -3.762
-725.264 933.828 -81.2673 -170.775 117.165 -3.762
4
-718.543 935.53 -12.2834 -170.769 117.154 -3.769
-718.541 935.518 -13.2834 -170.769 117.154 -3.769
-718.54 935.506 -14.2833 -170.769 117.154 -3.769
-718.538 935.495 -15.2832 -170.769 117.154 -3.769
-718.536 935.483 -16.2832 -170.769 117.154 -3.769
-718.535 935.471 -17.2831 -170.769 117.154 -3.769
-718.533 935.46 -18.283 -170.769 117.154 -3.769
-718.531 935.448 -19.2829 -170.769 117.154 -3.769
-718.53 935.436 -20.2829 -170.769 117.154 -3.769
-718.528 935.424 -21.2828 -170.769 117.154 -3.769
-718.526 935.413 -22.2827 -170.769 117.154 -3.769
-718.525 935.401 -23.2827 -170.769 117.154 -3.769
-718.523 935.389 -24.2826 -170.769 117.154 -3.769
-718.522 935.377 -25.2825 -170.769 117.154 -3.769
-718.52 935.366 -26.2825 -170.769 117.154 -3.769
-718.518 935.354 -27.2824 -170.769 117.154 -3.769
-718.517 935.342 -28.2823 -170.769 117.154 -3.769
-718.515 935.331 -29.2822 -170.766 117.157 -3.768
-718.513 935.319 -30.2822 -170.765 117.16 -3.768
-718.512 935.307 -31.2821 -170.764 117.163 -3.768
-718.51 935.295 -32.282 -170.763 117.165 -3.766
-718.508 935.284 -33.282 -170.763 117.165 -3.766
-718.507 935.272 -34.2819 -170.763 117.164 -3.766
-718.505 935.26 -35.2818 -170.764 117.162 -3.765
-718.504 935.248 -36.2817 -170.763 117.16 -3.77
-718.502 935.237 -37.2817 -170.763 117.158 -3.769
-718.5 935.225 -38.2816 -170.763 117.158 -3.769
-718.499 935.213 -39.2815 -170.764 117.155 -3.768
-718.497 935.202 -40.2815 -170.765 117.155 -3.768
-718.495 935.19 -41.2814 -170.768 117.157 -3.769
-718.494 935.178 -42.2813 -170.768 117.157 -3.769
-718.492 935.166 -43.2813 -170.771 117.159 -3.766
-718.49 935.155 -44.2812 -170.774 117.163 -3.761
-718.489 935.143 -45.2811 -170.775 117.165 -3.751
-718.487 935.131 -46.281 -170.775 117.165 -3.751
-718.486 935.119 -47.281 -170.771 117.167 -3.757
-718.484 935.108 -48.2809 -170.771 117.165 -3.751
-718.482 935.096 -49.2808 -170.771 117.165 -3.751
-718.481 935.084 -50.2808 -170.77 117.163 -3.751
-718.479 935.073 -51.2807 -170.772 117.161 -3.751
-718.477 935.061 -52.2806 -170.775 117.16 -3.753
-718.476 935.049 -53.2806 -170.777 117.158 -3.756
-718.474 935.037 -54.2805 -170.78 117.157 -3.75
-718.472 935.026 -55.2804 -170.78 117.157 -3.75
-718.471 935.014 -56.2803 -170.78 117.158 -3.752
-718.469 935.002 -57.2803 -170.777 117.158 -3.762
-718.468 934.99 -58.2802 -170.775 117.159 -3.766
-718.466 934.979 -59.2801 -170.773 117.16 -3.765
-718.464 934.967 -60.2801 -170.772 117.161 -3.766
-718.463 934.955 -61.28 -170.769 117.161 -3.769
-718.461 934.944 -62.2799 -170.769 117.161 -3.772
-718.459 934.932 -63.2799 -170.767 117.159 -3.77
-718.458 934.92 -64.2798 -170.767 117.159 -3.77
-718.456 934.908 -65.2797 -170.77 117.158 -3.762
-718.454 934.897 -66.2796 -170.77 117.158 -3.762
-718.453 934.885 -67.2796 -170.771 117.157 -3.77
-718.451 934.873 -68.2795 -170.774 117.157 -3.764
-718.45 934.861 -69.2794 -170.776 117.158 -3.766
-718.448 934.85 -70.2794 -170.776 117.158 -3.766
-718.446 934.838 -71.2793 -170.777 117.16 -3.763
-718.445 934.826 -72.2792 -170.777 117.162 -3.761
-718.443 934.815 -73.2792 -170.774 117.166 -3.76
-718.441 934.803 -74.2791 -170.774 117.166 -3.76
-718.44 934.791 -75.279 -170.774 117.166 -3.76
-718.438 934.779 -76.2789 -170.774 117.166 -3.76
-718.436 934.768 -77.2789 -170.774 117.166 -3.76
-718.435 934.756 -78.2788 -170.774 117.166 -3.76
-718.433 934.744 -79.2787 -170.774 117.166 -3.76
-718.432 934.732 -80.2787 -170.774 117.166 -3.76
-718.43 934.721 -81.2786 -170.774 117.166 -3.76
-718.428 934.709 -82.2785 -170.774 117.166 -3.76
5
-735.697 937.167 -12.042 -170.757 117.163 -3.751
-735.7 937.166 -13.042 -170.757 117.163 -3.751
-735.702 937.165 -14.042 -170.757 117.163 -3.751
-735.704 937.164 -15.042 -170.757 117.163 -3.751
-735.707 937.163 -16.042 -170.757 117.163 -3.751
-735.709 937.162 -17.042 -170.757 117.163 -3.751
-735.711 937.161 -18.042 -170.757 117.163 -3.751
-735.714 937.16 -19.042 -170.757 117.163 -3.751
-735.716 937.159 -20.042 -170.757 117.163 -3.751
-735.718 937.157 -21.042 -170.757 117.163 -3.751
-735.721 937.156 -22.042 -170.757 117.163 -3.751
-735.723 937.155 -23.042 -170.757 117.163 -3.751
-735.725 937.154 -24.042 -170.757 117.163 -3.751
-735.728 937.153 -25.042 -170.757 117.163 -3.751
-735.73 937.152 -26.042 -170.757 117.163 -3.751
-735.732 937.151 -27.042 -170.757 117.163 -3.751
-735.735 937.15 -28.042 -170.757 117.163 -3.751
-735.737 937.149 -29.042 -170.757 117.163 -3.751
-735.739 937.148 -30.042 -170.757 117.163 -3.751
-735.742 937.147 -31.042 -170.757 117.163 -3.751
-735.744 937.146 -32.042 -170.763 117.155 -3.768
-735.746 937.145 -33.042 -170.768 117.15 -3.767
-735.749 937.143 -34.042 -170.768 117.15 -3.767
-735.751 937.142 -35.042 -170.769 117.15 -3.766
-735.753 937.141 -36.042 -170.769 117.153 -3.766
-735.756 937.14 -37.042 -170.766 117.157 -3.767
-735.758 937.139 -38.0419 -170.763 117.16 -3.767
-735.76 937.138 -39.0419 -170.763 117.165 -3.767
-735.763 937.137 -40.0419 -170.763 117.165 -3.767
-735.765 937.136 -41.0419 -170.764 117.166 -3.766
-735.767 937.135 -42.0419 -170.763 117.165 -3.766
-735.77 937.134 -43.0419 -170.764 117.163 -3.764
-735.772 937.133 -44.0419 -170.764 117.163 -3.764
-735.774 937.132 -45.0419 -170.763 117.161 -3.771
-735.776 937.131 -46.0419 -170.763 117.158 -3.767
-735.779 937.13 -47.0419 -170.763 117.158 -3.767
-735.781 937.128 -48.0419 -170.764 117.156 -3.768
-735.783 937.127 -49.0419 -170.765 117.156 -3.768
-735.786 937.126 -50.0419 -170.768 117.159 -3.768
-735.788 937.125 -51.0419 -170.77 117.16 -3.766
-735.79 937.124 -52.0419 -170.773 117.163 -3.76
-735.793 937.123 -53.0419 -170.773 117.163 -3.76
-735.795 937.122 -54.0419 -170.774 117.165 -3.752
-735.797 937.121 -55.0419 -170.771 117.166 -3.756
-735.8 937.12 -56.0419 -170.771 117.166 -3.756
-735.802 937.119 -57.0419 -170.77 117.164 -3.752
-735.804 937.118 -58.0419 -170.77 117.162 -3.75
-735.807 937.117 -59.0419 -170.77 117.16 -3.75
-735.809 937.116 -60.0419 -170.774 117.159 -3.751
-735.811 937.115 -61.0419 -170.776 117.158 -3.755
-735.814 937.113 -62.0419 -170.776 117.158 -3.755
-735.816 937.112 -63.0419 -170.779 117.158 -3.751
-735.818 937.111 -64.0419 -170.779 117.158 -3.753
-735.821 937.11 -65.0419 -170.776 117.158 -3.764
-735.823 937.109 -66.0419 -170.776 117.158 -3.764
-735.825 937.108 -67.0419 -170.775 117.159 -3.764
-735.828 937.107 -68.0418 -170.773 117.16 -3.765
-735.83 937.106 -69.0418 -170.77 117.161 -3.77
-735.832 937.105 -70.0418 -170.768 117.161 -3.773
-735.835 937.104 -71.0418 -170.768 117.161 -3.773
-735.837 937.103 -72.0418 -170.767 117.16 -3.77
-735.839 937.102 -73.0418 -170.769 117.16 -3.764
-735.842 937.101 -74.0418 -170.77 117.158 -3.768
-735.844 937.099 -75.0418 -170.77 117.158 -3.768
-735.846 937.098 -76.0418 -170.772 117.158 -3.771
-735.849 937.097 -77.0418 -170.775 117.158 -3.767
-735.851 937.096 -78.0418 -170.776 117.159 -3.767
-735.853 937.095 -79.0418 -170.776 117.159 -3.767
-735.856 937.094 -80.0418 -170.777 117.161 -3.763
-735.858 937.093 -81.0418 -170.776 117.165 -3.762
-735.86 937.092 -82.0418 -170.774 117.168 -3.758
6
-732.713 936.838 -11.0214 -170.758 117.163 -3.75
-732.706 936.84 -12.0214 -170.758 117.163 -3.75
-732.699 936.841 -13.0214 -170.758 117.163 -3.75
-732.691 936.843 -14.0213 -170.758 117.163 -3.75
-732.684 936.844 -15.0213 -170.758 117.163 -3.75
-732.677 936.846 -16.0213 -170.758 117.163 -3.75
-732.67 936.847 -17.0213 -170.758 117.163 -3.75
-732.663 936.849 -18.0212 -170.758 117.163 -3.75
-732.656 936.85 -19.0212 -170.758 117.163 -3.75
-732.648 936.852 -20.0212 -170.758 117.163 -3.75
-732.641 936.853 -21.0211 -170.758 117.163 -3.75
-732.634 936.855 -22.0211 -170.758 117.163 -3.75
-732.627 936.856 -23.0211 -170.758 117.163 -3.75
-732.62 936.858 -24.0211 -170.758 117.163 -3.75
-732.613 936.859 -25.021 -170.758 117.163 -3.75
-732.605 936.861 -26.021 -170.758 117.163 -3.75
-732.598 936.862 -27.021 -170.758 117.163 -3.75
-732.591 936.864 -28.021 -170.758 117.163 -3.75
-732.584 936.865 -29.0209 -170.758 117.163 -3.75
-732.577 936.867 -30.0209 -170.758 117.163 -3.75
-732.57 936.868 -31.0209 -170.764 117.154 -3.767
-732.563 936.87 -32.0209 -170.768 117.15 -3.766
-732.555 936.871 -33.0208 -170.768 117.151 -3.766
-732.548 936.873 -34.0208 -170.766 117.154 -3.766
-732.541 936.874 -35.0208 -170.766 117.154 -3.766
-732.534 936.876 -36.0207 -170.764 117.158 -3.767
-732.527 936.877 -37.0207 -170.763 117.162 -3.767
-732.52 936.879 -38.0207 -170.763 117.164 -3.766
-732.512 936.88 -39.0207 -170.763 117.164 -3.766
-732.505 936.882 -40.0206 -170.762 117.165 -3.766
-732.498 936.883 -41.0206 -170.762 117.164 -3.767
-732.491 936.885 -42.0206 -170.762 117.164 -3.767
-732.484 936.886 -43.0206 -170.763 117.16 -3.767
-732.477 936.888 -44.0205 -170.762 117.158 -3.77
-732.469 936.889 -45.0205 -170.762 117.157 -3.768
-732.462 936.891 -46.0205 -170.764 117.155 -3.769
-732.455 936.892 -47.0205 -170.764 117.155 -3.769
-732.448 936.894 -48.0204 -170.766 117.157 -3.768
-732.441 936.895 -49.0204 -170.77 117.159 -3.766
-732.434 936.897 -50.0204 -170.77 117.159 -3.766
-732.427 936.898 -51.0203 -170.772 117.162 -3.762
-732.419 936.9 -52.0203 -170.775 117.164 -3.752
-732.412 936.901 -53.0203 -170.773 117.166 -3.756
-732.405 936.902 -54.0203 -170.773 117.166 -3.756
-732.398 936.904 -55.0202 -170.771 117.166 -3.757
-732.391 936.905 -56.0202 -170.771 117.164 -3.752
-732.384 936.907 -57.0202 -170.772 117.162 -3.752
-732.376 936.908 -58.0202 -170.772 117.162 -3.752
-732.369 936.91 -59.0201 -170.774 117.161 -3.754
-732.362 936.911 -60.0201 -170.778 117.159 -3.757
-732.355 936.913 -61.0201 -170.781 117.158 -3.75
-732.348 936.914 -62.0201 -170.781 117.158 -3.75
-732.341 936.916 -63.02 -170.78 117.158 -3.754
-732.334 936.917 -64.02 -170.777 117.159 -3.766
-732.326 936.919 -65.02 -170.775 117.159 -3.766
-732.319 936.92 -66.0199 -170.774 117.161 -3.765
-732.312 936.922 -67.0199 -170.77 117.161 -3.768
-732.305 936.923 -68.0199 -170.77 117.161 -3.768
-732.298 936.925 -69.0199 -170.768 117.161 -3.772
-732.291 936.926 -70.0198 -170.767 117.16 -3.769
-732.283 936.928 -71.0198 -170.769 117.159 -3.763
-732.276 936.929 -72.0198 -170.769 117.159 -3.763
-732.269 936.931 -73.0198 -170.77 117.157 -3.767
-732.262 936.932 -74.0197 -170.772 117.157 -3.771
-732.255 936.934 -75.0197 -170.774 117.158 -3.767
-732.248 936.935 -76.0197 -170.774 117.158 -3.767
-732.24 936.937 -77.0197 -170.776 117.159 -3.767
-732.233 936.938 -78.0196 -170.777 117.161 -3.764
-732.226 936.94 -79.0196 -170.777 117.163 -3.762
-732.219 936.941 -80.0196 -170.774 117.167 -3.76
-732.212 936.943 -81.0195 -170.774 117.167 -3.76
7
-735.487 937.6 -12.4021 -170.757 117.163 -3.751
-735.49 937.595 -13.4021 -170.757 117.163 -3.751
-735.493 937.59 -14.4021 -170.757 117.163 -3.751
-735.495 937.586 -15.4021 -170.757 117.163 -3.751
-735.498 937.581 -16.4021 -170.757 117.163 -3.751
-735.501 937.576 -17.402 -170.757 117.163 -3.751
-735.503 937.572 -18.402 -170.757 117.163 -3.751
-735.506 937.567 -19.402 -170.757 117.163 -3.751
-735.509 937.563 -20.402 -170.757 117.163 -3.751
-735.512 937.558 -21.402 -170.757 117.163 -3.751
-735.514 937.553 -22.402 -170.757 117.163 -3.751
-735.517 937.549 -23.402 -170.757 117.163 -3.751
-735.52 937.544 -24.4019 -170.757 117.163 -3.751
-735.522 937.539 -25.4019 -170.757 117.163 -3.751
-735.525 937.535 -26.4019 -170.757 117.163 -3.751
-735.528 937.53 -27.4019 -170.757 117.163 -3.751
-735.531 937.525 -28.4019 -170.757 117.163 -3.751
-735.533 937.521 -29.4019 -170.757 117.163 -3.751
-735.536 937.516 -30.4019 -170.757 117.163 -3.751
-735.539 937.512 -31.4018 -170.757 117.163 -3.751
-735.541 937.507 -32.4018 -170.765 117.153 -3.767
-735.544 937.502 -33.4018 -170.77 117.149 -3.767
-735.547 937.498 -34.4018 -170.77 117.149 -3.767
-735.55 937.493 -35.4018 -170.769 117.152 -3.768
-735.552 937.488 -36.4018 -170.767 117.155 -3.767
-735.555 937.484 -37.4018 -170.764 117.16 -3.767
-735.558 937.479 -38.4017 -170.764 117.16 -3.767
-735.56 937.475 -39.4017 -170.763 117.163 -3.767
-735.563 937.47 -40.4017 -170.763 117.165 -3.765
-735.566 937.465 -41.4017 -170.762 117.164 -3.765
-735.569 937.461 -42.4017 -170.762 117.164 -3.765
-735.571 937.456 -43.4017 -170.763 117.161 -3.762
-735.574 937.451 -44.4017 -170.763 117.159 -3.769
-735.577 937.447 -45.4016 -170.762 117.157 -3.768
-735.579 937.442 -46.4016 -170.762 117.157 -3.768
-735.582 937.438 -47.4016 -170.762 117.155 -3.768
-735.585 937.433 -48.4016 -170.763 117.154 -3.768
-735.588 937.428 -49.4016 -170.766 117.157 -3.767
-735.59 937.424 -50.4016 -170.768 117.159 -3.766
-735.593 937.419 -51.4016 -170.771 117.161 -3.765
-735.596 937.414 -52.4015 -170.771 117.161 -3.765
-735.598 937.41 -53.4015 -170.775 117.164 -3.753
-735.601 937.405 -54.4015 -170.774 117.166 -3.751
-735.604 937.401 -55.4015 -170.77 117.166 -3.756
-735.607 937.396 -56.4015 -170.769 117.164 -3.751
-735.609 937.391 -57.4015 -170.769 117.164 -3.751
-735.612 937.387 -58.4015 -170.77 117.162 -3.749
-735.615 937.382 -59.4014 -170.772 117.161 -3.752
-735.617 937.377 -60.4014 -170.776 117.16 -3.754
-735.62 937.373 -61.4014 -170.776 117.16 -3.754
-735.623 937.368 -62.4014 -170.777 117.158 -3.755
-735.626 937.363 -63.4014 -170.78 117.157 -3.748
-735.628 937.359 -64.4014 -170.777 117.158 -3.757
-735.631 937.354 -65.4014 -170.775 117.159 -3.766
-735.634 937.35 -66.4013 -170.775 117.159 -3.766
-735.636 937.345 -67.4013 -170.773 117.16 -3.765
-735.639 937.34 -68.4013 -170.771 117.161 -3.766
-735.642 937.336 -69.4013 -170.768 117.161 -3.77
-735.645 937.331 -70.4013 -170.768 117.16 -3.773
-735.647 937.326 -71.4013 -170.768 117.16 -3.773
-735.65 937.322 -72.4013 -170.768 117.159 -3.768
-735.653 937.317 -73.4012 -170.77 117.158 -3.763
-735.655 937.313 -74.4012 -170.77 117.157 -3.772
-735.658 937.308 -75.4012 -170.772 117.157 -3.771
-735.661 937.303 -76.4012 -170.772 117.157 -3.771
-735.664 937.299 -77.4012 -170.774 117.158 -3.768
-735.666 937.294 -78.4012 -170.777 117.159 -3.765
-735.669 937.289 -79.4012 -170.777 117.161 -3.763
-735.672 937.285 -80.4011 -170.777 117.161 -3.763
-735.674 937.28 -81.4011 -170.775 117.165 -3.761
-735.677 937.276 -82.4011 -170.775 117.165 -3.761
8
-733.035 933.9 -11.2695 -170.757 117.163 -3.754
-733.036 933.894 -12.2695 -170.757 117.163 -3.754
-733.037 933.889 -13.2695 -170.757 117.163 -3.754
-733.038 933.883 -14.2694 -170.757 117.163 -3.754
-733.039 933.877 -15.2694 -170.757 117.163 -3.754
-733.039 933.872 -16.2694 -170.757 117.163 -3.754
-733.04 933.866 -17.2694 -170.757 117.163 -3.754
-733.041 933.86 -18.2694 -170.757 117.163 -3.754
-733.042 933.855 -19.2694 -170.757 117.163 -3.754
-733.043 933.849 -20.2693 -170.757 117.163 -3.754
-733.044 933.844 -21.2693 -170.757 117.163 -3.754
-733.045 933.838 -22.2693 -170.757 117.163 -3.754
-733.046 933.832 -23.2693 -170.757 117.163 -3.754
-733.047 933.827 -24.2693 -170.757 117.163 -3.754
-733.048 933.821 -25.2693 -170.757 117.163 -3.754
-733.049 933.815 -26.2692 -170.757 117.163 -3.754
-733.05 933.81 -27.2692 -170.757 117.163 -3.754
-733.051 933.804 -28.2692 -170.757 117.163 -3.754
-733.052 933.798 -29.2692 -170.757 117.163 -3.754
-733.053 933.793 -30.2692 -170.757 117.163 -3.754
-733.054 933.787 -31.2692 -170.764 117.154 -3.768
-733.055 933.781 -32.2691 -170.764 117.154 -3.768
-733.056 933.776 -33.2691 -170.768 117.15 -3.768
-733.057 933.77 -34.2691 -170.769 117.152 -3.769
-733.058 933.764 -35.2691 -170.766 117.155 -3.768
-733.059 933.759 -36.2691 -170.766 117.155 -3.768
-733.06 933.753 -37.2691 -170.763 117.16 -3.767
-733.061 933.747 -38.269 -170.762 117.164 -3.767
-733.062 933.742 -39.269 -170.762 117.164 -3.767
-733.063 933.736 -40.269 -170.764 117.165 -3.763
-733.064 933.73 -41.269 -170.764 117.164 -3.763
-733.065 933.725 -42.269 -170.764 117.164 -3.763
-733.066 933.719 -43.269 -170.766 117.16 -3.762
-733.067 933.714 -44.2689 -170.764 117.159 -3.766
-733.068 933.708 -45.2689 -170.764 117.159 -3.766
-733.069 933.702 -46.2689 -170.764 117.156 -3.763
-733.07 933.697 -47.2689 -170.765 117.155 -3.765
-733.071 933.691 -48.2689 -170.766 117.156 -3.764
-733.072 933.685 -49.2689 -170.77 117.158 -3.764
-733.073 933.68 -50.2689 -170.772 117.16 -3.762
-733.074 933.674 -51.2688 -170.772 117.16 -3.762
-733.074 933.668 -52.2688 -170.773 117.163 -3.76
-733.075 933.663 -53.2688 -170.773 117.165 -3.753
-733.076 933.657 -54.2688 -170.77 117.166 -3.755
-733.077 933.651 -55.2688 -170.77 117.166 -3.755
-733.078 933.646 -56.2688 -170.768 117.164 -3.752
-733.079 933.64 -57.2687 -170.767 117.162 -3.753
-733.08 933.634 -58.2687 -170.767 117.162 -3.753
-733.081 933.629 -59.2687 -170.769 117.161 -3.755
-733.082 933.623 -60.2687 -170.772 117.159 -3.757
-733.083 933.617 -61.2687 -170.775 117.158 -3.758
-733.084 933.612 -62.2687 -170.779 117.158 -3.752
-733.085 933.606 -63.2686 -170.779 117.158 -3.752
-733.086 933.6 -64.2686 -170.777 117.158 -3.763
-733.087 933.595 -65.2686 -170.775 117.158 -3.764
-733.088 933.589 -66.2686 -170.774 117.159 -3.762
-733.089 933.584 -67.2686 -170.772 117.16 -3.764
-733.09 933.578 -68.2686 -170.772 117.16 -3.764
-733.091 933.572 -69.2685 -170.77 117.16 -3.765
-733.092 933.567 -70.2685 -170.77 117.159 -3.766
-733.093 933.561 -71.2685 -170.769 117.159 -3.764
-733.094 933.555 -72.2685 -170.773 117.158 -3.756
-733.095 933.55 -73.2685 -170.773 117.158 -3.756
-733.096 933.544 -74.2685 -170.773 117.158 -3.765
-733.097 933.538 -75.2684 -170.776 117.158 -3.762
-733.098 933.533 -76.2684 -170.776 117.158 -3.762
-733.099 933.527 -77.2684 -170.777 117.159 -3.765
-733.1 933.521 -78.2684 -170.777 117.161 -3.764
-733.101 933.516 -79.2684 -170.777 117.161 -3.764
-733.102 933.51 -80.2684 -170.776 117.163 -3.763
-733.103 933.504 -81.2683 -170.773 117.167 -3.763
9
-733.174 937.509 -11.8634 -170.757 117.163 -3.753
-733.182 937.499 -12.8633 -170.757 117.163 -3.753
-733.19 937.49 -13.8632 -170.757 117.163 -3.753
-733.198 937.48 -14.8631 -170.757 117.163 -3.753
-733.205 937.47 -15.8631 -170.757 117.163 -3.753
-733.213 937.461 -16.863 -170.757 117.163 -3.753
-733.221 937.451 -17.8629 -170.757 117.163 -3.753
-733.229 937.442 -18.8628 -170.757 117.163 -3.753
-733.236 937.432 -19.8628 -170.757 117.163 -3.753
-733.244 937.422 -20.8627 -170.757 117.163 -3.753
-733.252 937.413 -21.8626 -170.757 117.163 -3.753
-733.259 937.403 -22.8625 -170.757 117.163 -3.753
-733.267 937.394 -23.8625 -170.757 117.163 -3.753
-733.275 937.384 -24.8624 -170.757 117.163 -3.753
-733.283 937.375 -25.8623 -170.757 117.163 -3.753
-733.29 937.365 -26.8622 -170.757 117.163 -3.753
-733.298 937.355 -27.8621 -170.757 117.163 -3.753
-733.306 937.346 -28.8621 -170.757 117.163 -3.753
-733.314 937.336 -29.862 -170.757 117.163 -3.753
-733.321 937.327 -30.8619 -170.757 117.163 -3.753
-733.329 937.317 -31.8618 -170.765 117.153 -3.768
-733.337 937.307 -32.8618 -170.769 117.15 -3.767
-733.345 937.298 -33.8617 -170.769 117.151 -3.769
-733.352 937.288 -34.8616 -170.768 117.153 -3.768
-733.36 937.279 -35.8615 -170.766 117.157 -3.768
-733.368 937.269 -36.8615 -170.764 117.16 -3.767
-733.376 937.26 -37.8614 -170.763 117.164 -3.767
-733.383 937.25 -38.8613 -170.763 117.164 -3.767
-733.391 937.24 -39.8612 -170.764 117.165 -3.764
-733.399 937.231 -40.8612 -170.764 117.165 -3.763
-733.407 937.221 -41.8611 -170.766 117.162 -3.76
-733.414 937.212 -42.861 -170.766 117.161 -3.763
-733.422 937.202 -43.8609 -170.766 117.161 -3.763
-733.43 937.192 -44.8609 -170.764 117.158 -3.763
-733.438 937.183 -45.8608 -170.765 117.156 -3.763
-733.445 937.173 -46.8607 -170.766 117.155 -3.765
-733.453 937.164 -47.8606 -170.768 117.156 -3.765
-733.461 937.154 -48.8606 -170.771 117.159 -3.765
-733.469 937.145 -49.8605 -170.771 117.159 -3.765
-733.476 937.135 -50.8604 -170.773 117.161 -3.764
-733.484 937.125 -51.8603 -170.774 117.165 -3.756
-733.492 937.116 -52.8602 -170.774 117.165 -3.756
-733.5 937.106 -53.8602 -170.773 117.166 -3.754
-733.507 937.097 -54.8601 -170.769 117.167 -3.76
-733.515 937.087 -55.86 -170.769 117.165 -3.757
-733.523 937.077 -56.8599 -170.77 117.163 -3.758
-733.531 937.068 -57.8599 -170.772 117.161 -3.758
-733.538 937.058 -58.8598 -170.772 117.161 -3.758
-733.546 937.049 -59.8597 -170.775 117.159 -3.761
-733.554 937.039 -60.8596 -170.775 117.159 -3.761
-733.562 937.03 -61.8596 -170.78 117.158 -3.756
-733.569 937.02 -62.8595 -170.779 117.158 -3.757
-733.577 937.01 -63.8594 -170.776 117.158 -3.769
-733.585 937.001 -64.8593 -170.776 117.158 -3.769
-733.593 936.991 -65.8593 -170.776 117.159 -3.766
-733.6 936.982 -66.8592 -170.774 117.16 -3.766
-733.608 936.972 -67.8591 -170.772 117.161 -3.766
-733.616 936.962 -68.859 -170.771 117.16 -3.768
-733.624 936.953 -69.859 -170.771 117.16 -3.768
-733.631 936.943 -70.8589 -170.769 117.16 -3.768
-733.639 936.934 -71.8588 -170.771 117.159 -3.758
-733.647 936.924 -72.8587 -170.772 117.158 -3.759
-733.655 936.915 -73.8587 -170.772 117.158 -3.759
-733.662 936.905 -74.8586 -170.773 117.158 -3.765
-733.67 936.895 -75.8585 -170.775 117.158 -3.761
-733.678 936.886 -76.8584 -170.777 117.159 -3.763
-733.686 936.876 -77.8584 -170.777 117.159 -3.763
-733.693 936.867 -78.8583 -170.777 117.16 -3.763
-733.701 936.857 -79.8582 -170.776 117.164 -3.761
-733.709 936.847 -80.8581 -170.772 117.168 -3.759
-733.717 936.838 -81.858 -170.772 117.168 -3.759
