1
-806.896 417.228 63.5077 -4.802 159.421 60.537
-816.413 401.95 63.5077 56.878 138.382 112.679
-815.564 401.421 63.5003 56.878 138.382 112.679
-814.715 400.893 63.4928 56.878 138.382 112.679
-813.866 400.364 63.4854 56.878 138.382 112.679
-813.018 399.835 63.4779 56.878 138.382 112.679
-812.169 399.307 63.4704 56.878 138.382 112.679
-811.32 398.778 63.463 56.878 138.382 112.679
-810.471 398.249 63.4555 56.878 138.382 112.679
-809.623 397.72 63.4481 56.878 138.382 112.679
-808.774 397.192 63.4406 56.878 138.382 112.679
-807.925 396.663 63.4331 56.878 138.382 112.679
-807.076 396.134 63.4257 56.878 138.382 112.679
-806.227 395.606 63.4182 56.878 138.382 112.679
-805.379 395.077 63.4107 56.878 138.382 112.679
-804.53 394.548 63.4033 56.878 138.382 112.679
-803.681 394.019 63.3958 56.918 138.384 112.713
-802.832 393.491 63.3884 56.93 138.381 112.715
-801.984 392.962 63.3809 56.937 138.387 112.719
-801.135 392.433 63.3734 56.937 138.392 112.718
-800.286 391.905 63.366 56.932 138.393 112.713
-799.437 391.376 63.3585 56.929 138.392 112.715
-798.589 390.847 63.3511 56.923 138.39 112.712
-797.74 390.319 63.3436 56.919 138.388 112.71
-796.891 389.79 63.3361 56.917 138.387 112.709
-796.042 389.261 63.3287 56.917 138.387 112.709
-795.193 388.732 63.3212 56.919 138.387 112.707
-794.345 388.204 63.3138 56.917 138.385 112.707
-793.496 387.675 63.3063 56.916 138.384 112.709
-792.647 387.146 63.2988 56.918 138.386 112.716
-791.798 386.618 63.2914 56.917 138.388 112.719
-790.95 386.089 63.2839 56.915 138.387 112.72
-790.101 385.56 63.2765 56.919 138.389 112.724
-789.252 385.031 63.269 56.919 138.388 112.723
-788.403 384.503 63.2615 56.918 138.387 112.723
-787.554 383.974 63.2541 56.917 138.387 112.724
-786.706 383.445 63.2466 56.919 138.389 112.728
-785.857 382.917 63.2392 56.918 138.389 112.731
-785.008 382.388 63.2317 56.914 138.387 112.729
-784.159 381.859 63.2242 56.918 138.39 112.735
-783.311 381.331 63.2168 56.919 138.389 112.736
-782.462 380.802 63.2093 56.919 138.389 112.736
-781.613 380.273 63.2019 56.915 138.39 112.735
-780.764 379.744 63.1944 56.915 138.39 112.735
-779.916 379.216 63.1869 56.915 138.39 112.735
-779.067 378.687 63.1795 56.915 138.39 112.735
-778.218 378.158 63.172 56.915 138.39 112.735
2
-801.337 412.766 63.5094 -4.802 159.421 60.537
-811.138 397.668 63.5094 56.877 138.384 112.68
-810.299 397.124 63.5003 56.877 138.384 112.68
-809.461 396.579 63.4913 56.877 138.384 112.68
-808.622 396.035 63.4823 56.877 138.384 112.68
-807.783 395.49 63.4733 56.877 138.384 112.68
-806.945 394.946 63.4642 56.877 138.384 112.68
-806.106 394.401 63.4552 56.877 138.384 112.68
-805.267 393.857 63.4462 56.877 138.384 112.68
-804.428 393.312 63.4372 56.916 138.387 112.715
-803.59 392.768 63.4281 56.932 138.384 112.722
-802.751 392.223 63.4191 56.939 138.386 112.725
-801.912 391.679 63.4101 56.94 138.389 112.726
-801.074 391.134 63.4011 56.939 138.391 112.727
-800.235 390.59 63.392 56.937 138.391 112.725
-799.396 390.045 63.383 56.937 138.391 112.725
-798.557 389.501 63.374 56.933 138.391 112.723
-797.719 388.956 63.365 56.928 138.391 112.72
-796.88 388.412 63.3559 56.925 138.39 112.716
-796.041 387.867 63.3469 56.923 138.388 112.711
-795.203 387.323 63.3379 56.925 138.388 112.715
-794.364 386.778 63.3289 56.925 138.388 112.715
-793.525 386.234 63.3198 56.923 138.388 112.716
-792.686 385.689 63.3108 56.92 138.389 112.719
-791.848 385.145 63.3018 56.921 138.389 112.723
-791.009 384.6 63.2928 56.924 138.389 112.729
-790.17 384.056 63.2837 56.924 138.389 112.728
-789.332 383.511 63.2747 56.922 138.388 112.728
-788.493 382.967 63.2657 56.922 138.388 112.728
-787.654 382.422 63.2566 56.922 138.388 112.729
-786.815 381.878 63.2476 56.922 138.389 112.731
-785.977 381.333 63.2386 56.922 138.389 112.733
-785.138 380.789 63.2296 56.915 138.386 112.729
-784.299 380.244 63.2205 56.908 138.385 112.728
-783.461 379.7 63.2115 56.908 138.385 112.728
-782.622 379.155 63.2025 56.908 138.385 112.728
-781.783 378.611 63.1935 56.908 138.385 112.728
-780.944 378.066 63.1844 56.908 138.385 112.728
-780.106 377.522 63.1754 56.908 138.385 112.728
-779.267 376.977 63.1664 56.908 138.385 112.728
-778.428 376.433 63.1574 56.908 138.385 112.728
-777.59 375.888 63.1483 56.908 138.385 112.728
-776.751 375.344 63.1393 56.908 138.385 112.728
-775.912 374.799 63.1303 56.908 138.385 112.728
-775.073 374.255 63.1213 56.908 138.385 112.728
-774.235 373.71 63.1122 56.908 138.385 112.728
-773.396 373.166 63.1032 56.908 138.385 112.728
3
-800.995 412.661 63.5722 -4.802 159.421 60.537
-810.726 397.517 63.5722 56.878 138.385 112.681
-809.884 396.977 63.5606 56.878 138.385 112.681
-809.043 396.436 63.5491 56.878 138.385 112.681
-808.202 395.896 63.5375 56.878 138.385 112.681
-807.361 395.355 63.526 56.878 138.385 112.681
-806.519 394.814 63.5144 56.878 138.385 112.681
-805.678 394.274 63.5029 56.878 138.385 112.681
-804.837 393.733 63.4913 56.921 138.391 112.719
-803.996 393.193 63.4798 56.938 138.387 112.728
-803.154 392.652 63.4682 56.945 138.389 112.733
-802.313 392.112 63.4567 56.945 138.389 112.733
-801.472 391.571 63.4452 56.945 138.391 112.733
-800.631 391.031 63.4336 56.943 138.392 112.732
-799.789 390.49 63.4221 56.937 138.392 112.73
-798.948 389.95 63.4105 56.933 138.392 112.728
-798.107 389.409 63.399 56.933 138.392 112.728
-797.266 388.869 63.3874 56.929 138.389 112.725
-796.424 388.328 63.3759 56.928 138.389 112.722
-795.583 387.788 63.3643 56.926 138.389 112.715
-794.742 387.247 63.3528 56.923 138.389 112.718
-793.901 386.706 63.3412 56.923 138.389 112.718
-793.059 386.166 63.3297 56.921 138.389 112.718
-792.218 385.625 63.3181 56.92 138.389 112.725
-791.377 385.085 63.3066 56.92 138.389 112.725
-790.536 384.544 63.295 56.923 138.39 112.729
-789.694 384.004 63.2835 56.923 138.391 112.729
-788.853 383.463 63.2719 56.921 138.39 112.728
-788.012 382.923 63.2604 56.918 138.388 112.726
-787.171 382.382 63.2488 56.918 138.388 112.726
-786.329 381.842 63.2373 56.914 138.386 112.724
-785.488 381.301 63.2257 56.909 138.386 112.724
-784.647 380.761 63.2142 56.907 138.387 112.724
-783.806 380.22 63.2026 56.903 138.385 112.724
-782.964 379.68 63.1911 56.903 138.385 112.724
-782.123 379.139 63.1795 56.903 138.385 112.724
-781.282 378.599 63.168 56.903 138.385 112.724
-780.441 378.058 63.1564 56.903 138.385 112.724
-779.6 377.517 63.1449 56.903 138.385 112.724
-778.758 376.977 63.1333 56.903 138.385 112.724
-777.917 376.436 63.1218 56.903 138.385 112.724
-777.076 375.896 63.1102 56.903 138.385 112.724
-776.235 375.355 63.0987 56.903 138.385 112.724
-775.393 374.815 63.0871 56.903 138.385 112.724
-774.552 374.274 63.0756 56.903 138.385 112.724
-773.711 373.734 63.064 56.903 138.385 112.724
-772.87 373.193 63.0525 56.903 138.385 112.724
4
-797.465 419.338 63.594 -4.802 159.421 60.537
-807.993 404.737 63.594 56.88 138.385 112.681
-807.182 404.153 63.5833 56.88 138.385 112.681
-806.371 403.568 63.5726 56.88 138.385 112.681
-805.56 402.983 63.562 56.88 138.385 112.681
-804.749 402.398 63.5513 56.88 138.385 112.681
-803.938 401.813 63.5406 56.88 138.385 112.681
-803.126 401.228 63.53 56.88 138.385 112.681
-802.315 400.644 63.5193 56.88 138.385 112.681
-801.504 400.059 63.5086 56.88 138.385 112.681
-800.693 399.474 63.498 56.88 138.385 112.681
-799.882 398.889 63.4873 56.88 138.385 112.681
-799.071 398.304 63.4766 56.922 138.39 112.719
-798.26 397.719 63.466 56.939 138.387 112.727
-797.449 397.135 63.4553 56.946 138.389 112.73
-796.638 396.55 63.4446 56.946 138.389 112.73
-795.827 395.965 63.434 56.943 138.391 112.731
-795.016 395.38 63.4233 56.94 138.392 112.729
-794.205 394.795 63.4126 56.935 138.392 112.728
-793.393 394.21 63.402 56.935 138.392 112.728
-792.582 393.626 63.3913 56.928 138.39 112.723
-791.771 393.041 63.3806 56.927 138.39 112.721
-790.96 392.456 63.37 56.925 138.389 112.714
-790.149 391.871 63.3593 56.924 138.389 112.717
-789.338 391.286 63.3486 56.924 138.389 112.717
-788.527 390.701 63.338 56.923 138.389 112.717
-787.716 390.117 63.3273 56.922 138.389 112.719
-786.905 389.532 63.3166 56.922 138.389 112.726
-786.094 388.947 63.306 56.924 138.39 112.73
-785.283 388.362 63.2953 56.924 138.39 112.73
-784.472 387.777 63.2846 56.924 138.39 112.729
-783.661 387.192 63.274 56.919 138.388 112.726
-782.849 386.608 63.2633 56.919 138.388 112.726
-782.038 386.023 63.2526 56.917 138.387 112.727
-781.227 385.438 63.242 56.912 138.385 112.726
-780.416 384.853 63.2313 56.91 138.386 112.726
-779.605 384.268 63.2206 56.91 138.386 112.726
-778.794 383.683 63.21 56.91 138.386 112.726
-777.983 383.099 63.1993 56.91 138.386 112.726
-777.172 382.514 63.1886 56.91 138.386 112.726
-776.361 381.929 63.178 56.91 138.386 112.726
-775.55 381.344 63.1673 56.91 138.386 112.726
-774.739 380.759 63.1566 56.91 138.386 112.726
-773.928 380.174 63.146 56.91 138.386 112.726
-773.116 379.59 63.1353 56.91 138.386 112.726
-772.305 379.005 63.1246 56.91 138.386 112.726
-771.494 378.42 63.114 56.91 138.386 112.726
5
-798.497 418.617 60.7099 -4.802 159.421 60.537
-808.937 403.955 60.7099 56.881 138.385 112.685
-808.123 403.375 60.6955 56.881 138.385 112.685
-807.308 402.795 60.681 56.881 138.385 112.685
-806.494 402.215 60.6666 56.881 138.385 112.685
-805.679 401.635 60.6522 56.881 138.385 112.685
-804.865 401.055 60.6378 56.881 138.385 112.685
-804.05 400.475 60.6234 56.881 138.385 112.685
-803.236 399.895 60.6089 56.881 138.385 112.685
-802.421 399.315 60.5945 56.881 138.385 112.685
-801.607 398.735 60.5801 56.881 138.385 112.685
-800.792 398.155 60.5657 56.925 138.392 112.73
-799.978 397.575 60.5512 56.946 138.391 112.745
-799.163 396.995 60.5368 56.957 138.391 112.753
-798.349 396.415 60.5224 56.959 138.393 112.753
-797.534 395.835 60.508 56.959 138.393 112.753
-796.72 395.255 60.4936 56.952 138.394 112.748
-795.905 394.675 60.4791 56.945 138.394 112.742
-795.091 394.095 60.4647 56.938 138.394 112.735
-794.276 393.515 60.4503 56.933 138.396 112.734
-793.462 392.935 60.4359 56.933 138.396 112.734
-792.647 392.355 60.4215 56.932 138.395 112.734
-791.833 391.775 60.407 56.932 138.394 112.733
-791.018 391.195 60.3926 56.932 138.394 112.733
-790.204 390.615 60.3782 56.928 138.394 112.733
-789.389 390.036 60.3638 56.925 138.393 112.731
-788.575 389.456 60.3493 56.924 138.393 112.731
-787.76 388.876 60.3349 56.927 138.394 112.731
-786.945 388.296 60.3205 56.927 138.394 112.731
-786.131 387.716 60.3061 56.929 138.394 112.735
-785.316 387.136 60.2917 56.923 138.392 112.734
-784.502 386.556 60.2772 56.923 138.392 112.734
-783.687 385.976 60.2628 56.916 138.39 112.731
-782.873 385.396 60.2484 56.906 138.389 112.723
-782.058 384.816 60.234 56.904 138.39 112.725
-781.244 384.236 60.2195 56.907 138.39 112.727
-780.429 383.656 60.2051 56.907 138.39 112.727
-779.615 383.076 60.1907 56.907 138.39 112.727
-778.8 382.496 60.1763 56.907 138.39 112.727
-777.986 381.916 60.1619 56.907 138.39 112.727
-777.171 381.336 60.1474 56.907 138.39 112.727
-776.357 380.756 60.133 56.907 138.39 112.727
-775.542 380.176 60.1186 56.907 138.39 112.727
-774.728 379.596 60.1042 56.907 138.39 112.727
-773.913 379.016 60.0897 56.907 138.39 112.727
-773.099 378.436 60.0753 56.907 138.39 112.727
-772.284 377.856 60.0609 56.907 138.39 112.727
6
-798.02 418.764 60.603 -4.802 159.421 60.537
-808.501 404.131 60.603 56.881 138.385 112.683
-807.689 403.549 60.5929 56.881 138.385 112.683
-806.876 402.966 60.5828 56.881 138.385 112.683
-806.063 402.384 60.5727 56.881 138.385 112.683
-805.25 401.802 60.5626 56.881 138.385 112.683
-804.437 401.219 60.5526 56.881 138.385 112.683
-803.624 400.637 60.5425 56.881 138.385 112.683
-802.811 400.055 60.5324 56.881 138.385 112.683
-801.998 399.472 60.5223 56.881 138.385 112.683
-801.185 398.89 60.5122 56.881 138.385 112.683
-800.372 398.308 60.5021 56.921 138.391 112.725
-799.559 397.726 60.4921 56.946 138.392 112.745
-798.747 397.143 60.482 56.955 138.393 112.75
-797.934 396.561 60.4719 56.955 138.393 112.75
-797.121 395.979 60.4618 56.954 138.394 112.748
-796.308 395.396 60.4517 56.949 138.395 112.744
-795.495 394.814 60.4416 56.944 138.395 112.74
-794.682 394.232 60.4316 56.935 138.395 112.734
-793.869 393.649 60.4215 56.932 138.395 112.732
-793.056 393.067 60.4114 56.931 138.394 112.733
-792.243 392.485 60.4013 56.931 138.394 112.733
-791.43 391.903 60.3912 56.93 138.394 112.732
-790.617 391.32 60.3811 56.927 138.394 112.732
-789.805 390.738 60.3711 56.925 138.395 112.732
-788.992 390.156 60.361 56.924 138.394 112.732
-788.179 389.573 60.3509 56.927 138.395 112.734
-787.366 388.991 60.3408 56.927 138.395 112.732
-786.553 388.409 60.3307 56.927 138.395 112.732
-785.74 387.826 60.3206 56.926 138.395 112.737
-784.927 387.244 60.3106 56.922 138.395 112.737
-784.114 386.662 60.3005 56.918 138.395 112.738
-783.301 386.08 60.2904 56.913 138.395 112.734
-782.488 385.497 60.2803 56.907 138.392 112.729
-781.675 384.915 60.2702 56.907 138.392 112.729
-780.862 384.333 60.2601 56.908 138.392 112.73
-780.05 383.75 60.2501 56.908 138.392 112.73
-779.237 383.168 60.24 56.908 138.392 112.73
-778.424 382.586 60.2299 56.908 138.392 112.73
-777.611 382.003 60.2198 56.908 138.392 112.73
-776.798 381.421 60.2097 56.908 138.392 112.73
-775.985 380.839 60.1996 56.908 138.392 112.73
-775.172 380.257 60.1896 56.908 138.392 112.73
-774.359 379.674 60.1795 56.908 138.392 112.73
-773.546 379.092 60.1694 56.908 138.392 112.73
-772.733 378.51 60.1593 56.908 138.392 112.73
-771.92 377.927 60.1492 56.908 138.392 112.73
7
-799.628 415.689 60.5921 -4.802 159.421 60.537
-810.499 401.342 60.5921 56.881 138.384 112.683
-809.702 400.738 60.5847 56.881 138.384 112.683
-808.905 400.135 60.5772 56.881 138.384 112.683
-808.108 399.531 60.5698 56.881 138.384 112.683
-807.311 398.927 60.5624 56.881 138.384 112.683
-806.514 398.323 60.555 56.881 138.384 112.683
-805.717 397.719 60.5476 56.881 138.384 112.683
-804.92 397.115 60.5401 56.881 138.384 112.683
-804.123 396.511 60.5327 56.881 138.384 112.683
-803.326 395.907 60.5253 56.924 138.391 112.728
-802.529 395.303 60.5179 56.943 138.39 112.741
-801.732 394.699 60.5105 56.953 138.391 112.75
-800.935 394.095 60.503 56.954 138.392 112.752
-800.137 393.492 60.4956 56.954 138.392 112.752
-799.34 392.888 60.4882 56.947 138.393 112.743
-798.543 392.284 60.4808 56.941 138.394 112.739
-797.746 391.68 60.4734 56.933 138.393 112.73
-796.949 391.076 60.4659 56.932 138.394 112.73
-796.152 390.472 60.4585 56.93 138.394 112.728
-795.355 389.868 60.4511 56.928 138.394 112.73
-794.558 389.264 60.4437 56.926 138.393 112.729
-793.761 388.66 60.4363 56.926 138.392 112.73
-792.964 388.056 60.4288 56.927 138.394 112.734
-792.167 387.453 60.4214 56.927 138.394 112.734
-791.37 386.849 60.414 56.927 138.393 112.73
-790.573 386.245 60.4066 56.923 138.393 112.724
-789.776 385.641 60.3992 56.923 138.393 112.724
-788.979 385.037 60.3917 56.921 138.392 112.724
-788.182 384.433 60.3843 56.921 138.391 112.73
-787.385 383.829 60.3769 56.924 138.394 112.74
-786.588 383.225 60.3695 56.921 138.393 112.736
-785.791 382.621 60.3621 56.921 138.393 112.736
-784.994 382.017 60.3546 56.916 138.392 112.733
-784.197 381.413 60.3472 56.91 138.39 112.729
-783.4 380.81 60.3398 56.91 138.39 112.729
-782.603 380.206 60.3324 56.91 138.39 112.729
-781.806 379.602 60.325 56.91 138.39 112.729
-781.009 378.998 60.3175 56.91 138.39 112.729
-780.212 378.394 60.3101 56.91 138.39 112.729
-779.415 377.79 60.3027 56.91 138.39 112.729
-778.618 377.186 60.2953 56.91 138.39 112.729
-777.821 376.582 60.2879 56.91 138.39 112.729
-777.024 375.978 60.2804 56.91 138.39 112.729
-776.227 375.374 60.273 56.91 138.39 112.729
-775.43 374.77 60.2656 56.91 138.39 112.729
-774.633 374.167 60.2582 56.91 138.39 112.729
8
-796.229 418.657 60.5586 -4.802 159.421 60.537
-806.708 404.021 60.5586 56.879 138.382 112.68
-805.895 403.439 60.5432 56.879 138.382 112.68
-805.082 402.857 60.5277 56.879 138.382 112.68
-804.269 402.275 60.5123 56.879 138.382 112.68
-803.456 401.693 60.4969 56.879 138.382 112.68
-802.643 401.111 60.4815 56.879 138.382 112.68
-801.83 400.529 60.4661 56.879 138.382 112.68
-801.017 399.947 60.4507 56.879 138.382 112.68
-800.204 399.365 60.4353 56.879 138.382 112.68
-799.391 398.783 60.4198 56.923 138.387 112.726
-798.578 398.201 60.4044 56.939 138.385 112.736
-797.765 397.619 60.389 56.946 138.388 112.743
-796.952 397.036 60.3736 56.945 138.392 112.738
-796.14 396.454 60.3582 56.943 138.397 112.735
-795.327 395.872 60.3428 56.943 138.397 112.735
-794.514 395.29 60.3273 56.937 138.396 112.73
-793.701 394.708 60.3119 56.933 138.394 112.727
-792.888 394.126 60.2965 56.929 138.393 112.725
-792.075 393.544 60.2811 56.926 138.392 112.724
-791.262 392.962 60.2657 56.926 138.392 112.724
-790.449 392.38 60.2503 56.928 138.394 112.73
-789.636 391.798 60.2349 56.929 138.394 112.73
-788.823 391.216 60.2194 56.926 138.394 112.73
-788.01 390.633 60.204 56.921 138.392 112.728
-787.197 390.051 60.1886 56.921 138.392 112.728
-786.384 389.469 60.1732 56.922 138.392 112.727
-785.571 388.887 60.1578 56.923 138.394 112.732
-784.758 388.305 60.1424 56.922 138.395 112.733
-783.945 387.723 60.127 56.921 138.395 112.736
-783.132 387.141 60.1115 56.921 138.395 112.737
-782.319 386.559 60.0961 56.921 138.395 112.737
-781.506 385.977 60.0807 56.921 138.394 112.738
-780.693 385.395 60.0653 56.919 138.393 112.737
-779.88 384.813 60.0499 56.912 138.392 112.732
-779.067 384.23 60.0345 56.912 138.392 112.732
-778.254 383.648 60.019 56.912 138.392 112.732
-777.441 383.066 60.0036 56.912 138.392 112.732
-776.628 382.484 59.9882 56.912 138.392 112.732
-775.815 381.902 59.9728 56.912 138.392 112.732
-775.002 381.32 59.9574 56.912 138.392 112.732
-774.189 380.738 59.942 56.912 138.392 112.732
-773.376 380.156 59.9266 56.912 138.392 112.732
-772.563 379.574 59.9111 56.912 138.392 112.732
-771.75 378.992 59.8957 56.912 138.392 112.732
-770.937 378.41 59.8803 56.912 138.392 112.732
-770.124 377.827 59.8649 56.912 138.392 112.732
9
-797.965 415.77 61.5721 -4.802 159.421 60.537
-808.781 401.383 61.5721 56.879 138.382 112.681
-807.982 400.782 61.5666 56.879 138.382 112.681
-807.183 400.181 61.5611 56.879 138.382 112.681
-806.383 399.58 61.5556 56.879 138.382 112.681
-805.584 398.979 61.55 56.879 138.382 112.681
-804.785 398.378 61.5445 56.879 138.382 112.681
-803.985 397.777 61.539 56.879 138.382 112.681
-803.186 397.176 61.5334 56.879 138.382 112.681
-802.387 396.575 61.5279 56.918 138.387 112.724
-801.588 395.975 61.5224 56.936 138.386 112.736
-800.788 395.374 61.5169 56.936 138.386 112.736
-799.989 394.773 61.5113 56.943 138.389 112.741
-799.19 394.172 61.5058 56.942 138.393 112.736
-798.39 393.571 61.5003 56.941 138.396 112.734
-797.591 392.97 61.4947 56.94 138.398 112.733
-796.792 392.369 61.4892 56.933 138.394 112.726
-795.993 391.768 61.4837 56.93 138.394 112.727
-795.193 391.167 61.4781 56.93 138.394 112.727
-794.394 390.566 61.4726 56.927 138.393 112.725
-793.595 389.965 61.4671 56.928 138.393 112.726
-792.795 389.364 61.4616 56.927 138.393 112.728
-791.996 388.764 61.456 56.926 138.394 112.728
-791.197 388.163 61.4505 56.921 138.392 112.723
-790.397 387.562 61.445 56.921 138.391 112.724
-789.598 386.961 61.4394 56.922 138.392 112.725
-788.799 386.36 61.4339 56.922 138.392 112.725
-788 385.759 61.4284 56.924 138.393 112.73
-787.2 385.158 61.4229 56.923 138.394 112.732
-786.401 384.557 61.4173 56.921 138.394 112.734
-785.602 383.956 61.4118 56.921 138.395 112.736
-784.802 383.355 61.4063 56.922 138.393 112.736
-784.003 382.754 61.4007 56.92 138.392 112.735
-783.204 382.153 61.3952 56.913 138.391 112.731
-782.405 381.553 61.3897 56.913 138.391 112.731
-781.605 380.952 61.3841 56.913 138.391 112.731
-780.806 380.351 61.3786 56.913 138.391 112.731
-780.007 379.75 61.3731 56.913 138.391 112.731
-779.207 379.149 61.3676 56.913 138.391 112.731
-778.408 378.548 61.362 56.913 138.391 112.731
-777.609 377.947 61.3565 56.913 138.391 112.731
-776.81 377.346 61.351 56.913 138.391 112.731
-776.01 376.745 61.3454 56.913 138.391 112.731
-775.211 376.144 61.3399 56.913 138.391 112.731
-774.412 375.543 61.3344 56.913 138.391 112.731
-773.612 374.942 61.3289 56.913 138.391 112.731
-772.813 374.342 61.3233 56.913 138.391 112.731
