1
-628.071 535.789 14.0975 -110.449 118.112 0.201
-628.083 535.789 13.0976 -110.449 118.112 0.201
-628.095 535.789 12.0976 -110.449 118.112 0.201
-628.106 535.788 11.0977 -110.449 118.112 0.201
-628.118 535.788 10.0978 -110.449 118.112 0.201
-628.13 535.788 9.09783 -110.449 118.112 0.201
-628.142 535.788 8.0979 -110.449 118.112 0.201
-628.154 535.787 7.09797 -110.449 118.112 0.201
-628.165 535.787 6.09804 -110.449 118.112 0.201
-628.177 535.787 5.09811 -110.449 118.112 0.201
-628.189 535.786 4.09818 -110.449 118.112 0.201
-628.201 535.786 3.09825 -110.449 118.112 0.201
-628.212 535.786 2.09832 -110.449 118.112 0.201
-628.224 535.785 1.09839 -110.449 118.112 0.201
-628.236 535.785 0.0984568 -110.449 118.112 0.201
-628.248 535.785 -0.901474 -110.449 118.112 0.201
-628.26 535.784 -1.9014 -110.449 118.112 0.201
-628.271 535.784 -2.90133 -110.449 118.112 0.201
-628.283 535.784 -3.90127 -110.449 118.112 0.201
-628.295 535.784 -4.9012 -110.449 118.112 0.201
-628.307 535.783 -5.90113 -110.449 118.112 0.201
-628.318 535.783 -6.90106 -110.449 118.112 0.201
-628.33 535.783 -7.90099 -110.449 118.112 0.201
-628.342 535.782 -8.90092 -110.449 118.112 0.201
-628.354 535.782 -9.90085 -110.449 118.112 0.201
-628.366 535.782 -10.9008 -110.449 118.112 0.201
-628.377 535.781 -11.9007 -110.449 118.112 0.201
-628.389 535.781 -12.9006 -110.449 118.112 0.201
-628.401 535.781 -13.9006 -110.449 118.112 0.201
-628.413 535.781 -14.9005 -110.449 118.112 0.201
-628.425 535.78 -15.9004 -110.526 118.106 0.156
-628.436 535.78 -16.9004 -110.596 118.101 0.123
-628.448 535.78 -17.9003 -110.655 118.107 0.096
-628.46 535.779 -18.9002 -110.717 118.112 0.067
-628.472 535.779 -19.9002 -110.717 118.112 0.067
-628.483 535.779 -20.9001 -110.767 118.11 0.041
-628.495 535.778 -21.9 -110.826 118.111 0.015
-628.507 535.778 -22.8999 -110.878 118.112 -0.006
-628.519 535.778 -23.8999 -110.941 118.112 -0.033
-628.531 535.778 -24.8998 -111.019 118.111 -0.067
-628.542 535.777 -25.8997 -111.019 118.111 -0.067
-628.554 535.777 -26.8997 -111.086 118.108 -0.098
-628.566 535.777 -27.8996 -111.155 118.107 -0.13
-628.578 535.776 -28.8995 -111.222 118.107 -0.163
-628.589 535.776 -29.8995 -111.31 118.107 -0.208
-628.601 535.776 -30.8994 -111.377 118.108 -0.24
-628.613 535.775 -31.8993 -111.377 118.108 -0.24
-628.625 535.775 -32.8993 -111.432 118.11 -0.269
-628.637 535.775 -33.8992 -111.488 118.113 -0.294
-628.648 535.774 -34.8991 -111.566 118.116 -0.332
-628.66 535.774 -35.899 -111.629 118.113 -0.362
-628.672 535.774 -36.899 -111.705 118.109 -0.397
-628.684 535.774 -37.8989 -111.705 118.109 -0.397
-628.695 535.773 -38.8988 -111.781 118.108 -0.432
-628.707 535.773 -39.8988 -111.839 118.111 -0.458
-628.719 535.773 -40.8987 -111.906 118.111 -0.49
-628.731 535.772 -41.8986 -111.972 118.11 -0.52
-628.743 535.772 -42.8986 -112.037 118.109 -0.55
-628.754 535.772 -43.8985 -112.101 118.108 -0.583
-628.766 535.771 -44.8984 -112.157 118.108 -0.607
-628.778 535.771 -45.8983 -112.212 118.108 -0.633
-628.79 535.771 -46.8983 -112.212 118.108 -0.633
-628.802 535.771 -47.8982 -112.28 118.109 -0.664
-628.813 535.77 -48.8981 -112.336 118.11 -0.69
-628.825 535.77 -49.8981 -112.421 118.112 -0.725
-628.837 535.77 -50.898 -112.475 118.111 -0.755
-628.849 535.769 -51.8979 -112.538 118.111 -0.79
-628.86 535.769 -52.8979 -112.538 118.111 -0.79
-628.872 535.769 -53.8978 -112.608 118.118 -0.822
-628.884 535.768 -54.8977 -112.608 118.118 -0.822
-628.896 535.768 -55.8977 -112.608 118.118 -0.822
2
-628.729 536.899 14.0906 -110.449 118.114 0.197
-628.735 536.9 13.0906 -110.449 118.114 0.197
-628.74 536.9 12.0906 -110.449 118.114 0.197
-628.746 536.9 11.0906 -110.449 118.114 0.197
-628.752 536.901 10.0906 -110.449 118.114 0.197
-628.758 536.901 9.09064 -110.449 118.114 0.197
-628.764 536.902 8.09066 -110.449 118.114 0.197
-628.77 536.902 7.09068 -110.449 118.114 0.197
-628.776 536.903 6.0907 -110.449 118.114 0.197
-628.782 536.903 5.09072 -110.449 118.114 0.197
-628.788 536.904 4.09073 -110.449 118.114 0.197
-628.794 536.904 3.09075 -110.449 118.114 0.197
-628.8 536.905 2.09077 -110.449 118.114 0.197
-628.806 536.905 1.09079 -110.449 118.114 0.197
-628.812 536.906 0.0908047 -110.449 118.114 0.197
-628.818 536.906 -0.909178 -110.449 118.114 0.197
-628.824 536.907 -1.90916 -110.449 118.114 0.197
-628.83 536.907 -2.90914 -110.449 118.114 0.197
-628.836 536.908 -3.90912 -110.449 118.114 0.197
-628.842 536.908 -4.90911 -110.449 118.114 0.197
-628.848 536.909 -5.90909 -110.449 118.114 0.197
-628.853 536.909 -6.90907 -110.449 118.114 0.197
-628.859 536.909 -7.90905 -110.449 118.114 0.197
-628.865 536.91 -8.90904 -110.449 118.114 0.197
-628.871 536.91 -9.90902 -110.449 118.114 0.197
-628.877 536.911 -10.909 -110.449 118.114 0.197
-628.883 536.911 -11.909 -110.449 118.114 0.197
-628.889 536.912 -12.909 -110.449 118.114 0.197
-628.895 536.912 -13.9089 -110.449 118.114 0.197
-628.901 536.913 -14.9089 -110.449 118.114 0.197
-628.907 536.913 -15.9089 -110.531 118.109 0.144
-628.913 536.914 -16.9089 -110.598 118.105 0.114
-628.919 536.914 -17.9089 -110.659 118.111 0.085
-628.925 536.915 -18.9089 -110.723 118.114 0.054
-628.931 536.915 -19.9088 -110.787 118.112 0.027
-628.937 536.916 -20.9088 -110.787 118.112 0.027
-628.943 536.916 -21.9088 -110.86 118.114 -0.006
-628.949 536.917 -22.9088 -110.916 118.116 -0.029
-628.955 536.917 -23.9088 -110.974 118.116 -0.054
-628.96 536.917 -24.9088 -111.053 118.113 -0.09
-628.966 536.918 -25.9087 -111.053 118.113 -0.09
-628.972 536.918 -26.9087 -111.12 118.109 -0.122
-628.978 536.919 -27.9087 -111.2 118.109 -0.16
-628.984 536.919 -28.9087 -111.258 118.111 -0.188
-628.99 536.92 -29.9087 -111.318 118.113 -0.215
-628.996 536.92 -30.9086 -111.41 118.112 -0.259
-629.002 536.921 -31.9086 -111.41 118.112 -0.259
-629.008 536.921 -32.9086 -111.479 118.114 -0.294
-629.014 536.922 -33.9086 -111.566 118.112 -0.337
-629.02 536.922 -34.9086 -111.621 118.113 -0.364
-629.026 536.923 -35.9086 -111.677 118.114 -0.388
-629.032 536.923 -36.9085 -111.734 118.116 -0.415
-629.038 536.924 -37.9085 -111.734 118.116 -0.415
-629.044 536.924 -38.9085 -111.803 118.116 -0.446
-629.05 536.925 -39.9085 -111.87 118.112 -0.478
-629.056 536.925 -40.9085 -111.938 118.109 -0.51
-629.062 536.926 -41.9084 -112.006 118.107 -0.541
-629.068 536.926 -42.9084 -112.088 118.108 -0.577
-629.073 536.926 -43.9084 -112.088 118.108 -0.577
-629.079 536.927 -44.9084 -112.145 118.11 -0.606
-629.085 536.927 -45.9084 -112.225 118.112 -0.642
-629.091 536.928 -46.9084 -112.225 118.112 -0.642
-629.097 536.928 -47.9083 -112.324 118.111 -0.692
-629.103 536.929 -48.9083 -112.389 118.111 -0.721
-629.109 536.929 -49.9083 -112.448 118.11 -0.748
-629.115 536.93 -50.9083 -112.518 118.113 -0.782
-629.121 536.93 -51.9083 -112.518 118.113 -0.782
-629.127 536.931 -52.9083 -112.581 118.116 -0.808
-629.133 536.931 -53.9082 -112.581 118.116 -0.808
-629.139 536.932 -54.9082 -112.581 118.116 -0.808
-629.145 536.932 -55.9082 -112.581 118.116 -0.808
3
-628.826 528.141 14.2759 -110.448 118.114 0.197
-628.838 528.146 13.276 -110.448 118.114 0.197
-628.851 528.151 12.2761 -110.448 118.114 0.197
-628.863 528.156 11.2762 -110.448 118.114 0.197
-628.876 528.161 10.2762 -110.448 118.114 0.197
-628.888 528.166 9.27633 -110.448 118.114 0.197
-628.901 528.171 8.27643 -110.448 118.114 0.197
-628.913 528.176 7.27652 -110.448 118.114 0.197
-628.926 528.181 6.27661 -110.448 118.114 0.197
-628.938 528.186 5.2767 -110.448 118.114 0.197
-628.951 528.191 4.27679 -110.448 118.114 0.197
-628.964 528.196 3.27688 -110.448 118.114 0.197
-628.976 528.201 2.27697 -110.448 118.114 0.197
-628.989 528.206 1.27706 -110.448 118.114 0.197
-629.001 528.211 0.277154 -110.448 118.114 0.197
-629.014 528.216 -0.722755 -110.448 118.114 0.197
-629.026 528.221 -1.72266 -110.448 118.114 0.197
-629.039 528.226 -2.72257 -110.448 118.114 0.197
-629.051 528.231 -3.72248 -110.448 118.114 0.197
-629.064 528.236 -4.72239 -110.448 118.114 0.197
-629.076 528.241 -5.7223 -110.448 118.114 0.197
-629.089 528.246 -6.72221 -110.448 118.114 0.197
-629.102 528.251 -7.72212 -110.448 118.114 0.197
-629.114 528.256 -8.72203 -110.448 118.114 0.197
-629.127 528.261 -9.72194 -110.448 118.114 0.197
-629.139 528.266 -10.7218 -110.448 118.114 0.197
-629.152 528.271 -11.7218 -110.448 118.114 0.197
-629.164 528.276 -12.7217 -110.448 118.114 0.197
-629.177 528.281 -13.7216 -110.448 118.114 0.197
-629.189 528.286 -14.7215 -110.448 118.114 0.197
-629.202 528.291 -15.7214 -110.448 118.114 0.197
-629.214 528.296 -16.7213 -110.448 118.114 0.197
-629.227 528.301 -17.7212 -110.448 118.114 0.197
-629.239 528.306 -18.7211 -110.448 118.114 0.197
-629.252 528.311 -19.721 -110.528 118.11 0.147
-629.265 528.316 -20.7209 -110.593 118.105 0.118
-629.277 528.321 -21.7208 -110.653 118.111 0.089
-629.29 528.326 -22.7208 -110.653 118.111 0.089
-629.302 528.331 -23.7207 -110.725 118.115 0.053
-629.315 528.335 -24.7206 -110.789 118.113 0.026
-629.327 528.34 -25.7205 -110.86 118.114 -0.004
-629.34 528.345 -26.7204 -110.86 118.114 -0.004
-629.352 528.35 -27.7203 -110.928 118.115 -0.034
-629.365 528.355 -28.7202 -110.997 118.114 -0.063
-629.377 528.36 -29.7201 -111.066 118.112 -0.095
-629.39 528.365 -30.72 -111.133 118.11 -0.128
-629.403 528.37 -31.7199 -111.133 118.11 -0.128
-629.415 528.375 -32.7198 -111.249 118.112 -0.183
-629.428 528.38 -33.7197 -111.32 118.115 -0.215
-629.44 528.385 -34.7197 -111.32 118.115 -0.215
-629.453 528.39 -35.7196 -111.411 118.113 -0.26
-629.465 528.395 -36.7195 -111.491 118.112 -0.299
-629.478 528.4 -37.7194 -111.491 118.112 -0.299
-629.49 528.405 -38.7193 -111.566 118.11 -0.337
-629.503 528.41 -39.7192 -111.632 118.111 -0.367
-629.515 528.415 -40.7191 -111.699 118.113 -0.398
-629.528 528.42 -41.719 -111.699 118.113 -0.398
-629.541 528.425 -42.7189 -111.792 118.116 -0.442
-629.553 528.43 -43.7188 -111.871 118.114 -0.48
-629.566 528.435 -44.7187 -111.871 118.114 -0.48
-629.578 528.44 -45.7187 -111.961 118.11 -0.521
-629.591 528.445 -46.7186 -112.031 118.109 -0.553
-629.603 528.45 -47.7185 -112.111 118.108 -0.591
-629.616 528.455 -48.7184 -112.111 118.108 -0.591
-629.628 528.46 -49.7183 -112.179 118.109 -0.621
-629.641 528.465 -50.7182 -112.244 118.111 -0.655
-629.653 528.47 -51.7181 -112.323 118.11 -0.691
-629.666 528.475 -52.718 -112.389 118.111 -0.721
-629.679 528.48 -53.7179 -112.389 118.111 -0.721
-629.691 528.485 -54.7178 -112.458 118.113 -0.754
-629.704 528.49 -55.7177 -112.511 118.115 -0.779
4
-629.382 537.568 12.7446 -110.45 118.116 0.194
-629.395 537.566 11.7447 -110.45 118.116 0.194
-629.409 537.564 10.7448 -110.45 118.116 0.194
-629.423 537.562 9.7449 -110.45 118.116 0.194
-629.436 537.56 8.745 -110.45 118.116 0.194
-629.45 537.559 7.74509 -110.45 118.116 0.194
-629.463 537.557 6.74518 -110.45 118.116 0.194
-629.477 537.555 5.74528 -110.45 118.116 0.194
-629.491 537.553 4.74537 -110.45 118.116 0.194
-629.504 537.551 3.74547 -110.45 118.116 0.194
-629.518 537.549 2.74556 -110.45 118.116 0.194
-629.531 537.547 1.74566 -110.45 118.116 0.194
-629.545 537.545 0.745749 -110.45 118.116 0.194
-629.559 537.543 -0.254156 -110.45 118.116 0.194
-629.572 537.542 -1.25406 -110.45 118.116 0.194
-629.586 537.54 -2.25397 -110.45 118.116 0.194
-629.599 537.538 -3.25387 -110.45 118.116 0.194
-629.613 537.536 -4.25378 -110.45 118.116 0.194
-629.627 537.534 -5.25369 -110.45 118.116 0.194
-629.64 537.532 -6.25359 -110.45 118.116 0.194
-629.654 537.53 -7.2535 -110.45 118.116 0.194
-629.667 537.528 -8.2534 -110.45 118.116 0.194
-629.681 537.527 -9.25331 -110.45 118.116 0.194
-629.695 537.525 -10.2532 -110.45 118.116 0.194
-629.708 537.523 -11.2531 -110.45 118.116 0.194
-629.722 537.521 -12.253 -110.45 118.116 0.194
-629.735 537.519 -13.2529 -110.45 118.116 0.194
-629.749 537.517 -14.2528 -110.45 118.116 0.194
-629.763 537.515 -15.2527 -110.526 118.109 0.147
-629.776 537.513 -16.2526 -110.59 118.102 0.12
-629.79 537.512 -17.2526 -110.65 118.108 0.091
-629.803 537.51 -18.2525 -110.707 118.111 0.065
-629.817 537.508 -19.2524 -110.707 118.111 0.065
-629.831 537.506 -20.2523 -110.767 118.111 0.035
-629.844 537.504 -21.2522 -110.827 118.11 0.01
-629.858 537.502 -22.2521 -110.893 118.111 -0.017
-629.871 537.5 -23.252 -110.951 118.112 -0.042
-629.885 537.498 -24.2519 -111.01 118.112 -0.063
-629.899 537.497 -25.2518 -111.01 118.112 -0.063
-629.912 537.495 -26.2517 -111.099 118.11 -0.109
-629.926 537.493 -27.2516 -111.179 118.11 -0.15
-629.939 537.491 -28.2515 -111.248 118.11 -0.183
-629.953 537.489 -29.2514 -111.248 118.11 -0.183
-629.967 537.487 -30.2513 -111.331 118.114 -0.221
-629.98 537.485 -31.2512 -111.411 118.113 -0.259
-629.994 537.483 -32.2511 -111.48 118.113 -0.293
-630.007 537.482 -33.251 -111.48 118.113 -0.293
-630.021 537.48 -34.251 -111.566 118.11 -0.335
-630.035 537.478 -35.2509 -111.632 118.112 -0.369
-630.048 537.476 -36.2508 -111.687 118.112 -0.394
-630.062 537.474 -37.2507 -111.757 118.114 -0.423
-630.075 537.472 -38.2506 -111.757 118.114 -0.423
-630.089 537.47 -39.2505 -111.817 118.115 -0.447
-630.103 537.468 -40.2504 -111.905 118.111 -0.495
-630.116 537.466 -41.2503 -111.973 118.11 -0.528
-630.13 537.465 -42.2502 -112.042 118.109 -0.558
-630.143 537.463 -43.2501 -112.042 118.109 -0.558
-630.157 537.461 -44.25 -112.11 118.109 -0.591
-630.171 537.459 -45.2499 -112.19 118.109 -0.626
-630.184 537.457 -46.2498 -112.256 118.11 -0.659
-630.198 537.455 -47.2497 -112.324 118.111 -0.691
-630.211 537.453 -48.2496 -112.324 118.111 -0.691
-630.225 537.451 -49.2495 -112.39 118.113 -0.721
-630.239 537.45 -50.2494 -112.458 118.113 -0.754
-630.252 537.448 -51.2494 -112.529 118.115 -0.779
-630.266 537.446 -52.2493 -112.582 118.116 -0.805
-630.279 537.444 -53.2492 -112.582 118.116 -0.805
-630.293 537.442 -54.2491 -112.582 118.116 -0.805
-630.307 537.44 -55.249 -112.582 118.116 -0.805
-630.32 537.438 -56.2489 -112.582 118.116 -0.805
-630.334 537.436 -57.2488 -112.582 118.116 -0.805
5
-625.208 533.38 13.7092 -110.448 118.114 0.197
-625.22 533.378 12.7093 -110.448 118.114 0.197
-625.233 533.376 11.7094 -110.448 118.114 0.197
-625.245 533.374 10.7095 -110.448 118.114 0.197
-625.257 533.371 9.70955 -110.448 118.114 0.197
-625.27 533.369 8.70963 -110.448 118.114 0.197
-625.282 533.367 7.70971 -110.448 118.114 0.197
-625.294 533.364 6.70979 -110.448 118.114 0.197
-625.307 533.362 5.70987 -110.448 118.114 0.197
-625.319 533.36 4.70994 -110.448 118.114 0.197
-625.331 533.357 3.71002 -110.448 118.114 0.197
-625.344 533.355 2.7101 -110.448 118.114 0.197
-625.356 533.353 1.71018 -110.448 118.114 0.197
-625.369 533.351 0.710261 -110.448 118.114 0.197
-625.381 533.348 -0.28966 -110.448 118.114 0.197
-625.393 533.346 -1.28958 -110.448 118.114 0.197
-625.406 533.344 -2.2895 -110.448 118.114 0.197
-625.418 533.341 -3.28942 -110.448 118.114 0.197
-625.43 533.339 -4.28934 -110.448 118.114 0.197
-625.443 533.337 -5.28927 -110.448 118.114 0.197
-625.455 533.334 -6.28919 -110.448 118.114 0.197
-625.467 533.332 -7.28911 -110.448 118.114 0.197
-625.48 533.33 -8.28903 -110.448 118.114 0.197
-625.492 533.328 -9.28895 -110.448 118.114 0.197
-625.505 533.325 -10.2889 -110.448 118.114 0.197
-625.517 533.323 -11.2888 -110.448 118.114 0.197
-625.529 533.321 -12.2887 -110.448 118.114 0.197
-625.542 533.318 -13.2886 -110.448 118.114 0.197
-625.554 533.316 -14.2886 -110.448 118.114 0.197
-625.566 533.314 -15.2885 -110.448 118.114 0.197
-625.579 533.311 -16.2884 -110.448 118.114 0.197
-625.591 533.309 -17.2883 -110.532 118.11 0.145
-625.603 533.307 -18.2882 -110.607 118.106 0.113
-625.616 533.305 -19.2882 -110.676 118.113 0.08
-625.628 533.302 -20.2881 -110.744 118.116 0.049
-625.64 533.3 -21.288 -110.744 118.116 0.049
-625.653 533.298 -22.2879 -110.809 118.114 0.021
-625.665 533.295 -23.2878 -110.896 118.114 -0.014
-625.678 533.293 -24.2878 -110.896 118.114 -0.014
-625.69 533.291 -25.2877 -110.977 118.113 -0.049
-625.702 533.288 -26.2876 -111.057 118.11 -0.084
-625.715 533.286 -27.2875 -111.134 118.108 -0.123
-625.727 533.284 -28.2874 -111.134 118.108 -0.123
-625.739 533.282 -29.2874 -111.228 118.11 -0.169
-625.752 533.279 -30.2873 -111.287 118.113 -0.197
-625.764 533.277 -31.2872 -111.346 118.116 -0.225
-625.776 533.275 -32.2871 -111.425 118.115 -0.264
-625.789 533.272 -33.2871 -111.425 118.115 -0.264
-625.801 533.27 -34.287 -111.525 118.112 -0.316
-625.814 533.268 -35.2869 -111.525 118.112 -0.316
-625.826 533.265 -36.2868 -111.599 118.109 -0.355
-625.838 533.263 -37.2867 -111.654 118.111 -0.38
-625.851 533.261 -38.2867 -111.767 118.114 -0.433
-625.863 533.259 -39.2866 -111.767 118.114 -0.433
-625.875 533.256 -40.2865 -111.849 118.114 -0.472
-625.888 533.254 -41.2864 -111.849 118.114 -0.472
-625.9 533.252 -42.2863 -111.916 118.113 -0.507
-625.912 533.249 -43.2863 -111.996 118.11 -0.542
-625.925 533.247 -44.2862 -112.064 118.11 -0.574
-625.937 533.245 -45.2861 -112.132 118.11 -0.605
-625.95 533.242 -46.286 -112.132 118.11 -0.605
-625.962 533.24 -47.2859 -112.209 118.111 -0.642
-625.974 533.238 -48.2859 -112.286 118.11 -0.678
-625.987 533.236 -49.2858 -112.355 118.111 -0.707
-625.999 533.233 -50.2857 -112.355 118.111 -0.707
-626.011 533.231 -51.2856 -112.438 118.113 -0.747
-626.024 533.229 -52.2855 -112.494 118.115 -0.771
-626.036 533.226 -53.2855 -112.552 118.116 -0.793
-626.048 533.224 -54.2854 -112.609 118.12 -0.82
-626.061 533.222 -55.2853 -112.609 118.12 -0.82
-626.073 533.22 -56.2852 -112.609 118.12 -0.82
6
-630.138 538.228 14.1939 -110.449 118.114 0.197
-630.151 538.229 13.194 -110.449 118.114 0.197
-630.164 538.231 12.1941 -110.449 118.114 0.197
-630.177 538.232 11.1941 -110.449 118.114 0.197
-630.19 538.233 10.1942 -110.449 118.114 0.197
-630.203 538.235 9.19431 -110.449 118.114 0.197
-630.216 538.236 8.1944 -110.449 118.114 0.197
-630.229 538.238 7.19448 -110.449 118.114 0.197
-630.242 538.239 6.19457 -110.449 118.114 0.197
-630.255 538.241 5.19465 -110.449 118.114 0.197
-630.268 538.242 4.19474 -110.449 118.114 0.197
-630.281 538.244 3.19483 -110.449 118.114 0.197
-630.294 538.245 2.19491 -110.449 118.114 0.197
-630.307 538.247 1.195 -110.449 118.114 0.197
-630.32 538.248 0.195082 -110.449 118.114 0.197
-630.333 538.25 -0.804833 -110.449 118.114 0.197
-630.346 538.251 -1.80475 -110.449 118.114 0.197
-630.359 538.253 -2.80466 -110.449 118.114 0.197
-630.372 538.254 -3.80458 -110.449 118.114 0.197
-630.385 538.255 -4.80449 -110.449 118.114 0.197
-630.398 538.257 -5.80441 -110.449 118.114 0.197
-630.411 538.258 -6.80432 -110.449 118.114 0.197
-630.424 538.26 -7.80423 -110.449 118.114 0.197
-630.437 538.261 -8.80415 -110.449 118.114 0.197
-630.45 538.263 -9.80406 -110.449 118.114 0.197
-630.463 538.264 -10.804 -110.449 118.114 0.197
-630.476 538.266 -11.8039 -110.449 118.114 0.197
-630.489 538.267 -12.8038 -110.449 118.114 0.197
-630.502 538.269 -13.8037 -110.449 118.114 0.197
-630.515 538.27 -14.8036 -110.531 118.109 0.145
-630.528 538.272 -15.8035 -110.531 118.109 0.145
-630.541 538.273 -16.8035 -110.613 118.107 0.107
-630.554 538.274 -17.8034 -110.667 118.111 0.082
-630.567 538.276 -18.8033 -110.724 118.114 0.055
-630.58 538.277 -19.8032 -110.796 118.112 0.023
-630.593 538.279 -20.8031 -110.796 118.112 0.023
-630.606 538.28 -21.803 -110.882 118.113 -0.014
-630.619 538.282 -22.803 -110.939 118.114 -0.038
-630.632 538.283 -23.8029 -110.997 118.113 -0.063
-630.645 538.285 -24.8028 -110.997 118.113 -0.063
-630.658 538.286 -25.8027 -111.087 118.11 -0.106
-630.67 538.288 -26.8026 -111.155 118.111 -0.138
-630.683 538.289 -27.8025 -111.224 118.111 -0.171
-630.696 538.291 -28.8024 -111.295 118.113 -0.206
-630.709 538.292 -29.8024 -111.295 118.113 -0.206
-630.722 538.293 -30.8023 -111.376 118.114 -0.242
-630.735 538.295 -31.8022 -111.444 118.114 -0.277
-630.748 538.296 -32.8021 -111.523 118.112 -0.315
-630.761 538.298 -33.802 -111.587 118.11 -0.346
-630.774 538.299 -34.8019 -111.587 118.11 -0.346
-630.787 538.301 -35.8018 -111.654 118.113 -0.377
-630.8 538.302 -36.8018 -111.721 118.114 -0.408
-630.813 538.304 -37.8017 -111.779 118.115 -0.436
-630.826 538.305 -38.8016 -111.86 118.114 -0.474
-630.839 538.307 -39.8015 -111.86 118.114 -0.474
-630.852 538.308 -40.8014 -111.939 118.111 -0.511
-630.865 538.31 -41.8013 -112.006 118.108 -0.541
-630.878 538.311 -42.8012 -112.087 118.107 -0.579
-630.891 538.313 -43.8012 -112.087 118.107 -0.579
-630.904 538.314 -44.8011 -112.168 118.109 -0.616
-630.917 538.315 -45.801 -112.224 118.111 -0.644
-630.93 538.317 -46.8009 -112.313 118.11 -0.686
-630.943 538.318 -47.8008 -112.313 118.11 -0.686
-630.956 538.32 -48.8007 -112.391 118.111 -0.721
-630.969 538.321 -49.8006 -112.468 118.112 -0.759
-630.982 538.323 -50.8006 -112.528 118.114 -0.785
-630.995 538.324 -51.8005 -112.528 118.114 -0.785
-631.008 538.326 -52.8004 -112.595 118.117 -0.814
-631.021 538.327 -53.8003 -112.595 118.117 -0.814
-631.034 538.329 -54.8002 -112.595 118.117 -0.814
-631.047 538.33 -55.8001 -112.595 118.117 -0.814
7
-627.217 536.25 14.5235 -110.448 118.114 0.197
-627.234 536.244 13.5237 -110.448 118.114 0.197
-627.251 536.238 12.5238 -110.448 118.114 0.197
-627.268 536.232 11.524 -110.448 118.114 0.197
-627.285 536.225 10.5242 -110.448 118.114 0.197
-627.303 536.219 9.52432 -110.448 118.114 0.197
-627.32 536.213 8.52449 -110.448 118.114 0.197
-627.337 536.207 7.52465 -110.448 118.114 0.197
-627.354 536.2 6.52482 -110.448 118.114 0.197
-627.371 536.194 5.52498 -110.448 118.114 0.197
-627.388 536.188 4.52515 -110.448 118.114 0.197
-627.405 536.182 3.52531 -110.448 118.114 0.197
-627.422 536.175 2.52548 -110.448 118.114 0.197
-627.439 536.169 1.52564 -110.448 118.114 0.197
-627.456 536.163 0.52581 -110.448 118.114 0.197
-627.473 536.157 -0.474025 -110.448 118.114 0.197
-627.491 536.151 -1.47386 -110.448 118.114 0.197
-627.508 536.144 -2.47369 -110.448 118.114 0.197
-627.525 536.138 -3.47353 -110.448 118.114 0.197
-627.542 536.132 -4.47336 -110.448 118.114 0.197
-627.559 536.126 -5.4732 -110.448 118.114 0.197
-627.576 536.119 -6.47303 -110.448 118.114 0.197
-627.593 536.113 -7.47287 -110.448 118.114 0.197
-627.61 536.107 -8.4727 -110.448 118.114 0.197
-627.627 536.101 -9.47254 -110.448 118.114 0.197
-627.644 536.094 -10.4724 -110.448 118.114 0.197
-627.661 536.088 -11.4722 -110.448 118.114 0.197
-627.678 536.082 -12.472 -110.448 118.114 0.197
-627.696 536.076 -13.4719 -110.448 118.114 0.197
-627.713 536.07 -14.4717 -110.448 118.114 0.197
-627.73 536.063 -15.4715 -110.528 118.11 0.147
-627.747 536.057 -16.4714 -110.607 118.107 0.111
-627.764 536.051 -17.4712 -110.607 118.107 0.111
-627.781 536.045 -18.471 -110.669 118.112 0.083
-627.798 536.038 -19.4709 -110.726 118.116 0.055
-627.815 536.032 -20.4707 -110.779 118.113 0.032
-627.832 536.026 -21.4706 -110.84 118.114 0.006
-627.849 536.02 -22.4704 -110.906 118.115 -0.022
-627.866 536.013 -23.4702 -110.906 118.115 -0.022
-627.884 536.007 -24.4701 -110.974 118.113 -0.053
-627.901 536.001 -25.4699 -111.054 118.112 -0.089
-627.918 535.995 -26.4697 -111.121 118.11 -0.121
-627.935 535.988 -27.4696 -111.121 118.11 -0.121
-627.952 535.982 -28.4694 -111.201 118.111 -0.159
-627.969 535.976 -29.4692 -111.261 118.113 -0.187
-627.986 535.97 -30.4691 -111.332 118.116 -0.221
-628.003 535.964 -31.4689 -111.413 118.114 -0.259
-628.02 535.957 -32.4687 -111.413 118.114 -0.259
-628.037 535.951 -33.4686 -111.503 118.112 -0.306
-628.054 535.945 -34.4684 -111.567 118.109 -0.336
-628.072 535.939 -35.4682 -111.621 118.11 -0.363
-628.089 535.932 -36.4681 -111.676 118.111 -0.388
-628.106 535.926 -37.4679 -111.745 118.115 -0.421
-628.123 535.92 -38.4677 -111.745 118.115 -0.421
-628.14 535.914 -39.4676 -111.828 118.117 -0.46
-628.157 535.907 -40.4674 -111.885 118.115 -0.487
-628.174 535.901 -41.4672 -111.973 118.11 -0.528
-628.191 535.895 -42.4671 -111.973 118.11 -0.528
-628.208 535.889 -43.4669 -112.041 118.109 -0.559
-628.225 535.883 -44.4667 -112.121 118.108 -0.596
-628.242 535.876 -45.4666 -112.2 118.109 -0.632
-628.259 535.87 -46.4664 -112.2 118.109 -0.632
-628.277 535.864 -47.4662 -112.278 118.11 -0.67
-628.294 535.858 -48.4661 -112.335 118.111 -0.697
-628.311 535.851 -49.4659 -112.421 118.114 -0.737
-628.328 535.845 -50.4658 -112.421 118.114 -0.737
-628.345 535.839 -51.4656 -112.484 118.114 -0.766
-628.362 535.833 -52.4654 -112.549 118.114 -0.794
-628.379 535.826 -53.4653 -112.608 118.118 -0.822
-628.396 535.82 -54.4651 -112.608 118.118 -0.822
-628.413 535.814 -55.4649 -112.608 118.118 -0.822
8
-626.792 534.269 14.0273 -110.447 118.113 0.199
-626.804 534.269 13.0274 -110.447 118.113 0.199
-626.815 534.269 12.0275 -110.447 118.113 0.199
-626.827 534.27 11.0275 -110.447 118.113 0.199
-626.839 534.27 10.0276 -110.447 118.113 0.199
-626.851 534.27 9.02769 -110.447 118.113 0.199
-626.863 534.27 8.02776 -110.447 118.113 0.199
-626.874 534.27 7.02783 -110.447 118.113 0.199
-626.886 534.27 6.0279 -110.447 118.113 0.199
-626.898 534.27 5.02797 -110.447 118.113 0.199
-626.91 534.27 4.02803 -110.447 118.113 0.199
-626.922 534.27 3.0281 -110.447 118.113 0.199
-626.933 534.27 2.02817 -110.447 118.113 0.199
-626.945 534.27 1.02824 -110.447 118.113 0.199
-626.957 534.27 0.0283135 -110.447 118.113 0.199
-626.969 534.27 -0.971617 -110.447 118.113 0.199
-626.981 534.27 -1.97155 -110.447 118.113 0.199
-626.992 534.27 -2.97148 -110.447 118.113 0.199
-627.004 534.27 -3.97141 -110.447 118.113 0.199
-627.016 534.27 -4.97134 -110.447 118.113 0.199
-627.028 534.27 -5.97127 -110.447 118.113 0.199
-627.04 534.27 -6.9712 -110.447 118.113 0.199
-627.051 534.27 -7.97113 -110.447 118.113 0.199
-627.063 534.27 -8.97106 -110.447 118.113 0.199
-627.075 534.27 -9.97099 -110.447 118.113 0.199
-627.087 534.27 -10.9709 -110.447 118.113 0.199
-627.099 534.27 -11.9709 -110.447 118.113 0.199
-627.111 534.27 -12.9708 -110.447 118.113 0.199
-627.122 534.27 -13.9707 -110.447 118.113 0.199
-627.134 534.27 -14.9706 -110.447 118.113 0.199
-627.146 534.27 -15.9706 -110.447 118.113 0.199
-627.158 534.27 -16.9705 -110.532 118.11 0.144
-627.17 534.27 -17.9704 -110.621 118.108 0.103
-627.181 534.27 -18.9704 -110.684 118.114 0.075
-627.193 534.27 -19.9703 -110.742 118.117 0.045
-627.205 534.27 -20.9702 -110.742 118.117 0.045
-627.217 534.27 -21.9702 -110.839 118.114 0.006
-627.229 534.27 -22.9701 -110.839 118.114 0.006
-627.24 534.27 -23.97 -110.905 118.115 -0.023
-627.252 534.27 -24.9699 -110.997 118.113 -0.063
-627.264 534.27 -25.9699 -110.997 118.113 -0.063
-627.276 534.27 -26.9698 -111.087 118.11 -0.104
-627.288 534.27 -27.9697 -111.156 118.111 -0.137
-627.299 534.27 -28.9697 -111.226 118.112 -0.17
-627.311 534.27 -29.9696 -111.284 118.114 -0.199
-627.323 534.27 -30.9695 -111.344 118.116 -0.226
-627.335 534.27 -31.9695 -111.344 118.116 -0.226
-627.347 534.27 -32.9694 -111.446 118.113 -0.277
-627.358 534.27 -33.9693 -111.524 118.111 -0.317
-627.37 534.27 -34.9692 -111.524 118.111 -0.317
-627.382 534.27 -35.9692 -111.6 118.109 -0.352
-627.394 534.27 -36.9691 -111.677 118.112 -0.389
-627.406 534.27 -37.969 -111.734 118.114 -0.416
-627.417 534.27 -38.969 -111.792 118.116 -0.444
-627.429 534.27 -39.9689 -111.792 118.116 -0.444
-627.441 534.27 -40.9688 -111.849 118.115 -0.471
-627.453 534.27 -41.9688 -111.939 118.112 -0.513
-627.465 534.27 -42.9687 -112.007 118.109 -0.544
-627.476 534.27 -43.9686 -112.076 118.108 -0.575
-627.488 534.27 -44.9686 -112.076 118.108 -0.575
-627.5 534.27 -45.9685 -112.167 118.108 -0.616
-627.512 534.27 -46.9684 -112.223 118.11 -0.644
-627.524 534.27 -47.9683 -112.311 118.109 -0.686
-627.535 534.27 -48.9683 -112.311 118.109 -0.686
-627.547 534.27 -49.9682 -112.379 118.111 -0.715
-627.559 534.27 -50.9681 -112.458 118.113 -0.754
-627.571 534.27 -51.9681 -112.52 118.116 -0.782
-627.583 534.27 -52.968 -112.52 118.116 -0.782
-627.594 534.27 -53.9679 -112.588 118.117 -0.812
-627.606 534.27 -54.9679 -112.588 118.117 -0.812
-627.618 534.27 -55.9678 -112.588 118.117 -0.812
9
-629.433 541.989 14.3598 -110.449 118.116 0.195
-629.44 541.989 13.3598 -110.449 118.116 0.195
-629.447 541.989 12.3598 -110.449 118.116 0.195
-629.453 541.989 11.3598 -110.449 118.116 0.195
-629.46 541.989 10.3598 -110.449 118.116 0.195
-629.466 541.99 9.35986 -110.449 118.116 0.195
-629.473 541.99 8.35989 -110.449 118.116 0.195
-629.48 541.99 7.35991 -110.449 118.116 0.195
-629.486 541.99 6.35993 -110.449 118.116 0.195
-629.493 541.99 5.35995 -110.449 118.116 0.195
-629.5 541.991 4.35997 -110.449 118.116 0.195
-629.506 541.991 3.36 -110.449 118.116 0.195
-629.513 541.991 2.36002 -110.449 118.116 0.195
-629.52 541.991 1.36004 -110.449 118.116 0.195
-629.526 541.991 0.360063 -110.449 118.116 0.195
-629.533 541.992 -0.639915 -110.449 118.116 0.195
-629.54 541.992 -1.63989 -110.449 118.116 0.195
-629.546 541.992 -2.63987 -110.449 118.116 0.195
-629.553 541.992 -3.63985 -110.449 118.116 0.195
-629.559 541.992 -4.63983 -110.449 118.116 0.195
-629.566 541.993 -5.6398 -110.449 118.116 0.195
-629.573 541.993 -6.63978 -110.449 118.116 0.195
-629.579 541.993 -7.63976 -110.449 118.116 0.195
-629.586 541.993 -8.63974 -110.449 118.116 0.195
-629.593 541.993 -9.63972 -110.449 118.116 0.195
-629.599 541.994 -10.6397 -110.449 118.116 0.195
-629.606 541.994 -11.6397 -110.449 118.116 0.195
-629.613 541.994 -12.6396 -110.449 118.116 0.195
-629.619 541.994 -13.6396 -110.526 118.11 0.147
-629.626 541.994 -14.6396 -110.59 118.104 0.12
-629.633 541.995 -15.6396 -110.651 118.109 0.091
-629.639 541.995 -16.6396 -110.715 118.113 0.062
-629.646 541.995 -17.6395 -110.767 118.113 0.037
-629.653 541.995 -18.6395 -110.849 118.113 0.004
-629.659 541.995 -19.6395 -110.849 118.113 0.004
-629.666 541.995 -20.6395 -110.94 118.115 -0.035
-629.672 541.996 -21.6395 -110.998 118.114 -0.057
-629.679 541.996 -22.6394 -110.998 118.114 -0.057
-629.686 541.996 -23.6394 -111.078 118.111 -0.093
-629.692 541.996 -24.6394 -111.167 118.109 -0.14
-629.699 541.996 -25.6394 -111.237 118.11 -0.175
-629.706 541.997 -26.6393 -111.237 118.11 -0.175
-629.712 541.997 -27.6393 -111.309 118.113 -0.208
-629.719 541.997 -28.6393 -111.378 118.114 -0.241
-629.726 541.997 -29.6393 -111.448 118.114 -0.276
-629.732 541.997 -30.6393 -111.514 118.112 -0.31
-629.739 541.998 -31.6392 -111.589 118.11 -0.349
-629.746 541.998 -32.6392 -111.589 118.11 -0.349
-629.752 541.998 -33.6392 -111.654 118.111 -0.38
-629.759 541.998 -34.6392 -111.721 118.112 -0.412
-629.766 541.998 -35.6391 -111.781 118.114 -0.436
-629.772 541.999 -36.6391 -111.85 118.113 -0.469
-629.779 541.999 -37.6391 -111.85 118.113 -0.469
-629.785 541.999 -38.6391 -111.928 118.111 -0.513
-629.792 541.999 -39.6391 -111.996 118.108 -0.54
-629.799 541.999 -40.639 -112.065 118.108 -0.573
-629.805 542 -41.639 -112.122 118.109 -0.6
-629.812 542 -42.639 -112.2 118.11 -0.635
-629.819 542 -43.639 -112.2 118.11 -0.635
-629.825 542 -44.6389 -112.255 118.111 -0.659
-629.832 542 -45.6389 -112.344 118.111 -0.701
-629.839 542.001 -46.6389 -112.408 118.113 -0.732
-629.845 542.001 -47.6389 -112.474 118.114 -0.761
-629.852 542.001 -48.6389 -112.474 118.114 -0.761
-629.859 542.001 -49.6388 -112.544 118.116 -0.785
-629.865 542.001 -50.6388 -112.615 118.12 -0.822
-629.872 542.002 -51.6388 -112.615 118.12 -0.822
-629.879 542.002 -52.6388 -112.615 118.12 -0.822
-629.885 542.002 -53.6387 -112.615 118.12 -0.822
-629.892 542.002 -54.6387 -112.615 118.12 -0.822
-629.898 542.002 -55.6387 -112.615 118.12 -0.822
10
-629.626 537.185 13.8093 -110.447 118.114 0.2
-629.632 537.189 12.8093 -110.447 118.114 0.2
-629.639 537.193 11.8093 -110.447 118.114 0.2
-629.645 537.198 10.8094 -110.447 118.114 0.2
-629.651 537.202 9.8094 -110.447 118.114 0.2
-629.657 537.206 8.80943 -110.447 118.114 0.2
-629.664 537.211 7.80946 -110.447 118.114 0.2
-629.67 537.215 6.80949 -110.447 118.114 0.2
-629.676 537.219 5.80952 -110.447 118.114 0.2
-629.683 537.224 4.80955 -110.447 118.114 0.2
-629.689 537.228 3.80957 -110.447 118.114 0.2
-629.695 537.232 2.8096 -110.447 118.114 0.2
-629.701 537.237 1.80963 -110.447 118.114 0.2
-629.708 537.241 0.809661 -110.447 118.114 0.2
-629.714 537.245 -0.19031 -110.447 118.114 0.2
-629.72 537.25 -1.19028 -110.447 118.114 0.2
-629.727 537.254 -2.19025 -110.447 118.114 0.2
-629.733 537.258 -3.19022 -110.447 118.114 0.2
-629.739 537.262 -4.19019 -110.447 118.114 0.2
-629.745 537.267 -5.19016 -110.447 118.114 0.2
-629.752 537.271 -6.19014 -110.447 118.114 0.2
-629.758 537.275 -7.19011 -110.447 118.114 0.2
-629.764 537.28 -8.19008 -110.447 118.114 0.2
-629.771 537.284 -9.19005 -110.447 118.114 0.2
-629.777 537.288 -10.19 -110.447 118.114 0.2
-629.783 537.293 -11.19 -110.447 118.114 0.2
-629.789 537.297 -12.19 -110.447 118.114 0.2
-629.796 537.301 -13.1899 -110.447 118.114 0.2
-629.802 537.306 -14.1899 -110.447 118.114 0.2
-629.808 537.31 -15.1899 -110.529 118.108 0.147
-629.814 537.314 -16.1898 -110.595 118.111 0.121
-629.821 537.319 -17.1898 -110.595 118.111 0.121
-629.827 537.323 -18.1898 -110.648 118.116 0.097
-629.833 537.327 -19.1898 -110.706 118.116 0.072
-629.84 537.332 -20.1897 -110.766 118.117 0.048
-629.846 537.336 -21.1897 -110.838 118.117 0.019
-629.852 537.34 -22.1897 -110.917 118.112 -0.017
-629.858 537.344 -23.1896 -110.917 118.112 -0.017
-629.865 537.349 -24.1896 -110.989 118.108 -0.049
-629.871 537.353 -25.1896 -111.063 118.106 -0.082
-629.877 537.357 -26.1896 -111.137 118.109 -0.121
-629.884 537.362 -27.1895 -111.212 118.112 -0.158
-629.89 537.366 -28.1895 -111.212 118.112 -0.158
-629.896 537.37 -29.1895 -111.278 118.116 -0.189
-629.902 537.375 -30.1894 -111.333 118.117 -0.216
-629.909 537.379 -31.1894 -111.401 118.112 -0.251
-629.915 537.383 -32.1894 -111.471 118.109 -0.286
-629.921 537.388 -33.1894 -111.54 118.107 -0.323
-629.928 537.392 -34.1893 -111.54 118.107 -0.323
-629.934 537.396 -35.1893 -111.61 118.108 -0.359
-629.94 537.401 -36.1893 -111.68 118.109 -0.393
-629.946 537.405 -37.1892 -111.734 118.11 -0.421
-629.953 537.409 -38.1892 -111.808 118.111 -0.456
-629.959 537.414 -39.1892 -111.864 118.113 -0.486
-629.965 537.418 -40.1891 -111.929 118.115 -0.516
-629.971 537.422 -41.1891 -111.929 118.115 -0.516
-629.978 537.426 -42.1891 -111.997 118.114 -0.546
-629.984 537.431 -43.1891 -112.056 118.111 -0.573
-629.99 537.435 -44.189 -112.123 118.108 -0.603
-629.997 537.439 -45.189 -112.194 118.11 -0.635
-630.003 537.444 -46.189 -112.194 118.11 -0.635
-630.009 537.448 -47.1889 -112.273 118.11 -0.67
-630.015 537.452 -48.1889 -112.356 118.112 -0.707
-630.022 537.457 -49.1889 -112.437 118.115 -0.744
-630.028 537.461 -50.1889 -112.437 118.115 -0.744
-630.034 537.465 -51.1888 -112.498 118.118 -0.771
-630.041 537.47 -52.1888 -112.566 118.119 -0.796
-630.047 537.474 -53.1888 -112.621 118.118 -0.823
-630.053 537.478 -54.1887 -112.621 118.118 -0.823
-630.059 537.483 -55.1887 -112.621 118.118 -0.823
-630.066 537.487 -56.1887 -112.621 118.118 -0.823
11
-627.553 536.533 13.7272 -110.446 118.112 0.2
-627.562 536.534 12.7272 -110.446 118.112 0.2
-627.572 536.534 11.7273 -110.446 118.112 0.2
-627.581 536.534 10.7273 -110.446 118.112 0.2
-627.59 536.535 9.72737 -110.446 118.112 0.2
-627.6 536.535 8.72742 -110.446 118.112 0.2
-627.609 536.536 7.72746 -110.446 118.112 0.2
-627.618 536.536 6.7275 -110.446 118.112 0.2
-627.628 536.536 5.72755 -110.446 118.112 0.2
-627.637 536.537 4.72759 -110.446 118.112 0.2
-627.646 536.537 3.72763 -110.446 118.112 0.2
-627.656 536.538 2.72768 -110.446 118.112 0.2
-627.665 536.538 1.72772 -110.446 118.112 0.2
-627.674 536.538 0.727763 -110.446 118.112 0.2
-627.684 536.539 -0.272193 -110.446 118.112 0.2
-627.693 536.539 -1.27215 -110.446 118.112 0.2
-627.702 536.54 -2.27211 -110.446 118.112 0.2
-627.711 536.54 -3.27206 -110.446 118.112 0.2
-627.721 536.54 -4.27202 -110.446 118.112 0.2
-627.73 536.541 -5.27198 -110.446 118.112 0.2
-627.739 536.541 -6.27193 -110.446 118.112 0.2
-627.749 536.542 -7.27189 -110.446 118.112 0.2
-627.758 536.542 -8.27185 -110.446 118.112 0.2
-627.767 536.542 -9.2718 -110.446 118.112 0.2
-627.777 536.543 -10.2718 -110.446 118.112 0.2
-627.786 536.543 -11.2717 -110.446 118.112 0.2
-627.795 536.544 -12.2717 -110.446 118.112 0.2
-627.805 536.544 -13.2716 -110.446 118.112 0.2
-627.814 536.544 -14.2716 -110.446 118.112 0.2
-627.823 536.545 -15.2715 -110.526 118.11 0.149
-627.833 536.545 -16.2715 -110.59 118.112 0.122
-627.842 536.546 -17.2715 -110.642 118.118 0.098
-627.851 536.546 -18.2714 -110.642 118.118 0.098
-627.861 536.546 -19.2714 -110.707 118.118 0.07
-627.87 536.547 -20.2713 -110.774 118.118 0.043
-627.879 536.547 -21.2713 -110.838 118.118 0.018
-627.889 536.548 -22.2712 -110.908 118.113 -0.013
-627.898 536.548 -23.2712 -110.908 118.113 -0.013
-627.907 536.548 -24.2711 -110.981 118.108 -0.045
-627.916 536.549 -25.2711 -111.056 118.107 -0.079
-627.926 536.549 -26.2711 -111.129 118.109 -0.116
-627.935 536.55 -27.271 -111.204 118.111 -0.152
-627.944 536.55 -28.271 -111.262 118.115 -0.182
-627.954 536.551 -29.2709 -111.318 118.117 -0.208
-627.963 536.551 -30.2709 -111.318 118.117 -0.208
-627.972 536.551 -31.2708 -111.386 118.113 -0.243
-627.982 536.552 -32.2708 -111.455 118.11 -0.278
-627.991 536.552 -33.2708 -111.518 118.109 -0.31
-628 536.553 -34.2707 -111.579 118.107 -0.343
-628.01 536.553 -35.2707 -111.649 118.108 -0.379
-628.019 536.553 -36.2706 -111.649 118.108 -0.379
-628.028 536.554 -37.2706 -111.72 118.108 -0.414
-628.038 536.554 -38.2705 -111.784 118.11 -0.447
-628.047 536.555 -39.2705 -111.857 118.112 -0.482
-628.056 536.555 -40.2705 -111.914 118.115 -0.509
-628.066 536.555 -41.2704 -111.975 118.114 -0.537
-628.075 536.556 -42.2704 -111.975 118.114 -0.537
-628.084 536.556 -43.2703 -112.041 118.112 -0.566
-628.094 536.557 -44.2703 -112.101 118.109 -0.593
-628.103 536.557 -45.2702 -112.161 118.108 -0.619
-628.112 536.557 -46.2702 -112.225 118.109 -0.649
-628.121 536.558 -47.2701 -112.29 118.11 -0.679
-628.131 536.558 -48.2701 -112.348 118.113 -0.702
-628.14 536.559 -49.2701 -112.406 118.115 -0.73
-628.149 536.559 -50.27 -112.468 118.116 -0.757
-628.159 536.559 -51.27 -112.539 118.119 -0.785
-628.168 536.56 -52.2699 -112.539 118.119 -0.785
-628.177 536.56 -53.2699 -112.605 118.119 -0.815
-628.187 536.561 -54.2698 -112.605 118.119 -0.815
-628.196 536.561 -55.2698 -112.605 118.119 -0.815
-628.205 536.561 -56.2698 -112.605 118.119 -0.815
12
-628.648 534.99 12.9788 -110.449 118.115 0.196
-628.652 534.987 11.9788 -110.449 118.115 0.196
-628.657 534.984 10.9788 -110.449 118.115 0.196
-628.661 534.981 9.9788 -110.449 118.115 0.196
-628.666 534.978 8.97881 -110.449 118.115 0.196
-628.67 534.975 7.97883 -110.449 118.115 0.196
-628.674 534.972 6.97884 -110.449 118.115 0.196
-628.679 534.969 5.97885 -110.449 118.115 0.196
-628.683 534.966 4.97887 -110.449 118.115 0.196
-628.687 534.963 3.97888 -110.449 118.115 0.196
-628.692 534.96 2.9789 -110.449 118.115 0.196
-628.696 534.958 1.97891 -110.449 118.115 0.196
-628.7 534.955 0.978923 -110.449 118.115 0.196
-628.705 534.952 -0.021063 -110.449 118.115 0.196
-628.709 534.949 -1.02105 -110.449 118.115 0.196
-628.714 534.946 -2.02104 -110.449 118.115 0.196
-628.718 534.943 -3.02102 -110.449 118.115 0.196
-628.722 534.94 -4.02101 -110.449 118.115 0.196
-628.727 534.937 -5.02099 -110.449 118.115 0.196
-628.731 534.934 -6.02098 -110.449 118.115 0.196
-628.735 534.931 -7.02097 -110.449 118.115 0.196
-628.74 534.928 -8.02095 -110.449 118.115 0.196
-628.744 534.925 -9.02094 -110.449 118.115 0.196
-628.749 534.922 -10.0209 -110.449 118.115 0.196
-628.753 534.919 -11.0209 -110.449 118.115 0.196
-628.757 534.916 -12.0209 -110.449 118.115 0.196
-628.762 534.913 -13.0209 -110.449 118.115 0.196
-628.766 534.91 -14.0209 -110.449 118.115 0.196
-628.77 534.907 -15.0209 -110.449 118.115 0.196
-628.775 534.904 -16.0208 -110.449 118.115 0.196
-628.779 534.901 -17.0208 -110.529 118.107 0.145
-628.784 534.898 -18.0208 -110.595 118.107 0.118
-628.788 534.895 -19.0208 -110.657 118.111 0.088
-628.792 534.892 -20.0208 -110.728 118.11 0.056
-628.797 534.889 -21.0208 -110.728 118.11 0.056
-628.801 534.887 -22.0208 -110.816 118.113 0.018
-628.805 534.884 -23.0207 -110.881 118.114 -0.008
-628.81 534.881 -24.0207 -110.954 118.111 -0.043
-628.814 534.878 -25.0207 -110.954 118.111 -0.043
-628.819 534.875 -26.0207 -111.02 118.109 -0.066
-628.823 534.872 -27.0207 -111.083 118.108 -0.1
-628.827 534.869 -28.0207 -111.166 118.109 -0.142
-628.832 534.866 -29.0207 -111.24 118.111 -0.178
-628.836 534.863 -30.0206 -111.306 118.113 -0.207
-628.84 534.86 -31.0206 -111.306 118.113 -0.207
-628.845 534.857 -32.0206 -111.377 118.113 -0.24
-628.849 534.854 -33.0206 -111.455 118.112 -0.279
-628.853 534.851 -34.0206 -111.518 118.111 -0.309
-628.858 534.848 -35.0206 -111.58 118.111 -0.34
-628.862 534.845 -36.0206 -111.58 118.111 -0.34
-628.867 534.842 -37.0205 -111.652 118.114 -0.374
-628.871 534.839 -38.0205 -111.715 118.114 -0.405
-628.875 534.836 -39.0205 -111.797 118.112 -0.44
-628.88 534.833 -40.0205 -111.861 118.109 -0.474
-628.884 534.83 -41.0205 -111.861 118.109 -0.474
-628.888 534.827 -42.0205 -111.934 118.11 -0.511
-628.893 534.824 -43.0205 -111.998 118.111 -0.539
-628.897 534.821 -44.0204 -112.06 118.111 -0.567
-628.902 534.818 -45.0204 -112.122 118.11 -0.596
-628.906 534.816 -46.0204 -112.192 118.111 -0.628
-628.91 534.813 -47.0204 -112.192 118.111 -0.628
-628.915 534.81 -48.0204 -112.272 118.111 -0.665
-628.919 534.807 -49.0204 -112.339 118.113 -0.696
-628.923 534.804 -50.0204 -112.413 118.112 -0.732
-628.928 534.801 -51.0204 -112.481 118.111 -0.762
-628.932 534.798 -52.0203 -112.481 118.111 -0.762
-628.937 534.795 -53.0203 -112.549 118.113 -0.788
-628.941 534.792 -54.0203 -112.611 118.116 -0.822
-628.945 534.789 -55.0203 -112.611 118.116 -0.822
-628.95 534.786 -56.0203 -112.611 118.116 -0.822
-628.954 534.783 -57.0203 -112.611 118.116 -0.822
13
-627.713 534.423 14.3363 -110.449 118.114 0.198
-627.72 534.42 13.3363 -110.449 118.114 0.198
-627.726 534.417 12.3363 -110.449 118.114 0.198
-627.733 534.413 11.3363 -110.449 118.114 0.198
-627.74 534.41 10.3364 -110.449 118.114 0.198
-627.746 534.407 9.33641 -110.449 118.114 0.198
-627.753 534.403 8.33643 -110.449 118.114 0.198
-627.76 534.4 7.33646 -110.449 118.114 0.198
-627.766 534.397 6.33649 -110.449 118.114 0.198
-627.773 534.394 5.33652 -110.449 118.114 0.198
-627.78 534.39 4.33654 -110.449 118.114 0.198
-627.787 534.387 3.33657 -110.449 118.114 0.198
-627.793 534.384 2.3366 -110.449 118.114 0.198
-627.8 534.38 1.33663 -110.449 118.114 0.198
-627.807 534.377 0.336655 -110.449 118.114 0.198
-627.813 534.374 -0.663318 -110.449 118.114 0.198
-627.82 534.371 -1.66329 -110.449 118.114 0.198
-627.827 534.367 -2.66326 -110.449 118.114 0.198
-627.833 534.364 -3.66323 -110.449 118.114 0.198
-627.84 534.361 -4.66321 -110.449 118.114 0.198
-627.847 534.357 -5.66318 -110.449 118.114 0.198
-627.853 534.354 -6.66315 -110.449 118.114 0.198
-627.86 534.351 -7.66312 -110.449 118.114 0.198
-627.867 534.348 -8.6631 -110.449 118.114 0.198
-627.873 534.344 -9.66307 -110.449 118.114 0.198
-627.88 534.341 -10.663 -110.449 118.114 0.198
-627.887 534.338 -11.663 -110.449 118.114 0.198
-627.893 534.335 -12.663 -110.449 118.114 0.198
-627.9 534.331 -13.663 -110.449 118.114 0.198
-627.907 534.328 -14.6629 -110.449 118.114 0.198
-627.913 534.325 -15.6629 -110.449 118.114 0.198
-627.92 534.321 -16.6629 -110.526 118.109 0.147
-627.927 534.318 -17.6628 -110.591 118.107 0.121
-627.933 534.315 -18.6628 -110.659 118.113 0.088
-627.94 534.312 -19.6628 -110.659 118.113 0.088
-627.947 534.308 -20.6628 -110.723 118.113 0.058
-627.954 534.305 -21.6627 -110.818 118.115 0.02
-627.96 534.302 -22.6627 -110.818 118.115 0.02
-627.967 534.298 -23.6627 -110.9 118.114 -0.014
-627.974 534.295 -24.6627 -110.963 118.11 -0.042
-627.98 534.292 -25.6626 -110.963 118.11 -0.042
-627.987 534.289 -26.6626 -111.101 118.108 -0.107
-627.994 534.285 -27.6626 -111.101 118.108 -0.107
-628 534.282 -28.6625 -111.185 118.11 -0.148
-628.007 534.279 -29.6625 -111.27 118.114 -0.188
-628.014 534.275 -30.6625 -111.335 118.117 -0.219
-628.02 534.272 -31.6625 -111.335 118.117 -0.219
-628.027 534.269 -32.6624 -111.421 118.113 -0.26
-628.034 534.266 -33.6624 -111.49 118.111 -0.296
-628.04 534.262 -34.6624 -111.552 118.11 -0.327
-628.047 534.259 -35.6623 -111.552 118.11 -0.327
-628.054 534.256 -36.6623 -111.625 118.113 -0.363
-628.06 534.253 -37.6623 -111.696 118.113 -0.397
-628.067 534.249 -38.6623 -111.769 118.112 -0.432
-628.074 534.246 -39.6622 -111.769 118.112 -0.432
-628.08 534.243 -40.6622 -111.842 118.11 -0.469
-628.087 534.239 -41.6622 -111.926 118.111 -0.512
-628.094 534.236 -42.6622 -111.992 118.112 -0.539
-628.1 534.233 -43.6621 -111.992 118.112 -0.539
-628.107 534.23 -44.6621 -112.063 118.112 -0.572
-628.114 534.226 -45.6621 -112.131 118.11 -0.603
-628.121 534.223 -46.662 -112.208 118.11 -0.64
-628.127 534.22 -47.662 -112.208 118.11 -0.64
-628.134 534.216 -48.662 -112.289 118.11 -0.675
-628.141 534.213 -49.662 -112.376 118.112 -0.715
-628.147 534.21 -50.6619 -112.447 118.112 -0.748
-628.154 534.207 -51.6619 -112.447 118.112 -0.748
-628.161 534.203 -52.6619 -112.505 118.114 -0.774
-628.167 534.2 -53.6619 -112.561 118.113 -0.796
-628.174 534.197 -54.6618 -112.616 118.116 -0.823
-628.181 534.193 -55.6618 -112.616 118.116 -0.823
