1
-541.305 274.246 296.122 -135.103 127.05 -11.3
-541.318 274.241 295.123 -135.103 127.05 -11.3
-541.331 274.235 294.124 -135.103 127.05 -11.3
-541.344 274.23 293.125 -135.103 127.05 -11.3
-541.357 274.225 292.126 -135.103 127.05 -11.3
-541.371 274.219 291.127 -135.103 127.05 -11.3
-541.384 274.214 290.128 -135.103 127.05 -11.3
-541.397 274.208 289.129 -135.103 127.05 -11.3
-541.41 274.203 288.131 -135.103 127.05 -11.3
-541.424 274.197 287.132 -135.103 127.05 -11.3
-541.437 274.192 286.133 -135.103 127.05 -11.3
-541.45 274.186 285.134 -135.103 127.05 -11.3
-541.463 274.181 284.135 -135.103 127.05 -11.3
-541.477 274.176 283.136 -135.103 127.05 -11.3
-541.49 274.17 282.137 -135.105 127.041 -11.27
-541.503 274.165 281.138 -135.108 127.038 -11.261
-541.516 274.159 280.139 -135.114 127.04 -11.265
-541.53 274.154 279.14 -135.112 127.038 -11.263
-541.543 274.148 278.141 -135.112 127.038 -11.263
-541.556 274.143 277.143 -135.11 127.038 -11.268
-541.569 274.137 276.144 -135.108 127.038 -11.273
-541.582 274.132 275.145 -135.105 127.036 -11.276
-541.596 274.127 274.146 -135.105 127.038 -11.28
-541.609 274.121 273.147 -135.105 127.037 -11.282
-541.622 274.116 272.148 -135.107 127.037 -11.285
-541.635 274.11 271.149 -135.107 127.037 -11.285
-541.649 274.105 270.15 -135.11 127.037 -11.286
-541.662 274.099 269.151 -135.11 127.038 -11.287
-541.675 274.094 268.152 -135.109 127.038 -11.286
-541.688 274.088 267.154 -135.106 127.037 -11.284
-541.702 274.083 266.155 -135.105 127.035 -11.283
-541.715 274.077 265.156 -135.105 127.033 -11.283
-541.728 274.072 264.157 -135.105 127.033 -11.283
-541.741 274.067 263.158 -135.107 127.033 -11.284
-541.754 274.061 262.159 -135.106 127.033 -11.283
-541.768 274.056 261.16 -135.105 127.034 -11.284
-541.781 274.05 260.161 -135.103 127.034 -11.284
-541.794 274.045 259.162 -135.102 127.034 -11.286
-541.807 274.039 258.163 -135.102 127.034 -11.286
-541.821 274.034 257.165 -135.104 127.037 -11.288
-541.834 274.028 256.166 -135.106 127.039 -11.29
-541.847 274.023 255.167 -135.107 127.039 -11.288
-541.86 274.018 254.168 -135.107 127.039 -11.288
-541.874 274.012 253.169 -135.107 127.039 -11.289
-541.887 274.007 252.17 -135.103 127.036 -11.285
-541.9 274.001 251.171 -135.098 127.034 -11.283
-541.913 273.996 250.172 -135.095 127.034 -11.283
-541.927 273.99 249.173 -135.098 127.036 -11.284
-541.94 273.985 248.174 -135.102 127.038 -11.288
-541.953 273.979 247.176 -135.102 127.038 -11.289
-541.966 273.974 246.177 -135.102 127.038 -11.289
-541.979 273.969 245.178 -135.099 127.038 -11.29
-541.993 273.963 244.179 -135.098 127.038 -11.289
-542.006 273.958 243.18 -135.099 127.039 -11.291
-542.019 273.952 242.181 -135.099 127.039 -11.291
-542.032 273.947 241.182 -135.101 127.04 -11.292
-542.046 273.941 240.183 -135.102 127.039 -11.293
-542.059 273.936 239.184 -135.102 127.039 -11.293
-542.072 273.93 238.185 -135.098 127.036 -11.287
-542.085 273.925 237.186 -135.097 127.037 -11.287
-542.099 273.92 236.188 -135.097 127.037 -11.287
-542.112 273.914 235.189 -135.097 127.037 -11.287
-542.125 273.909 234.19 -135.099 127.038 -11.288
-542.138 273.903 233.191 -135.102 127.04 -11.291
-542.151 273.898 232.192 -135.102 127.039 -11.289
-542.165 273.892 231.193 -135.1 127.038 -11.288
-542.178 273.887 230.194 -135.1 127.038 -11.288
-542.191 273.881 229.195 -135.099 127.038 -11.287
-542.204 273.876 228.196 -135.1 127.038 -11.281
-542.218 273.87 227.197 -135.1 127.038 -11.281
-542.231 273.865 226.199 -135.101 127.039 -11.281
-542.244 273.86 225.2 -135.099 127.038 -11.285
-542.257 273.854 224.201 -135.098 127.038 -11.282
-542.271 273.849 223.202 -135.097 127.038 -11.284
-542.284 273.843 222.203 -135.099 127.04 -11.287
-542.297 273.838 221.204 -135.099 127.04 -11.287
-542.31 273.832 220.205 -135.102 127.041 -11.287
-542.323 273.827 219.206 -135.105 127.041 -11.289
-542.337 273.821 218.207 -135.105 127.041 -11.289
-542.35 273.816 217.208 -135.104 127.041 -11.288
-542.363 273.811 216.21 -135.098 127.039 -11.287
-542.376 273.805 215.211 -135.094 127.038 -11.284
-542.39 273.8 214.212 -135.096 127.038 -11.279
-542.403 273.794 213.213 -135.097 127.039 -11.285
-542.416 273.789 212.214 -135.1 127.039 -11.288
-542.429 273.783 211.215 -135.098 127.039 -11.294
-542.443 273.778 210.216 -135.098 127.039 -11.294
-542.456 273.772 209.217 -135.097 127.039 -11.29
-542.469 273.767 208.218 -135.095 127.04 -11.292
-542.482 273.762 207.219 -135.096 127.042 -11.291
-542.496 273.756 206.221 -135.098 127.042 -11.292
-542.509 273.751 205.222 -135.098 127.042 -11.292
-542.522 273.745 204.223 -135.096 127.04 -11.294
-542.535 273.74 203.224 -135.097 127.04 -11.293
-542.548 273.734 202.225 -135.095 127.038 -11.288
-542.562 273.729 201.226 -135.095 127.038 -11.288
-542.575 273.723 200.227 -135.098 127.039 -11.284
-542.588 273.718 199.228 -135.1 127.041 -11.289
-542.601 273.713 198.229 -135.101 127.043 -11.291
-542.615 273.707 197.23 -135.101 127.043 -11.291
-542.628 273.702 196.231 -135.1 127.043 -11.289
-542.641 273.696 195.233 -135.1 127.045 -11.29
-542.654 273.691 194.234 -135.1 127.045 -11.29
-542.668 273.685 193.235 -135.1 127.045 -11.29
-542.681 273.68 192.236 -135.1 127.045 -11.29
-542.694 273.674 191.237 -135.1 127.045 -11.29
-542.707 273.669 190.238 -135.1 127.045 -11.29
-542.72 273.664 189.239 -135.1 127.045 -11.29
-542.734 273.658 188.24 -135.1 127.045 -11.29
-542.747 273.653 187.241 -135.1 127.045 -11.29
-542.76 273.647 186.242 -135.1 127.045 -11.29
-542.773 273.642 185.244 -135.1 127.045 -11.29
-542.787 273.636 184.245 -135.1 127.045 -11.29
-542.8 273.631 183.246 -135.1 127.045 -11.29
-542.813 273.625 182.247 -135.1 127.045 -11.29
-542.826 273.62 181.248 -135.1 127.045 -11.29
-542.84 273.614 180.249 -135.1 127.045 -11.29
-542.853 273.609 179.25 -135.1 127.045 -11.29
-542.866 273.604 178.251 -135.1 127.045 -11.29
-542.879 273.598 177.252 -135.1 127.045 -11.29
-542.893 273.593 176.253 -135.1 127.045 -11.29
-542.906 273.587 175.255 -135.1 127.045 -11.29
-542.919 273.582 174.256 -135.1 127.045 -11.29
2
-542.646 271.718 297.63 -135.101 127.049 -11.298
-542.656 271.716 296.631 -135.101 127.049 -11.298
-542.666 271.714 295.632 -135.101 127.049 -11.298
-542.677 271.712 294.633 -135.101 127.049 -11.298
-542.687 271.71 293.634 -135.101 127.049 -11.298
-542.697 271.708 292.635 -135.101 127.049 -11.298
-542.707 271.706 291.635 -135.101 127.049 -11.298
-542.718 271.703 290.636 -135.101 127.049 -11.298
-542.728 271.701 289.637 -135.101 127.049 -11.298
-542.738 271.699 288.638 -135.101 127.049 -11.298
-542.748 271.697 287.639 -135.101 127.049 -11.298
-542.758 271.695 286.64 -135.101 127.049 -11.298
-542.769 271.693 285.64 -135.101 127.049 -11.298
-542.779 271.691 284.641 -135.101 127.049 -11.298
-542.789 271.689 283.642 -135.101 127.049 -11.298
-542.799 271.687 282.643 -135.101 127.049 -11.298
-542.81 271.684 281.644 -135.101 127.049 -11.298
-542.82 271.682 280.645 -135.108 127.043 -11.272
-542.83 271.68 279.646 -135.112 127.04 -11.26
-542.84 271.678 278.646 -135.112 127.04 -11.26
-542.85 271.676 277.647 -135.116 127.041 -11.264
-542.861 271.674 276.648 -135.116 127.039 -11.262
-542.871 271.672 275.649 -135.116 127.039 -11.262
-542.881 271.67 274.65 -135.111 127.038 -11.267
-542.891 271.667 273.651 -135.108 127.037 -11.273
-542.902 271.665 272.652 -135.106 127.037 -11.276
-542.912 271.663 271.652 -135.106 127.038 -11.279
-542.922 271.661 270.653 -135.108 127.037 -11.282
-542.932 271.659 269.654 -135.108 127.037 -11.282
-542.942 271.657 268.655 -135.109 127.037 -11.285
-542.953 271.655 267.656 -135.11 127.038 -11.289
-542.963 271.653 266.657 -135.11 127.038 -11.287
-542.973 271.65 265.658 -135.109 127.037 -11.288
-542.983 271.648 264.658 -135.109 127.037 -11.288
-542.994 271.646 263.659 -135.107 127.035 -11.286
-543.004 271.644 262.66 -135.105 127.033 -11.284
-543.014 271.642 261.661 -135.105 127.034 -11.286
-543.024 271.64 260.662 -135.104 127.033 -11.285
-543.034 271.638 259.663 -135.104 127.034 -11.285
-543.045 271.636 258.664 -135.104 127.034 -11.287
-543.055 271.633 257.664 -135.104 127.034 -11.287
-543.065 271.631 256.665 -135.103 127.035 -11.288
-543.075 271.629 255.666 -135.103 127.036 -11.288
-543.086 271.627 254.667 -135.105 127.039 -11.291
-543.096 271.625 253.668 -135.107 127.039 -11.29
-543.106 271.623 252.669 -135.108 127.039 -11.29
-543.116 271.621 251.669 -135.108 127.039 -11.29
-543.126 271.619 250.67 -135.106 127.037 -11.286
-543.137 271.616 249.671 -135.099 127.035 -11.284
-543.147 271.614 248.672 -135.096 127.034 -11.282
-543.157 271.612 247.673 -135.096 127.034 -11.282
-543.167 271.61 246.674 -135.097 127.035 -11.284
-543.178 271.608 245.675 -135.101 127.038 -11.286
-543.188 271.606 244.675 -135.103 127.038 -11.286
-543.198 271.604 243.676 -135.103 127.038 -11.286
-543.208 271.602 242.677 -135.1 127.038 -11.288
-543.219 271.599 241.678 -135.098 127.037 -11.289
-543.229 271.597 240.679 -135.098 127.038 -11.289
-543.239 271.595 239.68 -135.099 127.039 -11.29
-543.249 271.593 238.681 -135.101 127.039 -11.29
-543.259 271.591 237.681 -135.101 127.039 -11.29
-543.27 271.589 236.682 -135.101 127.039 -11.291
-543.28 271.587 235.683 -135.097 127.036 -11.285
-543.29 271.585 234.684 -135.095 127.035 -11.285
-543.3 271.582 233.685 -135.097 127.037 -11.288
-543.311 271.58 232.686 -135.099 127.038 -11.288
-543.321 271.578 231.687 -135.099 127.038 -11.288
-543.331 271.576 230.687 -135.104 127.041 -11.292
-543.341 271.574 229.688 -135.101 127.039 -11.29
-543.351 271.572 228.689 -135.101 127.039 -11.29
-543.362 271.57 227.69 -135.098 127.037 -11.289
-543.372 271.568 226.691 -135.099 127.039 -11.288
-543.382 271.566 225.692 -135.101 127.039 -11.284
-543.392 271.563 224.692 -135.101 127.039 -11.284
-543.403 271.561 223.693 -135.101 127.039 -11.284
-543.413 271.559 222.694 -135.099 127.038 -11.286
-543.423 271.557 221.695 -135.096 127.037 -11.284
-543.433 271.555 220.696 -135.096 127.037 -11.284
-543.443 271.553 219.697 -135.099 127.039 -11.288
-543.454 271.551 218.698 -135.101 127.041 -11.289
-543.464 271.549 217.698 -135.101 127.041 -11.289
-543.474 271.546 216.699 -135.105 127.041 -11.289
-543.484 271.544 215.7 -135.104 127.041 -11.29
-543.495 271.542 214.701 -135.098 127.039 -11.286
-543.505 271.54 213.702 -135.098 127.039 -11.286
-543.515 271.538 212.703 -135.095 127.038 -11.282
-543.525 271.536 211.704 -135.096 127.039 -11.28
-543.535 271.534 210.704 -135.098 127.039 -11.285
-543.546 271.532 209.705 -135.099 127.039 -11.291
-543.556 271.529 208.706 -135.099 127.039 -11.291
-543.566 271.527 207.707 -135.098 127.039 -11.289
-543.576 271.525 206.708 -135.098 127.039 -11.289
-543.587 271.523 205.709 -135.096 127.039 -11.29
-543.597 271.521 204.71 -135.099 127.042 -11.291
-543.607 271.519 203.71 -135.099 127.042 -11.291
-543.617 271.517 202.711 -135.099 127.042 -11.292
-543.627 271.515 201.712 -135.098 127.04 -11.292
-543.638 271.512 200.713 -135.096 127.039 -11.292
-543.648 271.51 199.714 -135.096 127.038 -11.286
-543.658 271.508 198.715 -135.096 127.038 -11.286
-543.668 271.506 197.716 -135.097 127.039 -11.286
-543.679 271.504 196.716 -135.1 127.042 -11.29
-543.689 271.502 195.717 -135.102 127.042 -11.291
-543.699 271.5 194.718 -135.101 127.043 -11.291
-543.709 271.498 193.719 -135.099 127.045 -11.291
-543.719 271.495 192.72 -135.099 127.045 -11.291
-543.73 271.493 191.721 -135.099 127.045 -11.291
-543.74 271.491 190.721 -135.099 127.045 -11.291
-543.75 271.489 189.722 -135.099 127.045 -11.291
-543.76 271.487 188.723 -135.099 127.045 -11.291
-543.771 271.485 187.724 -135.099 127.045 -11.291
-543.781 271.483 186.725 -135.099 127.045 -11.291
-543.791 271.481 185.726 -135.099 127.045 -11.291
-543.801 271.478 184.727 -135.099 127.045 -11.291
-543.811 271.476 183.727 -135.099 127.045 -11.291
-543.822 271.474 182.728 -135.099 127.045 -11.291
-543.832 271.472 181.729 -135.099 127.045 -11.291
-543.842 271.47 180.73 -135.099 127.045 -11.291
-543.852 271.468 179.731 -135.099 127.045 -11.291
-543.863 271.466 178.732 -135.099 127.045 -11.291
-543.873 271.464 177.733 -135.099 127.045 -11.291
-543.883 271.461 176.733 -135.099 127.045 -11.291
-543.893 271.459 175.734 -135.099 127.045 -11.291
3
-543.69 271.428 294.058 -135.1 127.047 -11.298
-543.699 271.429 293.055 -135.1 127.047 -11.298
-543.708 271.431 292.053 -135.1 127.047 -11.298
-543.718 271.432 291.051 -135.1 127.047 -11.298
-543.727 271.433 290.048 -135.1 127.047 -11.298
-543.737 271.434 289.046 -135.1 127.047 -11.298
-543.746 271.436 288.044 -135.1 127.047 -11.298
-543.755 271.437 287.041 -135.1 127.047 -11.298
-543.765 271.438 286.039 -135.1 127.047 -11.298
-543.774 271.439 285.037 -135.1 127.047 -11.298
-543.784 271.441 284.034 -135.1 127.047 -11.298
-543.793 271.442 283.032 -135.1 127.047 -11.298
-543.802 271.443 282.03 -135.1 127.047 -11.298
-543.812 271.444 281.027 -135.1 127.047 -11.298
-543.821 271.445 280.025 -135.108 127.043 -11.271
-543.831 271.447 279.023 -135.112 127.04 -11.26
-543.84 271.448 278.02 -135.115 127.04 -11.262
-543.85 271.449 277.018 -135.114 127.04 -11.26
-543.859 271.45 276.016 -135.114 127.04 -11.266
-543.868 271.452 275.013 -135.112 127.039 -11.272
-543.878 271.453 274.011 -135.112 127.039 -11.272
-543.887 271.454 273.008 -135.109 127.038 -11.277
-543.897 271.455 272.006 -135.107 127.038 -11.28
-543.906 271.457 271.004 -135.105 127.039 -11.283
-543.915 271.458 270.001 -135.106 127.04 -11.285
-543.925 271.459 268.999 -135.106 127.04 -11.285
-543.934 271.46 267.997 -135.109 127.04 -11.29
-543.944 271.462 266.994 -135.108 127.038 -11.29
-543.953 271.463 265.992 -135.109 127.037 -11.29
-543.962 271.464 264.99 -135.107 127.036 -11.288
-543.972 271.465 263.987 -135.107 127.036 -11.288
-543.981 271.466 262.985 -135.104 127.036 -11.285
-543.991 271.468 261.983 -135.103 127.037 -11.286
-544 271.469 260.98 -135.104 127.035 -11.285
-544.009 271.47 259.978 -135.104 127.035 -11.285
-544.019 271.471 258.976 -135.106 127.035 -11.289
-544.028 271.473 257.973 -135.105 127.034 -11.289
-544.038 271.474 256.971 -135.104 127.035 -11.289
-544.047 271.475 255.968 -135.104 127.038 -11.29
-544.057 271.476 254.966 -135.104 127.038 -11.29
-544.066 271.478 253.964 -135.103 127.039 -11.29
-544.075 271.479 252.961 -135.104 127.038 -11.289
-544.085 271.48 251.959 -135.103 127.036 -11.289
-544.094 271.481 250.957 -135.103 127.036 -11.289
-544.104 271.483 249.954 -135.1 127.035 -11.286
-544.113 271.484 248.952 -135.099 127.035 -11.285
-544.122 271.485 247.95 -135.1 127.037 -11.287
-544.132 271.486 246.947 -135.1 127.037 -11.287
-544.141 271.487 245.945 -135.101 127.038 -11.288
-544.151 271.489 244.943 -135.1 127.038 -11.288
-544.16 271.49 243.94 -135.098 127.037 -11.289
-544.169 271.491 242.938 -135.098 127.037 -11.289
-544.179 271.492 241.936 -135.099 127.038 -11.289
-544.188 271.494 240.933 -135.101 127.039 -11.291
-544.198 271.495 239.931 -135.1 127.038 -11.292
-544.207 271.496 238.928 -135.099 127.037 -11.291
-544.216 271.497 237.926 -135.099 127.038 -11.29
-544.226 271.499 236.924 -135.099 127.038 -11.29
-544.235 271.5 235.921 -135.097 127.038 -11.287
-544.245 271.501 234.919 -135.098 127.037 -11.287
-544.254 271.502 233.917 -135.099 127.037 -11.288
-544.263 271.504 232.914 -135.1 127.038 -11.29
-544.273 271.505 231.912 -135.1 127.039 -11.291
-544.282 271.506 230.91 -135.1 127.039 -11.291
-544.292 271.507 229.907 -135.101 127.04 -11.291
-544.301 271.508 228.905 -135.1 127.039 -11.289
-544.311 271.51 227.903 -135.098 127.037 -11.288
-544.32 271.511 226.9 -135.099 127.039 -11.289
-544.329 271.512 225.898 -135.099 127.039 -11.286
-544.339 271.513 224.896 -135.099 127.039 -11.286
-544.348 271.515 223.893 -135.101 127.04 -11.287
-544.358 271.516 222.891 -135.099 127.039 -11.288
-544.367 271.517 221.888 -135.098 127.038 -11.287
-544.376 271.518 220.886 -135.098 127.038 -11.287
-544.386 271.52 219.884 -135.1 127.041 -11.29
-544.395 271.521 218.881 -135.102 127.042 -11.29
-544.405 271.522 217.879 -135.101 127.04 -11.289
-544.414 271.523 216.877 -135.101 127.04 -11.287
-544.423 271.524 215.874 -135.101 127.04 -11.287
-544.433 271.526 214.872 -135.096 127.039 -11.285
-544.442 271.527 213.87 -135.096 127.039 -11.286
-544.452 271.528 212.867 -135.099 127.04 -11.286
-544.461 271.529 211.865 -135.1 127.04 -11.286
-544.47 271.531 210.863 -135.1 127.04 -11.286
-544.48 271.532 209.86 -135.1 127.04 -11.289
-544.489 271.533 208.858 -135.096 127.039 -11.29
-544.499 271.534 207.856 -135.096 127.038 -11.287
-544.508 271.536 206.853 -135.097 127.04 -11.29
-544.518 271.537 205.851 -135.097 127.04 -11.29
-544.527 271.538 204.849 -135.098 127.041 -11.291
-544.536 271.539 203.846 -135.097 127.041 -11.293
-544.546 271.541 202.844 -135.097 127.04 -11.293
-544.555 271.542 201.841 -135.098 127.04 -11.294
-544.565 271.543 200.839 -135.098 127.04 -11.294
-544.574 271.544 199.837 -135.097 127.039 -11.29
-544.583 271.545 198.834 -135.099 127.039 -11.287
-544.593 271.547 197.832 -135.099 127.039 -11.287
-544.602 271.548 196.83 -135.099 127.04 -11.288
-544.612 271.549 195.827 -135.099 127.041 -11.289
-544.621 271.55 194.825 -135.099 127.042 -11.289
-544.63 271.552 193.823 -135.099 127.042 -11.289
-544.64 271.553 192.82 -135.099 127.042 -11.29
-544.649 271.554 191.818 -135.099 127.042 -11.29
-544.659 271.555 190.816 -135.099 127.042 -11.29
-544.668 271.557 189.813 -135.099 127.042 -11.29
-544.677 271.558 188.811 -135.099 127.042 -11.29
-544.687 271.559 187.809 -135.099 127.042 -11.29
-544.696 271.56 186.806 -135.099 127.042 -11.29
-544.706 271.562 185.804 -135.099 127.042 -11.29
-544.715 271.563 184.801 -135.099 127.042 -11.29
-544.725 271.564 183.799 -135.099 127.042 -11.29
-544.734 271.565 182.797 -135.099 127.042 -11.29
-544.743 271.566 181.794 -135.099 127.042 -11.29
-544.753 271.568 180.792 -135.099 127.042 -11.29
-544.762 271.569 179.79 -135.099 127.042 -11.29
-544.772 271.57 178.787 -135.099 127.042 -11.29
-544.781 271.571 177.785 -135.099 127.042 -11.29
-544.79 271.573 176.783 -135.099 127.042 -11.29
-544.8 271.574 175.78 -135.099 127.042 -11.29
-544.809 271.575 174.778 -135.099 127.042 -11.29
-544.819 271.576 173.776 -135.099 127.042 -11.29
-544.828 271.578 172.773 -135.099 127.042 -11.29
-544.837 271.579 171.771 -135.099 127.042 -11.29
4
-539.692 271.801 297.265 -135.1 127.047 -11.297
-539.696 271.796 296.264 -135.1 127.047 -11.297
-539.7 271.79 295.263 -135.1 127.047 -11.297
-539.705 271.784 294.262 -135.1 127.047 -11.297
-539.709 271.779 293.261 -135.1 127.047 -11.297
-539.713 271.773 292.26 -135.1 127.047 -11.297
-539.717 271.767 291.259 -135.1 127.047 -11.297
-539.722 271.762 290.258 -135.1 127.047 -11.297
-539.726 271.756 289.257 -135.1 127.047 -11.297
-539.73 271.75 288.256 -135.1 127.047 -11.297
-539.735 271.745 287.255 -135.1 127.047 -11.297
-539.739 271.739 286.254 -135.1 127.047 -11.297
-539.743 271.733 285.253 -135.1 127.047 -11.297
-539.747 271.727 284.252 -135.1 127.047 -11.297
-539.752 271.722 283.251 -135.1 127.047 -11.297
-539.756 271.716 282.25 -135.1 127.047 -11.297
-539.76 271.71 281.25 -135.106 127.044 -11.279
-539.764 271.705 280.249 -135.11 127.041 -11.27
-539.769 271.699 279.248 -135.115 127.043 -11.273
-539.773 271.693 278.247 -135.115 127.043 -11.273
-539.777 271.688 277.246 -135.111 127.042 -11.271
-539.782 271.682 276.245 -135.111 127.039 -11.277
-539.786 271.676 275.244 -135.109 127.038 -11.281
-539.79 271.671 274.243 -135.108 127.039 -11.284
-539.794 271.665 273.242 -135.108 127.039 -11.284
-539.799 271.659 272.241 -135.106 127.039 -11.286
-539.803 271.654 271.24 -135.105 127.038 -11.285
-539.807 271.648 270.239 -135.106 127.039 -11.288
-539.812 271.642 269.238 -135.106 127.039 -11.288
-539.816 271.637 268.237 -135.108 127.039 -11.291
-539.82 271.631 267.236 -135.108 127.036 -11.29
-539.824 271.625 266.235 -135.108 127.036 -11.289
-539.829 271.62 265.234 -135.106 127.035 -11.286
-539.833 271.614 264.234 -135.103 127.035 -11.285
-539.837 271.608 263.233 -135.103 127.037 -11.286
-539.842 271.603 262.232 -135.103 127.037 -11.286
-539.846 271.597 261.231 -135.105 127.036 -11.287
-539.85 271.591 260.23 -135.107 127.035 -11.29
-539.854 271.586 259.229 -135.105 127.035 -11.29
-539.859 271.58 258.228 -135.102 127.035 -11.29
-539.863 271.574 257.227 -135.103 127.037 -11.291
-539.867 271.569 256.226 -135.103 127.037 -11.291
-539.871 271.563 255.225 -135.104 127.039 -11.291
-539.876 271.557 254.224 -135.105 127.039 -11.29
-539.88 271.552 253.223 -135.105 127.037 -11.289
-539.884 271.546 252.222 -135.105 127.037 -11.289
-539.889 271.54 251.221 -135.101 127.036 -11.286
-539.893 271.535 250.22 -135.1 127.035 -11.284
-539.897 271.529 249.219 -135.101 127.036 -11.287
-539.901 271.523 248.218 -135.101 127.037 -11.288
-539.906 271.518 247.217 -135.101 127.037 -11.288
-539.91 271.512 246.217 -135.1 127.037 -11.29
-539.914 271.506 245.216 -135.099 127.038 -11.288
-539.919 271.501 244.215 -135.1 127.038 -11.29
-539.923 271.495 243.214 -135.101 127.038 -11.291
-539.927 271.489 242.213 -135.101 127.039 -11.292
-539.931 271.484 241.212 -135.101 127.039 -11.292
-539.936 271.478 240.211 -135.101 127.039 -11.292
-539.94 271.472 239.21 -135.098 127.039 -11.29
-539.944 271.467 238.209 -135.099 127.039 -11.288
-539.949 271.461 237.208 -135.099 127.039 -11.288
-539.953 271.455 236.207 -135.097 127.038 -11.285
-539.957 271.45 235.206 -135.097 127.037 -11.286
-539.961 271.444 234.205 -135.097 127.038 -11.29
-539.966 271.438 233.204 -135.099 127.039 -11.289
-539.97 271.433 232.203 -135.101 127.04 -11.292
-539.974 271.427 231.202 -135.101 127.04 -11.292
-539.978 271.421 230.201 -135.099 127.039 -11.288
-539.983 271.416 229.2 -135.098 127.038 -11.288
-539.987 271.41 228.2 -135.098 127.038 -11.29
-539.991 271.404 227.199 -135.098 127.038 -11.29
-539.996 271.399 226.198 -135.099 127.039 -11.286
-540 271.393 225.197 -135.1 127.04 -11.287
-540.004 271.387 224.196 -135.1 127.039 -11.287
-540.008 271.382 223.195 -135.098 127.038 -11.286
-540.013 271.376 222.194 -135.098 127.038 -11.286
-540.017 271.37 221.193 -135.1 127.04 -11.288
-540.021 271.365 220.192 -135.101 127.041 -11.289
-540.026 271.359 219.191 -135.101 127.041 -11.289
-540.03 271.353 218.19 -135.1 127.04 -11.287
-540.034 271.348 217.189 -135.1 127.04 -11.287
-540.038 271.342 216.188 -135.098 127.039 -11.286
-540.043 271.336 215.187 -135.098 127.039 -11.286
-540.047 271.331 214.186 -135.097 127.039 -11.287
-540.051 271.325 213.185 -135.099 127.039 -11.284
-540.055 271.319 212.184 -135.1 127.04 -11.285
-540.06 271.314 211.184 -135.099 127.039 -11.288
-540.064 271.308 210.183 -135.097 127.04 -11.291
-540.068 271.302 209.182 -135.097 127.04 -11.291
-540.073 271.297 208.181 -135.096 127.038 -11.288
-540.077 271.291 207.18 -135.097 127.039 -11.29
-540.081 271.285 206.179 -135.098 127.041 -11.292
-540.085 271.28 205.178 -135.097 127.041 -11.292
-540.09 271.274 204.177 -135.097 127.041 -11.292
-540.094 271.268 203.176 -135.097 127.04 -11.294
-540.098 271.263 202.175 -135.098 127.04 -11.293
-540.103 271.257 201.174 -135.097 127.039 -11.289
-540.107 271.251 200.173 -135.097 127.039 -11.289
-540.111 271.246 199.172 -135.099 127.039 -11.286
-540.115 271.24 198.171 -135.099 127.04 -11.288
-540.12 271.234 197.17 -135.098 127.04 -11.289
-540.124 271.229 196.169 -135.099 127.041 -11.29
-540.128 271.223 195.168 -135.099 127.041 -11.29
-540.133 271.217 194.167 -135.099 127.042 -11.29
-540.137 271.212 193.167 -135.099 127.042 -11.29
-540.141 271.206 192.166 -135.099 127.042 -11.29
-540.145 271.2 191.165 -135.099 127.042 -11.29
-540.15 271.195 190.164 -135.099 127.042 -11.29
-540.154 271.189 189.163 -135.099 127.042 -11.29
-540.158 271.183 188.162 -135.099 127.042 -11.29
-540.162 271.178 187.161 -135.099 127.042 -11.29
-540.167 271.172 186.16 -135.099 127.042 -11.29
-540.171 271.166 185.159 -135.099 127.042 -11.29
-540.175 271.161 184.158 -135.099 127.042 -11.29
-540.18 271.155 183.157 -135.099 127.042 -11.29
-540.184 271.149 182.156 -135.099 127.042 -11.29
-540.188 271.144 181.155 -135.099 127.042 -11.29
-540.192 271.138 180.154 -135.099 127.042 -11.29
-540.197 271.132 179.153 -135.099 127.042 -11.29
-540.201 271.127 178.152 -135.099 127.042 -11.29
-540.205 271.121 177.151 -135.099 127.042 -11.29
-540.21 271.115 176.15 -135.099 127.042 -11.29
5
-544.882 272.159 295.528 -135.103 127.046 -11.298
-544.89 272.151 294.531 -135.103 127.046 -11.298
-544.898 272.143 293.533 -135.103 127.046 -11.298
-544.905 272.135 292.535 -135.103 127.046 -11.298
-544.913 272.127 291.537 -135.103 127.046 -11.298
-544.921 272.119 290.539 -135.103 127.046 -11.298
-544.929 272.111 289.542 -135.103 127.046 -11.298
-544.936 272.103 288.544 -135.103 127.046 -11.298
-544.944 272.094 287.546 -135.103 127.046 -11.298
-544.952 272.086 286.548 -135.103 127.046 -11.298
-544.959 272.078 285.55 -135.103 127.046 -11.298
-544.967 272.07 284.552 -135.103 127.046 -11.298
-544.975 272.062 283.555 -135.103 127.046 -11.298
-544.983 272.054 282.557 -135.103 127.046 -11.298
-544.99 272.046 281.559 -135.103 127.046 -11.298
-544.998 272.038 280.561 -135.103 127.046 -11.298
-545.006 272.03 279.563 -135.106 127.042 -11.279
-545.014 272.022 278.566 -135.112 127.043 -11.273
-545.021 272.014 277.568 -135.113 127.045 -11.277
-545.029 272.006 276.57 -135.108 127.042 -11.275
-545.037 271.998 275.572 -135.106 127.041 -11.28
-545.044 271.99 274.574 -135.104 127.04 -11.285
-545.052 271.982 273.577 -135.104 127.04 -11.285
-545.06 271.974 272.579 -135.102 127.038 -11.285
-545.068 271.966 271.581 -135.099 127.039 -11.292
-545.075 271.958 270.583 -135.098 127.037 -11.291
-545.083 271.95 269.585 -135.099 127.037 -11.291
-545.091 271.941 268.588 -135.102 127.039 -11.293
-545.098 271.933 267.59 -135.102 127.039 -11.293
-545.106 271.925 266.592 -135.108 127.04 -11.294
-545.114 271.917 265.594 -135.11 127.039 -11.294
-545.122 271.909 264.596 -135.109 127.038 -11.29
-545.129 271.901 263.598 -135.109 127.038 -11.29
-545.137 271.893 262.601 -135.107 127.037 -11.285
-545.145 271.885 261.603 -135.105 127.037 -11.284
-545.152 271.877 260.605 -135.104 127.037 -11.283
-545.16 271.869 259.607 -135.105 127.033 -11.282
-545.168 271.861 258.609 -135.104 127.032 -11.281
-545.176 271.853 257.612 -135.104 127.032 -11.281
-545.183 271.845 256.614 -135.104 127.033 -11.282
-545.191 271.837 255.616 -135.106 127.036 -11.284
-545.199 271.829 254.618 -135.11 127.04 -11.286
-545.206 271.821 253.62 -135.111 127.041 -11.286
-545.214 271.813 252.623 -135.111 127.041 -11.286
-545.222 271.805 251.625 -135.111 127.041 -11.286
-545.23 271.796 250.627 -135.108 127.038 -11.284
-545.237 271.788 249.629 -135.104 127.035 -11.281
-545.245 271.78 248.631 -135.1 127.035 -11.28
-545.253 271.772 247.633 -135.099 127.035 -11.282
-545.261 271.764 246.636 -135.099 127.035 -11.282
-545.268 271.756 245.638 -135.099 127.035 -11.284
-545.276 271.748 244.64 -135.099 127.036 -11.287
-545.284 271.74 243.642 -135.097 127.037 -11.29
-545.291 271.732 242.644 -135.097 127.037 -11.29
-545.299 271.724 241.647 -135.099 127.039 -11.294
-545.307 271.716 240.649 -135.102 127.042 -11.298
-545.315 271.708 239.651 -135.103 127.042 -11.298
-545.322 271.7 238.653 -135.1 127.041 -11.299
-545.33 271.692 237.655 -135.096 127.039 -11.297
-545.338 271.684 236.658 -135.096 127.039 -11.297
-545.345 271.676 235.66 -135.093 127.037 -11.292
-545.353 271.668 234.662 -135.094 127.036 -11.291
-545.361 271.66 233.664 -135.094 127.036 -11.291
-545.369 271.652 232.666 -135.093 127.036 -11.292
-545.376 271.643 231.669 -135.096 127.037 -11.292
-545.384 271.635 230.671 -135.1 127.04 -11.295
-545.392 271.627 229.673 -135.102 127.042 -11.294
-545.399 271.619 228.675 -135.103 127.041 -11.291
-545.407 271.611 227.677 -135.103 127.041 -11.291
-545.415 271.603 226.679 -135.101 127.041 -11.29
-545.423 271.595 225.682 -135.101 127.04 -11.284
-545.43 271.587 224.684 -135.101 127.04 -11.28
-545.438 271.579 223.686 -135.101 127.04 -11.28
-545.446 271.571 222.688 -135.101 127.038 -11.28
-545.453 271.563 221.69 -135.097 127.036 -11.28
-545.461 271.555 220.693 -135.097 127.036 -11.279
-545.469 271.547 219.695 -135.1 127.039 -11.281
-545.477 271.539 218.697 -135.103 127.041 -11.283
-545.484 271.531 217.699 -135.106 127.042 -11.282
-545.492 271.523 216.701 -135.106 127.042 -11.282
-545.5 271.515 215.704 -135.106 127.042 -11.283
-545.508 271.507 214.706 -135.102 127.042 -11.282
-545.515 271.498 213.708 -135.098 127.04 -11.282
-545.523 271.49 212.71 -135.1 127.04 -11.278
-545.531 271.482 211.712 -135.098 127.039 -11.279
-545.538 271.474 210.714 -135.098 127.039 -11.279
-545.546 271.466 209.717 -135.097 127.038 -11.283
-545.554 271.458 208.719 -135.095 127.038 -11.289
-545.562 271.45 207.721 -135.093 127.038 -11.291
-545.569 271.442 206.723 -135.093 127.04 -11.291
-545.577 271.434 205.725 -135.093 127.04 -11.291
-545.585 271.426 204.728 -135.097 127.043 -11.296
-545.592 271.418 203.73 -135.099 127.045 -11.299
-545.6 271.41 202.732 -135.097 127.044 -11.301
-545.608 271.402 201.734 -135.094 127.042 -11.301
-545.616 271.394 200.736 -135.094 127.041 -11.299
-545.623 271.386 199.739 -135.094 127.041 -11.299
-545.631 271.378 198.741 -135.093 127.038 -11.292
-545.639 271.37 197.743 -135.094 127.038 -11.289
-545.646 271.362 196.745 -135.094 127.038 -11.29
-545.654 271.354 195.747 -135.094 127.04 -11.293
-545.662 271.345 194.75 -135.097 127.042 -11.292
-545.67 271.337 193.752 -135.1 127.044 -11.292
-545.677 271.329 192.754 -135.101 127.045 -11.291
-545.685 271.321 191.756 -135.101 127.045 -11.291
-545.693 271.313 190.758 -135.101 127.045 -11.291
-545.7 271.305 189.76 -135.101 127.045 -11.291
-545.708 271.297 188.763 -135.101 127.045 -11.291
-545.716 271.289 187.765 -135.101 127.045 -11.291
-545.724 271.281 186.767 -135.101 127.045 -11.291
-545.731 271.273 185.769 -135.101 127.045 -11.291
-545.739 271.265 184.771 -135.101 127.045 -11.291
-545.747 271.257 183.774 -135.101 127.045 -11.291
-545.755 271.249 182.776 -135.101 127.045 -11.291
-545.762 271.241 181.778 -135.101 127.045 -11.291
-545.77 271.233 180.78 -135.101 127.045 -11.291
-545.778 271.225 179.782 -135.101 127.045 -11.291
-545.785 271.217 178.785 -135.101 127.045 -11.291
-545.793 271.209 177.787 -135.101 127.045 -11.291
-545.801 271.2 176.789 -135.101 127.045 -11.291
-545.809 271.192 175.791 -135.101 127.045 -11.291
6
-541.869 277.192 298.565 -135.103 127.046 -11.297
-541.872 277.178 297.565 -135.103 127.046 -11.297
-541.875 277.164 296.565 -135.103 127.046 -11.297
-541.877 277.15 295.565 -135.103 127.046 -11.297
-541.88 277.137 294.564 -135.103 127.046 -11.297
-541.882 277.123 293.564 -135.103 127.046 -11.297
-541.885 277.109 292.564 -135.103 127.046 -11.297
-541.887 277.095 291.564 -135.103 127.046 -11.297
-541.89 277.081 290.564 -135.103 127.046 -11.297
-541.893 277.068 289.563 -135.103 127.046 -11.297
-541.895 277.054 288.563 -135.103 127.046 -11.297
-541.898 277.04 287.563 -135.103 127.046 -11.297
-541.9 277.026 286.563 -135.103 127.046 -11.297
-541.903 277.012 285.563 -135.103 127.046 -11.297
-541.905 276.999 284.562 -135.105 127.041 -11.277
-541.908 276.985 283.562 -135.111 127.042 -11.272
-541.911 276.971 282.562 -135.113 127.044 -11.276
-541.913 276.957 281.562 -135.109 127.043 -11.275
-541.916 276.943 280.562 -135.106 127.041 -11.28
-541.918 276.93 279.561 -135.106 127.041 -11.28
-541.921 276.916 278.561 -135.102 127.039 -11.284
-541.923 276.902 277.561 -135.099 127.038 -11.288
-541.926 276.888 276.561 -135.098 127.038 -11.289
-541.929 276.874 275.561 -135.099 127.037 -11.29
-541.931 276.861 274.56 -135.099 127.037 -11.289
-541.934 276.847 273.56 -135.104 127.039 -11.292
-541.936 276.833 272.56 -135.104 127.039 -11.292
-541.939 276.819 271.56 -135.108 127.04 -11.293
-541.941 276.805 270.56 -135.111 127.039 -11.292
-541.944 276.792 269.56 -135.11 127.039 -11.29
-541.946 276.778 268.559 -135.11 127.039 -11.29
-541.949 276.764 267.559 -135.107 127.037 -11.285
-541.952 276.75 266.559 -135.105 127.036 -11.284
-541.954 276.736 265.559 -135.103 127.036 -11.282
-541.957 276.723 264.559 -135.104 127.033 -11.281
-541.959 276.709 263.558 -135.104 127.033 -11.281
-541.962 276.695 262.558 -135.103 127.032 -11.282
-541.964 276.681 261.558 -135.103 127.032 -11.282
-541.967 276.667 260.558 -135.105 127.036 -11.284
-541.97 276.653 259.558 -135.109 127.04 -11.287
-541.972 276.64 258.557 -135.109 127.04 -11.287
-541.975 276.626 257.557 -135.112 127.042 -11.287
-541.977 276.612 256.557 -135.111 127.041 -11.287
-541.98 276.598 255.557 -135.107 127.038 -11.283
-541.982 276.584 254.557 -135.102 127.035 -11.281
-541.985 276.571 253.556 -135.1 127.035 -11.282
-541.988 276.557 252.556 -135.099 127.034 -11.283
-541.99 276.543 251.556 -135.099 127.034 -11.283
-541.993 276.529 250.556 -135.098 127.035 -11.285
-541.995 276.515 249.556 -135.097 127.036 -11.288
-541.998 276.502 248.555 -135.097 127.036 -11.288
-542 276.488 247.555 -135.097 127.038 -11.29
-542.003 276.474 246.555 -135.099 127.04 -11.295
-542.006 276.46 245.555 -135.102 127.042 -11.299
-542.008 276.446 244.555 -135.102 127.042 -11.3
-542.011 276.433 243.554 -135.1 127.041 -11.299
-542.013 276.419 242.554 -135.097 127.04 -11.298
-542.016 276.405 241.554 -135.094 127.037 -11.294
-542.018 276.391 240.554 -135.094 127.037 -11.294
-542.021 276.377 239.554 -135.091 127.035 -11.291
-542.023 276.364 238.553 -135.092 127.036 -11.293
-542.026 276.35 237.553 -135.093 127.036 -11.293
-542.029 276.336 236.553 -135.097 127.038 -11.293
-542.031 276.322 235.553 -135.101 127.04 -11.296
-542.034 276.308 234.553 -135.101 127.04 -11.296
-542.036 276.295 233.552 -135.102 127.041 -11.293
-542.039 276.281 232.552 -135.101 127.041 -11.29
-542.041 276.267 231.552 -135.1 127.041 -11.29
-542.044 276.253 230.552 -135.101 127.039 -11.281
-542.047 276.239 229.552 -135.101 127.039 -11.281
-542.049 276.226 228.551 -135.1 127.038 -11.28
-542.052 276.212 227.551 -135.097 127.036 -11.279
-542.054 276.198 226.551 -135.097 127.036 -11.278
-542.057 276.184 225.551 -135.097 127.036 -11.278
-542.059 276.17 224.551 -135.1 127.039 -11.28
-542.062 276.156 223.55 -135.104 127.042 -11.283
-542.065 276.143 222.55 -135.104 127.042 -11.283
-542.067 276.129 221.55 -135.106 127.043 -11.283
-542.07 276.115 220.55 -135.104 127.042 -11.283
-542.072 276.101 219.55 -135.101 127.042 -11.282
-542.075 276.087 218.549 -135.101 127.042 -11.282
-542.077 276.074 217.549 -135.099 127.04 -11.282
-542.08 276.06 216.549 -135.099 127.039 -11.277
-542.083 276.046 215.549 -135.096 127.038 -11.283
-542.085 276.032 214.549 -135.096 127.038 -11.283
-542.088 276.018 213.548 -135.094 127.038 -11.287
-542.09 276.005 212.548 -135.092 127.038 -11.29
-542.093 275.991 211.548 -135.093 127.039 -11.289
-542.095 275.977 210.548 -135.096 127.042 -11.294
-542.098 275.963 209.548 -135.099 127.044 -11.299
-542.1 275.949 208.547 -135.099 127.044 -11.299
-542.103 275.936 207.547 -135.097 127.044 -11.3
-542.106 275.922 206.547 -135.095 127.042 -11.301
-542.108 275.908 205.547 -135.096 127.042 -11.301
-542.111 275.894 204.547 -135.094 127.04 -11.298
-542.113 275.88 203.547 -135.093 127.038 -11.289
-542.116 275.867 202.546 -135.093 127.038 -11.29
-542.118 275.853 201.546 -135.095 127.04 -11.292
-542.121 275.839 200.546 -135.095 127.04 -11.292
-542.124 275.825 199.546 -135.096 127.041 -11.293
-542.126 275.811 198.546 -135.101 127.045 -11.292
-542.129 275.798 197.545 -135.101 127.046 -11.292
-542.131 275.784 196.545 -135.101 127.046 -11.292
-542.134 275.77 195.545 -135.101 127.046 -11.292
-542.136 275.756 194.545 -135.101 127.046 -11.292
-542.139 275.742 193.545 -135.101 127.046 -11.292
-542.142 275.729 192.544 -135.101 127.046 -11.292
-542.144 275.715 191.544 -135.101 127.046 -11.292
-542.147 275.701 190.544 -135.101 127.046 -11.292
-542.149 275.687 189.544 -135.101 127.046 -11.292
-542.152 275.673 188.544 -135.101 127.046 -11.292
-542.154 275.66 187.543 -135.101 127.046 -11.292
-542.157 275.646 186.543 -135.101 127.046 -11.292
-542.16 275.632 185.543 -135.101 127.046 -11.292
-542.162 275.618 184.543 -135.101 127.046 -11.292
-542.165 275.604 183.543 -135.101 127.046 -11.292
-542.167 275.59 182.542 -135.101 127.046 -11.292
-542.17 275.577 181.542 -135.101 127.046 -11.292
-542.172 275.563 180.542 -135.101 127.046 -11.292
-542.175 275.549 179.542 -135.101 127.046 -11.292
-542.177 275.535 178.542 -135.101 127.046 -11.292
-542.18 275.521 177.541 -135.101 127.046 -11.292
7
-544.446 270.217 294.511 -135.102 127.049 -11.297
-544.461 270.227 293.512 -135.102 127.049 -11.297
-544.476 270.236 292.512 -135.102 127.049 -11.297
-544.491 270.245 291.512 -135.102 127.049 -11.297
-544.506 270.255 290.513 -135.102 127.049 -11.297
-544.521 270.264 289.513 -135.102 127.049 -11.297
-544.536 270.274 288.513 -135.102 127.049 -11.297
-544.551 270.283 287.514 -135.102 127.049 -11.297
-544.566 270.292 286.514 -135.102 127.049 -11.297
-544.581 270.302 285.514 -135.102 127.049 -11.297
-544.596 270.311 284.515 -135.102 127.049 -11.297
-544.611 270.321 283.515 -135.102 127.049 -11.297
-544.626 270.33 282.515 -135.102 127.049 -11.297
-544.641 270.339 281.515 -135.102 127.049 -11.297
-544.656 270.349 280.516 -135.102 127.049 -11.297
-544.671 270.358 279.516 -135.102 127.049 -11.297
-544.686 270.368 278.516 -135.105 127.043 -11.273
-544.701 270.377 277.517 -135.11 127.04 -11.265
-544.716 270.386 276.517 -135.112 127.041 -11.272
-544.731 270.396 275.517 -135.111 127.039 -11.269
-544.746 270.405 274.518 -135.111 127.039 -11.269
-544.761 270.415 273.518 -135.109 127.038 -11.273
-544.776 270.424 272.518 -135.106 127.038 -11.279
-544.79 270.433 271.519 -135.104 127.037 -11.281
-544.805 270.443 270.519 -135.104 127.037 -11.281
-544.82 270.452 269.519 -135.104 127.038 -11.285
-544.835 270.461 268.519 -135.105 127.036 -11.287
-544.85 270.471 267.52 -135.107 127.037 -11.289
-544.865 270.48 266.52 -135.109 127.037 -11.29
-544.88 270.49 265.52 -135.109 127.038 -11.29
-544.895 270.499 264.521 -135.109 127.038 -11.29
-544.91 270.508 263.521 -135.107 127.037 -11.287
-544.925 270.518 262.521 -135.107 127.035 -11.287
-544.94 270.527 261.522 -135.107 127.035 -11.287
-544.955 270.537 260.522 -135.107 127.034 -11.285
-544.97 270.546 259.522 -135.106 127.034 -11.284
-544.985 270.555 258.523 -135.105 127.034 -11.283
-545 270.565 257.523 -135.105 127.034 -11.284
-545.015 270.574 256.523 -135.105 127.034 -11.284
-545.03 270.584 255.523 -135.104 127.035 -11.285
-545.045 270.593 254.524 -135.104 127.035 -11.285
-545.06 270.602 253.524 -135.106 127.037 -11.287
-545.075 270.612 252.524 -135.105 127.038 -11.285
-545.09 270.621 251.525 -135.105 127.038 -11.285
-545.105 270.63 250.525 -135.106 127.038 -11.286
-545.12 270.64 249.525 -135.107 127.038 -11.285
-545.135 270.649 248.526 -135.103 127.036 -11.282
-545.15 270.659 247.526 -135.099 127.034 -11.281
-545.165 270.668 246.526 -135.098 127.035 -11.281
-545.179 270.677 245.526 -135.098 127.035 -11.281
-545.194 270.687 244.527 -135.1 127.037 -11.283
-545.209 270.696 243.527 -135.102 127.038 -11.288
-545.224 270.706 242.527 -135.101 127.038 -11.288
-545.239 270.715 241.528 -135.101 127.038 -11.288
-545.254 270.724 240.528 -135.098 127.038 -11.29
-545.269 270.734 239.528 -135.099 127.039 -11.292
-545.284 270.743 238.529 -135.1 127.04 -11.293
-545.299 270.753 237.529 -135.1 127.04 -11.293
-545.314 270.762 236.529 -135.098 127.039 -11.293
-545.329 270.771 235.53 -135.098 127.039 -11.293
-545.344 270.781 234.53 -135.096 127.037 -11.289
-545.359 270.79 233.53 -135.096 127.037 -11.289
-545.374 270.799 232.53 -135.096 127.037 -11.289
-545.389 270.809 231.531 -135.097 127.038 -11.29
-545.404 270.818 230.531 -135.098 127.038 -11.29
-545.419 270.828 229.531 -135.102 127.04 -11.293
-545.434 270.837 228.532 -135.102 127.04 -11.293
-545.449 270.846 227.532 -135.102 127.039 -11.291
-545.464 270.856 226.532 -135.1 127.038 -11.289
-545.479 270.865 225.533 -135.1 127.039 -11.285
-545.494 270.875 224.533 -135.1 127.039 -11.285
-545.509 270.884 223.533 -135.1 127.038 -11.282
-545.524 270.893 222.534 -135.101 127.038 -11.283
-545.539 270.903 221.534 -135.101 127.038 -11.284
-545.554 270.912 220.534 -135.099 127.037 -11.282
-545.568 270.922 219.534 -135.099 127.038 -11.284
-545.583 270.931 218.535 -135.099 127.038 -11.284
-545.598 270.94 217.535 -135.1 127.04 -11.285
-545.613 270.95 216.535 -135.102 127.041 -11.285
-545.628 270.959 215.536 -135.102 127.041 -11.285
-545.643 270.968 214.536 -135.104 127.041 -11.286
-545.658 270.978 213.536 -135.102 127.04 -11.285
-545.673 270.987 212.537 -135.098 127.039 -11.285
-545.688 270.997 211.537 -135.098 127.039 -11.279
-545.703 271.006 210.537 -135.098 127.039 -11.28
-545.718 271.015 209.538 -135.098 127.04 -11.285
-545.733 271.025 208.538 -135.098 127.04 -11.285
-545.748 271.034 207.538 -135.098 127.039 -11.29
-545.763 271.044 206.538 -135.097 127.039 -11.29
-545.778 271.053 205.539 -135.097 127.04 -11.291
-545.793 271.062 204.539 -135.097 127.041 -11.293
-545.808 271.072 203.539 -135.097 127.042 -11.293
-545.823 271.081 202.54 -135.097 127.042 -11.294
-545.838 271.091 201.54 -135.097 127.042 -11.294
-545.853 271.1 200.54 -135.095 127.04 -11.295
-545.868 271.109 199.541 -135.095 127.039 -11.294
-545.883 271.119 198.541 -135.096 127.038 -11.289
-545.898 271.128 197.541 -135.096 127.038 -11.289
-545.913 271.138 196.542 -135.098 127.04 -11.29
-545.928 271.147 195.542 -135.099 127.042 -11.294
-545.943 271.156 194.542 -135.1 127.042 -11.294
-545.957 271.166 193.542 -135.1 127.044 -11.292
-545.972 271.175 192.543 -135.1 127.044 -11.292
-545.987 271.184 191.543 -135.1 127.044 -11.292
-546.002 271.194 190.543 -135.1 127.044 -11.292
-546.017 271.203 189.544 -135.1 127.044 -11.292
-546.032 271.213 188.544 -135.1 127.044 -11.292
-546.047 271.222 187.544 -135.1 127.044 -11.292
-546.062 271.231 186.545 -135.1 127.044 -11.292
-546.077 271.241 185.545 -135.1 127.044 -11.292
-546.092 271.25 184.545 -135.1 127.044 -11.292
-546.107 271.26 183.546 -135.1 127.044 -11.292
-546.122 271.269 182.546 -135.1 127.044 -11.292
-546.137 271.278 181.546 -135.1 127.044 -11.292
-546.152 271.288 180.546 -135.1 127.044 -11.292
-546.167 271.297 179.547 -135.1 127.044 -11.292
-546.182 271.307 178.547 -135.1 127.044 -11.292
-546.197 271.316 177.547 -135.1 127.044 -11.292
-546.212 271.325 176.548 -135.1 127.044 -11.292
-546.227 271.335 175.548 -135.1 127.044 -11.292
-546.242 271.344 174.548 -135.1 127.044 -11.292
-546.257 271.353 173.549 -135.1 127.044 -11.292
-546.272 271.363 172.549 -135.1 127.044 -11.292
8
-541.999 273.534 297.825 -135.1 127.048 -11.295
-542.007 273.52 296.828 -135.1 127.048 -11.295
-542.014 273.507 295.83 -135.1 127.048 -11.295
-542.021 273.494 294.833 -135.1 127.048 -11.295
-542.028 273.48 293.835 -135.1 127.048 -11.295
-542.035 273.467 292.838 -135.1 127.048 -11.295
-542.042 273.454 291.84 -135.1 127.048 -11.295
-542.05 273.44 290.843 -135.1 127.048 -11.295
-542.057 273.427 289.845 -135.1 127.048 -11.295
-542.064 273.413 288.848 -135.1 127.048 -11.295
-542.071 273.4 287.85 -135.1 127.048 -11.295
-542.078 273.387 286.853 -135.1 127.048 -11.295
-542.085 273.373 285.855 -135.1 127.048 -11.295
-542.092 273.36 284.858 -135.1 127.048 -11.295
-542.1 273.346 283.86 -135.1 127.048 -11.295
-542.107 273.333 282.863 -135.1 127.048 -11.295
-542.114 273.32 281.865 -135.105 127.044 -11.281
-542.121 273.306 280.868 -135.107 127.041 -11.27
-542.128 273.293 279.87 -135.107 127.041 -11.27
-542.135 273.28 278.873 -135.112 127.042 -11.274
-542.143 273.266 277.875 -135.109 127.041 -11.28
-542.15 273.253 276.878 -135.106 127.039 -11.28
-542.157 273.239 275.88 -135.106 127.039 -11.28
-542.164 273.226 274.883 -135.106 127.039 -11.282
-542.171 273.213 273.885 -135.103 127.038 -11.288
-542.178 273.199 272.888 -135.103 127.038 -11.287
-542.186 273.186 271.89 -135.104 127.037 -11.288
-542.193 273.173 270.893 -135.104 127.037 -11.288
-542.2 273.159 269.895 -135.106 127.037 -11.289
-542.207 273.146 268.898 -135.108 127.037 -11.29
-542.214 273.132 267.9 -135.108 127.037 -11.288
-542.221 273.119 266.903 -135.108 127.037 -11.288
-542.229 273.106 265.905 -135.108 127.037 -11.288
-542.236 273.092 264.908 -135.108 127.036 -11.286
-542.243 273.079 263.91 -135.106 127.033 -11.285
-542.25 273.065 262.913 -135.106 127.034 -11.284
-542.257 273.052 261.915 -135.106 127.034 -11.284
-542.264 273.039 260.918 -135.105 127.034 -11.283
-542.271 273.025 259.92 -135.105 127.035 -11.284
-542.279 273.012 258.923 -135.104 127.034 -11.285
-542.286 272.999 257.925 -135.103 127.035 -11.285
-542.293 272.985 256.928 -135.105 127.037 -11.287
-542.3 272.972 255.93 -135.105 127.037 -11.287
-542.307 272.958 254.933 -135.107 127.039 -11.286
-542.314 272.945 253.935 -135.108 127.039 -11.286
-542.322 272.932 252.938 -135.108 127.039 -11.286
-542.329 272.918 251.94 -135.106 127.037 -11.284
-542.336 272.905 250.943 -135.102 127.035 -11.281
-542.343 272.892 249.945 -135.099 127.034 -11.279
-542.35 272.878 248.948 -135.099 127.035 -11.281
-542.357 272.865 247.95 -135.101 127.037 -11.284
-542.365 272.851 246.953 -135.101 127.037 -11.284
-542.372 272.838 245.955 -135.102 127.038 -11.287
-542.379 272.825 244.958 -135.101 127.038 -11.29
-542.386 272.811 243.96 -135.099 127.038 -11.291
-542.393 272.798 242.963 -135.099 127.038 -11.291
-542.4 272.784 241.965 -135.098 127.039 -11.293
-542.408 272.771 240.968 -135.099 127.039 -11.293
-542.415 272.758 239.97 -135.099 127.038 -11.295
-542.422 272.744 238.973 -135.099 127.038 -11.295
-542.429 272.731 237.975 -135.099 127.038 -11.295
-542.436 272.718 236.978 -135.096 127.037 -11.289
-542.443 272.704 235.98 -135.096 127.038 -11.29
-542.451 272.691 234.983 -135.096 127.038 -11.29
-542.458 272.677 233.985 -135.097 127.038 -11.292
-542.465 272.664 232.988 -135.097 127.038 -11.292
-542.472 272.651 231.99 -135.102 127.04 -11.293
-542.479 272.637 230.993 -135.102 127.04 -11.293
-542.486 272.624 229.995 -135.101 127.039 -11.291
-542.493 272.611 228.998 -135.1 127.038 -11.29
-542.501 272.597 228 -135.099 127.038 -11.288
-542.508 272.584 227.003 -135.099 127.038 -11.283
-542.515 272.57 226.005 -135.1 127.038 -11.282
-542.522 272.557 225.008 -135.1 127.038 -11.282
-542.529 272.544 224.01 -135.1 127.038 -11.284
-542.536 272.53 223.013 -135.1 127.038 -11.282
-542.544 272.517 222.015 -135.1 127.038 -11.282
-542.551 272.504 221.018 -135.099 127.039 -11.283
-542.558 272.49 220.02 -135.099 127.039 -11.283
-542.565 272.477 219.023 -135.103 127.041 -11.283
-542.572 272.463 218.025 -135.103 127.041 -11.283
-542.579 272.45 217.028 -135.104 127.042 -11.286
-542.587 272.437 216.03 -135.104 127.042 -11.286
-542.594 272.423 215.033 -135.097 127.039 -11.284
-542.601 272.41 214.035 -135.097 127.039 -11.284
-542.608 272.396 213.038 -135.098 127.039 -11.279
-542.615 272.383 212.04 -135.097 127.039 -11.283
-542.622 272.37 211.043 -135.1 127.04 -11.289
-542.63 272.356 210.045 -135.1 127.04 -11.289
-542.637 272.343 209.048 -135.096 127.039 -11.29
-542.644 272.33 208.05 -135.097 127.04 -11.291
-542.651 272.316 207.053 -135.097 127.041 -11.293
-542.658 272.303 206.055 -135.097 127.041 -11.293
-542.665 272.289 205.058 -135.097 127.042 -11.293
-542.673 272.276 204.06 -135.096 127.041 -11.296
-542.68 272.263 203.062 -135.096 127.041 -11.296
-542.687 272.249 202.065 -135.095 127.039 -11.295
-542.694 272.236 201.067 -135.095 127.04 -11.295
-542.701 272.223 200.07 -135.096 127.038 -11.288
-542.708 272.209 199.072 -135.097 127.04 -11.288
-542.715 272.196 198.075 -135.097 127.04 -11.288
-542.723 272.182 197.077 -135.098 127.042 -11.292
-542.73 272.169 196.08 -135.1 127.043 -11.292
-542.737 272.156 195.082 -135.101 127.045 -11.292
-542.744 272.142 194.085 -135.101 127.045 -11.292
-542.751 272.129 193.087 -135.101 127.045 -11.292
-542.758 272.115 192.09 -135.101 127.045 -11.292
-542.766 272.102 191.092 -135.101 127.045 -11.292
-542.773 272.089 190.095 -135.101 127.045 -11.292
-542.78 272.075 189.097 -135.101 127.045 -11.292
-542.787 272.062 188.1 -135.101 127.045 -11.292
-542.794 272.049 187.102 -135.101 127.045 -11.292
-542.801 272.035 186.105 -135.101 127.045 -11.292
-542.809 272.022 185.107 -135.101 127.045 -11.292
-542.816 272.008 184.11 -135.101 127.045 -11.292
-542.823 271.995 183.112 -135.101 127.045 -11.292
-542.83 271.982 182.115 -135.101 127.045 -11.292
-542.837 271.968 181.117 -135.101 127.045 -11.292
-542.844 271.955 180.12 -135.101 127.045 -11.292
-542.852 271.942 179.122 -135.101 127.045 -11.292
-542.859 271.928 178.125 -135.101 127.045 -11.292
-542.866 271.915 177.127 -135.101 127.045 -11.292
9
-540.157 271.765 296.095 -135.102 127.048 -11.297
-540.163 271.755 295.099 -135.102 127.048 -11.297
-540.169 271.745 294.103 -135.102 127.048 -11.297
-540.175 271.734 293.106 -135.102 127.048 -11.297
-540.182 271.724 292.11 -135.102 127.048 -11.297
-540.188 271.714 291.113 -135.102 127.048 -11.297
-540.194 271.704 290.117 -135.102 127.048 -11.297
-540.2 271.694 289.121 -135.102 127.048 -11.297
-540.206 271.684 288.124 -135.102 127.048 -11.297
-540.212 271.673 287.128 -135.102 127.048 -11.297
-540.218 271.663 286.132 -135.102 127.048 -11.297
-540.224 271.653 285.135 -135.102 127.048 -11.297
-540.231 271.643 284.139 -135.102 127.048 -11.297
-540.237 271.633 283.142 -135.102 127.048 -11.297
-540.243 271.623 282.146 -135.102 127.048 -11.297
-540.249 271.613 281.15 -135.104 127.043 -11.281
-540.255 271.602 280.153 -135.106 127.04 -11.271
-540.261 271.592 279.157 -135.112 127.042 -11.274
-540.267 271.582 278.161 -135.111 127.041 -11.281
-540.274 271.572 277.164 -135.111 127.041 -11.281
-540.28 271.562 276.168 -135.108 127.04 -11.281
-540.286 271.552 275.172 -135.105 127.039 -11.287
-540.292 271.541 274.175 -135.103 127.037 -11.285
-540.298 271.531 273.179 -135.101 127.037 -11.288
-540.304 271.521 272.182 -135.101 127.037 -11.288
-540.31 271.511 271.186 -135.101 127.037 -11.288
-540.317 271.501 270.19 -135.103 127.035 -11.288
-540.323 271.491 269.193 -135.107 127.036 -11.291
-540.329 271.481 268.197 -135.107 127.037 -11.291
-540.335 271.47 267.201 -135.109 127.038 -11.29
-540.341 271.46 266.204 -135.108 127.038 -11.29
-540.347 271.45 265.208 -135.108 127.038 -11.29
-540.353 271.44 264.211 -135.108 127.035 -11.288
-540.36 271.43 263.215 -135.107 127.035 -11.285
-540.366 271.42 262.219 -135.105 127.034 -11.285
-540.372 271.409 261.222 -135.105 127.033 -11.283
-540.378 271.399 260.226 -135.105 127.033 -11.283
-540.384 271.389 259.23 -135.105 127.034 -11.284
-540.39 271.379 258.233 -135.104 127.034 -11.284
-540.396 271.369 257.237 -135.105 127.036 -11.284
-540.403 271.359 256.241 -135.105 127.036 -11.284
-540.409 271.348 255.244 -135.107 127.039 -11.286
-540.415 271.338 254.248 -135.107 127.039 -11.286
-540.421 271.328 253.251 -135.11 127.039 -11.287
-540.427 271.318 252.255 -135.107 127.038 -11.283
-540.433 271.308 251.259 -135.107 127.038 -11.283
-540.439 271.298 250.262 -135.101 127.034 -11.28
-540.446 271.288 249.266 -135.101 127.034 -11.28
-540.452 271.277 248.27 -135.098 127.036 -11.281
-540.458 271.267 247.273 -135.098 127.036 -11.281
-540.464 271.257 246.277 -135.101 127.038 -11.287
-540.47 271.247 245.281 -135.101 127.038 -11.287
-540.476 271.237 244.284 -135.099 127.038 -11.289
-540.482 271.227 243.288 -135.099 127.039 -11.292
-540.488 271.216 242.291 -135.099 127.039 -11.292
-540.495 271.206 241.295 -135.101 127.04 -11.294
-540.501 271.196 240.299 -135.101 127.041 -11.294
-540.507 271.186 239.302 -135.1 127.04 -11.296
-540.513 271.176 238.306 -135.1 127.039 -11.295
-540.519 271.166 237.31 -135.096 127.037 -11.291
-540.525 271.156 236.313 -135.095 127.037 -11.29
-540.531 271.145 235.317 -135.095 127.037 -11.29
-540.538 271.135 234.32 -135.095 127.037 -11.291
-540.544 271.125 233.324 -135.097 127.038 -11.291
-540.55 271.115 232.328 -135.097 127.038 -11.291
-540.556 271.105 231.331 -135.1 127.039 -11.292
-540.562 271.095 230.335 -135.101 127.039 -11.291
-540.568 271.084 229.339 -135.102 127.04 -11.289
-540.574 271.074 228.342 -135.101 127.039 -11.289
-540.581 271.064 227.346 -135.101 127.039 -11.285
-540.587 271.054 226.35 -135.101 127.039 -11.285
-540.593 271.044 225.353 -135.1 127.039 -11.282
-540.599 271.034 224.357 -135.1 127.037 -11.282
-540.605 271.024 223.36 -135.099 127.037 -11.283
-540.611 271.013 222.364 -135.098 127.036 -11.281
-540.617 271.003 221.368 -135.097 127.038 -11.282
-540.624 270.993 220.371 -135.099 127.039 -11.282
-540.63 270.983 219.375 -135.102 127.041 -11.285
-540.636 270.973 218.379 -135.102 127.041 -11.285
-540.642 270.963 217.382 -135.105 127.041 -11.285
-540.648 270.952 216.386 -135.106 127.042 -11.286
-540.654 270.942 215.389 -135.106 127.042 -11.286
-540.66 270.932 214.393 -135.102 127.04 -11.285
-540.667 270.922 213.397 -135.098 127.039 -11.281
-540.673 270.912 212.4 -135.098 127.039 -11.278
-540.679 270.902 211.404 -135.097 127.038 -11.284
-540.685 270.892 210.408 -135.097 127.038 -11.284
-540.691 270.881 209.411 -135.096 127.038 -11.289
-540.697 270.871 208.415 -135.095 127.038 -11.288
-540.703 270.861 207.419 -135.096 127.04 -11.291
-540.71 270.851 206.422 -135.098 127.042 -11.293
-540.716 270.841 205.426 -135.098 127.042 -11.293
-540.722 270.831 204.429 -135.098 127.043 -11.294
-540.728 270.82 203.433 -135.097 127.042 -11.297
-540.734 270.81 202.437 -135.096 127.04 -11.296
-540.74 270.8 201.44 -135.096 127.04 -11.296
-540.746 270.79 200.444 -135.093 127.038 -11.291
-540.753 270.78 199.448 -135.095 127.038 -11.287
-540.759 270.77 198.451 -135.096 127.039 -11.29
-540.765 270.759 197.455 -135.096 127.039 -11.29
-540.771 270.749 196.458 -135.098 127.041 -11.293
-540.777 270.739 195.462 -135.1 127.043 -11.291
-540.783 270.729 194.466 -135.1 127.045 -11.292
-540.789 270.719 193.469 -135.1 127.045 -11.292
-540.795 270.709 192.473 -135.1 127.045 -11.292
-540.802 270.699 191.477 -135.1 127.045 -11.292
-540.808 270.688 190.48 -135.1 127.045 -11.292
-540.814 270.678 189.484 -135.1 127.045 -11.292
-540.82 270.668 188.488 -135.1 127.045 -11.292
-540.826 270.658 187.491 -135.1 127.045 -11.292
-540.832 270.648 186.495 -135.1 127.045 -11.292
-540.838 270.638 185.498 -135.1 127.045 -11.292
-540.845 270.627 184.502 -135.1 127.045 -11.292
-540.851 270.617 183.506 -135.1 127.045 -11.292
-540.857 270.607 182.509 -135.1 127.045 -11.292
-540.863 270.597 181.513 -135.1 127.045 -11.292
-540.869 270.587 180.517 -135.1 127.045 -11.292
-540.875 270.577 179.52 -135.1 127.045 -11.292
-540.881 270.567 178.524 -135.1 127.045 -11.292
-540.888 270.556 177.527 -135.1 127.045 -11.292
-540.894 270.546 176.531 -135.1 127.045 -11.292
-540.9 270.536 175.535 -135.1 127.045 -11.292
10
-541.614 273.947 296.701 -135.098 127.046 -11.294
-541.622 273.939 295.697 -135.098 127.046 -11.294
-541.63 273.931 294.693 -135.098 127.046 -11.294
-541.638 273.922 293.69 -135.098 127.046 -11.294
-541.646 273.914 292.686 -135.098 127.046 -11.294
-541.654 273.906 291.682 -135.098 127.046 -11.294
-541.662 273.898 290.678 -135.098 127.046 -11.294
-541.67 273.89 289.674 -135.098 127.046 -11.294
-541.678 273.882 288.67 -135.098 127.046 -11.294
-541.687 273.874 287.667 -135.098 127.046 -11.294
-541.695 273.866 286.663 -135.098 127.046 -11.294
-541.703 273.858 285.659 -135.098 127.046 -11.294
-541.711 273.85 284.655 -135.098 127.046 -11.294
-541.719 273.842 283.651 -135.098 127.046 -11.294
-541.727 273.834 282.647 -135.106 127.044 -11.279
-541.735 273.826 281.643 -135.111 127.041 -11.271
-541.743 273.818 280.64 -135.113 127.043 -11.272
-541.751 273.81 279.636 -135.113 127.043 -11.272
-541.759 273.802 278.632 -135.111 127.041 -11.271
-541.768 273.794 277.628 -135.111 127.04 -11.276
-541.776 273.786 276.624 -135.106 127.04 -11.283
-541.784 273.778 275.62 -135.106 127.039 -11.286
-541.792 273.77 274.616 -135.106 127.038 -11.287
-541.8 273.762 273.613 -135.105 127.036 -11.287
-541.808 273.754 272.609 -135.106 127.037 -11.287
-541.816 273.746 271.605 -135.106 127.037 -11.287
-541.824 273.738 270.601 -135.107 127.038 -11.289
-541.832 273.73 269.597 -135.108 127.039 -11.287
-541.84 273.722 268.593 -135.107 127.039 -11.287
-541.848 273.713 267.59 -135.107 127.039 -11.286
-541.857 273.705 266.586 -135.105 127.038 -11.284
-541.865 273.697 265.582 -135.105 127.038 -11.284
-541.873 273.689 264.578 -135.106 127.035 -11.285
-541.881 273.681 263.574 -135.107 127.035 -11.287
-541.889 273.673 262.57 -135.105 127.034 -11.284
-541.897 273.665 261.566 -135.102 127.034 -11.284
-541.905 273.657 260.563 -135.101 127.035 -11.284
-541.913 273.649 259.559 -135.101 127.035 -11.284
-541.921 273.641 258.555 -135.103 127.037 -11.285
-541.929 273.633 257.551 -135.105 127.04 -11.288
-541.938 273.625 256.547 -135.107 127.039 -11.289
-541.946 273.617 255.543 -135.107 127.038 -11.289
-541.954 273.609 254.539 -135.108 127.037 -11.288
-541.962 273.601 253.536 -135.105 127.035 -11.286
-541.97 273.593 252.532 -135.105 127.035 -11.286
-541.978 273.585 251.528 -135.102 127.035 -11.283
-541.986 273.577 250.524 -135.102 127.035 -11.284
-541.994 273.569 249.52 -135.099 127.034 -11.284
-542.002 273.561 248.516 -135.1 127.035 -11.286
-542.01 273.553 247.513 -135.1 127.035 -11.287
-542.018 273.545 246.509 -135.1 127.035 -11.289
-542.027 273.537 245.505 -135.104 127.038 -11.292
-542.035 273.529 244.501 -135.104 127.038 -11.292
-542.043 273.521 243.497 -135.104 127.039 -11.294
-542.051 273.512 242.493 -135.102 127.04 -11.295
-542.059 273.504 241.489 -135.101 127.039 -11.293
-542.067 273.496 240.486 -135.1 127.038 -11.293
-542.075 273.488 239.482 -135.098 127.038 -11.291
-542.083 273.48 238.478 -135.098 127.038 -11.291
-542.091 273.472 237.474 -135.097 127.037 -11.287
-542.099 273.464 236.47 -135.097 127.036 -11.288
-542.107 273.456 235.466 -135.097 127.037 -11.29
-542.116 273.448 234.462 -135.1 127.037 -11.289
-542.124 273.44 233.459 -135.101 127.039 -11.292
-542.132 273.432 232.455 -135.101 127.039 -11.292
-542.14 273.424 231.451 -135.1 127.038 -11.289
-542.148 273.416 230.447 -135.1 127.039 -11.287
-542.156 273.408 229.443 -135.1 127.04 -11.287
-542.164 273.4 228.439 -135.101 127.04 -11.284
-542.172 273.392 227.436 -135.103 127.039 -11.281
-542.18 273.384 226.432 -135.102 127.038 -11.283
-542.188 273.376 225.428 -135.099 127.038 -11.285
-542.197 273.368 224.424 -135.099 127.038 -11.285
-542.205 273.36 223.42 -135.1 127.038 -11.283
-542.213 273.352 222.416 -135.101 127.039 -11.285
-542.221 273.344 221.412 -135.102 127.04 -11.287
-542.229 273.336 220.409 -135.102 127.04 -11.286
-542.237 273.328 219.405 -135.104 127.04 -11.286
-542.245 273.32 218.401 -135.103 127.041 -11.287
-542.253 273.311 217.397 -135.1 127.04 -11.285
-542.261 273.303 216.393 -135.1 127.04 -11.285
-542.269 273.295 215.389 -135.1 127.04 -11.286
-542.277 273.287 214.385 -135.102 127.04 -11.283
-542.286 273.279 213.382 -135.1 127.039 -11.284
-542.294 273.271 212.378 -135.099 127.038 -11.286
-542.302 273.263 211.374 -135.097 127.038 -11.291
-542.31 273.255 210.37 -135.095 127.038 -11.289
-542.318 273.247 209.366 -135.098 127.04 -11.29
-542.326 273.239 208.362 -135.098 127.04 -11.29
-542.334 273.231 207.359 -135.101 127.043 -11.294
-542.342 273.223 206.355 -135.099 127.042 -11.294
-542.35 273.215 205.351 -135.099 127.042 -11.296
-542.358 273.207 204.347 -135.099 127.041 -11.296
-542.367 273.199 203.343 -135.099 127.041 -11.295
-542.375 273.191 202.339 -135.097 127.039 -11.292
-542.383 273.183 201.335 -135.097 127.039 -11.292
-542.391 273.175 200.332 -135.098 127.039 -11.287
-542.399 273.167 199.328 -135.099 127.039 -11.288
-542.407 273.159 198.324 -135.099 127.04 -11.292
-542.415 273.151 197.32 -135.101 127.041 -11.292
-542.423 273.143 196.316 -135.103 127.044 -11.292
-542.431 273.135 195.312 -135.101 127.043 -11.291
-542.439 273.127 194.308 -135.101 127.043 -11.291
-542.447 273.119 193.305 -135.101 127.043 -11.291
-542.456 273.111 192.301 -135.101 127.043 -11.291
-542.464 273.102 191.297 -135.101 127.043 -11.291
-542.472 273.094 190.293 -135.101 127.043 -11.291
-542.48 273.086 189.289 -135.101 127.043 -11.291
-542.488 273.078 188.285 -135.101 127.043 -11.291
-542.496 273.07 187.282 -135.101 127.043 -11.291
-542.504 273.062 186.278 -135.101 127.043 -11.291
-542.512 273.054 185.274 -135.101 127.043 -11.291
-542.52 273.046 184.27 -135.101 127.043 -11.291
-542.528 273.038 183.266 -135.101 127.043 -11.291
-542.537 273.03 182.262 -135.101 127.043 -11.291
-542.545 273.022 181.258 -135.101 127.043 -11.291
-542.553 273.014 180.255 -135.101 127.043 -11.291
-542.561 273.006 179.251 -135.101 127.043 -11.291
-542.569 272.998 178.247 -135.101 127.043 -11.291
-542.577 272.99 177.243 -135.101 127.043 -11.291
-542.585 272.982 176.239 -135.101 127.043 -11.291
