1
-404.119 175.441 60.6499 51.264 129.977 115.812
-404.589 176.324 60.6506 51.264 129.977 115.812
-405.059 177.207 60.6514 51.264 129.977 115.812
-405.529 178.089 60.6521 51.264 129.977 115.812
-405.999 178.972 60.6528 51.264 129.977 115.812
-406.469 179.855 60.6535 51.264 129.977 115.812
-406.939 180.738 60.6543 51.264 129.977 115.812
-407.409 181.62 60.655 51.264 129.977 115.812
-407.879 182.503 60.6557 51.27 129.977 115.824
-408.349 183.386 60.6564 51.27 129.976 115.834
-408.819 184.268 60.6572 51.273 129.975 115.841
-409.288 185.151 60.6579 51.275 129.972 115.839
-409.758 186.034 60.6586 51.274 129.969 115.833
-410.228 186.916 60.6593 51.271 129.97 115.828
-410.698 187.799 60.6601 51.271 129.97 115.828
-411.168 188.682 60.6608 51.27 129.972 115.828
-411.638 189.565 60.6615 51.27 129.968 115.823
-412.108 190.447 60.6622 51.271 129.965 115.819
-412.578 191.33 60.6629 51.271 129.965 115.819
-413.048 192.213 60.6637 51.269 129.964 115.815
-413.518 193.095 60.6644 51.27 129.964 115.816
-413.988 193.978 60.6651 51.267 129.964 115.813
-414.458 194.861 60.6658 51.265 129.963 115.813
-414.928 195.744 60.6666 51.265 129.963 115.813
-415.398 196.626 60.6673 51.264 129.962 115.812
-415.867 197.509 60.668 51.274 129.961 115.811
-416.337 198.392 60.6687 51.261 129.962 115.811
-416.807 199.274 60.6695 51.257 129.962 115.808
-417.277 200.157 60.6702 51.257 129.962 115.808
-417.747 201.04 60.6709 51.257 129.963 115.808
-418.217 201.922 60.6716 51.257 129.962 115.806
-418.687 202.805 60.6724 51.257 129.962 115.806
-419.157 203.688 60.6731 51.257 129.96 115.809
-419.627 204.571 60.6738 51.259 129.959 115.81
-420.097 205.453 60.6745 51.258 129.957 115.807
-420.567 206.336 60.6752 51.257 129.956 115.804
-421.037 207.219 60.676 51.257 129.956 115.804
-421.507 208.101 60.6767 51.259 129.955 115.8
-421.977 208.984 60.6774 51.258 129.955 115.801
-422.446 209.867 60.6781 51.258 129.955 115.8
-422.916 210.749 60.6789 51.258 129.955 115.8
-423.386 211.632 60.6796 51.257 129.955 115.797
-423.856 212.515 60.6803 51.255 129.954 115.796
-424.326 213.398 60.681 51.253 129.955 115.796
-424.796 214.28 60.6818 51.253 129.955 115.794
-425.266 215.163 60.6825 51.253 129.955 115.795
-425.736 216.046 60.6832 51.253 129.955 115.795
-426.206 216.928 60.6839 51.253 129.955 115.796
-426.676 217.811 60.6847 51.252 129.954 115.793
-427.146 218.694 60.6854 51.25 129.954 115.793
-427.616 219.577 60.6861 51.25 129.954 115.793
-428.086 220.459 60.6868 51.25 129.954 115.795
-428.556 221.342 60.6875 51.251 129.952 115.791
-429.025 222.225 60.6883 51.254 129.95 115.79
-429.495 223.107 60.689 51.252 129.948 115.783
-429.965 223.99 60.6897 51.252 129.948 115.783
-430.435 224.873 60.6904 51.251 129.948 115.784
-430.905 225.755 60.6912 51.248 129.946 115.781
-431.375 226.638 60.6919 51.248 129.945 115.782
-431.845 227.521 60.6926 51.248 129.945 115.782
-432.315 228.404 60.6933 51.248 129.945 115.784
-432.785 229.286 60.6941 51.247 129.943 115.783
-433.255 230.169 60.6948 51.247 129.943 115.783
-433.725 231.052 60.6955 51.244 129.941 115.779
-434.195 231.934 60.6962 51.243 129.94 115.78
-434.665 232.817 60.697 51.242 129.938 115.776
-435.135 233.7 60.6977 51.245 129.938 115.781
-435.604 234.582 60.6984 51.245 129.938 115.781
-436.074 235.465 60.6991 51.247 129.938 115.785
-436.544 236.348 60.6999 51.25 129.942 115.794
-437.014 237.231 60.7006 51.249 129.941 115.79
-437.484 238.113 60.7013 51.249 129.941 115.79
-437.954 238.996 60.702 51.246 129.939 115.785
-438.424 239.879 60.7027 51.246 129.936 115.776
-438.894 240.761 60.7035 51.248 129.936 115.777
-439.364 241.644 60.7042 51.248 129.936 115.777
-439.834 242.527 60.7049 51.247 129.937 115.779
-440.304 243.41 60.7056 51.245 129.937 115.779
-440.774 244.292 60.7064 51.245 129.937 115.779
-441.244 245.175 60.7071 51.242 129.936 115.777
-441.714 246.058 60.7078 51.241 129.936 115.777
-442.183 246.94 60.7085 51.243 129.936 115.778
-442.653 247.823 60.7093 51.243 129.936 115.778
-443.123 248.706 60.71 51.243 129.936 115.778
-443.593 249.588 60.7107 51.243 129.936 115.778
-444.063 250.471 60.7114 51.243 129.936 115.778
-444.533 251.354 60.7122 51.243 129.936 115.778
-445.003 252.237 60.7129 51.243 129.936 115.778
-445.473 253.119 60.7136 51.243 129.936 115.778
-445.943 254.002 60.7143 51.238 129.927 115.762
-446.413 254.885 60.715 51.238 129.927 115.762
-446.883 255.767 60.7158 51.238 129.927 115.762
-447.353 256.65 60.7165 51.238 129.927 115.762
-447.823 257.533 60.7172 51.238 129.927 115.762
-448.293 258.416 60.7179 51.238 129.927 115.762
-448.762 259.298 60.7187 51.238 129.927 115.762
-449.232 260.181 60.7194 51.238 129.927 115.762
-449.702 261.064 60.7201 51.236 129.927 115.761
-450.172 261.946 60.7208 51.234 129.925 115.759
-450.642 262.829 60.7216 51.234 129.925 115.759
-451.112 263.712 60.7223 51.233 129.922 115.756
-451.582 264.594 60.723 51.234 129.92 115.755
-452.052 265.477 60.7237 51.234 129.919 115.754
-452.522 266.36 60.7245 51.236 129.918 115.755
-452.992 267.243 60.7252 51.238 129.917 115.758
-453.462 268.125 60.7259 51.238 129.918 115.765
-453.932 269.008 60.7266 51.238 129.918 115.765
-454.402 269.891 60.7273 51.239 129.919 115.767
-454.872 270.773 60.7281 51.238 129.919 115.765
-455.341 271.656 60.7288 51.235 129.918 115.753
-455.811 272.539 60.7295 51.235 129.918 115.753
-456.281 273.421 60.7302 51.233 129.917 115.748
-456.751 274.304 60.731 51.232 129.915 115.75
-457.221 275.187 60.7317 51.232 129.915 115.75
-457.691 276.07 60.7324 51.231 129.914 115.749
-458.161 276.952 60.7331 51.231 129.915 115.751
-458.631 277.835 60.7339 51.231 129.914 115.751
-459.101 278.718 60.7346 51.231 129.914 115.751
-459.571 279.6 60.7353 51.234 129.914 115.754
-460.041 280.483 60.736 51.236 129.913 115.755
-460.511 281.366 60.7368 51.236 129.912 115.754
-460.981 282.249 60.7375 51.236 129.912 115.754
-461.451 283.131 60.7382 51.236 129.912 115.753
-461.92 284.014 60.7389 51.235 129.913 115.754
-462.39 284.897 60.7396 51.235 129.914 115.758
-462.86 285.779 60.7404 51.235 129.914 115.763
-463.33 286.662 60.7411 51.235 129.913 115.759
-463.8 287.545 60.7418 51.235 129.913 115.759
-464.27 288.427 60.7425 51.232 129.913 115.755
-464.74 289.31 60.7433 51.229 129.911 115.749
-465.21 290.193 60.744 51.23 129.91 115.746
-465.68 291.076 60.7447 51.227 129.908 115.747
-466.15 291.958 60.7454 51.227 129.908 115.747
-466.62 292.841 60.7462 51.226 129.905 115.745
-467.09 293.724 60.7469 51.227 129.904 115.746
-467.56 294.606 60.7476 51.227 129.904 115.746
-468.03 295.489 60.7483 51.227 129.904 115.746
-468.499 296.372 60.7491 51.228 129.904 115.745
-468.969 297.254 60.7498 51.23 129.903 115.744
-469.439 298.137 60.7505 51.228 129.901 115.743
-469.909 299.02 60.7512 51.226 129.902 115.743
-470.379 299.903 60.7519 51.226 129.902 115.743
-470.849 300.785 60.7527 51.227 129.901 115.742
-471.319 301.668 60.7534 51.227 129.899 115.743
-471.789 302.551 60.7541 51.225 129.899 115.744
-472.259 303.433 60.7548 51.223 129.898 115.741
-472.729 304.316 60.7556 51.223 129.898 115.741
-473.199 305.199 60.7563 51.221 129.895 115.735
-473.669 306.082 60.757 51.22 129.896 115.729
-474.139 306.964 60.7577 51.219 129.896 115.725
-474.609 307.847 60.7585 51.219 129.896 115.725
-475.078 308.73 60.7592 51.219 129.895 115.726
-475.548 309.612 60.7599 51.218 129.893 115.726
-476.018 310.495 60.7606 51.218 129.893 115.726
-476.488 311.378 60.7614 51.22 129.892 115.727
-476.958 312.26 60.7621 51.218 129.892 115.725
-477.428 313.143 60.7628 51.218 129.891 115.724
-477.898 314.026 60.7635 51.217 129.891 115.724
-478.368 314.909 60.7642 51.217 129.891 115.724
-478.838 315.791 60.765 51.217 129.892 115.723
-479.308 316.674 60.7657 51.218 129.892 115.724
-479.778 317.557 60.7664 51.218 129.892 115.724
-480.248 318.439 60.7671 51.218 129.892 115.724
-480.718 319.322 60.7679 51.217 129.891 115.724
-481.188 320.205 60.7686 51.217 129.893 115.726
-481.657 321.087 60.7693 51.218 129.89 115.728
-482.127 321.97 60.77 51.218 129.89 115.728
-482.597 322.853 60.7708 51.215 129.889 115.722
-483.067 323.736 60.7715 51.215 129.888 115.72
-483.537 324.618 60.7722 51.215 129.888 115.72
-484.007 325.501 60.7729 51.215 129.887 115.721
-484.477 326.384 60.7737 51.216 129.886 115.722
-484.947 327.266 60.7744 51.217 129.883 115.722
-485.417 328.149 60.7751 51.217 129.883 115.722
-485.887 329.032 60.7758 51.219 129.882 115.724
-486.357 329.915 60.7765 51.219 129.882 115.726
-486.827 330.797 60.7773 51.219 129.882 115.726
-487.297 331.68 60.778 51.219 129.882 115.727
-487.767 332.563 60.7787 51.218 129.881 115.725
-488.236 333.445 60.7794 51.217 129.88 115.724
-488.706 334.328 60.7802 51.217 129.88 115.724
-489.176 335.211 60.7809 51.215 129.879 115.722
-489.646 336.093 60.7816 51.213 129.879 115.721
-490.116 336.976 60.7823 51.211 129.878 115.721
-490.586 337.859 60.7831 51.211 129.878 115.721
-491.056 338.742 60.7838 51.209 129.877 115.72
-491.526 339.624 60.7845 51.208 129.876 115.716
-491.996 340.507 60.7852 51.21 129.877 115.713
-492.466 341.39 60.786 51.21 129.877 115.713
-492.936 342.272 60.7867 51.213 129.875 115.714
-493.406 343.155 60.7874 51.213 129.873 115.713
-493.876 344.038 60.7881 51.213 129.873 115.713
-494.346 344.92 60.7889 51.212 129.87 115.71
-494.816 345.803 60.7896 51.212 129.87 115.71
-495.285 346.686 60.7903 51.212 129.87 115.71
-495.755 347.569 60.791 51.212 129.87 115.71
-496.225 348.451 60.7917 51.212 129.87 115.71
-496.695 349.334 60.7925 51.212 129.87 115.71
-497.165 350.217 60.7932 51.212 129.87 115.71
-497.635 351.099 60.7939 51.212 129.87 115.71
-498.105 351.982 60.7946 51.207 129.866 115.695
-498.575 352.865 60.7954 51.207 129.866 115.695
-499.045 353.748 60.7961 51.207 129.866 115.695
-499.515 354.63 60.7968 51.207 129.866 115.695
-499.985 355.513 60.7975 51.207 129.866 115.695
-500.455 356.396 60.7983 51.207 129.866 115.695
-500.925 357.278 60.799 51.207 129.866 115.695
-501.395 358.161 60.7997 51.207 129.866 115.695
-501.864 359.044 60.8004 51.208 129.866 115.699
-502.334 359.926 60.8012 51.207 129.866 115.698
-502.804 360.809 60.8019 51.207 129.866 115.698
-503.274 361.692 60.8026 51.209 129.863 115.699
-503.744 362.575 60.8033 51.209 129.862 115.699
-504.214 363.457 60.804 51.209 129.862 115.699
-504.684 364.34 60.8048 51.207 129.861 115.697
-505.154 365.223 60.8055 51.205 129.862 115.697
-505.624 366.105 60.8062 51.205 129.862 115.697
-506.094 366.988 60.8069 51.202 129.861 115.696
-506.564 367.871 60.8077 51.201 129.86 115.695
-507.034 368.753 60.8084 51.201 129.859 115.695
-507.504 369.636 60.8091 51.201 129.859 115.695
-507.974 370.519 60.8098 51.201 129.857 115.694
-508.443 371.402 60.8106 51.199 129.857 115.697
-508.913 372.284 60.8113 51.2 129.857 115.701
-509.383 373.167 60.812 51.2 129.857 115.701
-509.853 374.05 60.8127 51.198 129.855 115.697
-510.323 374.932 60.8135 51.2 129.854 115.694
-510.793 375.815 60.8142 51.2 129.854 115.694
-511.263 376.698 60.8149 51.203 129.854 115.694
-511.733 377.581 60.8156 51.204 129.852 115.694
-512.203 378.463 60.8163 51.203 129.852 115.696
-512.673 379.346 60.8171 51.203 129.852 115.696
-513.143 380.229 60.8178 51.2 129.851 115.693
-513.613 381.111 60.8185 51.199 129.851 115.692
-514.083 381.994 60.8192 51.199 129.851 115.692
-514.553 382.877 60.82 51.199 129.851 115.69
-515.022 383.759 60.8207 51.198 129.848 115.69
-515.492 384.642 60.8214 51.195 129.849 115.687
-515.962 385.525 60.8221 51.195 129.849 115.687
-516.432 386.408 60.8229 51.195 129.85 115.686
-516.902 387.29 60.8236 51.194 129.85 115.683
-517.372 388.173 60.8243 51.194 129.85 115.683
-517.842 389.056 60.825 51.194 129.851 115.686
-518.312 389.938 60.8258 51.196 129.849 115.688
-518.782 390.821 60.8265 51.196 129.849 115.688
-519.252 391.704 60.8272 51.195 129.847 115.684
-519.722 392.587 60.8279 51.196 129.846 115.682
-520.192 393.469 60.8286 51.195 129.845 115.675
-520.662 394.352 60.8294 51.194 129.845 115.674
-521.132 395.235 60.8301 51.194 129.845 115.674
-521.601 396.117 60.8308 51.193 129.843 115.675
-522.071 397 60.8315 51.193 129.842 115.672
-522.541 397.883 60.8323 51.194 129.84 115.672
-523.011 398.765 60.833 51.194 129.838 115.671
-523.481 399.648 60.8337 51.195 129.838 115.671
-523.951 400.531 60.8344 51.195 129.838 115.671
-524.421 401.414 60.8352 51.196 129.839 115.671
-524.891 402.296 60.8359 51.196 129.839 115.673
-525.361 403.179 60.8366 51.196 129.839 115.673
-525.831 404.062 60.8373 51.196 129.839 115.673
-526.301 404.944 60.8381 51.196 129.839 115.673
-526.771 405.827 60.8388 51.196 129.839 115.673
-527.241 406.71 60.8395 51.196 129.839 115.673
-527.711 407.592 60.8402 51.196 129.839 115.673
-528.18 408.475 60.8409 51.196 129.839 115.673
-528.65 409.358 60.8417 51.196 129.839 115.673
-529.12 410.241 60.8424 51.196 129.839 115.673
-529.59 411.123 60.8431 51.196 129.839 115.673
-530.06 412.006 60.8438 51.196 129.839 115.673
-530.53 412.889 60.8446 51.196 129.839 115.673
-531 413.771 60.8453 51.196 129.839 115.673
2
-399.959 174.479 53.0876 51.266 129.982 115.821
-400.436 175.358 53.0954 51.266 129.982 115.821
-400.913 176.237 53.1032 51.266 129.982 115.821
-401.389 177.116 53.111 51.266 129.982 115.821
-401.866 177.995 53.1188 51.266 129.982 115.821
-402.343 178.874 53.1266 51.266 129.982 115.821
-402.819 179.754 53.1344 51.266 129.982 115.821
-403.296 180.633 53.1423 51.266 129.982 115.821
-403.773 181.512 53.1501 51.266 129.982 115.821
-404.25 182.391 53.1579 51.266 129.982 115.821
-404.726 183.27 53.1657 51.266 129.982 115.821
-405.203 184.149 53.1735 51.266 129.982 115.821
-405.68 185.028 53.1813 51.266 129.982 115.821
-406.156 185.907 53.1891 51.271 129.977 115.833
-406.633 186.786 53.1969 51.271 129.977 115.833
-407.11 187.665 53.2047 51.271 129.978 115.846
-407.586 188.544 53.2125 51.276 129.977 115.852
-408.063 189.423 53.2203 51.278 129.973 115.848
-408.54 190.302 53.2281 51.279 129.97 115.841
-409.017 191.181 53.236 51.279 129.97 115.841
-409.493 192.06 53.2438 51.278 129.969 115.836
-409.97 192.939 53.2516 51.275 129.969 115.83
-410.447 193.818 53.2594 51.273 129.968 115.826
-410.923 194.697 53.2672 51.273 129.968 115.826
-411.4 195.576 53.275 51.272 129.967 115.826
-411.877 196.455 53.2828 51.274 129.969 115.831
-412.354 197.334 53.2906 51.274 129.97 115.835
-412.83 198.213 53.2984 51.273 129.97 115.83
-413.307 199.092 53.3062 51.273 129.97 115.83
-413.784 199.971 53.314 51.269 129.969 115.824
-414.26 200.85 53.3219 51.265 129.965 115.812
-414.737 201.729 53.3297 51.261 129.963 115.808
-415.214 202.608 53.3375 51.261 129.964 115.81
-415.69 203.487 53.3453 51.261 129.964 115.81
-416.167 204.366 53.3531 51.26 129.965 115.812
-416.644 205.245 53.3609 51.262 129.967 115.813
-417.121 206.124 53.3687 51.265 129.967 115.816
-417.597 207.003 53.3765 51.264 129.964 115.813
-418.074 207.882 53.3843 51.264 129.964 115.813
-418.551 208.761 53.3921 51.263 129.962 115.811
-419.027 209.641 53.3999 51.261 129.96 115.811
-419.504 210.52 53.4077 51.26 129.96 115.808
-419.981 211.399 53.4156 51.26 129.96 115.808
-420.457 212.278 53.4234 51.261 129.961 115.815
-420.934 213.157 53.4312 51.262 129.963 115.819
-421.411 214.036 53.439 51.26 129.961 115.814
-421.888 214.915 53.4468 51.259 129.96 115.812
-422.364 215.794 53.4546 51.257 129.958 115.802
-422.841 216.673 53.4624 51.256 129.958 115.796
-423.318 217.552 53.4702 51.256 129.958 115.796
-423.794 218.431 53.478 51.257 129.957 115.8
-424.271 219.31 53.4858 51.255 129.956 115.798
-424.748 220.189 53.4936 51.254 129.955 115.797
-425.224 221.068 53.5014 51.253 129.953 115.796
-425.701 221.947 53.5093 51.253 129.953 115.796
-426.178 222.826 53.5171 51.254 129.953 115.794
-426.655 223.705 53.5249 51.253 129.952 115.792
-427.131 224.584 53.5327 51.253 129.952 115.792
-427.608 225.463 53.5405 51.254 129.951 115.793
-428.085 226.342 53.5483 51.251 129.949 115.79
-428.561 227.221 53.5561 51.25 129.949 115.791
-429.038 228.1 53.5639 51.251 129.949 115.798
-429.515 228.979 53.5717 51.251 129.949 115.798
-429.992 229.858 53.5795 51.251 129.949 115.798
-430.468 230.737 53.5873 51.251 129.949 115.798
-430.945 231.616 53.5951 51.25 129.947 115.787
-431.422 232.495 53.603 51.25 129.947 115.787
-431.898 233.374 53.6108 51.25 129.946 115.784
-432.375 234.253 53.6186 51.251 129.945 115.788
-432.852 235.132 53.6264 51.25 129.944 115.785
-433.328 236.011 53.6342 51.25 129.944 115.785
-433.805 236.89 53.642 51.25 129.943 115.787
-434.282 237.769 53.6498 51.249 129.942 115.787
-434.759 238.649 53.6576 51.249 129.942 115.788
-435.235 239.528 53.6654 51.25 129.941 115.786
-435.712 240.407 53.6732 51.248 129.941 115.783
-436.189 241.286 53.681 51.248 129.941 115.783
-436.665 242.165 53.6888 51.248 129.941 115.782
-437.142 243.044 53.6967 51.249 129.94 115.784
-437.619 243.923 53.7045 51.249 129.941 115.787
-438.095 244.802 53.7123 51.251 129.942 115.792
-438.572 245.681 53.7201 51.249 129.941 115.788
-439.049 246.56 53.7279 51.249 129.939 115.784
-439.526 247.439 53.7357 51.249 129.939 115.784
-440.002 248.318 53.7435 51.246 129.935 115.775
-440.479 249.197 53.7513 51.245 129.934 115.772
-440.956 250.076 53.7591 51.246 129.935 115.777
-441.432 250.955 53.7669 51.246 129.935 115.777
-441.909 251.834 53.7747 51.247 129.935 115.777
-442.386 252.713 53.7825 51.246 129.935 115.777
-442.863 253.592 53.7904 51.246 129.935 115.777
-443.339 254.471 53.7982 51.246 129.933 115.777
-443.816 255.35 53.806 51.246 129.933 115.777
-444.293 256.229 53.8138 51.246 129.933 115.777
-444.769 257.108 53.8216 51.246 129.933 115.777
-445.246 257.987 53.8294 51.246 129.933 115.777
-445.723 258.866 53.8372 51.246 129.933 115.777
-446.199 259.745 53.845 51.238 129.924 115.759
-446.676 260.624 53.8528 51.238 129.924 115.759
-447.153 261.503 53.8606 51.238 129.924 115.759
-447.63 262.382 53.8684 51.238 129.924 115.759
-448.106 263.261 53.8763 51.238 129.924 115.759
-448.583 264.14 53.8841 51.238 129.924 115.759
-449.06 265.019 53.8919 51.238 129.924 115.759
-449.536 265.898 53.8997 51.237 129.922 115.759
-450.013 266.777 53.9075 51.237 129.922 115.759
-450.49 267.656 53.9153 51.238 129.921 115.759
-450.966 268.536 53.9231 51.238 129.921 115.761
-451.443 269.415 53.9309 51.24 129.921 115.761
-451.92 270.294 53.9387 51.238 129.921 115.761
-452.397 271.173 53.9465 51.238 129.921 115.761
-452.873 272.052 53.9543 51.237 129.92 115.76
-453.35 272.931 53.9621 51.236 129.92 115.759
-453.827 273.81 53.97 51.237 129.921 115.761
-454.303 274.689 53.9778 51.238 129.919 115.759
-454.78 275.568 53.9856 51.235 129.918 115.758
-455.257 276.447 53.9934 51.235 129.918 115.758
-455.733 277.326 54.0012 51.235 129.917 115.758
-456.21 278.205 54.009 51.235 129.918 115.758
-456.687 279.084 54.0168 51.235 129.919 115.758
-457.164 279.963 54.0246 51.236 129.918 115.756
-457.64 280.842 54.0324 51.239 129.917 115.755
-458.117 281.721 54.0402 51.239 129.915 115.756
-458.594 282.6 54.048 51.239 129.915 115.756
-459.07 283.479 54.0558 51.237 129.913 115.754
-459.547 284.358 54.0637 51.237 129.912 115.752
-460.024 285.237 54.0715 51.237 129.912 115.752
-460.501 286.116 54.0793 51.234 129.913 115.75
-460.977 286.995 54.0871 51.233 129.912 115.751
-461.454 287.874 54.0949 51.233 129.911 115.752
-461.931 288.753 54.1027 51.233 129.911 115.752
-462.407 289.632 54.1105 51.233 129.91 115.75
-462.884 290.511 54.1183 51.231 129.911 115.749
-463.361 291.39 54.1261 51.231 129.911 115.749
-463.837 292.269 54.1339 51.232 129.911 115.749
-464.314 293.148 54.1417 51.232 129.911 115.75
-464.791 294.027 54.1495 51.232 129.91 115.751
-465.268 294.906 54.1574 51.233 129.909 115.752
-465.744 295.785 54.1652 51.233 129.909 115.752
-466.221 296.664 54.173 51.232 129.908 115.747
-466.698 297.543 54.1808 51.233 129.907 115.744
-467.174 298.423 54.1886 51.232 129.906 115.745
-467.651 299.302 54.1964 51.231 129.904 115.744
-468.128 300.181 54.2042 51.231 129.904 115.744
-468.604 301.06 54.212 51.229 129.902 115.742
-469.081 301.939 54.2198 51.228 129.903 115.74
-469.558 302.818 54.2276 51.228 129.903 115.74
-470.035 303.697 54.2354 51.227 129.903 115.739
-470.511 304.576 54.2432 51.228 129.903 115.74
-470.988 305.455 54.2511 51.227 129.901 115.737
-471.465 306.334 54.2589 51.227 129.901 115.737
-471.941 307.213 54.2667 51.226 129.9 115.735
-472.418 308.092 54.2745 51.227 129.899 115.734
-472.895 308.971 54.2823 51.224 129.898 115.733
-473.372 309.85 54.2901 51.224 129.897 115.736
-473.848 310.729 54.2979 51.224 129.897 115.736
-474.325 311.608 54.3057 51.224 129.896 115.736
-474.802 312.487 54.3135 51.223 129.894 115.734
-475.278 313.366 54.3213 51.222 129.893 115.728
-475.755 314.245 54.3291 51.222 129.893 115.728
-476.232 315.124 54.3369 51.223 129.895 115.73
-476.708 316.003 54.3448 51.223 129.896 115.733
-477.185 316.882 54.3526 51.221 129.897 115.731
-477.662 317.761 54.3604 51.221 129.896 115.73
-478.139 318.64 54.3682 51.22 129.894 115.729
-478.615 319.519 54.376 51.22 129.894 115.729
-479.092 320.398 54.3838 51.22 129.892 115.728
-479.569 321.277 54.3916 51.219 129.892 115.729
-480.045 322.156 54.3994 51.219 129.892 115.729
-480.522 323.035 54.4072 51.22 129.892 115.728
-480.999 323.914 54.415 51.22 129.891 115.728
-481.475 324.793 54.4228 51.219 129.89 115.727
-481.952 325.672 54.4307 51.219 129.89 115.727
-482.429 326.551 54.4385 51.219 129.89 115.727
-482.906 327.43 54.4463 51.22 129.889 115.731
-483.382 328.31 54.4541 51.222 129.889 115.732
-483.859 329.189 54.4619 51.222 129.889 115.732
-484.336 330.068 54.4697 51.221 129.889 115.73
-484.812 330.947 54.4775 51.222 129.886 115.723
-485.289 331.826 54.4853 51.223 129.884 115.724
-485.766 332.705 54.4931 51.22 129.883 115.722
-486.243 333.584 54.5009 51.219 129.883 115.722
-486.719 334.463 54.5087 51.219 129.883 115.722
-487.196 335.342 54.5165 51.217 129.882 115.72
-487.673 336.221 54.5244 51.216 129.882 115.72
-488.149 337.1 54.5322 51.215 129.881 115.719
-488.626 337.979 54.54 51.216 129.882 115.721
-489.103 338.858 54.5478 51.217 129.881 115.72
-489.579 339.737 54.5556 51.217 129.881 115.72
-490.056 340.616 54.5634 51.214 129.879 115.716
-490.533 341.495 54.5712 51.214 129.878 115.715
-491.01 342.374 54.579 51.214 129.876 115.713
-491.486 343.253 54.5868 51.213 129.876 115.716
-491.963 344.132 54.5946 51.213 129.876 115.716
-492.44 345.011 54.6024 51.216 129.877 115.719
-492.916 345.89 54.6102 51.215 129.876 115.715
-493.393 346.769 54.6181 51.214 129.876 115.715
-493.87 347.648 54.6259 51.214 129.873 115.709
-494.346 348.527 54.6337 51.214 129.873 115.709
-494.823 349.406 54.6415 51.214 129.873 115.709
-495.3 350.285 54.6493 51.213 129.871 115.708
-495.777 351.164 54.6571 51.213 129.871 115.708
-496.253 352.043 54.6649 51.213 129.871 115.708
-496.73 352.922 54.6727 51.213 129.871 115.708
-497.207 353.801 54.6805 51.213 129.871 115.708
-497.683 354.68 54.6883 51.213 129.871 115.708
-498.16 355.559 54.6961 51.213 129.871 115.708
-498.637 356.438 54.7039 51.213 129.871 115.708
-499.113 357.317 54.7118 51.213 129.867 115.704
-499.59 358.197 54.7196 51.213 129.867 115.704
-500.067 359.076 54.7274 51.213 129.867 115.704
-500.544 359.955 54.7352 51.213 129.867 115.704
-501.02 360.834 54.743 51.213 129.867 115.704
-501.497 361.713 54.7508 51.213 129.867 115.704
-501.974 362.592 54.7586 51.213 129.867 115.704
-502.45 363.471 54.7664 51.213 129.867 115.704
-502.927 364.35 54.7742 51.21 129.865 115.698
-503.404 365.229 54.782 51.207 129.865 115.694
-503.881 366.108 54.7898 51.206 129.864 115.694
-504.357 366.987 54.7976 51.205 129.863 115.694
-504.834 367.866 54.8055 51.205 129.863 115.694
-505.311 368.745 54.8133 51.205 129.863 115.698
-505.787 369.624 54.8211 51.206 129.863 115.699
-506.264 370.503 54.8289 51.203 129.861 115.697
-506.741 371.382 54.8367 51.203 129.859 115.696
-507.217 372.261 54.8445 51.203 129.859 115.696
-507.694 373.14 54.8523 51.202 129.857 115.693
-508.171 374.019 54.8601 51.203 129.858 115.694
-508.648 374.898 54.8679 51.205 129.858 115.694
-509.124 375.777 54.8757 51.205 129.858 115.694
-509.601 376.656 54.8835 51.205 129.857 115.692
-510.078 377.535 54.8913 51.205 129.856 115.698
-510.554 378.414 54.8992 51.205 129.856 115.698
-511.031 379.293 54.907 51.205 129.854 115.698
-511.508 380.172 54.9148 51.206 129.853 115.694
-511.984 381.051 54.9226 51.204 129.854 115.694
-512.461 381.93 54.9304 51.202 129.852 115.688
-512.938 382.809 54.9382 51.2 129.851 115.682
-513.415 383.688 54.946 51.198 129.849 115.681
-513.891 384.567 54.9538 51.197 129.847 115.678
-514.368 385.446 54.9616 51.197 129.847 115.678
-514.845 386.325 54.9694 51.198 129.847 115.68
-515.321 387.205 54.9772 51.197 129.847 115.678
-515.798 388.084 54.9851 51.199 129.848 115.68
-516.275 388.963 54.9929 51.197 129.848 115.678
-516.752 389.842 55.0007 51.197 129.848 115.678
-517.228 390.721 55.0085 51.196 129.848 115.676
-517.705 391.6 55.0163 51.196 129.846 115.674
-518.182 392.479 55.0241 51.195 129.844 115.674
-518.658 393.358 55.0319 51.196 129.842 115.673
-519.135 394.237 55.0397 51.198 129.843 115.676
-519.612 395.116 55.0475 51.196 129.843 115.679
-520.088 395.995 55.0553 51.196 129.845 115.678
-520.565 396.874 55.0631 51.195 129.842 115.672
-521.042 397.753 55.0709 51.195 129.842 115.672
-521.519 398.632 55.0788 51.193 129.842 115.666
-521.995 399.511 55.0866 51.195 129.841 115.666
-522.472 400.39 55.0944 51.195 129.841 115.666
-522.949 401.269 55.1022 51.197 129.841 115.668
-523.425 402.148 55.11 51.197 129.84 115.667
-523.902 403.027 55.1178 51.198 129.84 115.67
-524.379 403.906 55.1256 51.2 129.841 115.674
-524.855 404.785 55.1334 51.204 129.84 115.677
-525.332 405.664 55.1412 51.204 129.84 115.677
-525.809 406.543 55.149 51.204 129.84 115.677
-526.286 407.422 55.1568 51.204 129.84 115.677
-526.762 408.301 55.1646 51.204 129.84 115.677
-527.239 409.18 55.1725 51.204 129.84 115.677
-527.716 410.059 55.1803 51.204 129.84 115.677
-528.192 410.938 55.1881 51.204 129.84 115.677
-528.669 411.817 55.1959 51.204 129.84 115.677
3
-402.327 173.041 53.1621 51.267 129.982 115.822
-402.794 173.925 53.1706 51.267 129.982 115.822
-403.262 174.809 53.1791 51.267 129.982 115.822
-403.729 175.693 53.1876 51.267 129.982 115.822
-404.197 176.577 53.1962 51.267 129.982 115.822
-404.664 177.461 53.2047 51.267 129.982 115.822
-405.132 178.345 53.2132 51.267 129.982 115.822
-405.599 179.229 53.2217 51.267 129.982 115.822
-406.067 180.113 53.2302 51.267 129.982 115.822
-406.534 180.997 53.2387 51.267 129.982 115.822
-407.002 181.881 53.2473 51.267 129.982 115.822
-407.47 182.764 53.2558 51.267 129.982 115.822
-407.937 183.648 53.2643 51.267 129.982 115.822
-408.405 184.532 53.2728 51.274 129.979 115.832
-408.872 185.416 53.2813 51.275 129.978 115.843
-409.34 186.3 53.2898 51.277 129.977 115.85
-409.807 187.184 53.2984 51.277 129.977 115.85
-410.275 188.068 53.3069 51.279 129.975 115.851
-410.742 188.952 53.3154 51.277 129.972 115.843
-411.21 189.836 53.3239 51.276 129.972 115.836
-411.678 190.72 53.3324 51.273 129.972 115.833
-412.145 191.604 53.3409 51.275 129.97 115.828
-412.613 192.488 53.3494 51.274 129.969 115.825
-413.08 193.372 53.358 51.274 129.969 115.825
-413.548 194.256 53.3665 51.274 129.97 115.829
-414.015 195.139 53.375 51.275 129.972 115.836
-414.483 196.023 53.3835 51.272 129.971 115.833
-414.95 196.907 53.392 51.269 129.968 115.827
-415.418 197.791 53.4005 51.269 129.968 115.827
-415.886 198.675 53.4091 51.265 129.966 115.813
-416.353 199.559 53.4176 51.261 129.966 115.809
-416.821 200.443 53.4261 51.261 129.966 115.809
-417.288 201.327 53.4346 51.259 129.966 115.81
-417.756 202.211 53.4431 51.259 129.966 115.811
-418.223 203.095 53.4516 51.258 129.966 115.811
-418.691 203.979 53.4602 51.258 129.966 115.811
-419.158 204.863 53.4687 51.261 129.967 115.813
-419.626 205.747 53.4772 51.261 129.965 115.813
-420.093 206.63 53.4857 51.262 129.962 115.811
-420.561 207.514 53.4942 51.262 129.962 115.811
-421.029 208.398 53.5027 51.262 129.961 115.812
-421.496 209.282 53.5113 51.262 129.96 115.811
-421.964 210.166 53.5198 51.262 129.961 115.817
-422.431 211.05 53.5283 51.263 129.961 115.822
-422.899 211.934 53.5368 51.261 129.96 115.816
-423.366 212.818 53.5453 51.261 129.96 115.816
-423.834 213.702 53.5538 51.26 129.96 115.813
-424.301 214.586 53.5623 51.258 129.96 115.807
-424.769 215.47 53.5709 51.254 129.957 115.793
-425.237 216.354 53.5794 51.254 129.956 115.796
-425.704 217.238 53.5879 51.252 129.956 115.795
-426.172 218.121 53.5964 51.252 129.956 115.795
-426.639 219.005 53.6049 51.253 129.955 115.796
-427.107 219.889 53.6134 51.251 129.953 115.794
-427.574 220.773 53.622 51.252 129.953 115.794
-428.042 221.657 53.6305 51.252 129.953 115.794
-428.509 222.541 53.639 51.253 129.952 115.792
-428.977 223.425 53.6475 51.255 129.952 115.793
-429.445 224.309 53.656 51.255 129.95 115.793
-429.912 225.193 53.6645 51.253 129.949 115.793
-430.38 226.077 53.6731 51.253 129.949 115.793
-430.847 226.961 53.6816 51.253 129.95 115.8
-431.315 227.845 53.6901 51.253 129.951 115.802
-431.782 228.729 53.6986 51.253 129.95 115.8
-432.25 229.613 53.7071 51.251 129.95 115.796
-432.717 230.496 53.7156 51.25 129.948 115.784
-433.185 231.38 53.7242 51.25 129.948 115.784
-433.652 232.264 53.7327 51.248 129.947 115.784
-434.12 233.148 53.7412 51.247 129.946 115.785
-434.588 234.032 53.7497 51.249 129.945 115.787
-435.055 234.916 53.7582 51.249 129.945 115.787
-435.523 235.8 53.7667 51.25 129.944 115.79
-435.99 236.684 53.7752 51.25 129.944 115.79
-436.458 237.568 53.7838 51.251 129.941 115.788
-436.925 238.452 53.7923 51.251 129.941 115.788
-437.393 239.336 53.8008 51.249 129.939 115.787
-437.86 240.22 53.8093 51.248 129.94 115.786
-438.328 241.104 53.8178 51.251 129.941 115.789
-438.796 241.987 53.8263 51.251 129.941 115.789
-439.263 242.871 53.8349 51.253 129.942 115.796
-439.731 243.755 53.8434 51.251 129.941 115.795
-440.198 244.639 53.8519 51.247 129.939 115.787
-440.666 245.523 53.8604 51.244 129.938 115.784
-441.133 246.407 53.8689 51.244 129.938 115.784
-441.601 247.291 53.8774 51.243 129.937 115.776
-442.068 248.175 53.886 51.245 129.935 115.776
-442.536 249.059 53.8945 51.246 129.935 115.779
-443.003 249.943 53.903 51.246 129.935 115.779
-443.471 250.827 53.9115 51.246 129.935 115.779
-443.939 251.711 53.92 51.246 129.935 115.779
-444.406 252.595 53.9285 51.246 129.935 115.779
-444.874 253.478 53.937 51.246 129.935 115.779
-445.341 254.362 53.9456 51.246 129.935 115.779
-445.809 255.246 53.9541 51.241 129.931 115.773
-446.276 256.13 53.9626 51.241 129.931 115.773
-446.744 257.014 53.9711 51.241 129.931 115.773
-447.211 257.898 53.9796 51.241 129.931 115.773
-447.679 258.782 53.9881 51.241 129.931 115.773
-448.147 259.666 53.9967 51.241 129.931 115.773
-448.614 260.55 54.0052 51.241 129.931 115.773
-449.082 261.434 54.0137 51.241 129.931 115.773
-449.549 262.318 54.0222 51.238 129.928 115.768
-450.017 263.202 54.0307 51.237 129.925 115.757
-450.484 264.086 54.0392 51.237 129.925 115.757
-450.952 264.97 54.0478 51.235 129.923 115.757
-451.419 265.853 54.0563 51.236 129.922 115.757
-451.887 266.737 54.0648 51.239 129.922 115.761
-452.355 267.621 54.0733 51.242 129.921 115.763
-452.822 268.505 54.0818 51.242 129.921 115.763
-453.29 269.389 54.0903 51.239 129.92 115.759
-453.757 270.273 54.0989 51.239 129.921 115.761
-454.225 271.157 54.1074 51.24 129.921 115.762
-454.692 272.041 54.1159 51.24 129.921 115.762
-455.16 272.925 54.1244 51.239 129.921 115.761
-455.627 273.809 54.1329 51.239 129.92 115.761
-456.095 274.693 54.1414 51.236 129.919 115.759
-456.562 275.577 54.1499 51.235 129.92 115.762
-457.03 276.461 54.1585 51.235 129.92 115.762
-457.498 277.344 54.167 51.234 129.921 115.762
-457.965 278.228 54.1755 51.233 129.92 115.76
-458.433 279.112 54.184 51.236 129.919 115.76
-458.9 279.996 54.1925 51.237 129.916 115.756
-459.368 280.88 54.201 51.237 129.914 115.757
-459.835 281.764 54.2096 51.237 129.914 115.757
-460.303 282.648 54.2181 51.237 129.914 115.759
-460.77 283.532 54.2266 51.239 129.914 115.759
-461.238 284.416 54.2351 51.237 129.912 115.757
-461.706 285.3 54.2436 51.234 129.91 115.755
-462.173 286.184 54.2521 51.234 129.91 115.755
-462.641 287.068 54.2607 51.235 129.91 115.758
-463.108 287.952 54.2692 51.235 129.911 115.757
-463.576 288.835 54.2777 51.233 129.912 115.756
-464.043 289.719 54.2862 51.231 129.912 115.754
-464.511 290.603 54.2947 51.231 129.912 115.753
-464.978 291.487 54.3032 51.23 129.911 115.754
-465.446 292.371 54.3118 51.23 129.911 115.754
-465.914 293.255 54.3203 51.229 129.911 115.757
-466.381 294.139 54.3288 51.231 129.91 115.756
-466.849 295.023 54.3373 51.231 129.909 115.755
-467.316 295.907 54.3458 51.23 129.907 115.747
-467.784 296.791 54.3543 51.231 129.905 115.744
-468.251 297.675 54.3628 51.232 129.904 115.744
-468.719 298.559 54.3714 51.232 129.904 115.744
-469.186 299.443 54.3799 51.232 129.903 115.746
-469.654 300.327 54.3884 51.232 129.903 115.745
-470.121 301.21 54.3969 51.232 129.903 115.745
-470.589 302.094 54.4054 51.229 129.902 115.741
-471.057 302.978 54.4139 51.228 129.902 115.74
-471.524 303.862 54.4225 51.228 129.901 115.738
-471.992 304.746 54.431 51.228 129.901 115.738
-472.459 305.63 54.4395 51.224 129.899 115.734
-472.927 306.514 54.448 51.224 129.898 115.732
-473.394 307.398 54.4565 51.223 129.898 115.732
-473.862 308.282 54.465 51.221 129.898 115.733
-474.329 309.166 54.4736 51.221 129.898 115.733
-474.797 310.05 54.4821 51.222 129.897 115.738
-475.265 310.934 54.4906 51.223 129.896 115.735
-475.732 311.818 54.4991 51.221 129.894 115.732
-476.2 312.701 54.5076 51.22 129.893 115.725
-476.667 313.585 54.5161 51.224 129.896 115.731
-477.135 314.469 54.5246 51.224 129.896 115.731
-477.602 315.353 54.5332 51.223 129.896 115.73
-478.07 316.237 54.5417 51.221 129.895 115.729
-478.537 317.121 54.5502 51.221 129.895 115.729
-479.005 318.005 54.5587 51.222 129.893 115.729
-479.472 318.889 54.5672 51.222 129.891 115.729
-479.94 319.773 54.5757 51.221 129.892 115.729
-480.408 320.657 54.5843 51.219 129.891 115.726
-480.875 321.541 54.5928 51.217 129.89 115.724
-481.343 322.425 54.6013 51.217 129.89 115.725
-481.81 323.309 54.6098 51.216 129.889 115.722
-482.278 324.192 54.6183 51.216 129.889 115.722
-482.745 325.076 54.6268 51.217 129.89 115.726
-483.213 325.96 54.6354 51.218 129.891 115.732
-483.68 326.844 54.6439 51.221 129.891 115.734
-484.148 327.728 54.6524 51.223 129.89 115.733
-484.616 328.612 54.6609 51.221 129.887 115.731
-485.083 329.496 54.6694 51.221 129.887 115.731
-485.551 330.38 54.6779 51.221 129.884 115.721
-486.018 331.264 54.6865 51.222 129.882 115.721
-486.486 332.148 54.695 51.22 129.882 115.721
-486.953 333.032 54.7035 51.22 129.883 115.722
-487.421 333.916 54.712 51.22 129.883 115.722
-487.888 334.8 54.7205 51.22 129.882 115.722
-488.356 335.684 54.729 51.219 129.881 115.72
-488.824 336.567 54.7375 51.217 129.882 115.722
-489.291 337.451 54.7461 51.216 129.882 115.721
-489.759 338.335 54.7546 51.215 129.881 115.717
-490.226 339.219 54.7631 51.215 129.881 115.717
-490.694 340.103 54.7716 51.213 129.88 115.714
-491.161 340.987 54.7801 51.212 129.879 115.712
-491.629 341.871 54.7886 51.211 129.876 115.712
-492.096 342.755 54.7972 51.211 129.876 115.712
-492.564 343.639 54.8057 51.213 129.877 115.718
-493.031 344.523 54.8142 51.216 129.876 115.717
-493.499 345.407 54.8227 51.216 129.875 115.713
-493.967 346.291 54.8312 51.216 129.873 115.712
-494.434 347.175 54.8397 51.216 129.873 115.712
-494.902 348.058 54.8483 51.215 129.872 115.707
-495.369 348.942 54.8568 51.214 129.87 115.706
-495.837 349.826 54.8653 51.214 129.87 115.706
-496.304 350.71 54.8738 51.214 129.87 115.706
-496.772 351.594 54.8823 51.214 129.87 115.706
-497.239 352.478 54.8908 51.214 129.87 115.706
-497.707 353.362 54.8994 51.214 129.87 115.706
-498.175 354.246 54.9079 51.214 129.87 115.706
-498.642 355.13 54.9164 51.212 129.869 115.713
-499.11 356.014 54.9249 51.212 129.869 115.713
-499.577 356.898 54.9334 51.212 129.869 115.713
-500.045 357.782 54.9419 51.212 129.869 115.713
-500.512 358.666 54.9504 51.212 129.869 115.713
-500.98 359.549 54.959 51.212 129.869 115.713
-501.447 360.433 54.9675 51.212 129.869 115.713
-501.915 361.317 54.976 51.21 129.867 115.709
-502.383 362.201 54.9845 51.21 129.865 115.703
-502.85 363.085 54.993 51.21 129.865 115.703
-503.318 363.969 55.0015 51.209 129.863 115.698
-503.785 364.853 55.0101 51.209 129.862 115.694
-504.253 365.737 55.0186 51.209 129.862 115.698
-504.72 366.621 55.0271 51.209 129.862 115.698
-505.188 367.505 55.0356 51.208 129.862 115.698
-505.655 368.389 55.0441 51.207 129.863 115.698
-506.123 369.273 55.0526 51.207 129.863 115.7
-506.59 370.157 55.0612 51.204 129.861 115.699
-507.058 371.041 55.0697 51.204 129.861 115.698
-507.526 371.924 55.0782 51.202 129.86 115.694
-507.993 372.808 55.0867 51.202 129.86 115.694
-508.461 373.692 55.0952 51.202 129.859 115.693
-508.928 374.576 55.1037 51.203 129.858 115.694
-509.396 375.46 55.1122 51.205 129.859 115.693
-509.863 376.344 55.1208 51.205 129.859 115.693
-510.331 377.228 55.1293 51.206 129.858 115.698
-510.798 378.112 55.1378 51.208 129.858 115.704
-511.266 378.996 55.1463 51.209 129.856 115.7
-511.734 379.88 55.1548 51.208 129.854 115.696
-512.201 380.764 55.1633 51.203 129.851 115.689
-512.669 381.648 55.1719 51.203 129.851 115.689
-513.136 382.532 55.1804 51.201 129.85 115.68
-513.604 383.415 55.1889 51.201 129.849 115.682
-514.071 384.299 55.1974 51.202 129.848 115.681
-514.539 385.183 55.2059 51.203 129.849 115.683
-515.006 386.067 55.2144 51.203 129.849 115.683
-515.474 386.951 55.223 51.2 129.849 115.68
-515.941 387.835 55.2315 51.198 129.849 115.678
-516.409 388.719 55.24 51.195 129.848 115.676
-516.877 389.603 55.2485 51.194 129.848 115.673
-517.344 390.487 55.257 51.194 129.846 115.672
-517.812 391.371 55.2655 51.195 129.846 115.673
-518.279 392.255 55.2741 51.195 129.846 115.673
-518.747 393.139 55.2826 51.196 129.844 115.673
-519.214 394.023 55.2911 51.197 129.845 115.678
-519.682 394.906 55.2996 51.195 129.844 115.68
-520.149 395.79 55.3081 51.196 129.845 115.676
-520.617 396.674 55.3166 51.196 129.845 115.676
-521.085 397.558 55.3251 51.196 129.843 115.671
-521.552 398.442 55.3337 51.195 129.839 115.662
-522.02 399.326 55.3422 51.197 129.839 115.662
-522.487 400.21 55.3507 51.196 129.839 115.664
-522.955 401.094 55.3592 51.196 129.839 115.664
-523.422 401.978 55.3677 51.195 129.839 115.665
-523.89 402.862 55.3762 51.193 129.839 115.665
-524.357 403.746 55.3848 51.195 129.841 115.67
-524.825 404.63 55.3933 51.199 129.84 115.673
-525.293 405.514 55.4018 51.203 129.84 115.676
-525.76 406.398 55.4103 51.203 129.84 115.676
-526.228 407.281 55.4188 51.203 129.84 115.676
-526.695 408.165 55.4273 51.203 129.84 115.676
-527.163 409.049 55.4359 51.203 129.84 115.676
-527.63 409.933 55.4444 51.203 129.84 115.676
-528.098 410.817 55.4529 51.203 129.84 115.676
-528.565 411.701 55.4614 51.203 129.84 115.676
4
-396.539 175.824 53.7642 51.265 129.979 115.821
-397.02 176.7 53.7728 51.265 129.979 115.821
-397.501 177.577 53.7813 51.265 129.979 115.821
-397.982 178.453 53.7899 51.265 129.979 115.821
-398.463 179.33 53.7985 51.265 129.979 115.821
-398.944 180.207 53.8071 51.265 129.979 115.821
-399.425 181.083 53.8157 51.265 129.979 115.821
-399.906 181.96 53.8243 51.265 129.979 115.821
-400.388 182.837 53.8329 51.265 129.979 115.821
-400.869 183.713 53.8415 51.265 129.979 115.821
-401.35 184.59 53.8501 51.265 129.979 115.821
-401.831 185.467 53.8587 51.265 129.979 115.821
-402.312 186.343 53.8672 51.265 129.979 115.821
-402.793 187.22 53.8758 51.265 129.979 115.821
-403.274 188.097 53.8844 51.279 129.982 115.837
-403.755 188.973 53.893 51.28 129.977 115.847
-404.236 189.85 53.9016 51.28 129.976 115.852
-404.717 190.726 53.9102 51.278 129.975 115.849
-405.198 191.603 53.9188 51.278 129.975 115.849
-405.679 192.48 53.9274 51.274 129.973 115.839
-406.16 193.356 53.936 51.272 129.972 115.832
-406.641 194.233 53.9445 51.27 129.971 115.828
-407.122 195.11 53.9531 51.27 129.969 115.823
-407.604 195.986 53.9617 51.267 129.969 115.822
-408.085 196.863 53.9703 51.266 129.969 115.822
-408.566 197.74 53.9789 51.267 129.97 115.828
-409.047 198.616 53.9875 51.267 129.97 115.828
-409.528 199.493 53.9961 51.266 129.971 115.827
-410.009 200.37 54.0047 51.265 129.97 115.823
-410.49 201.246 54.0133 51.263 129.968 115.818
-410.971 202.123 54.0219 51.26 129.966 115.809
-411.452 202.999 54.0304 51.258 129.967 115.81
-411.933 203.876 54.039 51.258 129.965 115.81
-412.414 204.753 54.0476 51.258 129.965 115.81
-412.895 205.629 54.0562 51.259 129.966 115.812
-413.376 206.506 54.0648 51.259 129.968 115.812
-413.857 207.383 54.0734 51.26 129.966 115.813
-414.338 208.259 54.082 51.262 129.964 115.814
-414.819 209.136 54.0906 51.261 129.964 115.814
-415.301 210.013 54.0992 51.259 129.963 115.812
-415.782 210.889 54.1078 51.259 129.963 115.812
-416.263 211.766 54.1163 51.259 129.961 115.809
-416.744 212.643 54.1249 51.259 129.961 115.81
-417.225 213.519 54.1335 51.259 129.961 115.812
-417.706 214.396 54.1421 51.26 129.96 115.816
-418.187 215.272 54.1507 51.258 129.96 115.811
-418.668 216.149 54.1593 51.258 129.96 115.81
-419.149 217.026 54.1679 51.256 129.958 115.8
-419.63 217.902 54.1765 51.256 129.958 115.8
-420.111 218.779 54.1851 51.254 129.957 115.794
-420.592 219.656 54.1937 51.255 129.957 115.798
-421.073 220.532 54.2022 51.255 129.955 115.798
-421.554 221.409 54.2108 51.254 129.955 115.798
-422.035 222.286 54.2194 51.252 129.954 115.798
-422.517 223.162 54.228 51.252 129.953 115.796
-422.998 224.039 54.2366 51.253 129.951 115.794
-423.479 224.916 54.2452 51.253 129.952 115.795
-423.96 225.792 54.2538 51.253 129.952 115.795
-424.441 226.669 54.2624 51.255 129.95 115.794
-424.922 227.545 54.271 51.253 129.948 115.793
-425.403 228.422 54.2796 51.25 129.95 115.792
-425.884 229.299 54.2881 51.25 129.95 115.796
-426.365 230.175 54.2967 51.25 129.95 115.796
-426.846 231.052 54.3053 51.252 129.948 115.798
-427.327 231.929 54.3139 51.253 129.949 115.801
-427.808 232.805 54.3225 51.251 129.949 115.793
-428.289 233.682 54.3311 51.249 129.945 115.783
-428.77 234.559 54.3397 51.248 129.946 115.786
-429.251 235.435 54.3483 51.248 129.946 115.786
-429.733 236.312 54.3569 51.248 129.946 115.786
-430.214 237.189 54.3654 51.25 129.944 115.787
-430.695 238.065 54.374 51.25 129.943 115.789
-431.176 238.942 54.3826 51.25 129.943 115.789
-431.657 239.818 54.3912 51.249 129.941 115.788
-432.138 240.695 54.3998 51.248 129.94 115.787
-432.619 241.572 54.4084 51.247 129.941 115.785
-433.1 242.448 54.417 51.248 129.941 115.786
-433.581 243.325 54.4256 51.248 129.941 115.786
-434.062 244.202 54.4342 51.25 129.94 115.787
-434.543 245.078 54.4428 51.251 129.941 115.789
-435.024 245.955 54.4513 51.25 129.941 115.793
-435.505 246.832 54.4599 51.246 129.939 115.787
-435.986 247.708 54.4685 51.244 129.939 115.784
-436.467 248.585 54.4771 51.246 129.937 115.781
-436.949 249.462 54.4857 51.246 129.937 115.781
-437.43 250.338 54.4943 51.246 129.934 115.776
-437.911 251.215 54.5029 51.244 129.935 115.778
-438.392 252.091 54.5115 51.244 129.935 115.779
-438.873 252.968 54.5201 51.244 129.935 115.779
-439.354 253.845 54.5287 51.244 129.935 115.779
-439.835 254.721 54.5372 51.244 129.935 115.779
-440.316 255.598 54.5458 51.244 129.935 115.779
-440.797 256.475 54.5544 51.244 129.935 115.779
-441.278 257.351 54.563 51.244 129.935 115.779
-441.759 258.228 54.5716 51.242 129.928 115.773
-442.24 259.105 54.5802 51.242 129.928 115.773
-442.721 259.981 54.5888 51.242 129.928 115.773
-443.202 260.858 54.5974 51.242 129.928 115.773
-443.683 261.735 54.606 51.242 129.928 115.773
-444.165 262.611 54.6146 51.242 129.928 115.773
-444.646 263.488 54.6231 51.242 129.928 115.773
-445.127 264.364 54.6317 51.242 129.928 115.773
-445.608 265.241 54.6403 51.239 129.926 115.768
-446.089 266.118 54.6489 51.236 129.924 115.76
-446.57 266.994 54.6575 51.236 129.922 115.759
-447.051 267.871 54.6661 51.24 129.923 115.764
-447.532 268.748 54.6747 51.241 129.921 115.764
-448.013 269.624 54.6833 51.24 129.92 115.762
-448.494 270.501 54.6919 51.24 129.92 115.762
-448.975 271.378 54.7004 51.238 129.92 115.762
-449.456 272.254 54.709 51.239 129.922 115.764
-449.937 273.131 54.7176 51.239 129.922 115.764
-450.418 274.007 54.7262 51.238 129.921 115.764
-450.899 274.884 54.7348 51.237 129.921 115.762
-451.381 275.761 54.7434 51.238 129.919 115.762
-451.862 276.637 54.752 51.237 129.919 115.762
-452.343 277.514 54.7606 51.235 129.919 115.762
-452.824 278.391 54.7692 51.235 129.918 115.761
-453.305 279.267 54.7778 51.236 129.919 115.763
-453.786 280.144 54.7863 51.237 129.92 115.763
-454.267 281.021 54.7949 51.237 129.92 115.763
-454.748 281.897 54.8035 51.237 129.917 115.759
-455.229 282.774 54.8121 51.236 129.913 115.754
-455.71 283.651 54.8207 51.236 129.914 115.757
-456.191 284.527 54.8293 51.236 129.915 115.757
-456.672 285.404 54.8379 51.235 129.912 115.756
-457.153 286.28 54.8465 51.235 129.911 115.754
-457.634 287.157 54.8551 51.234 129.912 115.755
-458.115 288.034 54.8637 51.234 129.912 115.756
-458.597 288.91 54.8722 51.234 129.912 115.756
-459.078 289.787 54.8808 51.233 129.909 115.753
-459.559 290.664 54.8894 51.233 129.912 115.755
-460.04 291.54 54.898 51.232 129.912 115.754
-460.521 292.417 54.9066 51.23 129.91 115.752
-461.002 293.294 54.9152 51.231 129.911 115.753
-461.483 294.17 54.9238 51.232 129.911 115.755
-461.964 295.047 54.9324 51.232 129.911 115.755
-462.445 295.924 54.941 51.232 129.91 115.755
-462.926 296.8 54.9496 51.232 129.908 115.753
-463.407 297.677 54.9581 51.231 129.908 115.749
-463.888 298.553 54.9667 51.232 129.906 115.746
-464.369 299.43 54.9753 51.231 129.904 115.743
-464.85 300.307 54.9839 51.23 129.904 115.746
-465.331 301.183 54.9925 51.232 129.904 115.746
-465.812 302.06 55.0011 51.232 129.904 115.746
-466.294 302.937 55.0097 51.23 129.904 115.745
-466.775 303.813 55.0183 51.226 129.904 115.74
-467.256 304.69 55.0269 51.226 129.905 115.743
-467.737 305.567 55.0355 51.228 129.902 115.741
-468.218 306.443 55.044 51.227 129.9 115.739
-468.699 307.32 55.0526 51.224 129.9 115.736
-469.18 308.197 55.0612 51.225 129.899 115.735
-469.661 309.073 55.0698 51.225 129.899 115.735
-470.142 309.95 55.0784 51.225 129.897 115.734
-470.623 310.826 55.087 51.224 129.898 115.735
-471.104 311.703 55.0956 51.224 129.896 115.738
-471.585 312.58 55.1042 51.224 129.894 115.735
-472.066 313.456 55.1128 51.224 129.894 115.735
-472.547 314.333 55.1213 51.225 129.894 115.731
-473.028 315.21 55.1299 51.224 129.895 115.731
-473.51 316.086 55.1385 51.224 129.896 115.732
-473.991 316.963 55.1471 51.224 129.896 115.732
-474.472 317.84 55.1557 51.223 129.897 115.732
-474.953 318.716 55.1643 51.221 129.895 115.729
-475.434 319.593 55.1729 51.22 129.893 115.729
-475.915 320.47 55.1815 51.221 129.892 115.73
-476.396 321.346 55.1901 51.22 129.892 115.729
-476.877 322.223 55.1987 51.22 129.89 115.729
-477.358 323.099 55.2072 51.219 129.891 115.727
-477.839 323.976 55.2158 51.22 129.891 115.728
-478.32 324.853 55.2244 51.22 129.891 115.728
-478.801 325.729 55.233 51.22 129.89 115.727
-479.282 326.606 55.2416 51.221 129.89 115.727
-479.763 327.483 55.2502 51.221 129.89 115.727
-480.244 328.359 55.2588 51.222 129.89 115.733
-480.726 329.236 55.2674 51.223 129.888 115.73
-481.207 330.113 55.276 51.223 129.888 115.73
-481.688 330.989 55.2846 51.221 129.887 115.726
-482.169 331.866 55.2931 51.222 129.885 115.72
-482.65 332.743 55.3017 51.221 129.882 115.72
-483.131 333.619 55.3103 51.219 129.883 115.72
-483.612 334.496 55.3189 51.219 129.883 115.72
-484.093 335.372 55.3275 51.218 129.883 115.719
-484.574 336.249 55.3361 51.218 129.881 115.718
-485.055 337.126 55.3447 51.217 129.881 115.719
-485.536 338.002 55.3533 51.217 129.883 115.721
-486.017 338.879 55.3619 51.215 129.882 115.719
-486.498 339.756 55.3705 51.216 129.882 115.719
-486.979 340.632 55.379 51.214 129.88 115.716
-487.46 341.509 55.3876 51.212 129.878 115.714
-487.942 342.386 55.3962 51.212 129.878 115.714
-488.423 343.262 55.4048 51.211 129.877 115.711
-488.904 344.139 55.4134 51.212 129.876 115.711
-489.385 345.016 55.422 51.215 129.877 115.716
-489.866 345.892 55.4306 51.215 129.877 115.717
-490.347 346.769 55.4392 51.216 129.875 115.713
-490.828 347.645 55.4478 51.216 129.876 115.713
-491.309 348.522 55.4564 51.216 129.874 115.71
-491.79 349.399 55.4649 51.213 129.873 115.707
-492.271 350.275 55.4735 51.213 129.873 115.707
-492.752 351.152 55.4821 51.213 129.873 115.707
-493.233 352.029 55.4907 51.213 129.873 115.707
-493.714 352.905 55.4993 51.213 129.873 115.707
-494.195 353.782 55.5079 51.213 129.873 115.707
-494.676 354.659 55.5165 51.213 129.873 115.707
-495.158 355.535 55.5251 51.213 129.873 115.707
-495.639 356.412 55.5337 51.211 129.868 115.709
-496.12 357.289 55.5422 51.211 129.868 115.709
-496.601 358.165 55.5508 51.211 129.868 115.709
-497.082 359.042 55.5594 51.211 129.868 115.709
-497.563 359.918 55.568 51.211 129.868 115.709
-498.044 360.795 55.5766 51.211 129.868 115.709
-498.525 361.672 55.5852 51.211 129.868 115.709
-499.006 362.548 55.5938 51.211 129.868 115.709
-499.487 363.425 55.6024 51.208 129.865 115.702
-499.968 364.302 55.611 51.209 129.865 115.702
-500.449 365.178 55.6196 51.21 129.864 115.7
-500.93 366.055 55.6281 51.209 129.864 115.697
-501.411 366.932 55.6367 51.208 129.863 115.696
-501.892 367.808 55.6453 51.207 129.863 115.697
-502.374 368.685 55.6539 51.207 129.863 115.697
-502.855 369.562 55.6625 51.205 129.86 115.696
-503.336 370.438 55.6711 51.205 129.859 115.695
-503.817 371.315 55.6797 51.203 129.86 115.695
-504.298 372.191 55.6883 51.204 129.86 115.697
-504.779 373.068 55.6969 51.202 129.857 115.694
-505.26 373.945 55.7055 51.202 129.857 115.694
-505.741 374.821 55.714 51.203 129.857 115.694
-506.222 375.698 55.7226 51.205 129.858 115.697
-506.703 376.575 55.7312 51.205 129.857 115.694
-507.184 377.451 55.7398 51.205 129.855 115.693
-507.665 378.328 55.7484 51.207 129.855 115.695
-508.146 379.205 55.757 51.204 129.855 115.697
-508.627 380.081 55.7656 51.204 129.855 115.697
-509.108 380.958 55.7742 51.203 129.852 115.69
-509.589 381.835 55.7828 51.204 129.851 115.691
-510.071 382.711 55.7914 51.201 129.851 115.685
-510.552 383.588 55.7999 51.198 129.849 115.681
-511.033 384.464 55.8085 51.2 129.849 115.681
-511.514 385.341 55.8171 51.2 129.849 115.682
-511.995 386.218 55.8257 51.2 129.849 115.682
-512.476 387.094 55.8343 51.199 129.848 115.682
-512.957 387.971 55.8429 51.198 129.848 115.678
-513.438 388.848 55.8515 51.197 129.848 115.68
-513.919 389.724 55.8601 51.197 129.848 115.679
-514.4 390.601 55.8687 51.195 129.847 115.676
-514.881 391.478 55.8773 51.196 129.847 115.676
-515.362 392.354 55.8858 51.197 129.846 115.677
-515.843 393.231 55.8944 51.199 129.845 115.677
-516.324 394.107 55.903 51.199 129.845 115.677
-516.805 394.984 55.9116 51.198 129.843 115.675
-517.287 395.861 55.9202 51.197 129.844 115.677
-517.768 396.737 55.9288 51.196 129.844 115.68
-518.249 397.614 55.9374 51.195 129.843 115.674
-518.73 398.491 55.946 51.197 129.842 115.673
-519.211 399.367 55.9546 51.197 129.842 115.668
-519.692 400.244 55.9631 51.195 129.842 115.667
-520.173 401.121 55.9717 51.195 129.842 115.667
-520.654 401.997 55.9803 51.195 129.84 115.668
-521.135 402.874 55.9889 51.197 129.84 115.67
-521.616 403.751 55.9975 51.193 129.839 115.668
-522.097 404.627 56.0061 51.192 129.838 115.669
-522.578 405.504 56.0147 51.195 129.839 115.673
-523.059 406.38 56.0233 51.195 129.839 115.673
-523.54 407.257 56.0319 51.201 129.839 115.676
-524.021 408.134 56.0405 51.201 129.839 115.676
-524.503 409.01 56.049 51.201 129.839 115.676
-524.984 409.887 56.0576 51.201 129.839 115.676
-525.465 410.764 56.0662 51.201 129.839 115.676
-525.946 411.64 56.0748 51.201 129.839 115.676
-526.427 412.517 56.0834 51.201 129.839 115.676
5
-397.032 178.936 54.701 51.265 129.979 115.821
-397.514 179.813 54.7097 51.265 129.979 115.821
-397.995 180.689 54.7184 51.265 129.979 115.821
-398.477 181.565 54.727 51.265 129.979 115.821
-398.959 182.441 54.7357 51.265 129.979 115.821
-399.441 183.317 54.7443 51.265 129.979 115.821
-399.923 184.194 54.753 51.265 129.979 115.821
-400.404 185.07 54.7617 51.265 129.979 115.821
-400.886 185.946 54.7703 51.265 129.979 115.821
-401.368 186.822 54.779 51.265 129.979 115.821
-401.85 187.699 54.7876 51.265 129.979 115.821
-402.332 188.575 54.7963 51.279 129.982 115.837
-402.814 189.451 54.805 51.278 129.978 115.846
-403.295 190.327 54.8136 51.279 129.976 115.85
-403.777 191.204 54.8223 51.276 129.976 115.847
-404.259 192.08 54.8309 51.272 129.974 115.837
-404.741 192.956 54.8396 51.27 129.972 115.831
-405.223 193.832 54.8483 51.269 129.972 115.828
-405.704 194.708 54.8569 51.269 129.97 115.824
-406.186 195.585 54.8656 51.269 129.97 115.824
-406.668 196.461 54.8742 51.268 129.97 115.823
-407.15 197.337 54.8829 51.266 129.97 115.821
-407.632 198.213 54.8916 51.267 129.97 115.826
-408.113 199.09 54.9002 51.266 129.971 115.829
-408.595 199.966 54.9089 51.266 129.971 115.825
-409.077 200.842 54.9175 51.265 129.969 115.822
-409.559 201.718 54.9262 51.263 129.966 115.813
-410.041 202.595 54.9349 51.263 129.966 115.813
-410.522 203.471 54.9435 51.261 129.967 115.812
-411.004 204.347 54.9522 51.259 129.966 115.811
-411.486 205.223 54.9608 51.259 129.965 115.812
-411.968 206.1 54.9695 51.259 129.967 115.813
-412.45 206.976 54.9782 51.259 129.967 115.814
-412.932 207.852 54.9868 51.261 129.965 115.814
-413.413 208.728 54.9955 51.261 129.963 115.814
-413.895 209.604 55.0041 51.26 129.964 115.814
-414.377 210.481 55.0128 51.26 129.964 115.814
-414.859 211.357 55.0215 51.259 129.962 115.811
-415.341 212.233 55.0301 51.26 129.962 115.812
-415.822 213.109 55.0388 51.26 129.961 115.813
-416.304 213.986 55.0474 51.26 129.961 115.813
-416.786 214.862 55.0561 51.261 129.961 115.817
-417.268 215.738 55.0648 51.259 129.961 115.813
-417.75 216.614 55.0734 51.258 129.96 115.81
-418.231 217.491 55.0821 51.257 129.958 115.803
-418.713 218.367 55.0907 51.254 129.956 115.796
-419.195 219.243 55.0994 51.254 129.956 115.797
-419.677 220.119 55.1081 51.255 129.955 115.797
-420.159 220.995 55.1167 51.253 129.954 115.797
-420.64 221.872 55.1254 51.253 129.954 115.797
-421.122 222.748 55.134 51.252 129.954 115.797
-421.604 223.624 55.1427 51.252 129.953 115.796
-422.086 224.5 55.1514 51.254 129.951 115.795
-422.568 225.377 55.16 51.254 129.952 115.794
-423.05 226.253 55.1687 51.254 129.951 115.794
-423.531 227.129 55.1773 51.254 129.949 115.792
-424.013 228.005 55.186 51.251 129.949 115.791
-424.495 228.882 55.1947 51.25 129.951 115.795
-424.977 229.758 55.2033 51.25 129.951 115.795
-425.459 230.634 55.212 51.251 129.949 115.799
-425.94 231.51 55.2206 51.253 129.948 115.797
-426.422 232.387 55.2293 51.254 129.948 115.799
-426.904 233.263 55.238 51.251 129.949 115.792
-427.386 234.139 55.2466 51.25 129.945 115.781
-427.868 235.015 55.2553 51.248 129.945 115.785
-428.349 235.891 55.2639 51.247 129.945 115.783
-428.831 236.768 55.2726 51.249 129.944 115.785
-429.313 237.644 55.2813 51.249 129.944 115.785
-429.795 238.52 55.2899 51.25 129.944 115.789
-430.277 239.396 55.2986 51.25 129.944 115.789
-430.758 240.273 55.3073 51.249 129.942 115.788
-431.24 241.149 55.3159 51.248 129.94 115.785
-431.722 242.025 55.3246 51.248 129.941 115.787
-432.204 242.901 55.3332 51.248 129.942 115.787
-432.686 243.778 55.3419 51.25 129.941 115.786
-433.168 244.654 55.3506 51.251 129.941 115.787
-433.649 245.53 55.3592 51.251 129.941 115.792
-434.131 246.406 55.3679 51.249 129.941 115.792
-434.613 247.282 55.3765 51.245 129.939 115.785
-435.095 248.159 55.3852 51.245 129.939 115.785
-435.577 249.035 55.3939 51.244 129.939 115.785
-436.058 249.911 55.4025 51.245 129.936 115.779
-436.54 250.787 55.4112 51.246 129.935 115.778
-437.022 251.664 55.4198 51.244 129.935 115.778
-437.504 252.54 55.4285 51.243 129.934 115.779
-437.986 253.416 55.4372 51.245 129.935 115.779
-438.467 254.292 55.4458 51.244 129.936 115.781
-438.949 255.169 55.4545 51.244 129.936 115.781
-439.431 256.045 55.4631 51.244 129.936 115.781
-439.913 256.921 55.4718 51.244 129.936 115.781
-440.395 257.797 55.4805 51.244 129.936 115.781
-440.876 258.674 55.4891 51.244 129.936 115.781
-441.358 259.55 55.4978 51.244 129.936 115.781
-441.84 260.426 55.5064 51.236 129.925 115.759
-442.322 261.302 55.5151 51.236 129.925 115.759
-442.804 262.178 55.5238 51.236 129.925 115.759
-443.286 263.055 55.5324 51.236 129.925 115.759
-443.767 263.931 55.5411 51.236 129.925 115.759
-444.249 264.807 55.5497 51.236 129.925 115.759
-444.731 265.683 55.5584 51.236 129.925 115.759
-445.213 266.56 55.5671 51.236 129.923 115.758
-445.695 267.436 55.5757 51.236 129.923 115.758
-446.176 268.312 55.5844 51.238 129.923 115.762
-446.658 269.188 55.593 51.241 129.92 115.761
-447.14 270.065 55.6017 51.24 129.919 115.76
-447.622 270.941 55.6104 51.238 129.919 115.761
-448.104 271.817 55.619 51.239 129.921 115.762
-448.585 272.693 55.6277 51.239 129.921 115.762
-449.067 273.569 55.6363 51.24 129.921 115.763
-449.549 274.446 55.645 51.24 129.921 115.763
-450.031 275.322 55.6537 51.239 129.921 115.763
-450.513 276.198 55.6623 51.239 129.92 115.761
-450.994 277.074 55.671 51.238 129.919 115.761
-451.476 277.951 55.6796 51.236 129.919 115.759
-451.958 278.827 55.6883 51.235 129.918 115.761
-452.44 279.703 55.697 51.235 129.919 115.761
-452.922 280.579 55.7056 51.236 129.921 115.761
-453.404 281.456 55.7143 51.237 129.917 115.758
-453.885 282.332 55.7229 51.237 129.917 115.758
-454.367 283.208 55.7316 51.237 129.913 115.754
-454.849 284.084 55.7403 51.235 129.914 115.756
-455.331 284.96 55.7489 51.236 129.915 115.757
-455.813 285.837 55.7576 51.236 129.912 115.754
-456.294 286.713 55.7662 51.235 129.91 115.755
-456.776 287.589 55.7749 51.235 129.913 115.757
-457.258 288.465 55.7836 51.234 129.911 115.756
-457.74 289.342 55.7922 51.234 129.911 115.756
-458.222 290.218 55.8009 51.233 129.91 115.754
-458.703 291.094 55.8095 51.234 129.912 115.757
-459.185 291.97 55.8182 51.233 129.912 115.755
-459.667 292.847 55.8269 51.23 129.91 115.753
-460.149 293.723 55.8355 51.231 129.91 115.754
-460.631 294.599 55.8442 51.232 129.912 115.756
-461.112 295.475 55.8528 51.231 129.91 115.756
-461.594 296.352 55.8615 51.231 129.908 115.755
-462.076 297.228 55.8702 51.231 129.908 115.755
-462.558 298.104 55.8788 51.23 129.907 115.75
-463.04 298.98 55.8875 51.232 129.906 115.746
-463.522 299.856 55.8961 51.231 129.905 115.744
-464.003 300.733 55.9048 51.231 129.904 115.746
-464.485 301.609 55.9135 51.231 129.904 115.746
-464.967 302.485 55.9221 51.231 129.903 115.746
-465.449 303.361 55.9308 51.231 129.904 115.745
-465.931 304.238 55.9394 51.227 129.904 115.743
-466.412 305.114 55.9481 51.227 129.903 115.741
-466.894 305.99 55.9568 51.229 129.902 115.74
-467.376 306.866 55.9654 51.228 129.9 115.738
-467.858 307.743 55.9741 51.225 129.901 115.736
-468.34 308.619 55.9827 51.225 129.901 115.736
-468.821 309.495 55.9914 51.224 129.899 115.734
-469.303 310.371 56.0001 51.223 129.898 115.733
-469.785 311.247 56.0087 51.223 129.898 115.734
-470.267 312.124 56.0174 51.224 129.897 115.737
-470.749 313 56.026 51.224 129.894 115.734
-471.23 313.876 56.0347 51.224 129.895 115.735
-471.712 314.752 56.0434 51.225 129.895 115.73
-472.194 315.629 56.052 51.224 129.896 115.731
-472.676 316.505 56.0607 51.223 129.895 115.73
-473.158 317.381 56.0693 51.223 129.897 115.731
-473.64 318.257 56.078 51.223 129.897 115.731
-474.121 319.134 56.0867 51.221 129.896 115.729
-474.603 320.01 56.0953 51.221 129.893 115.728
-475.085 320.886 56.104 51.223 129.891 115.728
-475.567 321.762 56.1126 51.22 129.891 115.728
-476.049 322.639 56.1213 51.219 129.889 115.726
-476.53 323.515 56.13 51.219 129.89 115.726
-477.012 324.391 56.1386 51.22 129.89 115.727
-477.494 325.267 56.1473 51.22 129.89 115.727
-477.976 326.143 56.1559 51.22 129.89 115.727
-478.458 327.02 56.1646 51.22 129.89 115.727
-478.939 327.896 56.1733 51.221 129.89 115.731
-479.421 328.772 56.1819 51.221 129.89 115.731
-479.903 329.648 56.1906 51.222 129.887 115.73
-480.385 330.525 56.1992 51.222 129.887 115.731
-480.867 331.401 56.2079 51.222 129.887 115.726
-481.348 332.277 56.2166 51.222 129.884 115.721
-481.83 333.153 56.2252 51.222 129.884 115.721
-482.312 334.03 56.2339 51.22 129.882 115.721
-482.794 334.906 56.2425 51.219 129.884 115.721
-483.276 335.782 56.2512 51.218 129.882 115.72
-483.758 336.658 56.2599 51.218 129.881 115.719
-484.239 337.534 56.2685 51.218 129.881 115.72
-484.721 338.411 56.2772 51.216 129.883 115.721
-485.203 339.287 56.2858 51.217 129.882 115.721
-485.685 340.163 56.2945 51.217 129.882 115.721
-486.167 341.039 56.3032 51.216 129.882 115.719
-486.648 341.916 56.3118 51.212 129.88 115.716
-487.13 342.792 56.3205 51.21 129.878 115.712
-487.612 343.668 56.3291 51.211 129.876 115.711
-488.094 344.544 56.3378 51.214 129.877 115.716
-488.576 345.421 56.3465 51.215 129.877 115.718
-489.057 346.297 56.3551 51.216 129.876 115.716
-489.539 347.173 56.3638 51.217 129.876 115.714
-490.021 348.049 56.3724 51.217 129.876 115.714
-490.503 348.926 56.3811 51.216 129.875 115.712
-490.985 349.802 56.3898 51.214 129.872 115.707
-491.466 350.678 56.3984 51.212 129.873 115.707
-491.948 351.554 56.4071 51.214 129.872 115.706
-492.43 352.43 56.4158 51.214 129.872 115.706
-492.912 353.307 56.4244 51.214 129.872 115.706
-493.394 354.183 56.4331 51.214 129.872 115.706
-493.876 355.059 56.4417 51.214 129.872 115.706
-494.357 355.935 56.4504 51.214 129.872 115.706
-494.839 356.812 56.4591 51.214 129.872 115.706
-495.321 357.688 56.4677 51.214 129.872 115.706
-495.803 358.564 56.4764 51.209 129.864 115.7
-496.285 359.44 56.485 51.209 129.864 115.7
-496.766 360.317 56.4937 51.209 129.864 115.7
-497.248 361.193 56.5024 51.209 129.864 115.7
-497.73 362.069 56.511 51.209 129.864 115.7
-498.212 362.945 56.5197 51.209 129.864 115.7
-498.694 363.821 56.5283 51.209 129.864 115.7
-499.175 364.698 56.537 51.209 129.864 115.7
-499.657 365.574 56.5457 51.209 129.863 115.697
-500.139 366.45 56.5543 51.208 129.863 115.696
-500.621 367.326 56.563 51.208 129.863 115.696
-501.103 368.203 56.5716 51.208 129.863 115.697
-501.584 369.079 56.5803 51.206 129.861 115.696
-502.066 369.955 56.589 51.205 129.86 115.697
-502.548 370.831 56.5976 51.204 129.86 115.696
-503.03 371.708 56.6063 51.203 129.86 115.696
-503.512 372.584 56.6149 51.203 129.86 115.696
-503.993 373.46 56.6236 51.203 129.859 115.696
-504.475 374.336 56.6323 51.203 129.857 115.695
-504.957 375.213 56.6409 51.205 129.859 115.696
-505.439 376.089 56.6496 51.205 129.858 115.697
-505.921 376.965 56.6582 51.204 129.857 115.693
-506.403 377.841 56.6669 51.204 129.856 115.693
-506.884 378.717 56.6756 51.206 129.856 115.698
-507.366 379.594 56.6842 51.206 129.856 115.698
-507.848 380.47 56.6929 51.203 129.853 115.695
-508.33 381.346 56.7015 51.205 129.851 115.694
-508.812 382.222 56.7102 51.203 129.852 115.692
-509.293 383.099 56.7189 51.201 129.851 115.687
-509.775 383.975 56.7275 51.199 129.85 115.683
-510.257 384.851 56.7362 51.201 129.849 115.683
-510.739 385.727 56.7448 51.2 129.849 115.684
-511.221 386.604 56.7535 51.2 129.849 115.684
-511.702 387.48 56.7622 51.2 129.848 115.681
-512.184 388.356 56.7708 51.197 129.847 115.678
-512.666 389.232 56.7795 51.197 129.848 115.679
-513.148 390.108 56.7881 51.196 129.847 115.678
-513.63 390.985 56.7968 51.195 129.847 115.676
-514.111 391.861 56.8055 51.195 129.847 115.675
-514.593 392.737 56.8141 51.197 129.846 115.678
-515.075 393.613 56.8228 51.198 129.845 115.676
-515.557 394.49 56.8314 51.197 129.843 115.674
-516.039 395.366 56.8401 51.197 129.843 115.674
-516.521 396.242 56.8488 51.196 129.843 115.678
-517.002 397.118 56.8574 51.195 129.844 115.676
-517.484 397.995 56.8661 51.195 129.842 115.672
-517.966 398.871 56.8747 51.196 129.841 115.671
-518.448 399.747 56.8834 51.197 129.841 115.666
-518.93 400.623 56.8921 51.196 129.841 115.666
-519.411 401.5 56.9007 51.197 129.839 115.667
-519.893 402.376 56.9094 51.197 129.839 115.667
-520.375 403.252 56.918 51.197 129.838 115.668
-520.857 404.128 56.9267 51.194 129.839 115.668
-521.339 405.004 56.9354 51.192 129.839 115.669
-521.82 405.881 56.944 51.195 129.839 115.672
-522.302 406.757 56.9527 51.199 129.839 115.672
-522.784 407.633 56.9613 51.199 129.839 115.672
-523.266 408.509 56.97 51.199 129.839 115.672
-523.748 409.386 56.9787 51.199 129.839 115.672
-524.229 410.262 56.9873 51.199 129.839 115.672
-524.711 411.138 56.996 51.199 129.839 115.672
-525.193 412.014 57.0046 51.199 129.839 115.672
-525.675 412.891 57.0133 51.199 129.839 115.672
-526.157 413.767 57.022 51.199 129.839 115.672
-526.639 414.643 57.0306 51.199 129.839 115.672
-527.12 415.519 57.0393 51.199 129.839 115.672
