1
-735.643 249.741 -105.545 -84.505 136.683 -110.089
-736.143 248.875 -105.531 -84.505 136.683 -110.089
-736.642 248.009 -105.517 -84.505 136.683 -110.089
-737.142 247.143 -105.503 -84.505 136.683 -110.089
-737.642 246.277 -105.489 -84.499 136.695 -110.098
-738.142 245.411 -105.475 -84.489 136.692 -110.101
-738.642 244.545 -105.461 -84.485 136.687 -110.1
-739.141 243.679 -105.447 -84.483 136.684 -110.101
-739.641 242.812 -105.433 -84.481 136.683 -110.099
-740.141 241.946 -105.419 -84.482 136.684 -110.095
-740.641 241.08 -105.405 -84.482 136.684 -110.095
-741.141 240.214 -105.391 -84.482 136.685 -110.093
-741.64 239.348 -105.377 -84.48 136.682 -110.087
-742.14 238.482 -105.363 -84.481 136.682 -110.084
-742.64 237.616 -105.349 -84.481 136.68 -110.083
-743.14 236.75 -105.335 -84.481 136.68 -110.083
-743.64 235.884 -105.321 -84.48 136.681 -110.082
-744.139 235.018 -105.307 -84.477 136.68 -110.079
-744.639 234.152 -105.293 -84.477 136.68 -110.079
-745.139 233.286 -105.279 -84.478 136.679 -110.078
-745.639 232.42 -105.265 -84.478 136.679 -110.08
-746.139 231.554 -105.251 -84.478 136.679 -110.08
-746.638 230.688 -105.237 -84.478 136.679 -110.08
-747.138 229.822 -105.223 -84.478 136.679 -110.08
-747.638 228.956 -105.209 -84.478 136.679 -110.08
-748.138 228.09 -105.195 -84.478 136.679 -110.08
-748.637 227.224 -105.181 -84.478 136.679 -110.08
-749.137 226.358 -105.167 -84.478 136.679 -110.08
-749.637 225.492 -105.153 -84.478 136.679 -110.08
-750.137 224.626 -105.139 -84.478 136.679 -110.08
-750.637 223.76 -105.125 -84.478 136.679 -110.08
-751.136 222.894 -105.111 -84.478 136.679 -110.08
-751.636 222.028 -105.097 -84.478 136.679 -110.08
-752.136 221.162 -105.083 -84.478 136.679 -110.08
-752.636 220.296 -105.069 -84.478 136.679 -110.08
-753.136 219.43 -105.055 -84.478 136.679 -110.08
-753.635 218.564 -105.041 -84.478 136.679 -110.08
-754.135 217.698 -105.027 -84.478 136.679 -110.08
-754.635 216.832 -105.013 -84.478 136.679 -110.08
-755.135 215.966 -104.999 -84.478 136.679 -110.08
-755.635 215.1 -104.985 -84.478 136.679 -110.08
2
-734.482 250.077 -105.355 -84.505 136.683 -110.089
-734.988 249.214 -105.35 -84.505 136.683 -110.089
-735.494 248.352 -105.345 -84.505 136.683 -110.089
-736 247.489 -105.341 -84.505 136.683 -110.089
-736.505 246.626 -105.336 -84.505 136.683 -110.089
-737.011 245.763 -105.331 -84.497 136.695 -110.1
-737.517 244.901 -105.326 -84.489 136.695 -110.104
-738.022 244.038 -105.321 -84.484 136.688 -110.103
-738.528 243.175 -105.317 -84.484 136.688 -110.103
-739.034 242.313 -105.312 -84.483 136.685 -110.104
-739.54 241.45 -105.307 -84.482 136.684 -110.101
-740.045 240.587 -105.302 -84.482 136.685 -110.098
-740.551 239.725 -105.298 -84.482 136.685 -110.095
-741.057 238.862 -105.293 -84.481 136.682 -110.088
-741.562 237.999 -105.288 -84.481 136.682 -110.088
-742.068 237.137 -105.283 -84.482 136.681 -110.086
-742.574 236.274 -105.279 -84.481 136.679 -110.083
-743.08 235.411 -105.274 -84.481 136.679 -110.083
-743.585 234.549 -105.269 -84.479 136.68 -110.082
-744.091 233.686 -105.264 -84.476 136.679 -110.079
-744.597 232.823 -105.26 -84.478 136.679 -110.077
-745.102 231.96 -105.255 -84.478 136.679 -110.077
-745.608 231.098 -105.25 -84.477 136.679 -110.078
-746.114 230.235 -105.245 -84.477 136.679 -110.078
-746.62 229.372 -105.241 -84.475 136.678 -110.076
-747.125 228.51 -105.236 -84.475 136.678 -110.076
-747.631 227.647 -105.231 -84.475 136.678 -110.076
-748.137 226.784 -105.226 -84.475 136.678 -110.076
-748.642 225.922 -105.222 -84.475 136.678 -110.076
-749.148 225.059 -105.217 -84.475 136.678 -110.076
-749.654 224.196 -105.212 -84.475 136.678 -110.076
-750.16 223.334 -105.207 -84.475 136.678 -110.076
-750.665 222.471 -105.203 -84.475 136.678 -110.076
-751.171 221.608 -105.198 -84.475 136.678 -110.076
-751.677 220.746 -105.193 -84.475 136.678 -110.076
-752.182 219.883 -105.188 -84.475 136.678 -110.076
-752.688 219.02 -105.184 -84.475 136.678 -110.076
-753.194 218.157 -105.179 -84.475 136.678 -110.076
-753.7 217.295 -105.174 -84.475 136.678 -110.076
-754.205 216.432 -105.169 -84.475 136.678 -110.076
-754.711 215.569 -105.165 -84.475 136.678 -110.076
3
-737.655 249.95 -105.04 -84.485 136.686 -110.103
-738.159 249.087 -105.02 -84.485 136.686 -110.103
-738.664 248.224 -105.001 -84.485 136.686 -110.103
-739.168 247.36 -104.982 -84.485 136.686 -110.103
-739.672 246.497 -104.962 -84.485 136.686 -110.103
-740.177 245.634 -104.943 -84.485 136.686 -110.103
-740.681 244.77 -104.924 -84.484 136.683 -110.1
-741.186 243.907 -104.904 -84.484 136.683 -110.1
-741.69 243.044 -104.885 -84.484 136.682 -110.094
-742.194 242.181 -104.866 -84.482 136.682 -110.09
-742.699 241.317 -104.846 -84.482 136.682 -110.09
-743.203 240.454 -104.827 -84.483 136.682 -110.086
-743.707 239.591 -104.808 -84.483 136.681 -110.085
-744.212 238.728 -104.788 -84.482 136.679 -110.084
-744.716 237.864 -104.769 -84.482 136.679 -110.084
-745.22 237.001 -104.75 -84.481 136.677 -110.08
-745.725 236.138 -104.73 -84.483 136.678 -110.081
-746.229 235.274 -104.711 -84.482 136.679 -110.081
-746.734 234.411 -104.692 -84.482 136.679 -110.081
-747.238 233.548 -104.672 -84.48 136.679 -110.082
-747.742 232.685 -104.653 -84.479 136.677 -110.08
-748.247 231.821 -104.633 -84.479 136.676 -110.078
-748.751 230.958 -104.614 -84.479 136.676 -110.078
-749.255 230.095 -104.595 -84.479 136.676 -110.078
-749.76 229.231 -104.575 -84.479 136.676 -110.078
-750.264 228.368 -104.556 -84.479 136.676 -110.078
-750.768 227.505 -104.537 -84.479 136.676 -110.078
-751.273 226.642 -104.517 -84.479 136.676 -110.078
-751.777 225.778 -104.498 -84.479 136.676 -110.078
-752.282 224.915 -104.479 -84.479 136.676 -110.078
-752.786 224.052 -104.459 -84.479 136.676 -110.078
-753.29 223.189 -104.44 -84.479 136.676 -110.078
-753.795 222.325 -104.421 -84.479 136.676 -110.078
-754.299 221.462 -104.401 -84.479 136.676 -110.078
-754.803 220.599 -104.382 -84.479 136.676 -110.078
-755.308 219.735 -104.363 -84.479 136.676 -110.078
-755.812 218.872 -104.343 -84.479 136.676 -110.078
-756.316 218.009 -104.324 -84.479 136.676 -110.078
-756.821 217.146 -104.305 -84.479 136.676 -110.078
-757.325 216.282 -104.285 -84.479 136.676 -110.078
-757.83 215.419 -104.266 -84.479 136.676 -110.078
4
-734.744 249.148 -104.812 -84.506 136.684 -110.091
-735.268 248.296 -104.813 -84.506 136.684 -110.091
-735.792 247.445 -104.814 -84.506 136.684 -110.091
-736.316 246.593 -104.815 -84.506 136.684 -110.091
-736.841 245.742 -104.816 -84.506 136.684 -110.091
-737.365 244.89 -104.817 -84.488 136.696 -110.101
-737.889 244.039 -104.818 -84.486 136.69 -110.103
-738.413 243.187 -104.82 -84.486 136.69 -110.103
-738.937 242.335 -104.821 -84.485 136.688 -110.104
-739.462 241.484 -104.822 -84.483 136.684 -110.101
-739.986 240.632 -104.823 -84.482 136.682 -110.097
-740.51 239.781 -104.824 -84.482 136.683 -110.094
-741.034 238.929 -104.825 -84.482 136.683 -110.094
-741.559 238.077 -104.826 -84.481 136.683 -110.09
-742.083 237.226 -104.827 -84.483 136.683 -110.088
-742.607 236.374 -104.828 -84.483 136.681 -110.086
-743.131 235.523 -104.829 -84.483 136.681 -110.086
-743.655 234.671 -104.83 -84.482 136.679 -110.084
-744.18 233.82 -104.831 -84.481 136.676 -110.082
-744.704 232.968 -104.832 -84.483 136.678 -110.083
-745.228 232.116 -104.833 -84.482 136.678 -110.083
-745.752 231.265 -104.834 -84.482 136.678 -110.083
-746.277 230.413 -104.835 -84.48 136.679 -110.083
-746.801 229.562 -104.836 -84.48 136.679 -110.083
-747.325 228.71 -104.837 -84.48 136.679 -110.083
-747.849 227.859 -104.838 -84.48 136.679 -110.083
-748.373 227.007 -104.839 -84.48 136.679 -110.083
-748.898 226.155 -104.84 -84.48 136.679 -110.083
-749.422 225.304 -104.841 -84.48 136.679 -110.083
-749.946 224.452 -104.842 -84.48 136.679 -110.083
-750.47 223.601 -104.844 -84.48 136.679 -110.083
-750.995 222.749 -104.845 -84.48 136.679 -110.083
-751.519 221.897 -104.846 -84.48 136.679 -110.083
-752.043 221.046 -104.847 -84.48 136.679 -110.083
-752.567 220.194 -104.848 -84.48 136.679 -110.083
-753.091 219.343 -104.849 -84.48 136.679 -110.083
-753.616 218.491 -104.85 -84.48 136.679 -110.083
-754.14 217.64 -104.851 -84.48 136.679 -110.083
-754.664 216.788 -104.852 -84.48 136.679 -110.083
-755.188 215.936 -104.853 -84.48 136.679 -110.083
-755.713 215.085 -104.854 -84.48 136.679 -110.083
5
-734.877 249.223 -104.187 -84.505 136.684 -110.087
-735.382 248.359 -104.182 -84.505 136.684 -110.087
-735.887 247.496 -104.177 -84.505 136.684 -110.087
-736.391 246.633 -104.173 -84.505 136.684 -110.087
-736.896 245.769 -104.168 -84.5 136.696 -110.099
-737.4 244.906 -104.163 -84.491 136.697 -110.102
-737.905 244.043 -104.159 -84.487 136.692 -110.104
-738.41 243.179 -104.154 -84.487 136.689 -110.107
-738.914 242.316 -104.149 -84.485 136.686 -110.106
-739.419 241.453 -104.144 -84.485 136.686 -110.106
-739.924 240.589 -104.14 -84.485 136.684 -110.103
-740.428 239.726 -104.135 -84.484 136.683 -110.1
-740.933 238.863 -104.13 -84.483 136.683 -110.094
-741.437 237.999 -104.126 -84.483 136.683 -110.094
-741.942 237.136 -104.121 -84.484 136.683 -110.091
-742.447 236.273 -104.116 -84.484 136.682 -110.091
-742.951 235.41 -104.112 -84.481 136.68 -110.087
-743.456 234.546 -104.107 -84.481 136.678 -110.087
-743.961 233.683 -104.102 -84.48 136.677 -110.084
-744.465 232.82 -104.097 -84.482 136.677 -110.085
-744.97 231.956 -104.093 -84.481 136.677 -110.085
-745.474 231.093 -104.088 -84.48 136.678 -110.084
-745.979 230.23 -104.083 -84.48 136.678 -110.084
-746.484 229.366 -104.079 -84.48 136.678 -110.084
-746.988 228.503 -104.074 -84.479 136.671 -110.075
-747.493 227.64 -104.069 -84.479 136.671 -110.075
-747.998 226.776 -104.065 -84.479 136.671 -110.075
-748.502 225.913 -104.06 -84.483 136.671 -110.074
-749.007 225.05 -104.055 -84.483 136.671 -110.074
-749.511 224.186 -104.05 -84.483 136.671 -110.074
-750.016 223.323 -104.046 -84.483 136.671 -110.074
-750.521 222.46 -104.041 -84.483 136.671 -110.074
-751.025 221.596 -104.036 -84.483 136.671 -110.074
-751.53 220.733 -104.032 -84.483 136.671 -110.074
-752.035 219.87 -104.027 -84.483 136.671 -110.074
-752.539 219.006 -104.022 -84.483 136.671 -110.074
-753.044 218.143 -104.017 -84.483 136.671 -110.074
-753.548 217.28 -104.013 -84.483 136.671 -110.074
-754.053 216.416 -104.008 -84.483 136.671 -110.074
-754.558 215.553 -104.003 -84.483 136.671 -110.074
-755.062 214.69 -103.999 -84.483 136.671 -110.074
6
-735.191 251.404 -103.504 -84.484 136.683 -110.099
-735.68 250.533 -103.548 -84.484 136.683 -110.099
-736.169 249.662 -103.592 -84.484 136.683 -110.099
-736.658 248.791 -103.637 -84.484 136.683 -110.099
-737.147 247.919 -103.681 -84.484 136.683 -110.099
-737.636 247.048 -103.725 -84.484 136.683 -110.099
-738.125 246.177 -103.77 -84.484 136.683 -110.099
-738.613 245.306 -103.814 -84.484 136.683 -110.099
-739.102 244.435 -103.858 -84.484 136.683 -110.099
-739.591 243.563 -103.903 -84.484 136.683 -110.099
-740.08 242.692 -103.947 -84.484 136.683 -110.099
-740.569 241.821 -103.991 -84.484 136.683 -110.099
-741.058 240.95 -104.036 -84.484 136.683 -110.099
-741.547 240.079 -104.08 -84.483 136.684 -110.094
-742.036 239.208 -104.124 -84.483 136.684 -110.094
-742.525 238.336 -104.169 -84.483 136.683 -110.091
-743.014 237.465 -104.213 -84.483 136.681 -110.09
-743.503 236.594 -104.257 -84.481 136.68 -110.089
-743.992 235.723 -104.302 -84.481 136.68 -110.089
-744.481 234.852 -104.346 -84.48 136.677 -110.083
-744.97 233.98 -104.39 -84.482 136.678 -110.086
-745.459 233.109 -104.435 -84.481 136.677 -110.083
-745.948 232.238 -104.479 -84.48 136.678 -110.085
-746.437 231.367 -104.523 -84.48 136.678 -110.085
-746.926 230.496 -104.568 -84.48 136.678 -110.085
-747.415 229.625 -104.612 -84.48 136.678 -110.085
-747.904 228.753 -104.656 -84.48 136.678 -110.085
-748.393 227.882 -104.701 -84.48 136.678 -110.085
-748.882 227.011 -104.745 -84.48 136.678 -110.085
-749.37 226.14 -104.789 -84.48 136.678 -110.085
-749.859 225.269 -104.833 -84.48 136.678 -110.085
-750.348 224.397 -104.878 -84.48 136.678 -110.085
-750.837 223.526 -104.922 -84.48 136.678 -110.085
-751.326 222.655 -104.966 -84.48 136.678 -110.085
-751.815 221.784 -105.011 -84.48 136.678 -110.085
-752.304 220.913 -105.055 -84.48 136.678 -110.085
-752.793 220.042 -105.099 -84.48 136.678 -110.085
-753.282 219.17 -105.144 -84.48 136.678 -110.085
-753.771 218.299 -105.188 -84.48 136.678 -110.085
-754.26 217.428 -105.232 -84.48 136.678 -110.085
-754.749 216.557 -105.277 -84.48 136.678 -110.085
7
-735.115 248.732 -105.035 -84.503 136.684 -110.085
-735.61 247.864 -105.026 -84.503 136.684 -110.085
-736.106 246.996 -105.016 -84.503 136.684 -110.085
-736.602 246.127 -105.006 -84.503 136.684 -110.085
-737.097 245.259 -104.996 -84.497 136.695 -110.097
-737.593 244.39 -104.986 -84.489 136.697 -110.102
-738.089 243.522 -104.977 -84.486 136.693 -110.104
-738.584 242.653 -104.967 -84.486 136.69 -110.106
-739.08 241.785 -104.957 -84.483 136.685 -110.104
-739.576 240.916 -104.947 -84.483 136.685 -110.104
-740.071 240.048 -104.938 -84.483 136.683 -110.099
-740.567 239.18 -104.928 -84.483 136.683 -110.098
-741.063 238.311 -104.918 -84.481 136.682 -110.094
-741.558 237.443 -104.908 -84.483 136.682 -110.09
-742.054 236.574 -104.898 -84.483 136.682 -110.09
-742.55 235.706 -104.889 -84.483 136.681 -110.09
-743.045 234.837 -104.879 -84.483 136.678 -110.089
-743.541 233.969 -104.869 -84.483 136.676 -110.087
-744.037 233.1 -104.859 -84.483 136.675 -110.086
-744.532 232.232 -104.849 -84.484 136.675 -110.086
-745.028 231.364 -104.84 -84.484 136.675 -110.086
-745.524 230.495 -104.83 -84.484 136.675 -110.086
-746.02 229.627 -104.82 -84.484 136.675 -110.086
-746.515 228.758 -104.81 -84.484 136.675 -110.086
-747.011 227.89 -104.8 -84.484 136.675 -110.086
-747.507 227.021 -104.791 -84.484 136.675 -110.086
-748.002 226.153 -104.781 -84.484 136.675 -110.086
-748.498 225.284 -104.771 -84.484 136.675 -110.086
-748.994 224.416 -104.761 -84.484 136.675 -110.086
-749.489 223.547 -104.751 -84.484 136.675 -110.086
-749.985 222.679 -104.742 -84.484 136.675 -110.086
-750.481 221.811 -104.732 -84.484 136.675 -110.086
-750.976 220.942 -104.722 -84.484 136.675 -110.086
-751.472 220.074 -104.712 -84.484 136.675 -110.086
-751.968 219.205 -104.702 -84.484 136.675 -110.086
-752.463 218.337 -104.693 -84.484 136.675 -110.086
-752.959 217.468 -104.683 -84.484 136.675 -110.086
-753.455 216.6 -104.673 -84.484 136.675 -110.086
-753.95 215.731 -104.663 -84.484 136.675 -110.086
-754.446 214.863 -104.653 -84.484 136.675 -110.086
-754.942 213.995 -104.644 -84.484 136.675 -110.086
8
-734.894 248.226 -104.787 -84.504 136.683 -110.087
-735.393 247.359 -104.784 -84.504 136.683 -110.087
-735.892 246.492 -104.782 -84.504 136.683 -110.087
-736.391 245.626 -104.78 -84.504 136.683 -110.087
-736.889 244.759 -104.778 -84.497 136.697 -110.099
-737.388 243.892 -104.775 -84.487 136.694 -110.102
-737.887 243.026 -104.773 -84.487 136.69 -110.105
-738.386 242.159 -104.771 -84.487 136.69 -110.105
-738.885 241.292 -104.769 -84.485 136.687 -110.105
-739.383 240.425 -104.767 -84.484 136.683 -110.101
-739.882 239.559 -104.764 -84.484 136.683 -110.101
-740.381 238.692 -104.762 -84.484 136.682 -110.098
-740.88 237.825 -104.76 -84.482 136.682 -110.091
-741.379 236.959 -104.758 -84.483 136.683 -110.09
-741.877 236.092 -104.756 -84.484 136.681 -110.087
-742.376 235.225 -104.753 -84.484 136.681 -110.087
-742.875 234.358 -104.751 -84.482 136.68 -110.086
-743.374 233.492 -104.749 -84.48 136.678 -110.083
-743.873 232.625 -104.747 -84.479 136.676 -110.081
-744.371 231.758 -104.744 -84.482 136.676 -110.081
-744.87 230.892 -104.742 -84.481 136.677 -110.081
-745.369 230.025 -104.74 -84.481 136.677 -110.081
-745.868 229.158 -104.738 -84.481 136.677 -110.081
-746.367 228.291 -104.736 -84.481 136.677 -110.081
-746.865 227.425 -104.733 -84.481 136.677 -110.081
-747.364 226.558 -104.731 -84.481 136.677 -110.081
-747.863 225.691 -104.729 -84.481 136.677 -110.081
-748.362 224.825 -104.727 -84.481 136.677 -110.081
-748.861 223.958 -104.725 -84.481 136.677 -110.081
-749.359 223.091 -104.722 -84.481 136.677 -110.081
-749.858 222.224 -104.72 -84.481 136.677 -110.081
-750.357 221.358 -104.718 -84.481 136.677 -110.081
-750.856 220.491 -104.716 -84.481 136.677 -110.081
-751.355 219.624 -104.713 -84.481 136.677 -110.081
-751.853 218.758 -104.711 -84.481 136.677 -110.081
-752.352 217.891 -104.709 -84.481 136.677 -110.081
-752.851 217.024 -104.707 -84.481 136.677 -110.081
-753.35 216.157 -104.705 -84.481 136.677 -110.081
-753.849 215.291 -104.702 -84.481 136.677 -110.081
-754.347 214.424 -104.7 -84.481 136.677 -110.081
-754.846 213.557 -104.698 -84.481 136.677 -110.081
9
-734.723 248.555 -104.729 -84.505 136.684 -110.088
-735.228 247.692 -104.72 -84.505 136.684 -110.088
-735.733 246.828 -104.712 -84.505 136.684 -110.088
-736.237 245.965 -104.703 -84.505 136.684 -110.088
-736.742 245.102 -104.694 -84.499 136.695 -110.099
-737.247 244.239 -104.685 -84.488 136.694 -110.102
-737.751 243.375 -104.676 -84.487 136.69 -110.104
-738.256 242.512 -104.667 -84.487 136.69 -110.104
-738.76 241.649 -104.658 -84.485 136.688 -110.105
-739.265 240.785 -104.649 -84.484 136.684 -110.103
-739.77 239.922 -104.64 -84.483 136.682 -110.099
-740.274 239.059 -104.631 -84.483 136.682 -110.099
-740.779 238.195 -104.622 -84.482 136.682 -110.094
-741.283 237.332 -104.613 -84.482 136.683 -110.091
-741.788 236.469 -104.604 -84.483 136.682 -110.088
-742.293 235.606 -104.595 -84.483 136.682 -110.088
-742.797 234.742 -104.586 -84.482 136.679 -110.085
-743.302 233.879 -104.577 -84.482 136.679 -110.085
-743.807 233.016 -104.568 -84.481 136.676 -110.082
-744.311 232.152 -104.559 -84.482 136.676 -110.082
-744.816 231.289 -104.55 -84.481 136.676 -110.081
-745.32 230.426 -104.541 -84.479 136.676 -110.081
-745.825 229.562 -104.532 -84.479 136.676 -110.081
-746.33 228.699 -104.523 -84.479 136.676 -110.081
-746.834 227.836 -104.514 -84.479 136.676 -110.081
-747.339 226.973 -104.505 -84.479 136.676 -110.081
-747.844 226.109 -104.496 -84.479 136.676 -110.081
-748.348 225.246 -104.487 -84.479 136.676 -110.081
-748.853 224.383 -104.478 -84.479 136.676 -110.081
-749.357 223.519 -104.469 -84.479 136.676 -110.081
-749.862 222.656 -104.46 -84.479 136.676 -110.081
-750.367 221.793 -104.451 -84.479 136.676 -110.081
-750.871 220.93 -104.442 -84.479 136.676 -110.081
-751.376 220.066 -104.433 -84.479 136.676 -110.081
-751.881 219.203 -104.424 -84.479 136.676 -110.081
-752.385 218.34 -104.416 -84.479 136.676 -110.081
-752.89 217.476 -104.407 -84.479 136.676 -110.081
-753.394 216.613 -104.398 -84.479 136.676 -110.081
-753.899 215.75 -104.389 -84.479 136.676 -110.081
-754.404 214.886 -104.38 -84.479 136.676 -110.081
-754.908 214.023 -104.371 -84.479 136.676 -110.081
10
-734.575 250.55 -104.317 -84.505 136.685 -110.09
-735.081 249.688 -104.312 -84.505 136.685 -110.09
-735.586 248.825 -104.307 -84.505 136.685 -110.09
-736.092 247.963 -104.302 -84.505 136.685 -110.09
-736.598 247.1 -104.297 -84.505 136.685 -110.09
-737.104 246.237 -104.293 -84.493 136.694 -110.097
-737.61 245.375 -104.288 -84.486 136.695 -110.1
-738.116 244.512 -104.283 -84.484 136.691 -110.101
-738.622 243.65 -104.278 -84.484 136.688 -110.103
-739.127 242.787 -104.273 -84.484 136.688 -110.103
-739.633 241.924 -104.269 -84.481 136.684 -110.098
-740.139 241.062 -104.264 -84.482 136.681 -110.093
-740.645 240.199 -104.259 -84.482 136.681 -110.093
-741.151 239.337 -104.254 -84.481 136.681 -110.087
-741.657 238.474 -104.249 -84.482 136.683 -110.088
-742.162 237.611 -104.245 -84.482 136.682 -110.085
-742.668 236.749 -104.24 -84.483 136.681 -110.084
-743.174 235.886 -104.235 -84.483 136.681 -110.084
-743.68 235.023 -104.23 -84.481 136.679 -110.082
-744.186 234.161 -104.225 -84.482 136.678 -110.082
-744.692 233.298 -104.221 -84.482 136.678 -110.082
-745.198 232.436 -104.216 -84.483 136.679 -110.085
-745.703 231.573 -104.211 -84.481 136.678 -110.085
-746.209 230.71 -104.206 -84.48 136.679 -110.086
-746.715 229.848 -104.201 -84.48 136.679 -110.086
-747.221 228.985 -104.197 -84.48 136.674 -110.079
-747.727 228.123 -104.192 -84.48 136.674 -110.079
-748.233 227.26 -104.187 -84.482 136.671 -110.076
-748.738 226.397 -104.182 -84.482 136.671 -110.076
-749.244 225.535 -104.177 -84.482 136.671 -110.076
-749.75 224.672 -104.173 -84.482 136.671 -110.076
-750.256 223.81 -104.168 -84.482 136.671 -110.076
-750.762 222.947 -104.163 -84.482 136.671 -110.076
-751.268 222.084 -104.158 -84.482 136.671 -110.076
-751.774 221.222 -104.153 -84.482 136.671 -110.076
-752.279 220.359 -104.149 -84.482 136.671 -110.076
-752.785 219.496 -104.144 -84.482 136.671 -110.076
-753.291 218.634 -104.139 -84.482 136.671 -110.076
-753.797 217.771 -104.134 -84.482 136.671 -110.076
-754.303 216.909 -104.129 -84.482 136.671 -110.076
-754.809 216.046 -104.125 -84.482 136.671 -110.076
11
-733.965 251.403 -104.321 -84.504 136.683 -110.088
-734.473 250.542 -104.322 -84.504 136.683 -110.088
-734.98 249.68 -104.324 -84.504 136.683 -110.088
-735.488 248.818 -104.326 -84.504 136.683 -110.088
-735.995 247.957 -104.327 -84.504 136.683 -110.088
-736.503 247.095 -104.329 -84.504 136.683 -110.088
-737.01 246.233 -104.331 -84.498 136.696 -110.099
-737.518 245.372 -104.332 -84.49 136.697 -110.102
-738.025 244.51 -104.334 -84.486 136.691 -110.103
-738.533 243.649 -104.336 -84.486 136.687 -110.104
-739.04 242.787 -104.337 -84.486 136.687 -110.104
-739.548 241.925 -104.339 -84.484 136.685 -110.103
-740.055 241.064 -104.341 -84.484 136.683 -110.099
-740.563 240.202 -104.342 -84.483 136.682 -110.094
-741.07 239.34 -104.344 -84.481 136.682 -110.089
-741.578 238.479 -104.346 -84.481 136.682 -110.089
-742.085 237.617 -104.347 -84.482 136.682 -110.087
-742.593 236.755 -104.349 -84.483 136.681 -110.085
-743.1 235.894 -104.351 -84.481 136.679 -110.083
-743.608 235.032 -104.353 -84.481 136.678 -110.082
-744.115 234.17 -104.354 -84.481 136.676 -110.08
-744.623 233.309 -104.356 -84.481 136.676 -110.08
-745.13 232.447 -104.358 -84.481 136.676 -110.08
-745.638 231.586 -104.359 -84.481 136.676 -110.08
-746.145 230.724 -104.361 -84.479 136.676 -110.081
-746.653 229.862 -104.363 -84.479 136.676 -110.081
-747.16 229.001 -104.364 -84.479 136.676 -110.081
-747.668 228.139 -104.366 -84.481 136.672 -110.074
-748.175 227.277 -104.368 -84.481 136.672 -110.074
-748.683 226.416 -104.369 -84.483 136.671 -110.073
-749.191 225.554 -104.371 -84.483 136.671 -110.073
-749.698 224.692 -104.373 -84.483 136.671 -110.073
-750.206 223.831 -104.374 -84.483 136.671 -110.073
-750.713 222.969 -104.376 -84.483 136.671 -110.073
-751.221 222.107 -104.378 -84.483 136.671 -110.073
-751.728 221.246 -104.379 -84.483 136.671 -110.073
-752.236 220.384 -104.381 -84.483 136.671 -110.073
-752.743 219.523 -104.383 -84.483 136.671 -110.073
-753.251 218.661 -104.384 -84.483 136.671 -110.073
-753.758 217.799 -104.386 -84.483 136.671 -110.073
-754.266 216.938 -104.388 -84.483 136.671 -110.073
12
-734.557 249.559 -104.452 -84.504 136.684 -110.087
-735.057 248.693 -104.452 -84.504 136.684 -110.087
-735.557 247.827 -104.453 -84.504 136.684 -110.087
-736.057 246.961 -104.453 -84.504 136.684 -110.087
-736.557 246.095 -104.453 -84.504 136.684 -110.087
-737.057 245.229 -104.453 -84.496 136.696 -110.099
-737.557 244.363 -104.453 -84.488 136.696 -110.103
-738.057 243.497 -104.454 -84.487 136.69 -110.104
-738.557 242.631 -104.454 -84.486 136.688 -110.106
-739.057 241.765 -104.454 -84.486 136.688 -110.106
-739.557 240.899 -104.454 -84.485 136.685 -110.104
-740.057 240.033 -104.454 -84.484 136.683 -110.1
-740.558 239.167 -104.455 -84.483 136.683 -110.096
-741.058 238.301 -104.455 -84.481 136.683 -110.092
-741.558 237.435 -104.455 -84.483 136.683 -110.09
-742.058 236.569 -104.455 -84.483 136.683 -110.09
-742.558 235.703 -104.456 -84.483 136.681 -110.089
-743.058 234.837 -104.456 -84.482 136.68 -110.088
-743.558 233.971 -104.456 -84.482 136.68 -110.088
-744.058 233.105 -104.456 -84.48 136.675 -110.083
-744.558 232.239 -104.456 -84.48 136.675 -110.083
-745.058 231.373 -104.457 -84.48 136.675 -110.083
-745.558 230.507 -104.457 -84.48 136.675 -110.083
-746.058 229.641 -104.457 -84.48 136.675 -110.083
-746.558 228.775 -104.457 -84.48 136.675 -110.083
-747.058 227.909 -104.457 -84.48 136.675 -110.083
-747.558 227.043 -104.458 -84.48 136.675 -110.083
-748.058 226.177 -104.458 -84.48 136.675 -110.083
-748.558 225.311 -104.458 -84.48 136.675 -110.083
-749.058 224.445 -104.458 -84.48 136.675 -110.083
-749.558 223.579 -104.458 -84.48 136.675 -110.083
-750.058 222.713 -104.459 -84.48 136.675 -110.083
-750.559 221.847 -104.459 -84.48 136.675 -110.083
-751.059 220.981 -104.459 -84.48 136.675 -110.083
-751.559 220.115 -104.459 -84.48 136.675 -110.083
-752.059 219.249 -104.46 -84.48 136.675 -110.083
-752.559 218.383 -104.46 -84.48 136.675 -110.083
-753.059 217.517 -104.46 -84.48 136.675 -110.083
-753.559 216.651 -104.46 -84.48 136.675 -110.083
-754.059 215.785 -104.46 -84.48 136.675 -110.083
-754.559 214.919 -104.461 -84.48 136.675 -110.083
13
-734.395 250.913 -104.759 -84.505 136.684 -110.089
-734.9 250.05 -104.762 -84.505 136.684 -110.089
-735.405 249.186 -104.765 -84.505 136.684 -110.089
-735.91 248.323 -104.768 -84.505 136.684 -110.089
-736.415 247.46 -104.771 -84.505 136.684 -110.089
-736.92 246.597 -104.774 -84.498 136.696 -110.099
-737.425 245.734 -104.777 -84.49 136.697 -110.102
-737.93 244.871 -104.78 -84.486 136.691 -110.103
-738.435 244.007 -104.784 -84.486 136.691 -110.103
-738.939 243.144 -104.787 -84.487 136.689 -110.106
-739.444 242.281 -104.79 -84.485 136.686 -110.105
-739.949 241.418 -104.793 -84.484 136.684 -110.102
-740.454 240.555 -104.796 -84.482 136.682 -110.098
-740.959 239.692 -104.799 -84.48 136.683 -110.093
-741.464 238.828 -104.802 -84.48 136.683 -110.093
-741.969 237.965 -104.805 -84.482 136.684 -110.091
-742.474 237.102 -104.809 -84.483 136.682 -110.09
-742.979 236.239 -104.812 -84.483 136.682 -110.09
-743.484 235.376 -104.815 -84.481 136.68 -110.088
-743.989 234.513 -104.818 -84.481 136.677 -110.084
-744.493 233.649 -104.821 -84.483 136.677 -110.085
-744.998 232.786 -104.824 -84.483 136.677 -110.085
-745.503 231.923 -104.827 -84.483 136.677 -110.085
-746.008 231.06 -104.83 -84.483 136.677 -110.085
-746.513 230.197 -104.833 -84.483 136.677 -110.085
-747.018 229.334 -104.837 -84.481 136.67 -110.075
-747.523 228.47 -104.84 -84.481 136.67 -110.075
-748.028 227.607 -104.843 -84.481 136.67 -110.075
-748.533 226.744 -104.846 -84.481 136.67 -110.075
-749.038 225.881 -104.849 -84.481 136.67 -110.075
-749.543 225.018 -104.852 -84.481 136.67 -110.075
-750.047 224.155 -104.855 -84.481 136.67 -110.075
-750.552 223.291 -104.858 -84.481 136.67 -110.075
-751.057 222.428 -104.862 -84.481 136.67 -110.075
-751.562 221.565 -104.865 -84.481 136.67 -110.075
-752.067 220.702 -104.868 -84.481 136.67 -110.075
-752.572 219.839 -104.871 -84.481 136.67 -110.075
-753.077 218.976 -104.874 -84.481 136.67 -110.075
-753.582 218.112 -104.877 -84.481 136.67 -110.075
-754.087 217.249 -104.88 -84.481 136.67 -110.075
-754.592 216.386 -104.883 -84.481 136.67 -110.075
14
-735.712 247.774 -104.568 -84.487 136.691 -110.105
-736.215 246.91 -104.567 -84.487 136.691 -110.105
-736.718 246.045 -104.565 -84.487 136.691 -110.105
-737.221 245.181 -104.564 -84.487 136.691 -110.105
-737.723 244.316 -104.563 -84.487 136.691 -110.105
-738.226 243.452 -104.562 -84.487 136.691 -110.105
-738.729 242.587 -104.561 -84.485 136.689 -110.107
-739.231 241.723 -104.559 -84.484 136.686 -110.105
-739.734 240.859 -104.558 -84.484 136.686 -110.105
-740.237 239.994 -104.557 -84.483 136.683 -110.1
-740.74 239.13 -104.556 -84.483 136.683 -110.098
-741.242 238.265 -104.555 -84.482 136.682 -110.094
-741.745 237.401 -104.553 -84.482 136.682 -110.091
-742.248 236.536 -104.552 -84.483 136.681 -110.089
-742.751 235.672 -104.551 -84.481 136.68 -110.089
-743.253 234.808 -104.55 -84.481 136.68 -110.089
-743.756 233.943 -104.549 -84.48 136.676 -110.084
-744.259 233.079 -104.547 -84.481 136.677 -110.085
-744.761 232.214 -104.546 -84.481 136.677 -110.084
-745.264 231.35 -104.545 -84.481 136.677 -110.084
-745.767 230.485 -104.544 -84.48 136.678 -110.083
-746.27 229.621 -104.543 -84.48 136.678 -110.083
-746.772 228.756 -104.542 -84.48 136.678 -110.083
-747.275 227.892 -104.54 -84.48 136.678 -110.083
-747.778 227.028 -104.539 -84.48 136.678 -110.083
-748.281 226.163 -104.538 -84.48 136.678 -110.083
-748.783 225.299 -104.537 -84.48 136.678 -110.083
-749.286 224.434 -104.536 -84.48 136.678 -110.083
-749.789 223.57 -104.534 -84.48 136.678 -110.083
-750.291 222.705 -104.533 -84.48 136.678 -110.083
-750.794 221.841 -104.532 -84.48 136.678 -110.083
-751.297 220.976 -104.531 -84.48 136.678 -110.083
-751.8 220.112 -104.53 -84.48 136.678 -110.083
-752.302 219.248 -104.528 -84.48 136.678 -110.083
-752.805 218.383 -104.527 -84.48 136.678 -110.083
-753.308 217.519 -104.526 -84.48 136.678 -110.083
-753.811 216.654 -104.525 -84.48 136.678 -110.083
-754.313 215.79 -104.524 -84.48 136.678 -110.083
-754.816 214.925 -104.522 -84.48 136.678 -110.083
-755.319 214.061 -104.521 -84.48 136.678 -110.083
-755.821 213.196 -104.52 -84.48 136.678 -110.083
15
-735.355 248.82 -104.979 -84.506 136.685 -110.089
-735.865 247.96 -104.972 -84.506 136.685 -110.089
-736.376 247.101 -104.965 -84.506 136.685 -110.089
-736.886 246.241 -104.958 -84.498 136.695 -110.098
-737.396 245.381 -104.951 -84.489 136.696 -110.103
-737.907 244.521 -104.944 -84.489 136.696 -110.103
-738.417 243.661 -104.937 -84.487 136.691 -110.105
-738.928 242.801 -104.929 -84.486 136.689 -110.107
-739.438 241.941 -104.922 -84.484 136.686 -110.105
-739.948 241.081 -104.915 -84.484 136.683 -110.102
-740.459 240.221 -104.908 -84.484 136.683 -110.102
-740.969 239.361 -104.901 -84.484 136.683 -110.099
-741.479 238.501 -104.894 -84.482 136.683 -110.094
-741.99 237.641 -104.887 -84.482 136.682 -110.091
-742.5 236.781 -104.88 -84.483 136.681 -110.088
-743.011 235.922 -104.873 -84.481 136.679 -110.087
-743.521 235.062 -104.866 -84.481 136.679 -110.087
-744.031 234.202 -104.859 -84.481 136.677 -110.086
-744.542 233.342 -104.852 -84.481 136.676 -110.084
-745.052 232.482 -104.844 -84.481 136.676 -110.082
-745.562 231.622 -104.837 -84.481 136.676 -110.082
-746.073 230.762 -104.83 -84.479 136.677 -110.082
-746.583 229.902 -104.823 -84.479 136.677 -110.082
-747.094 229.042 -104.816 -84.478 136.674 -110.079
-747.604 228.182 -104.809 -84.478 136.674 -110.079
-748.114 227.322 -104.802 -84.48 136.67 -110.075
-748.625 226.462 -104.795 -84.48 136.67 -110.075
-749.135 225.603 -104.788 -84.48 136.67 -110.075
-749.646 224.743 -104.781 -84.48 136.67 -110.075
-750.156 223.883 -104.774 -84.48 136.67 -110.075
-750.666 223.023 -104.767 -84.48 136.67 -110.075
-751.177 222.163 -104.759 -84.48 136.67 -110.075
-751.687 221.303 -104.752 -84.48 136.67 -110.075
-752.197 220.443 -104.745 -84.48 136.67 -110.075
-752.708 219.583 -104.738 -84.48 136.67 -110.075
-753.218 218.723 -104.731 -84.48 136.67 -110.075
-753.729 217.863 -104.724 -84.48 136.67 -110.075
-754.239 217.003 -104.717 -84.48 136.67 -110.075
-754.749 216.143 -104.71 -84.48 136.67 -110.075
-755.26 215.284 -104.703 -84.48 136.67 -110.075
-755.77 214.424 -104.696 -84.48 136.67 -110.075
16
-734.315 249.174 -104.799 -84.503 136.683 -110.084
-734.816 248.308 -104.795 -84.503 136.683 -110.084
-735.317 247.443 -104.792 -84.503 136.683 -110.084
-735.818 246.577 -104.788 -84.503 136.683 -110.084
-736.319 245.712 -104.785 -84.503 136.683 -110.084
-736.82 244.846 -104.781 -84.501 136.695 -110.099
-737.321 243.981 -104.777 -84.491 136.697 -110.105
-737.822 243.115 -104.774 -84.488 136.691 -110.106
-738.322 242.25 -104.77 -84.485 136.689 -110.108
-738.823 241.384 -104.767 -84.485 136.689 -110.108
-739.324 240.519 -104.763 -84.484 136.686 -110.106
-739.825 239.653 -104.759 -84.483 136.683 -110.102
-740.326 238.788 -104.756 -84.482 136.682 -110.096
-740.827 237.922 -104.752 -84.482 136.682 -110.096
-741.328 237.057 -104.749 -84.482 136.683 -110.094
-741.829 236.191 -104.745 -84.481 136.681 -110.089
-742.33 235.326 -104.741 -84.481 136.68 -110.088
-742.83 234.46 -104.738 -84.481 136.68 -110.088
-743.331 233.595 -104.734 -84.48 136.679 -110.088
-743.832 232.729 -104.731 -84.48 136.677 -110.085
-744.333 231.864 -104.727 -84.482 136.676 -110.084
-744.834 230.998 -104.723 -84.482 136.676 -110.084
-745.335 230.133 -104.72 -84.481 136.678 -110.085
-745.836 229.267 -104.716 -84.481 136.678 -110.085
-746.337 228.402 -104.713 -84.481 136.678 -110.085
-746.838 227.536 -104.709 -84.481 136.678 -110.085
-747.338 226.671 -104.705 -84.481 136.678 -110.085
-747.839 225.805 -104.702 -84.481 136.678 -110.085
-748.34 224.94 -104.698 -84.481 136.678 -110.085
-748.841 224.074 -104.695 -84.481 136.678 -110.085
-749.342 223.209 -104.691 -84.481 136.678 -110.085
-749.843 222.343 -104.687 -84.481 136.678 -110.085
-750.344 221.478 -104.684 -84.481 136.678 -110.085
-750.845 220.612 -104.68 -84.481 136.678 -110.085
-751.346 219.747 -104.677 -84.481 136.678 -110.085
-751.846 218.881 -104.673 -84.481 136.678 -110.085
-752.347 218.016 -104.669 -84.481 136.678 -110.085
-752.848 217.15 -104.666 -84.481 136.678 -110.085
-753.349 216.285 -104.662 -84.481 136.678 -110.085
-753.85 215.419 -104.659 -84.481 136.678 -110.085
-754.351 214.554 -104.655 -84.481 136.678 -110.085
17
-735.125 252.605 -104.173 -84.504 136.681 -110.088
-735.628 251.741 -104.156 -84.504 136.681 -110.088
-736.132 250.878 -104.14 -84.504 136.681 -110.088
-736.636 250.014 -104.123 -84.504 136.681 -110.088
-737.14 249.15 -104.107 -84.504 136.681 -110.088
-737.643 248.286 -104.091 -84.5 136.696 -110.098
-738.147 247.423 -104.074 -84.49 136.694 -110.103
-738.651 246.559 -104.058 -84.486 136.689 -110.103
-739.154 245.695 -104.042 -84.486 136.686 -110.104
-739.658 244.832 -104.025 -84.486 136.686 -110.104
-740.162 243.968 -104.009 -84.483 136.685 -110.101
-740.666 243.104 -103.992 -84.483 136.686 -110.098
-741.169 242.241 -103.976 -84.483 136.687 -110.095
-741.673 241.377 -103.96 -84.48 136.684 -110.09
-742.177 240.513 -103.943 -84.48 136.684 -110.09
-742.681 239.649 -103.927 -84.482 136.682 -110.087
-743.184 238.786 -103.91 -84.483 136.68 -110.085
-743.688 237.922 -103.894 -84.482 136.681 -110.085
-744.192 237.058 -103.878 -84.482 136.681 -110.085
-744.695 236.195 -103.861 -84.479 136.68 -110.082
-745.199 235.331 -103.845 -84.479 136.679 -110.08
-745.703 234.467 -103.828 -84.478 136.677 -110.077
-746.207 233.603 -103.812 -84.475 136.677 -110.074
-746.71 232.74 -103.796 -84.475 136.677 -110.074
-747.214 231.876 -103.779 -84.475 136.677 -110.074
-747.718 231.012 -103.763 -84.475 136.677 -110.074
-748.222 230.149 -103.747 -84.479 136.671 -110.072
-748.725 229.285 -103.73 -84.479 136.671 -110.072
-749.229 228.421 -103.714 -84.479 136.671 -110.072
-749.733 227.557 -103.697 -84.479 136.671 -110.072
-750.236 226.694 -103.681 -84.479 136.671 -110.072
-750.74 225.83 -103.665 -84.479 136.671 -110.072
-751.244 224.966 -103.648 -84.479 136.671 -110.072
-751.748 224.103 -103.632 -84.479 136.671 -110.072
-752.251 223.239 -103.615 -84.479 136.671 -110.072
-752.755 222.375 -103.599 -84.479 136.671 -110.072
-753.259 221.512 -103.583 -84.479 136.671 -110.072
-753.763 220.648 -103.566 -84.479 136.671 -110.072
-754.266 219.784 -103.55 -84.479 136.671 -110.072
-754.77 218.92 -103.533 -84.479 136.671 -110.072
-755.274 218.057 -103.517 -84.479 136.671 -110.072
18
-735.102 250.325 -103.992 -84.487 136.691 -110.104
-735.606 249.462 -104.003 -84.487 136.691 -110.104
-736.11 248.598 -104.014 -84.487 136.691 -110.104
-736.615 247.735 -104.024 -84.487 136.691 -110.104
-737.119 246.872 -104.035 -84.487 136.691 -110.104
-737.623 246.008 -104.046 -84.487 136.691 -110.104
-738.128 245.145 -104.056 -84.487 136.691 -110.104
-738.632 244.281 -104.067 -84.488 136.69 -110.107
-739.137 243.418 -104.078 -84.488 136.69 -110.107
-739.641 242.554 -104.089 -84.486 136.687 -110.105
-740.145 241.691 -104.099 -84.485 136.683 -110.1
-740.65 240.828 -104.11 -84.485 136.683 -110.1
-741.154 239.964 -104.121 -84.484 136.683 -110.096
-741.658 239.101 -104.132 -84.483 136.683 -110.093
-742.163 238.237 -104.142 -84.483 136.683 -110.088
-742.667 237.374 -104.153 -84.483 136.681 -110.088
-743.172 236.51 -104.164 -84.483 136.681 -110.088
-743.676 235.647 -104.174 -84.481 136.68 -110.086
-744.18 234.784 -104.185 -84.48 136.678 -110.082
-744.685 233.92 -104.196 -84.482 136.678 -110.083
-745.189 233.057 -104.207 -84.482 136.678 -110.08
-745.693 232.193 -104.217 -84.482 136.678 -110.08
-746.198 231.33 -104.228 -84.482 136.678 -110.08
-746.702 230.466 -104.239 -84.482 136.678 -110.08
-747.206 229.603 -104.25 -84.482 136.678 -110.08
-747.711 228.74 -104.26 -84.482 136.678 -110.08
-748.215 227.876 -104.271 -84.482 136.678 -110.08
-748.72 227.013 -104.282 -84.482 136.678 -110.08
-749.224 226.149 -104.292 -84.482 136.678 -110.08
-749.728 225.286 -104.303 -84.482 136.678 -110.08
-750.233 224.423 -104.314 -84.482 136.678 -110.08
-750.737 223.559 -104.325 -84.482 136.678 -110.08
-751.241 222.696 -104.335 -84.482 136.678 -110.08
-751.746 221.832 -104.346 -84.482 136.678 -110.08
-752.25 220.969 -104.357 -84.482 136.678 -110.08
-752.754 220.105 -104.368 -84.482 136.678 -110.08
-753.259 219.242 -104.378 -84.482 136.678 -110.08
-753.763 218.379 -104.389 -84.482 136.678 -110.08
-754.268 217.515 -104.4 -84.482 136.678 -110.08
-754.772 216.652 -104.41 -84.482 136.678 -110.08
-755.276 215.788 -104.421 -84.482 136.678 -110.08
19
-735.095 247.266 -103.989 -84.49 136.691 -110.109
-735.606 246.407 -103.979 -84.49 136.691 -110.109
-736.117 245.547 -103.968 -84.49 136.691 -110.109
-736.628 244.688 -103.958 -84.49 136.691 -110.109
-737.14 243.828 -103.947 -84.49 136.691 -110.109
-737.651 242.969 -103.936 -84.49 136.691 -110.109
-738.162 242.11 -103.926 -84.49 136.691 -110.109
-738.673 241.25 -103.915 -84.487 136.689 -110.108
-739.184 240.391 -103.905 -84.485 136.686 -110.105
-739.696 239.531 -103.894 -84.484 136.683 -110.102
-740.207 238.672 -103.884 -84.484 136.683 -110.099
-740.718 237.813 -103.873 -84.483 136.682 -110.094
-741.229 236.953 -103.863 -84.484 136.683 -110.091
-741.74 236.094 -103.852 -84.484 136.683 -110.091
-742.251 235.234 -103.842 -84.484 136.681 -110.09
-742.763 234.375 -103.831 -84.481 136.68 -110.087
-743.274 233.516 -103.821 -84.48 136.678 -110.084
-743.785 232.656 -103.81 -84.481 136.678 -110.083
-744.296 231.797 -103.8 -84.481 136.678 -110.083
-744.807 230.937 -103.789 -84.481 136.679 -110.081
-745.319 230.078 -103.778 -84.479 136.678 -110.079
-745.83 229.219 -103.768 -84.479 136.678 -110.079
-746.341 228.359 -103.757 -84.479 136.678 -110.079
-746.852 227.5 -103.747 -84.479 136.678 -110.079
-747.363 226.64 -103.736 -84.479 136.678 -110.079
-747.874 225.781 -103.726 -84.479 136.678 -110.079
-748.386 224.922 -103.715 -84.479 136.678 -110.079
-748.897 224.062 -103.705 -84.479 136.678 -110.079
-749.408 223.203 -103.694 -84.479 136.678 -110.079
-749.919 222.343 -103.684 -84.479 136.678 -110.079
-750.43 221.484 -103.673 -84.479 136.678 -110.079
-750.942 220.624 -103.663 -84.479 136.678 -110.079
-751.453 219.765 -103.652 -84.479 136.678 -110.079
-751.964 218.906 -103.642 -84.479 136.678 -110.079
-752.475 218.046 -103.631 -84.479 136.678 -110.079
-752.986 217.187 -103.62 -84.479 136.678 -110.079
-753.497 216.327 -103.61 -84.479 136.678 -110.079
-754.009 215.468 -103.599 -84.479 136.678 -110.079
-754.52 214.609 -103.589 -84.479 136.678 -110.079
-755.031 213.749 -103.578 -84.479 136.678 -110.079
-755.542 212.89 -103.568 -84.479 136.678 -110.079
20
-734.441 248.227 -104.223 -84.504 136.683 -110.089
-734.944 247.362 -104.229 -84.504 136.683 -110.089
-735.447 246.498 -104.235 -84.504 136.683 -110.089
-735.95 245.634 -104.241 -84.504 136.683 -110.089
-736.453 244.769 -104.247 -84.499 136.696 -110.1
-736.956 243.905 -104.253 -84.489 136.694 -110.105
-737.458 243.041 -104.259 -84.489 136.694 -110.105
-737.961 242.176 -104.265 -84.489 136.69 -110.107
-738.464 241.312 -104.271 -84.487 136.69 -110.109
-738.967 240.448 -104.277 -84.485 136.687 -110.106
-739.47 239.583 -104.283 -84.483 136.683 -110.101
-739.973 238.719 -104.289 -84.483 136.683 -110.101
-740.476 237.855 -104.295 -84.482 136.684 -110.096
-740.978 236.99 -104.301 -84.483 136.685 -110.094
-741.481 236.126 -104.307 -84.483 136.685 -110.094
-741.984 235.262 -104.313 -84.483 136.683 -110.09
-742.487 234.397 -104.319 -84.483 136.681 -110.089
-742.99 233.533 -104.325 -84.482 136.68 -110.086
-743.493 232.669 -104.331 -84.482 136.678 -110.084
-743.996 231.804 -104.337 -84.482 136.678 -110.084
-744.498 230.94 -104.343 -84.482 136.678 -110.082
-745.001 230.076 -104.348 -84.482 136.678 -110.082
-745.504 229.211 -104.354 -84.482 136.678 -110.082
-746.007 228.347 -104.36 -84.482 136.678 -110.082
-746.51 227.482 -104.366 -84.482 136.678 -110.082
-747.013 226.618 -104.372 -84.482 136.678 -110.082
-747.516 225.754 -104.378 -84.482 136.678 -110.082
-748.019 224.889 -104.384 -84.482 136.678 -110.082
-748.521 224.025 -104.39 -84.482 136.678 -110.082
-749.024 223.161 -104.396 -84.482 136.678 -110.082
-749.527 222.296 -104.402 -84.482 136.678 -110.082
-750.03 221.432 -104.408 -84.482 136.678 -110.082
-750.533 220.568 -104.414 -84.482 136.678 -110.082
-751.036 219.703 -104.42 -84.482 136.678 -110.082
-751.539 218.839 -104.426 -84.482 136.678 -110.082
-752.041 217.975 -104.432 -84.482 136.678 -110.082
-752.544 217.11 -104.438 -84.482 136.678 -110.082
-753.047 216.246 -104.444 -84.482 136.678 -110.082
-753.55 215.382 -104.45 -84.482 136.678 -110.082
-754.053 214.517 -104.456 -84.482 136.678 -110.082
-754.556 213.653 -104.462 -84.482 136.678 -110.082
21
-733.372 249.565 -103.763 -84.505 136.684 -110.089
-733.876 248.702 -103.764 -84.505 136.684 -110.089
-734.38 247.838 -103.765 -84.505 136.684 -110.089
-734.884 246.974 -103.766 -84.505 136.684 -110.089
-735.389 246.111 -103.767 -84.505 136.684 -110.089
-735.893 245.247 -103.768 -84.505 136.684 -110.089
-736.397 244.384 -103.769 -84.497 136.697 -110.101
-736.901 243.52 -103.77 -84.488 136.692 -110.106
-737.405 242.657 -103.771 -84.488 136.692 -110.106
-737.91 241.793 -103.772 -84.488 136.69 -110.109
-738.414 240.929 -103.773 -84.485 136.687 -110.108
-738.918 240.066 -103.774 -84.485 136.687 -110.108
-739.422 239.202 -103.775 -84.484 136.684 -110.102
-739.926 238.339 -103.776 -84.483 136.683 -110.096
-740.43 237.475 -103.777 -84.483 136.683 -110.096
-740.935 236.611 -103.778 -84.483 136.683 -110.091
-741.439 235.748 -103.779 -84.483 136.683 -110.091
-741.943 234.884 -103.78 -84.484 136.681 -110.089
-742.447 234.021 -103.782 -84.482 136.68 -110.087
-742.951 233.157 -103.783 -84.482 136.679 -110.086
-743.456 232.293 -103.784 -84.481 136.677 -110.083
-743.96 231.43 -103.785 -84.481 136.677 -110.083
-744.464 230.566 -103.786 -84.481 136.677 -110.083
-744.968 229.703 -103.787 -84.481 136.677 -110.083
-745.472 228.839 -103.788 -84.481 136.677 -110.083
-745.977 227.976 -103.789 -84.483 136.671 -110.075
-746.481 227.112 -103.79 -84.483 136.671 -110.075
-746.985 226.248 -103.791 -84.483 136.671 -110.075
-747.489 225.385 -103.792 -84.483 136.671 -110.075
-747.993 224.521 -103.793 -84.483 136.671 -110.075
-748.498 223.658 -103.794 -84.483 136.671 -110.075
-749.002 222.794 -103.795 -84.483 136.671 -110.075
-749.506 221.93 -103.796 -84.483 136.671 -110.075
-750.01 221.067 -103.797 -84.483 136.671 -110.075
-750.514 220.203 -103.798 -84.483 136.671 -110.075
-751.019 219.34 -103.799 -84.483 136.671 -110.075
-751.523 218.476 -103.8 -84.483 136.671 -110.075
-752.027 217.612 -103.801 -84.483 136.671 -110.075
-752.531 216.749 -103.802 -84.483 136.671 -110.075
-753.035 215.885 -103.803 -84.483 136.671 -110.075
-753.54 215.022 -103.804 -84.483 136.671 -110.075
22
-733.906 250.453 -104.927 -84.507 136.684 -110.093
-734.42 249.598 -104.864 -84.507 136.684 -110.093
-734.933 248.742 -104.802 -84.507 136.684 -110.093
-735.447 247.886 -104.74 -84.507 136.684 -110.093
-735.961 247.03 -104.678 -84.507 136.684 -110.093
-736.475 246.175 -104.616 -84.507 136.684 -110.093
-736.988 245.319 -104.553 -84.498 136.697 -110.099
-737.502 244.463 -104.491 -84.49 136.696 -110.103
-738.016 243.608 -104.429 -84.489 136.69 -110.106
-738.53 242.752 -104.367 -84.489 136.69 -110.106
-739.043 241.896 -104.305 -84.487 136.687 -110.106
-739.557 241.041 -104.242 -84.485 136.684 -110.101
-740.071 240.185 -104.18 -84.485 136.684 -110.101
-740.585 239.329 -104.118 -84.483 136.683 -110.095
-741.098 238.474 -104.056 -84.482 136.684 -110.09
-741.612 237.618 -103.994 -84.482 136.684 -110.09
-742.126 236.762 -103.932 -84.482 136.683 -110.086
-742.64 235.907 -103.869 -84.482 136.683 -110.084
-743.153 235.051 -103.807 -84.48 136.681 -110.082
-743.667 234.195 -103.745 -84.478 136.68 -110.08
-744.181 233.34 -103.683 -84.48 136.68 -110.08
-744.695 232.484 -103.621 -84.48 136.68 -110.077
-745.208 231.628 -103.558 -84.48 136.68 -110.077
-745.722 230.773 -103.496 -84.48 136.68 -110.077
-746.236 229.917 -103.434 -84.48 136.68 -110.077
-746.75 229.061 -103.372 -84.48 136.68 -110.077
-747.263 228.205 -103.31 -84.48 136.68 -110.077
-747.777 227.35 -103.247 -84.48 136.68 -110.077
-748.291 226.494 -103.185 -84.48 136.68 -110.077
-748.805 225.638 -103.123 -84.48 136.68 -110.077
-749.318 224.783 -103.061 -84.48 136.68 -110.077
-749.832 223.927 -102.999 -84.48 136.68 -110.077
-750.346 223.071 -102.937 -84.48 136.68 -110.077
-750.86 222.216 -102.874 -84.48 136.68 -110.077
-751.373 221.36 -102.812 -84.48 136.68 -110.077
-751.887 220.504 -102.75 -84.48 136.68 -110.077
-752.401 219.649 -102.688 -84.48 136.68 -110.077
-752.915 218.793 -102.626 -84.48 136.68 -110.077
-753.428 217.937 -102.563 -84.48 136.68 -110.077
-753.942 217.082 -102.501 -84.48 136.68 -110.077
-754.456 216.226 -102.439 -84.48 136.68 -110.077
23
-733.936 250.101 -104.495 -84.506 136.683 -110.092
-734.441 249.238 -104.494 -84.506 136.683 -110.092
-734.946 248.375 -104.493 -84.506 136.683 -110.092
-735.451 247.512 -104.492 -84.506 136.683 -110.092
-735.956 246.649 -104.491 -84.506 136.683 -110.092
-736.461 245.786 -104.49 -84.499 136.696 -110.1
-736.966 244.923 -104.489 -84.499 136.696 -110.1
-737.471 244.059 -104.487 -84.491 136.696 -110.105
-737.976 243.196 -104.486 -84.489 136.69 -110.107
-738.481 242.333 -104.485 -84.488 136.689 -110.109
-738.986 241.47 -104.484 -84.488 136.689 -110.109
-739.491 240.607 -104.483 -84.486 136.686 -110.106
-739.996 239.744 -104.482 -84.484 136.683 -110.099
-740.501 238.881 -104.481 -84.483 136.683 -110.094
-741.006 238.018 -104.48 -84.483 136.683 -110.094
-741.511 237.154 -104.479 -84.483 136.684 -110.091
-742.016 236.291 -104.477 -84.483 136.683 -110.087
-742.521 235.428 -104.476 -84.481 136.682 -110.086
-743.026 234.565 -104.475 -84.48 136.681 -110.084
-743.531 233.702 -104.474 -84.478 136.679 -110.081
-744.036 232.839 -104.473 -84.478 136.679 -110.081
-744.541 231.976 -104.472 -84.48 136.68 -110.081
-745.046 231.113 -104.471 -84.48 136.68 -110.081
-745.551 230.25 -104.47 -84.48 136.68 -110.081
-746.056 229.386 -104.469 -84.48 136.68 -110.081
-746.561 228.523 -104.467 -84.483 136.671 -110.073
-747.066 227.66 -104.466 -84.483 136.671 -110.073
-747.571 226.797 -104.465 -84.483 136.671 -110.073
-748.076 225.934 -104.464 -84.483 136.671 -110.073
-748.581 225.071 -104.463 -84.483 136.671 -110.073
-749.086 224.208 -104.462 -84.483 136.671 -110.073
-749.591 223.345 -104.461 -84.483 136.671 -110.073
-750.096 222.481 -104.46 -84.483 136.671 -110.073
-750.601 221.618 -104.459 -84.483 136.671 -110.073
-751.106 220.755 -104.457 -84.483 136.671 -110.073
-751.611 219.892 -104.456 -84.483 136.671 -110.073
-752.116 219.029 -104.455 -84.483 136.671 -110.073
-752.621 218.166 -104.454 -84.483 136.671 -110.073
-753.126 217.303 -104.453 -84.483 136.671 -110.073
-753.631 216.44 -104.452 -84.483 136.671 -110.073
-754.136 215.577 -104.451 -84.483 136.671 -110.073
24
-733.373 251.026 -103.985 -84.504 136.682 -110.087
-733.884 250.167 -103.987 -84.504 136.682 -110.087
-734.396 249.308 -103.99 -84.504 136.682 -110.087
-734.907 248.448 -103.992 -84.504 136.682 -110.087
-735.419 247.589 -103.994 -84.504 136.682 -110.087
-735.93 246.73 -103.997 -84.504 136.682 -110.087
-736.442 245.871 -103.999 -84.499 136.696 -110.099
-736.953 245.011 -104.001 -84.499 136.696 -110.099
-737.465 244.152 -104.004 -84.49 136.695 -110.105
-737.976 243.293 -104.006 -84.488 136.69 -110.106
-738.488 242.434 -104.008 -84.486 136.688 -110.108
-738.999 241.574 -104.011 -84.486 136.688 -110.108
-739.511 240.715 -104.013 -84.486 136.686 -110.106
-740.023 239.856 -104.015 -84.484 136.683 -110.101
-740.534 238.997 -104.018 -84.483 136.683 -110.096
-741.046 238.137 -104.02 -84.483 136.684 -110.094
-741.557 237.278 -104.023 -84.483 136.682 -110.089
-742.069 236.419 -104.025 -84.483 136.682 -110.089
-742.58 235.56 -104.027 -84.482 136.68 -110.088
-743.092 234.7 -104.03 -84.481 136.68 -110.085
-743.603 233.841 -104.032 -84.481 136.678 -110.084
-744.115 232.982 -104.034 -84.481 136.678 -110.084
-744.626 232.123 -104.037 -84.481 136.678 -110.084
-745.138 231.263 -104.039 -84.481 136.678 -110.084
-745.649 230.404 -104.041 -84.481 136.678 -110.084
-746.161 229.545 -104.044 -84.481 136.678 -110.084
-746.672 228.686 -104.046 -84.48 136.671 -110.073
-747.184 227.826 -104.048 -84.48 136.671 -110.073
-747.696 226.967 -104.051 -84.48 136.671 -110.073
-748.207 226.108 -104.053 -84.48 136.671 -110.073
-748.719 225.248 -104.056 -84.48 136.671 -110.073
-749.23 224.389 -104.058 -84.48 136.671 -110.073
-749.742 223.53 -104.06 -84.48 136.671 -110.073
-750.253 222.671 -104.063 -84.48 136.671 -110.073
-750.765 221.811 -104.065 -84.48 136.671 -110.073
-751.276 220.952 -104.067 -84.48 136.671 -110.073
-751.788 220.093 -104.07 -84.48 136.671 -110.073
-752.299 219.234 -104.072 -84.48 136.671 -110.073
-752.811 218.374 -104.074 -84.48 136.671 -110.073
-753.322 217.515 -104.077 -84.48 136.671 -110.073
-753.834 216.656 -104.079 -84.48 136.671 -110.073
25
-734.767 250.263 -104.426 -84.504 136.683 -110.089
-735.274 249.401 -104.426 -84.504 136.683 -110.089
-735.781 248.539 -104.427 -84.504 136.683 -110.089
-736.288 247.677 -104.427 -84.504 136.683 -110.089
-736.795 246.815 -104.427 -84.5 136.695 -110.099
-737.302 245.953 -104.427 -84.5 136.695 -110.099
-737.809 245.091 -104.428 -84.49 136.695 -110.104
-738.316 244.229 -104.428 -84.488 136.69 -110.106
-738.823 243.367 -104.428 -84.488 136.69 -110.109
-739.33 242.505 -104.428 -84.487 136.688 -110.108
-739.837 241.643 -104.429 -84.486 136.685 -110.105
-740.344 240.781 -104.429 -84.486 136.685 -110.105
-740.851 239.919 -104.429 -84.484 136.683 -110.1
-741.358 239.057 -104.43 -84.482 136.682 -110.093
-741.865 238.195 -104.43 -84.484 136.683 -110.091
-742.372 237.333 -104.43 -84.484 136.683 -110.091
-742.879 236.471 -104.43 -84.484 136.682 -110.09
-743.385 235.609 -104.431 -84.482 136.68 -110.087
-743.892 234.747 -104.431 -84.48 136.679 -110.084
-744.399 233.885 -104.431 -84.481 136.679 -110.084
-744.906 233.023 -104.432 -84.481 136.679 -110.082
-745.413 232.161 -104.432 -84.481 136.679 -110.082
-745.92 231.3 -104.432 -84.481 136.679 -110.082
-746.427 230.438 -104.432 -84.481 136.679 -110.082
-746.934 229.576 -104.433 -84.48 136.671 -110.074
-747.441 228.714 -104.433 -84.48 136.671 -110.074
-747.948 227.852 -104.433 -84.48 136.671 -110.074
-748.455 226.99 -104.433 -84.48 136.671 -110.074
-748.962 226.128 -104.434 -84.48 136.671 -110.074
-749.469 225.266 -104.434 -84.48 136.671 -110.074
-749.976 224.404 -104.434 -84.48 136.671 -110.074
-750.483 223.542 -104.435 -84.48 136.671 -110.074
-750.99 222.68 -104.435 -84.48 136.671 -110.074
-751.497 221.818 -104.435 -84.48 136.671 -110.074
-752.004 220.956 -104.435 -84.48 136.671 -110.074
-752.511 220.094 -104.436 -84.48 136.671 -110.074
-753.018 219.232 -104.436 -84.48 136.671 -110.074
-753.525 218.37 -104.436 -84.48 136.671 -110.074
-754.032 217.508 -104.436 -84.48 136.671 -110.074
-754.539 216.646 -104.437 -84.48 136.671 -110.074
-755.046 215.784 -104.437 -84.48 136.671 -110.074
26
-735.061 249.582 -104.918 -84.505 136.684 -110.088
-735.564 248.718 -104.924 -84.505 136.684 -110.088
-736.068 247.854 -104.931 -84.505 136.684 -110.088
-736.572 246.99 -104.937 -84.505 136.684 -110.088
-737.075 246.126 -104.944 -84.505 136.684 -110.088
-737.579 245.262 -104.95 -84.487 136.695 -110.098
-738.082 244.399 -104.957 -84.485 136.691 -110.101
-738.586 243.535 -104.964 -84.485 136.691 -110.101
-739.089 242.671 -104.97 -84.486 136.689 -110.105
-739.593 241.807 -104.977 -84.483 136.686 -110.102
-740.097 240.943 -104.983 -84.482 136.681 -110.096
-740.6 240.079 -104.99 -84.482 136.681 -110.096
-741.104 239.215 -104.996 -84.481 136.681 -110.09
-741.607 238.351 -105.003 -84.481 136.682 -110.089
-742.111 237.487 -105.009 -84.481 136.682 -110.089
-742.614 236.623 -105.016 -84.482 136.681 -110.087
-743.118 235.759 -105.022 -84.482 136.679 -110.087
-743.622 234.895 -105.029 -84.481 136.677 -110.085
-744.125 234.031 -105.036 -84.481 136.676 -110.083
-744.629 233.167 -105.042 -84.483 136.676 -110.084
-745.132 232.304 -105.049 -84.482 136.676 -110.085
-745.636 231.44 -105.055 -84.482 136.676 -110.085
-746.139 230.576 -105.062 -84.481 136.676 -110.085
-746.643 229.712 -105.068 -84.481 136.676 -110.085
-747.147 228.848 -105.075 -84.481 136.676 -110.085
-747.65 227.984 -105.081 -84.481 136.676 -110.085
-748.154 227.12 -105.088 -84.481 136.676 -110.085
-748.657 226.256 -105.094 -84.481 136.676 -110.085
-749.161 225.392 -105.101 -84.481 136.676 -110.085
-749.664 224.528 -105.108 -84.481 136.676 -110.085
-750.168 223.664 -105.114 -84.481 136.676 -110.085
-750.671 222.8 -105.121 -84.481 136.676 -110.085
-751.175 221.936 -105.127 -84.481 136.676 -110.085
-751.679 221.072 -105.134 -84.481 136.676 -110.085
-752.182 220.208 -105.14 -84.481 136.676 -110.085
-752.686 219.345 -105.147 -84.481 136.676 -110.085
-753.189 218.481 -105.153 -84.481 136.676 -110.085
-753.693 217.617 -105.16 -84.481 136.676 -110.085
-754.196 216.753 -105.166 -84.481 136.676 -110.085
-754.7 215.889 -105.173 -84.481 136.676 -110.085
-755.204 215.025 -105.18 -84.481 136.676 -110.085
27
-733.628 249.42 -104.73 -84.505 136.682 -110.089
-734.137 248.559 -104.722 -84.505 136.682 -110.089
-734.646 247.698 -104.715 -84.505 136.682 -110.089
-735.154 246.837 -104.707 -84.505 136.682 -110.089
-735.663 245.976 -104.7 -84.505 136.682 -110.089
-736.172 245.115 -104.692 -84.505 136.682 -110.089
-736.681 244.254 -104.684 -84.5 136.695 -110.099
-737.19 243.394 -104.677 -84.49 136.696 -110.102
-737.698 242.533 -104.669 -84.488 136.69 -110.104
-738.207 241.672 -104.661 -84.486 136.688 -110.106
-738.716 240.811 -104.654 -84.486 136.688 -110.106
-739.225 239.95 -104.646 -84.486 136.685 -110.103
-739.733 239.089 -104.638 -84.485 136.682 -110.098
-740.242 238.228 -104.631 -84.484 136.682 -110.094
-740.751 237.367 -104.623 -84.484 136.682 -110.094
-741.26 236.507 -104.615 -84.483 136.684 -110.091
-741.768 235.646 -104.608 -84.483 136.682 -110.086
-742.277 234.785 -104.6 -84.481 136.68 -110.085
-742.786 233.924 -104.592 -84.479 136.679 -110.083
-743.295 233.063 -104.585 -84.479 136.678 -110.082
-743.803 232.202 -104.577 -84.481 136.679 -110.082
-744.312 231.341 -104.569 -84.481 136.679 -110.082
-744.821 230.48 -104.562 -84.48 136.679 -110.08
-745.33 229.62 -104.554 -84.48 136.679 -110.08
-745.838 228.759 -104.546 -84.48 136.679 -110.08
-746.347 227.898 -104.539 -84.48 136.679 -110.08
-746.856 227.037 -104.531 -84.483 136.671 -110.074
-747.365 226.176 -104.523 -84.483 136.671 -110.074
-747.874 225.315 -104.516 -84.483 136.671 -110.074
-748.382 224.454 -104.508 -84.483 136.671 -110.074
-748.891 223.593 -104.5 -84.483 136.671 -110.074
-749.4 222.733 -104.493 -84.483 136.671 -110.074
-749.909 221.872 -104.485 -84.483 136.671 -110.074
-750.417 221.011 -104.477 -84.483 136.671 -110.074
-750.926 220.15 -104.47 -84.483 136.671 -110.074
-751.435 219.289 -104.462 -84.483 136.671 -110.074
-751.944 218.428 -104.454 -84.483 136.671 -110.074
-752.452 217.567 -104.447 -84.483 136.671 -110.074
-752.961 216.707 -104.439 -84.483 136.671 -110.074
-753.47 215.846 -104.431 -84.483 136.671 -110.074
-753.979 214.985 -104.424 -84.483 136.671 -110.074
28
-733.1 252.205 -104.049 -84.505 136.683 -110.09
-733.602 251.34 -104.049 -84.505 136.683 -110.09
-734.103 250.474 -104.048 -84.505 136.683 -110.09
-734.605 249.609 -104.047 -84.505 136.683 -110.09
-735.106 248.744 -104.047 -84.505 136.683 -110.09
-735.608 247.879 -104.046 -84.505 136.683 -110.09
-736.109 247.014 -104.045 -84.505 136.683 -110.09
-736.611 246.149 -104.045 -84.498 136.696 -110.1
-737.112 245.284 -104.044 -84.49 136.695 -110.104
-737.614 244.418 -104.043 -84.49 136.695 -110.104
-738.115 243.553 -104.043 -84.487 136.69 -110.106
-738.617 242.688 -104.042 -84.487 136.689 -110.108
-739.118 241.823 -104.041 -84.486 136.686 -110.106
-739.62 240.958 -104.041 -84.486 136.686 -110.106
-740.122 240.093 -104.04 -84.485 136.683 -110.101
-740.623 239.228 -104.039 -84.484 136.682 -110.094
-741.125 238.362 -104.039 -84.484 136.682 -110.094
-741.626 237.497 -104.038 -84.483 136.683 -110.091
-742.128 236.632 -104.037 -84.483 136.682 -110.088
-742.629 235.767 -104.037 -84.481 136.681 -110.085
-743.131 234.902 -104.036 -84.481 136.681 -110.085
-743.632 234.037 -104.036 -84.481 136.681 -110.085
-744.134 233.172 -104.035 -84.481 136.681 -110.085
-744.635 232.306 -104.034 -84.481 136.681 -110.085
-745.137 231.441 -104.034 -84.481 136.681 -110.085
-745.638 230.576 -104.033 -84.478 136.673 -110.074
-746.14 229.711 -104.032 -84.478 136.673 -110.074
-746.641 228.846 -104.032 -84.478 136.673 -110.074
-747.143 227.981 -104.031 -84.478 136.673 -110.074
-747.644 227.116 -104.03 -84.478 136.673 -110.074
-748.146 226.25 -104.03 -84.48 136.67 -110.073
-748.647 225.385 -104.029 -84.48 136.67 -110.073
-749.149 224.52 -104.028 -84.48 136.67 -110.073
-749.651 223.655 -104.028 -84.48 136.67 -110.073
-750.152 222.79 -104.027 -84.48 136.67 -110.073
-750.654 221.925 -104.026 -84.48 136.67 -110.073
-751.155 221.06 -104.026 -84.48 136.67 -110.073
-751.657 220.194 -104.025 -84.48 136.67 -110.073
-752.158 219.329 -104.024 -84.48 136.67 -110.073
-752.66 218.464 -104.024 -84.48 136.67 -110.073
-753.161 217.599 -104.023 -84.48 136.67 -110.073
29
-734.551 247.69 -104.24 -84.489 136.694 -110.104
-735.057 246.827 -104.235 -84.489 136.694 -110.104
-735.563 245.965 -104.229 -84.489 136.694 -110.104
-736.069 245.102 -104.223 -84.489 136.694 -110.104
-736.574 244.24 -104.217 -84.489 136.694 -110.104
-737.08 243.377 -104.211 -84.489 136.694 -110.104
-737.586 242.515 -104.206 -84.488 136.69 -110.106
-738.092 241.652 -104.2 -84.488 136.69 -110.106
-738.598 240.789 -104.194 -84.487 136.688 -110.107
-739.104 239.927 -104.188 -84.486 136.685 -110.103
-739.61 239.064 -104.182 -84.484 136.683 -110.099
-740.116 238.202 -104.177 -84.484 136.683 -110.099
-740.621 237.339 -104.171 -84.482 136.682 -110.092
-741.127 236.476 -104.165 -84.484 136.682 -110.09
-741.633 235.614 -104.159 -84.484 136.682 -110.09
-742.139 234.751 -104.153 -84.485 136.682 -110.088
-742.645 233.889 -104.148 -84.482 136.68 -110.087
-743.151 233.026 -104.142 -84.481 136.679 -110.084
-743.657 232.163 -104.136 -84.481 136.679 -110.083
-744.163 231.301 -104.13 -84.481 136.679 -110.08
-744.668 230.438 -104.124 -84.481 136.679 -110.08
-745.174 229.576 -104.118 -84.481 136.679 -110.08
-745.68 228.713 -104.113 -84.481 136.679 -110.08
-746.186 227.851 -104.107 -84.481 136.679 -110.08
-746.692 226.988 -104.101 -84.481 136.679 -110.08
-747.198 226.125 -104.095 -84.481 136.679 -110.08
-747.704 225.263 -104.089 -84.481 136.679 -110.08
-748.21 224.4 -104.084 -84.481 136.679 -110.08
-748.715 223.538 -104.078 -84.481 136.679 -110.08
-749.221 222.675 -104.072 -84.481 136.679 -110.08
-749.727 221.812 -104.066 -84.481 136.679 -110.08
-750.233 220.95 -104.06 -84.481 136.679 -110.08
-750.739 220.087 -104.055 -84.481 136.679 -110.08
-751.245 219.225 -104.049 -84.481 136.679 -110.08
-751.751 218.362 -104.043 -84.481 136.679 -110.08
-752.257 217.499 -104.037 -84.481 136.679 -110.08
-752.762 216.637 -104.031 -84.481 136.679 -110.08
-753.268 215.774 -104.026 -84.481 136.679 -110.08
-753.774 214.912 -104.02 -84.481 136.679 -110.08
-754.28 214.049 -104.014 -84.481 136.679 -110.08
-754.786 213.187 -104.008 -84.481 136.679 -110.08
30
-734.514 250.845 -104.116 -84.504 136.684 -110.089
-735.017 249.981 -104.118 -84.504 136.684 -110.089
-735.52 249.117 -104.12 -84.504 136.684 -110.089
-736.023 248.253 -104.121 -84.504 136.684 -110.089
-736.526 247.388 -104.123 -84.504 136.684 -110.089
-737.029 246.524 -104.125 -84.501 136.694 -110.099
-737.532 245.66 -104.126 -84.491 136.695 -110.106
-738.035 244.795 -104.128 -84.489 136.691 -110.107
-738.538 243.931 -104.13 -84.489 136.691 -110.107
-739.041 243.067 -104.132 -84.489 136.689 -110.109
-739.544 242.203 -104.133 -84.487 136.686 -110.108
-740.047 241.338 -104.135 -84.486 136.684 -110.104
-740.55 240.474 -104.137 -84.486 136.684 -110.099
-741.053 239.61 -104.139 -84.486 136.684 -110.099
-741.556 238.746 -104.14 -84.484 136.684 -110.095
-742.059 237.881 -104.142 -84.485 136.683 -110.091
-742.562 237.017 -104.144 -84.485 136.683 -110.09
-743.065 236.153 -104.145 -84.484 136.681 -110.089
-743.568 235.289 -104.147 -84.484 136.681 -110.089
-744.071 234.424 -104.149 -84.481 136.679 -110.085
-744.574 233.56 -104.151 -84.483 136.678 -110.085
-745.077 232.696 -104.152 -84.482 136.678 -110.082
-745.58 231.831 -104.154 -84.482 136.678 -110.082
-746.083 230.967 -104.156 -84.482 136.678 -110.082
-746.586 230.103 -104.158 -84.482 136.678 -110.082
-747.089 229.239 -104.159 -84.482 136.67 -110.074
-747.593 228.374 -104.161 -84.482 136.67 -110.074
-748.096 227.51 -104.163 -84.482 136.67 -110.074
-748.599 226.646 -104.165 -84.482 136.67 -110.074
-749.102 225.782 -104.166 -84.482 136.67 -110.074
-749.605 224.917 -104.168 -84.482 136.67 -110.074
-750.108 224.053 -104.17 -84.482 136.67 -110.074
-750.611 223.189 -104.171 -84.482 136.67 -110.074
-751.114 222.324 -104.173 -84.482 136.67 -110.074
-751.617 221.46 -104.175 -84.482 136.67 -110.074
-752.12 220.596 -104.177 -84.482 136.67 -110.074
-752.623 219.732 -104.178 -84.482 136.67 -110.074
-753.126 218.867 -104.18 -84.482 136.67 -110.074
-753.629 218.003 -104.182 -84.482 136.67 -110.074
-754.132 217.139 -104.184 -84.482 136.67 -110.074
-754.635 216.275 -104.185 -84.482 136.67 -110.074
31
-733.799 248.489 -104.329 -84.506 136.683 -110.092
-734.305 247.626 -104.324 -84.506 136.683 -110.092
-734.811 246.764 -104.32 -84.506 136.683 -110.092
-735.317 245.901 -104.316 -84.506 136.683 -110.092
-735.823 245.039 -104.312 -84.506 136.683 -110.092
-736.33 244.176 -104.308 -84.5 136.695 -110.1
-736.836 243.314 -104.303 -84.49 136.695 -110.105
-737.342 242.451 -104.299 -84.488 136.689 -110.107
-737.848 241.589 -104.295 -84.488 136.689 -110.107
-738.354 240.726 -104.291 -84.487 136.688 -110.109
-738.86 239.864 -104.286 -84.486 136.686 -110.107
-739.366 239.002 -104.282 -84.485 136.683 -110.101
-739.872 238.139 -104.278 -84.484 136.683 -110.096
-740.378 237.277 -104.274 -84.484 136.683 -110.096
-740.885 236.414 -104.27 -84.482 136.684 -110.092
-741.391 235.552 -104.265 -84.482 136.682 -110.087
-741.897 234.689 -104.261 -84.482 136.681 -110.087
-742.403 233.827 -104.257 -84.48 136.68 -110.084
-742.909 232.964 -104.253 -84.478 136.678 -110.081
-743.415 232.102 -104.249 -84.479 136.678 -110.079
-743.921 231.239 -104.244 -84.479 136.678 -110.079
-744.427 230.377 -104.24 -84.479 136.678 -110.079
-744.933 229.515 -104.236 -84.479 136.678 -110.079
-745.44 228.652 -104.232 -84.479 136.678 -110.079
-745.946 227.79 -104.228 -84.479 136.678 -110.079
-746.452 226.927 -104.223 -84.483 136.671 -110.073
-746.958 226.065 -104.219 -84.483 136.671 -110.073
-747.464 225.202 -104.215 -84.483 136.671 -110.073
-747.97 224.34 -104.211 -84.483 136.671 -110.073
-748.476 223.477 -104.207 -84.483 136.671 -110.073
-748.982 222.615 -104.202 -84.483 136.671 -110.073
-749.488 221.752 -104.198 -84.483 136.671 -110.073
-749.995 220.89 -104.194 -84.483 136.671 -110.073
-750.501 220.028 -104.19 -84.483 136.671 -110.073
-751.007 219.165 -104.186 -84.483 136.671 -110.073
-751.513 218.303 -104.181 -84.483 136.671 -110.073
-752.019 217.44 -104.177 -84.483 136.671 -110.073
-752.525 216.578 -104.173 -84.483 136.671 -110.073
-753.031 215.715 -104.169 -84.483 136.671 -110.073
-753.537 214.853 -104.164 -84.483 136.671 -110.073
-754.044 213.99 -104.16 -84.483 136.671 -110.073
