1
-971.212 376.827 421.238 -116.197 111.483 -100.479
-972.136 376.402 421.24 -116.197 111.483 -100.479
-973.061 375.981 421.242 -116.197 111.483 -100.479
-973.986 375.563 421.243 -116.365 111.489 -100.475
-974.913 375.149 421.245 -116.365 111.489 -100.475
-975.84 374.739 421.247 -116.512 111.488 -100.465
-976.768 374.332 421.249 -116.512 111.488 -100.465
-977.697 373.93 421.251 -116.68 111.48 -100.451
-978.626 373.53 421.253 -116.82 111.475 -100.439
-979.557 373.135 421.255 -116.82 111.475 -100.439
-980.488 372.743 421.256 -116.82 111.475 -100.439
-981.42 372.355 421.258 -117.301 111.46 -100.371
-982.353 371.97 421.26 -117.301 111.46 -100.371
-983.287 371.59 421.262 -117.462 111.455 -100.35
-984.222 371.212 421.264 -117.607 111.451 -100.331
-985.157 370.839 421.266 -117.607 111.451 -100.331
-986.094 370.469 421.268 -117.752 111.447 -100.311
-987.031 370.103 421.269 -117.752 111.447 -100.311
-987.969 369.741 421.271 -117.918 111.44 -100.292
-988.908 369.382 421.273 -118.095 111.434 -100.262
-989.848 369.027 421.275 -118.095 111.434 -100.262
-990.788 368.675 421.277 -118.257 111.431 -100.238
-991.73 368.328 421.279 -118.449 111.431 -100.218
-992.672 367.984 421.281 -118.449 111.431 -100.218
-993.615 367.643 421.282 -118.616 111.425 -100.201
-994.559 367.307 421.284 -118.616 111.425 -100.201
-995.504 366.974 421.286 -118.774 111.418 -100.181
-996.449 366.644 421.288 -118.774 111.418 -100.181
-997.396 366.319 421.29 -119.103 111.41 -100.142
-998.343 365.997 421.292 -119.103 111.41 -100.142
-999.291 365.678 421.294 -119.234 111.409 -100.132
-1000.24 365.364 421.295 -119.401 111.406 -100.119
-1001.19 365.053 421.297 -119.401 111.406 -100.119
-1002.14 364.745 421.299 -119.535 111.399 -100.098
-1003.09 364.442 421.301 -119.69 111.394 -100.075
-1004.04 364.142 421.303 -119.834 111.395 -100.058
-1005 363.846 421.305 -119.834 111.395 -100.058
-1005.95 363.553 421.307 -120.053 111.393 -100.04
-1006.91 363.264 421.309 -120.201 111.386 -100.027
-1007.86 362.979 421.31 -120.201 111.386 -100.027
-1008.82 362.697 421.312 -120.374 111.375 -99.999
-1009.78 362.42 421.314 -120.374 111.375 -99.999
-1010.73 362.145 421.316 -120.533 111.37 -99.976
-1011.69 361.875 421.318 -120.705 111.372 -99.962
-1012.65 361.608 421.32 -120.898 111.371 -99.942
-1013.61 361.345 421.322 -120.898 111.371 -99.942
-1014.58 361.086 421.323 -121.058 111.364 -99.926
-1015.54 360.83 421.325 -121.234 111.356 -99.906
-1016.5 360.578 421.327 -121.234 111.356 -99.906
-1017.46 360.329 421.329 -121.421 111.349 -99.885
-1018.43 360.084 421.331 -121.421 111.349 -99.885
-1019.4 359.843 421.333 -121.595 111.351 -99.873
-1020.36 359.606 421.335 -121.595 111.351 -99.873
-1021.33 359.372 421.337 -121.999 111.336 -99.819
-1022.3 359.142 421.339 -121.999 111.336 -99.819
-1023.27 358.916 421.34 -121.999 111.336 -99.819
-1024.24 358.693 421.342 -122.138 111.331 -99.799
-1025.21 358.474 421.344 -122.138 111.331 -99.799
-1026.18 358.259 421.346 -122.285 111.328 -99.78
-1027.15 358.047 421.348 -122.285 111.328 -99.78
-1028.13 357.839 421.35 -122.285 111.328 -99.78
-1029.1 357.635 421.352 -122.584 111.322 -99.754
-1030.07 357.434 421.354 -122.767 111.317 -99.733
-1031.05 357.237 421.355 -122.767 111.317 -99.733
-1032.03 357.044 421.357 -122.767 111.317 -99.733
-1033 356.854 421.359 -122.944 111.311 -99.71
-1033.98 356.668 421.361 -122.944 111.311 -99.71
-1034.96 356.486 421.363 -123.152 111.308 -99.691
-1035.94 356.308 421.365 -123.152 111.308 -99.691
-1036.92 356.133 421.367 -123.323 111.304 -99.675
-1037.9 355.962 421.369 -123.323 111.304 -99.675
-1038.89 355.794 421.371 -123.509 111.298 -99.653
-1039.87 355.63 421.372 -123.646 111.296 -99.634
-1040.85 355.47 421.374 -123.845 111.289 -99.609
-1041.84 355.314 421.376 -123.845 111.289 -99.609
-1042.83 355.161 421.378 -124.013 111.285 -99.59
-1043.81 355.012 421.38 -124.013 111.285 -99.59
-1044.8 354.866 421.382 -124.184 111.281 -99.572
-1045.79 354.724 421.384 -124.353 111.273 -99.557
-1046.78 354.586 421.386 -124.353 111.273 -99.557
-1047.77 354.452 421.388 -124.515 111.27 -99.543
-1048.76 354.321 421.39 -124.673 111.267 -99.525
-1049.75 354.194 421.391 -124.814 111.264 -99.508
-1050.74 354.071 421.393 -124.814 111.264 -99.508
-1051.74 353.951 421.395 -124.982 111.263 -99.489
-1052.73 353.835 421.397 -124.982 111.263 -99.489
-1053.73 353.722 421.399 -125.132 111.258 -99.475
-1054.72 353.614 421.401 -125.28 111.25 -99.455
-1055.72 353.509 421.403 -125.441 111.243 -99.431
-1056.72 353.407 421.405 -125.6 111.237 -99.408
-1057.71 353.31 421.407 -125.6 111.237 -99.408
-1058.71 353.216 421.409 -125.763 111.234 -99.389
-1059.71 353.125 421.41 -125.763 111.234 -99.389
-1060.72 353.039 421.412 -125.932 111.234 -99.371
-1061.72 352.956 421.414 -126.097 111.231 -99.352
-1062.72 352.877 421.416 -126.097 111.231 -99.352
-1063.72 352.801 421.418 -126.242 111.224 -99.335
-1064.73 352.729 421.42 -126.406 111.217 -99.32
-1065.73 352.661 421.422 -126.406 111.217 -99.32
-1066.74 352.596 421.424 -126.815 111.207 -99.269
-1067.75 352.535 421.426 -126.815 111.207 -99.269
-1068.75 352.478 421.428 -127.188 111.198 -99.225
-1069.76 352.425 421.43 -127.188 111.198 -99.225
-1070.77 352.375 421.432 -127.35 111.19 -99.205
-1071.78 352.329 421.433 -127.35 111.19 -99.205
-1072.79 352.286 421.435 -127.35 111.19 -99.205
-1073.8 352.247 421.437 -127.35 111.19 -99.205
-1074.82 352.212 421.439 -127.493 111.187 -99.189
-1075.83 352.181 421.441 -127.635 111.185 -99.173
-1078.28 352.329 421.438 -127.803 111.185 -99.159
-1079.28 352.315 421.44 -128.01 111.181 -99.14
-1080.28 352.305 421.442 -128.172 111.173 -99.12
-1081.29 352.3 421.444 -128.172 111.173 -99.12
-1082.29 352.299 421.446 -128.501 111.163 -99.083
-1083.29 352.302 421.448 -128.501 111.163 -99.083
-1084.29 352.31 421.45 -128.643 111.161 -99.064
-1085.29 352.321 421.452 -128.643 111.161 -99.064
-1086.29 352.338 421.454 -128.79 111.157 -99.046
-1087.29 352.358 421.456 -128.956 111.153 -99.029
-1088.29 352.382 421.458 -128.956 111.153 -99.029
-1089.29 352.411 421.46 -129.241 111.137 -98.997
-1090.29 352.445 421.462 -129.241 111.137 -98.997
-1091.29 352.482 421.464 -129.389 111.137 -98.981
-1092.29 352.524 421.466 -129.389 111.137 -98.981
-1093.29 352.57 421.468 -129.533 111.137 -98.966
-1094.29 352.62 421.47 -129.694 111.135 -98.95
-1095.28 352.675 421.472 -129.858 111.13 -98.931
-1096.28 352.734 421.474 -129.858 111.13 -98.931
-1097.28 352.797 421.476 -130.003 111.123 -98.913
-1098.27 352.864 421.478 -130.169 111.115 -98.895
-1099.27 352.936 421.48 -130.169 111.115 -98.895
-1100.26 353.012 421.482 -130.335 111.108 -98.876
-1101.26 353.092 421.484 -130.483 111.106 -98.86
-1102.25 353.177 421.487 -130.628 111.106 -98.846
-1103.25 353.265 421.489 -130.628 111.106 -98.846
-1104.24 353.358 421.491 -130.762 111.105 -98.827
-1105.24 353.456 421.493 -130.919 111.097 -98.809
-1106.23 353.558 421.495 -130.919 111.097 -98.809
-1107.22 353.663 421.497 -130.919 111.097 -98.809
-1108.21 353.774 421.499 -131.408 111.082 -98.767
-1109.21 353.888 421.501 -131.594 111.076 -98.745
-1110.2 354.007 421.503 -131.594 111.076 -98.745
-1111.19 354.13 421.505 -131.594 111.076 -98.745
-1112.18 354.257 421.507 -131.594 111.076 -98.745
-1113.17 354.389 421.509 -132.162 111.062 -98.671
-1114.16 354.525 421.511 -132.162 111.062 -98.671
-1115.15 354.665 421.514 -132.162 111.062 -98.671
-1116.14 354.81 421.516 -132.162 111.062 -98.671
-1117.13 354.958 421.518 -132.311 111.057 -98.655
-1118.12 355.111 421.52 -132.311 111.057 -98.655
-1119.11 355.269 421.522 -132.478 111.052 -98.641
-1120.09 355.43 421.524 -132.478 111.052 -98.641
-1121.08 355.596 421.526 -132.659 111.045 -98.624
-1122.07 355.766 421.528 -132.8 111.042 -98.609
-1123.05 355.941 421.531 -132.8 111.042 -98.609
-1124.04 356.119 421.533 -133.129 111.036 -98.57
-1125.03 356.302 421.535 -133.129 111.036 -98.57
-1126.01 356.49 421.537 -133.274 111.032 -98.553
-1127 356.681 421.539 -133.422 111.024 -98.532
-1129.26 357.454 421.565 -133.566 111.017 -98.514
-1130.24 357.656 421.566 -133.727 111.011 -98.495
-1131.22 357.862 421.568 -133.891 111.009 -98.477
-1132.2 358.071 421.57 -133.891 111.009 -98.477
-1133.17 358.284 421.571 -134.08 111.008 -98.458
-1134.15 358.5 421.573 -134.08 111.008 -98.458
-1135.13 358.72 421.574 -134.243 111.002 -98.442
-1136.1 358.944 421.575 -134.384 110.995 -98.423
-1137.08 359.171 421.576 -134.384 110.995 -98.423
-1138.05 359.402 421.577 -134.713 110.985 -98.382
-1139.02 359.636 421.578 -134.713 110.985 -98.382
-1139.99 359.874 421.579 -134.713 110.985 -98.382
-1140.96 360.115 421.58 -135.027 110.979 -98.341
-1141.93 360.36 421.581 -135.027 110.979 -98.341
-1142.9 360.609 421.582 -135.027 110.979 -98.341
-1143.86 360.861 421.582 -135.327 110.97 -98.305
-1144.83 361.117 421.583 -135.327 110.97 -98.305
-1145.79 361.377 421.583 -135.471 110.964 -98.291
-1146.76 361.64 421.583 -135.62 110.96 -98.276
-1147.72 361.907 421.584 -135.766 110.957 -98.264
-1148.68 362.177 421.584 -135.766 110.957 -98.264
-1149.64 362.451 421.584 -135.93 110.951 -98.249
-1150.6 362.728 421.584 -136.076 110.947 -98.233
-1151.56 363.009 421.584 -136.219 110.944 -98.218
-1152.52 363.294 421.584 -136.219 110.944 -98.218
-1153.47 363.582 421.584 -136.359 110.942 -98.199
-1154.43 363.874 421.584 -136.521 110.938 -98.182
-1155.38 364.169 421.583 -136.521 110.938 -98.182
-1156.34 364.468 421.583 -136.691 110.933 -98.165
-1157.29 364.771 421.582 -136.861 110.926 -98.15
-1158.24 365.077 421.582 -136.861 110.926 -98.15
-1159.19 365.387 421.581 -137.024 110.918 -98.133
-1160.14 365.7 421.58 -137.164 110.914 -98.118
-1161.09 366.017 421.579 -137.325 110.912 -98.098
-1162.04 366.338 421.578 -137.325 110.912 -98.098
-1162.98 366.662 421.577 -137.49 110.911 -98.081
-1163.93 366.99 421.576 -137.638 110.907 -98.067
-1164.87 367.321 421.575 -137.638 110.907 -98.067
-1165.82 367.656 421.574 -137.786 110.902 -98.053
-1166.76 367.994 421.573 -137.93 110.895 -98.038
-1167.7 368.337 421.571 -137.93 110.895 -98.038
-1168.89 368.439 421.555 -138.108 110.887 -98.013
-1169.83 368.79 421.554 -138.108 110.887 -98.013
-1170.77 369.144 421.553 -138.108 110.887 -98.013
-1171.71 369.502 421.552 -138.108 110.887 -98.013
-1172.65 369.863 421.55 -138.108 110.887 -98.013
-1173.58 370.227 421.549 -138.108 110.887 -98.013
-1174.51 370.595 421.547 -138.108 110.887 -98.013
-1175.44 370.966 421.546 -138.108 110.887 -98.013
-1176.37 371.34 421.544 -138.108 110.887 -98.013
-1177.3 371.717 421.542 -138.108 110.887 -98.013
-1178.23 372.098 421.541 -138.108 110.887 -98.013
-1179.15 372.482 421.539 -138.108 110.887 -98.013
-1180.07 372.869 421.537 -140.87 110.881 -97.757
-1180.99 373.26 421.535 -140.87 110.881 -97.757
-1181.91 373.654 421.533 -140.87 110.881 -97.757
-1182.83 374.051 421.531 -140.87 110.881 -97.757
-1183.75 374.451 421.529 -140.87 110.881 -97.757
-1184.66 374.855 421.527 -140.87 110.881 -97.757
-1185.57 375.262 421.525 -140.87 110.881 -97.757
-1186.49 375.672 421.523 -140.87 110.881 -97.757
-1187.4 376.086 421.521 -140.87 110.881 -97.757
-1188.3 376.502 421.518 -140.87 110.881 -97.757
-1189.21 376.922 421.516 -140.87 110.881 -97.757
-1190.11 377.346 421.513 -140.87 110.881 -97.757
-1191.02 377.772 421.511 -141.136 110.888 -97.74
-1191.92 378.202 421.508 -141.349 110.895 -97.732
-1192.82 378.635 421.506 -141.349 110.895 -97.732
-1193.71 379.072 421.503 -141.565 110.905 -97.728
-1194.61 379.511 421.5 -141.774 110.917 -97.72
-1195.5 379.954 421.498 -142.016 110.935 -97.711
-1196.4 380.4 421.495 -142.016 110.935 -97.711
-1197.29 380.85 421.492 -142.323 110.959 -97.689
-1198.18 381.303 421.489 -142.323 110.959 -97.689
-1199.07 381.759 421.486 -142.534 110.969 -97.675
-1199.95 382.218 421.483 -142.775 110.979 -97.657
-1200.84 382.681 421.48 -142.775 110.979 -97.657
-1201.72 383.147 421.477 -143.044 110.991 -97.636
-1202.6 383.616 421.474 -143.044 110.991 -97.636
-1203.48 384.088 421.47 -143.284 111.001 -97.621
-1204.36 384.564 421.467 -143.53 111.009 -97.611
-1205.24 385.043 421.464 -143.53 111.009 -97.611
-1206.11 385.525 421.46 -143.748 111.019 -97.604
-1206.98 386.011 421.457 -144.027 111.033 -97.592
-1207.85 386.5 421.453 -144.027 111.033 -97.592
-1208.72 386.992 421.45 -144.267 111.049 -97.58
-1209.59 387.487 421.446 -144.267 111.049 -97.58
-1210.46 387.986 421.442 -144.474 111.063 -97.564
-1211.32 388.488 421.439 -144.75 111.077 -97.549
-1212.19 388.993 421.435 -144.75 111.077 -97.549
-1213.05 389.501 421.431 -144.995 111.089 -97.531
-1213.91 390.013 421.427 -145.236 111.095 -97.515
-1214.77 390.528 421.423 -145.236 111.095 -97.515
-1215.62 391.047 421.419 -145.48 111.105 -97.503
-1216.48 391.568 421.415 -145.723 111.117 -97.491
-1217.33 392.093 421.411 -145.723 111.117 -97.491
-1218.18 392.621 421.407 -145.994 111.13 -97.479
-1219.03 393.153 421.402 -145.994 111.13 -97.479
-1219.88 393.687 421.398 -146.238 111.143 -97.467
-1220.73 394.225 421.394 -146.425 111.154 -97.459
-1221.57 394.767 421.389 -146.425 111.154 -97.459
-1223.01 395.587 421.352 -146.699 111.166 -97.441
-1223.85 396.132 421.347 -147.121 111.19 -97.42
-1224.69 396.68 421.343 -147.121 111.19 -97.42
-1225.53 397.231 421.338 -147.333 111.201 -97.408
-1226.37 397.784 421.334 -147.333 111.201 -97.408
-1227.2 398.341 421.329 -147.61 111.21 -97.393
-1228.03 398.9 421.325 -147.61 111.21 -97.393
-1228.86 399.463 421.32 -147.61 111.21 -97.393
-1229.68 400.028 421.316 -148.124 111.234 -97.373
-1230.51 400.596 421.312 -148.124 111.234 -97.373
-1231.33 401.168 421.307 -148.311 111.243 -97.365
-1232.15 401.742 421.303 -148.554 111.256 -97.356
-1232.96 402.319 421.298 -148.554 111.256 -97.356
-1233.78 402.899 421.294 -148.824 111.27 -97.342
-1234.59 403.482 421.29 -148.824 111.27 -97.342
-1235.4 404.067 421.285 -149.068 111.286 -97.327
-1236.21 404.656 421.281 -149.068 111.286 -97.327
-1237.01 405.248 421.276 -149.068 111.286 -97.327
-1237.82 405.842 421.272 -149.861 111.32 -97.28
-1238.62 406.44 421.268 -149.861 111.32 -97.28
-1239.42 407.04 421.263 -149.861 111.32 -97.28
-1240.21 407.644 421.259 -149.861 111.32 -97.28
-1241 408.25 421.255 -150.343 111.345 -97.26
-1241.8 408.859 421.25 -150.59 111.357 -97.248
-1242.58 409.471 421.246 -150.59 111.357 -97.248
-1243.37 410.086 421.242 -150.834 111.37 -97.234
-1244.16 410.704 421.237 -150.834 111.37 -97.234
-1244.94 411.325 421.233 -151.076 111.379 -97.222
-1245.72 411.949 421.229 -151.076 111.379 -97.222
-1246.49 412.576 421.225 -151.289 111.389 -97.212
-1247.27 413.205 421.22 -151.289 111.389 -97.212
-1248.04 413.838 421.216 -151.595 111.406 -97.196
-1248.81 414.473 421.212 -151.805 111.418 -97.186
-1249.58 415.112 421.208 -151.805 111.418 -97.186
-1250.35 415.753 421.203 -152.045 111.429 -97.175
-1251.11 416.397 421.199 -152.322 111.438 -97.154
-1251.87 417.045 421.195 -152.322 111.438 -97.154
-1252.63 417.695 421.191 -152.537 111.447 -97.144
-1253.38 418.348 421.186 -152.537 111.447 -97.144
-1254.14 419.004 421.182 -152.993 111.466 -97.119
-1254.89 419.663 421.178 -152.993 111.466 -97.119
-1255.64 420.325 421.174 -152.993 111.466 -97.119
-1256.39 420.989 421.17 -152.993 111.466 -97.119
-1257.13 421.657 421.165 -153.629 111.503 -97.088
-1257.87 422.328 421.161 -153.629 111.503 -97.088
-1258.61 423.001 421.157 -153.629 111.503 -97.088
-1259.35 423.678 421.153 -153.629 111.503 -97.088
-1260.09 424.357 421.149 -154.365 111.533 -97.049
-1260.82 425.039 421.145 -154.365 111.533 -97.049
-1261.55 425.724 421.14 -154.365 111.533 -97.049
-1262.28 426.413 421.136 -154.636 111.546 -97.036
-1263 427.104 421.132 -154.636 111.546 -97.036
-1263.73 427.798 421.128 -154.636 111.546 -97.036
-1264.45 428.494 421.124 -155.154 111.574 -97.012
-1266.42 430.816 421.13 -155.452 111.585 -96.994
-1267.13 431.523 421.126 -155.728 111.597 -96.977
-1267.84 432.232 421.122 -155.728 111.597 -96.977
-1268.54 432.944 421.119 -156.005 111.607 -96.962
-1269.24 433.658 421.115 -156.005 111.607 -96.962
-1269.94 434.374 421.112 -156.005 111.607 -96.962
-1270.64 435.093 421.108 -156.005 111.607 -96.962
-1271.33 435.814 421.104 -156.914 111.654 -96.916
-1272.03 436.537 421.101 -156.914 111.654 -96.916
-1272.71 437.262 421.097 -156.914 111.654 -96.916
-1273.4 437.99 421.094 -156.914 111.654 -96.916
-1274.08 438.72 421.09 -156.914 111.654 -96.916
-1274.76 439.452 421.086 -157.766 111.692 -96.869
-1275.44 440.187 421.083 -157.766 111.692 -96.869
-1276.12 440.924 421.079 -157.766 111.692 -96.869
-1276.79 441.663 421.075 -157.766 111.692 -96.869
-1277.46 442.404 421.072 -158.013 111.705 -96.857
-1278.13 443.148 421.068 -158.013 111.705 -96.857
-1278.79 443.894 421.064 -158.258 111.717 -96.844
-1279.45 444.642 421.061 -158.258 111.717 -96.844
-1280.11 445.393 421.057 -158.8 111.741 -96.815
-1280.77 446.146 421.053 -158.8 111.741 -96.815
-1281.42 446.901 421.05 -158.8 111.741 -96.815
-1282.07 447.658 421.046 -158.8 111.741 -96.815
-1282.72 448.418 421.042 -159.531 111.772 -96.776
-1283.37 449.18 421.039 -159.531 111.772 -96.776
-1284.01 449.945 421.035 -159.531 111.772 -96.776
-1284.65 450.711 421.031 -159.531 111.772 -96.776
-1285.29 451.48 421.027 -160.019 111.794 -96.752
-1285.92 452.251 421.024 -160.019 111.794 -96.752
-1286.55 453.025 421.02 -160.292 111.805 -96.735
-1287.18 453.801 421.016 -160.292 111.805 -96.735
-1287.81 454.579 421.012 -160.507 111.815 -96.721
-1288.43 455.359 421.009 -160.748 111.827 -96.711
-1289.05 456.142 421.005 -160.748 111.827 -96.711
-1289.67 456.927 421.001 -160.958 111.836 -96.702
-1290.29 457.714 420.997 -161.174 111.848 -96.692
-1290.9 458.504 420.994 -161.174 111.848 -96.692
-1291.51 459.295 420.99 -161.632 111.866 -96.67
-1292.12 460.089 420.986 -161.632 111.866 -96.67
-1292.72 460.886 420.982 -161.632 111.866 -96.67
-1293.32 461.685 420.978 -162.091 111.888 -96.647
-1293.92 462.485 420.975 -162.091 111.888 -96.647
-1294.52 463.289 420.971 -162.301 111.897 -96.633
-1295.11 464.094 420.967 -162.301 111.897 -96.633
-1295.71 464.902 420.963 -162.571 111.905 -96.618
-1296.29 465.712 420.959 -162.757 111.917 -96.611
-1296.88 466.525 420.956 -162.757 111.917 -96.611
-1297.46 467.339 420.952 -163.001 111.928 -96.595
-1300.55 471.866 420.935 -163.763 111.963 -96.548
-1301.11 472.708 420.932 -163.973 111.968 -96.532
-1301.67 473.551 420.929 -164.217 111.979 -96.518
-1302.22 474.395 420.926 -164.217 111.979 -96.518
-1302.77 475.24 420.923 -164.217 111.979 -96.518
-1303.32 476.087 420.92 -164.49 111.995 -96.506
-1303.86 476.936 420.916 -165.223 112.025 -96.471
-1304.4 477.786 420.913 -165.223 112.025 -96.471
-1304.94 478.637 420.91 -165.223 112.025 -96.471
-1305.48 479.49 420.907 -165.223 112.025 -96.471
-1306.01 480.344 420.904 -165.435 112.034 -96.463
-1306.54 481.199 420.9 -165.678 112.047 -96.456
-1307.06 482.056 420.897 -165.678 112.047 -96.456
-1307.59 482.915 420.894 -165.895 112.059 -96.447
-1308.1 483.775 420.891 -166.105 112.067 -96.435
-1308.62 484.636 420.887 -166.105 112.067 -96.435
-1309.13 485.498 420.884 -166.316 112.073 -96.42
-1309.64 486.362 420.88 -166.563 112.086 -96.412
-1310.15 487.228 420.877 -166.563 112.086 -96.412
-1310.65 488.095 420.873 -167.017 112.104 -96.389
-1311.15 488.963 420.87 -167.017 112.104 -96.389
-1311.65 489.833 420.866 -167.017 112.104 -96.389
-1312.14 490.704 420.863 -167.505 112.126 -96.363
-1312.63 491.576 420.859 -167.505 112.126 -96.363
-1313.12 492.45 420.856 -167.748 112.135 -96.351
-1313.6 493.326 420.852 -167.748 112.135 -96.351
-1314.08 494.203 420.848 -167.96 112.148 -96.343
-1314.56 495.081 420.844 -168.206 112.159 -96.332
-1315.03 495.96 420.841 -168.206 112.159 -96.332
-1315.51 496.841 420.837 -168.448 112.168 -96.318
-1315.97 497.724 420.833 -168.448 112.168 -96.318
-1316.44 498.608 420.829 -168.718 112.18 -96.303
-1316.9 499.493 420.825 -168.904 112.188 -96.29
-1317.36 500.38 420.821 -169.148 112.197 -96.273
-1317.81 501.268 420.818 -169.148 112.197 -96.273
-1318.26 502.157 420.814 -169.39 112.207 -96.26
-1318.71 503.048 420.81 -169.607 112.219 -96.248
-1319.16 503.941 420.806 -169.607 112.219 -96.248
-1319.6 504.834 420.802 -169.852 112.228 -96.234
-1320.04 505.73 420.797 -170.06 112.238 -96.228
-1320.48 506.626 420.793 -170.06 112.238 -96.228
-1320.91 507.524 420.789 -170.06 112.238 -96.228
-1321.34 508.424 420.785 -170.578 112.26 -96.198
-1321.77 509.325 420.781 -170.578 112.26 -96.198
-1322.19 510.227 420.777 -171.094 112.281 -96.174
-1322.61 511.131 420.772 -171.094 112.281 -96.174
-1323.03 512.036 420.768 -171.094 112.281 -96.174
-1323.44 512.942 420.764 -171.338 112.29 -96.161
-1323.85 513.85 420.759 -171.338 112.29 -96.161
-1324.26 514.759 420.755 -171.579 112.297 -96.147
-1324.66 515.67 420.751 -171.825 112.311 -96.137
-1325.06 516.582 420.746 -171.825 112.311 -96.137
-1325.46 517.496 420.742 -172.07 112.32 -96.126
-1325.86 518.411 420.737 -172.07 112.32 -96.126
-1326.25 519.327 420.733 -172.31 112.33 -96.114
-1326.63 520.245 420.728 -172.587 112.349 -96.111
-1327.02 521.165 420.724 -172.587 112.349 -96.111
-1327.4 522.085 420.719 -172.801 112.357 -96.099
-1327.78 523.007 420.714 -173.012 112.364 -96.088
-1328.16 523.931 420.71 -173.012 112.364 -96.088
-1328.53 524.856 420.705 -173.256 112.377 -96.075
-1328.9 525.782 420.7 -173.469 112.383 -96.056
-1329.26 526.71 420.696 -173.469 112.383 -96.056
-1329.63 527.639 420.691 -173.71 112.391 -96.043
-1329.98 528.57 420.686 -173.923 112.401 -96.031
-1330.34 529.502 420.681 -174.138 112.41 -96.017
-1330.69 530.435 420.676 -174.138 112.41 -96.017
-1331.04 531.37 420.671 -174.138 112.41 -96.017
-1331.39 532.306 420.666 -174.654 112.428 -95.986
-1331.73 533.244 420.662 -174.654 112.428 -95.986
-1332.07 534.183 420.657 -174.84 112.435 -95.969
-1332.41 535.123 420.652 -175.082 112.447 -95.963
-1332.75 536.065 420.646 -175.082 112.447 -95.963
-1333.08 537.009 420.641 -175.323 112.454 -95.946
-1333.4 537.953 420.636 -175.323 112.454 -95.946
-1333.73 538.9 420.631 -175.723 112.478 -95.937
-1334.05 539.847 420.626 -175.723 112.478 -95.937
-1334.37 540.796 420.621 -175.994 112.487 -95.921
-1334.68 541.746 420.616 -175.994 112.487 -95.921
-1334.99 542.698 420.61 -176.271 112.503 -95.917
-1335.3 543.652 420.605 -176.271 112.503 -95.917
-1335.61 544.606 420.6 -176.545 112.51 -95.901
-1335.91 545.562 420.594 -176.755 112.517 -95.886
-1336.21 546.52 420.589 -176.97 112.525 -95.863
-1336.5 547.479 420.584 -176.97 112.525 -95.863
-1336.8 548.439 420.578 -177.215 112.537 -95.855
-1337.09 549.401 420.573 -177.215 112.537 -95.855
-1337.37 550.364 420.567 -177.669 112.557 -95.83
-1337.66 551.328 420.562 -177.669 112.557 -95.83
-1337.94 552.294 420.556 -177.883 112.562 -95.805
-1338.21 553.262 420.551 -177.883 112.562 -95.805
-1338.49 554.231 420.545 -178.157 112.576 -95.814
-1338.76 555.201 420.539 -178.399 112.587 -95.807
-1339.02 556.173 420.534 -178.399 112.587 -95.807
-1339.29 557.146 420.528 -178.614 112.595 -95.791
-1339.55 558.12 420.522 -178.614 112.595 -95.791
-1339.8 559.096 420.517 -178.614 112.595 -95.791
-1340.06 560.073 420.511 -179.32 112.623 -95.739
-1340.31 561.052 420.505 -179.32 112.623 -95.739
-1340.56 562.032 420.499 -179.32 112.623 -95.739
-1340.8 563.014 420.493 -179.577 112.635 -95.726
-1341.04 563.997 420.488 -179.577 112.635 -95.726
-1341.28 564.981 420.482 -179.989 112.653 -95.698
2
-973.466 374.102 421.225 -116.196 111.482 -100.479
-974.41 373.745 421.226 -116.196 111.482 -100.479
-975.356 373.391 421.227 -116.348 111.49 -100.475
-976.302 373.041 421.229 -116.487 111.49 -100.467
-977.248 372.693 421.23 -116.487 111.49 -100.467
-978.196 372.349 421.231 -116.648 111.482 -100.454
-979.144 372.008 421.232 -116.786 111.476 -100.442
-980.092 371.67 421.234 -116.927 111.469 -100.424
-981.042 371.336 421.235 -117.099 111.465 -100.398
-981.992 371.005 421.236 -117.099 111.465 -100.398
-982.942 370.677 421.237 -117.24 111.462 -100.379
-983.894 370.352 421.239 -117.382 111.459 -100.36
-984.846 370.031 421.24 -117.524 111.454 -100.341
-985.798 369.713 421.241 -117.524 111.454 -100.341
-986.751 369.398 421.243 -117.671 111.449 -100.323
-987.705 369.086 421.244 -117.856 111.443 -100.3
-988.66 368.778 421.245 -117.856 111.443 -100.3
-989.615 368.472 421.247 -118.034 111.435 -100.27
-990.571 368.17 421.248 -118.176 111.433 -100.248
-991.528 367.872 421.25 -118.176 111.433 -100.248
-992.485 367.576 421.251 -118.176 111.433 -100.248
-993.443 367.284 421.252 -118.674 111.423 -100.193
-994.401 366.995 421.254 -118.674 111.423 -100.193
-995.36 366.709 421.255 -118.674 111.423 -100.193
-996.32 366.427 421.257 -118.812 111.416 -100.174
-997.281 366.147 421.258 -118.976 111.411 -100.155
-998.242 365.871 421.26 -118.976 111.411 -100.155
-999.204 365.599 421.261 -119.148 111.41 -100.14
-1000.17 365.329 421.263 -119.32 111.408 -100.126
-1001.13 365.063 421.265 -119.32 111.408 -100.126
-1002.09 364.8 421.266 -119.631 111.396 -100.083
-1003.06 364.54 421.268 -119.631 111.396 -100.083
-1004.02 364.283 421.269 -119.631 111.396 -100.083
-1004.99 364.03 421.271 -119.967 111.395 -100.047
-1005.95 363.78 421.273 -119.967 111.395 -100.047
-1006.92 363.533 421.274 -120.118 111.39 -100.036
-1007.89 363.29 421.276 -120.118 111.39 -100.036
-1008.86 363.049 421.277 -120.393 111.375 -99.996
-1009.83 362.812 421.279 -120.393 111.375 -99.996
-1010.8 362.578 421.281 -120.535 111.37 -99.976
-1011.77 362.348 421.283 -120.707 111.372 -99.962
-1012.74 362.12 421.284 -120.707 111.372 -99.962
-1013.71 361.896 421.286 -120.876 111.371 -99.944
-1014.68 361.675 421.288 -120.876 111.371 -99.944
-1015.65 361.458 421.29 -121.195 111.358 -99.911
-1016.63 361.243 421.291 -121.195 111.358 -99.911
-1017.6 361.032 421.293 -121.195 111.358 -99.911
-1018.58 360.824 421.295 -121.552 111.351 -99.876
-1019.55 360.62 421.297 -121.552 111.351 -99.876
-1020.53 360.418 421.299 -121.552 111.351 -99.876
-1021.51 360.22 421.3 -121.844 111.343 -99.846
-1022.48 360.025 421.302 -121.844 111.343 -99.846
-1023.46 359.833 421.304 -121.98 111.339 -99.822
-1024.44 359.645 421.306 -121.98 111.339 -99.822
-1025.42 359.46 421.308 -122.286 111.329 -99.781
-1026.4 359.278 421.31 -122.286 111.329 -99.781
-1027.38 359.099 421.312 -122.456 111.326 -99.765
-1028.36 358.924 421.314 -122.456 111.326 -99.765
-1029.35 358.752 421.316 -122.647 111.321 -99.749
-1030.33 358.583 421.318 -122.826 111.316 -99.725
-1031.31 358.417 421.32 -122.826 111.316 -99.725
-1032.3 358.254 421.322 -122.985 111.311 -99.707
-1033.28 358.095 421.324 -123.173 111.306 -99.69
-1034.27 357.939 421.326 -123.173 111.306 -99.69
-1035.25 357.786 421.328 -123.467 111.299 -99.658
-1036.24 357.637 421.33 -123.467 111.299 -99.658
-1037.23 357.491 421.332 -123.467 111.299 -99.658
-1038.22 357.348 421.334 -123.745 111.294 -99.622
-1039.2 357.208 421.336 -123.745 111.294 -99.622
-1040.19 357.071 421.338 -123.887 111.287 -99.604
-1041.18 356.938 421.341 -123.887 111.287 -99.604
-1042.17 356.808 421.343 -124.226 111.279 -99.568
-1043.17 356.681 421.345 -124.226 111.279 -99.568
-1044.16 356.558 421.347 -124.393 111.273 -99.553
-1045.15 356.437 421.349 -124.393 111.273 -99.553
-1046.14 356.32 421.351 -124.393 111.273 -99.553
-1047.14 356.206 421.354 -124.714 111.266 -99.522
-1048.13 356.096 421.356 -124.878 111.263 -99.501
-1049.13 355.989 421.358 -125.045 111.261 -99.482
-1050.12 355.884 421.36 -125.045 111.261 -99.482
-1051.12 355.784 421.363 -125.235 111.252 -99.459
-1052.12 355.686 421.365 -125.235 111.252 -99.459
-1053.12 355.592 421.367 -125.381 111.247 -99.44
-1054.12 355.501 421.37 -125.381 111.247 -99.44
-1055.11 355.413 421.372 -125.542 111.24 -99.417
-1056.11 355.328 421.374 -125.542 111.24 -99.417
-1057.12 355.247 421.377 -125.868 111.233 -99.375
-1058.12 355.169 421.379 -125.868 111.233 -99.375
-1059.12 355.094 421.381 -125.868 111.233 -99.375
-1060.12 355.022 421.384 -126.033 111.232 -99.358
-1061.12 354.954 421.386 -126.178 111.227 -99.342
-1062.13 354.888 421.389 -126.178 111.227 -99.342
-1063.13 354.826 421.391 -126.325 111.22 -99.329
-1064.14 354.768 421.394 -126.466 111.216 -99.313
-1065.14 354.712 421.396 -126.606 111.211 -99.293
-1066.15 354.66 421.399 -126.606 111.211 -99.293
-1067.16 354.611 421.401 -126.836 111.207 -99.266
-1068.17 354.566 421.404 -126.836 111.207 -99.266
-1069.17 354.523 421.406 -127.002 111.206 -99.246
-1070.18 354.484 421.409 -127.167 111.199 -99.227
-1072.81 354.27 421.412 -127.492 111.187 -99.188
-1073.81 354.254 421.415 -127.492 111.187 -99.188
-1074.81 354.242 421.417 -127.656 111.184 -99.17
-1075.82 354.233 421.42 -127.803 111.184 -99.158
-1076.82 354.227 421.422 -127.803 111.184 -99.158
-1077.82 354.226 421.424 -128.112 111.176 -99.125
-1078.82 354.227 421.427 -128.112 111.176 -99.125
-1079.82 354.232 421.429 -128.112 111.176 -99.125
-1080.82 354.24 421.432 -128.438 111.164 -99.092
-1081.82 354.252 421.434 -128.438 111.164 -99.092
-1082.82 354.268 421.437 -128.622 111.162 -99.065
-1083.82 354.286 421.439 -128.622 111.162 -99.065
-1084.82 354.309 421.442 -128.79 111.156 -99.045
-1085.82 354.334 421.444 -128.936 111.152 -99.03
-1086.82 354.364 421.447 -128.936 111.152 -99.03
-1087.82 354.396 421.449 -129.098 111.144 -99.012
-1088.82 354.432 421.452 -129.284 111.137 -98.993
-1089.82 354.472 421.454 -129.284 111.137 -98.993
-1090.81 354.515 421.457 -129.471 111.137 -98.972
-1091.81 354.561 421.459 -129.471 111.137 -98.972
-1092.81 354.611 421.462 -129.632 111.137 -98.957
-1093.81 354.664 421.465 -129.796 111.133 -98.938
-1094.81 354.721 421.467 -129.796 111.133 -98.938
-1095.8 354.781 421.47 -129.962 111.125 -98.919
-1096.8 354.845 421.472 -130.128 111.116 -98.9
-1097.8 354.912 421.475 -130.128 111.116 -98.9
-1098.79 354.983 421.478 -130.292 111.109 -98.881
-1099.79 355.057 421.48 -130.441 111.107 -98.865
-1100.79 355.134 421.483 -130.441 111.107 -98.865
-1101.78 355.215 421.486 -130.587 111.107 -98.851
-1102.78 355.299 421.488 -130.723 111.106 -98.834
-1103.77 355.387 421.491 -130.879 111.099 -98.814
-1104.77 355.478 421.494 -131.027 111.092 -98.802
-1105.76 355.573 421.496 -131.027 111.092 -98.802
-1106.76 355.671 421.499 -131.177 111.088 -98.787
-1107.75 355.773 421.502 -131.345 111.084 -98.771
-1108.75 355.878 421.504 -131.345 111.084 -98.771
-1109.74 355.987 421.507 -131.49 111.08 -98.756
-1110.73 356.099 421.51 -131.653 111.075 -98.735
-1111.73 356.214 421.512 -131.811 111.069 -98.709
-1112.72 356.333 421.515 -131.811 111.069 -98.709
-1113.71 356.455 421.518 -131.992 111.065 -98.687
-1114.71 356.581 421.521 -131.992 111.065 -98.687
-1115.7 356.71 421.523 -132.184 111.061 -98.669
-1116.69 356.843 421.526 -132.333 111.056 -98.655
-1117.68 356.979 421.529 -132.333 111.056 -98.655
-1118.68 357.119 421.532 -132.659 111.045 -98.624
-1119.67 357.262 421.535 -132.659 111.045 -98.624
-1120.66 357.408 421.537 -132.659 111.045 -98.624
-1126.81 358.097 421.591 -133.506 111.019 -98.523
-1127.79 358.281 421.594 -133.506 111.019 -98.523
-1128.78 358.469 421.597 -133.647 111.013 -98.505
-1129.76 358.66 421.6 -133.647 111.013 -98.505
-1130.74 358.854 421.603 -134.017 111.009 -98.465
-1131.72 359.053 421.606 -134.017 111.009 -98.465
-1132.71 359.255 421.609 -134.017 111.009 -98.465
-1133.69 359.461 421.612 -134.345 110.998 -98.429
-1134.66 359.67 421.615 -134.345 110.998 -98.429
-1135.64 359.883 421.618 -134.345 110.998 -98.429
-1136.62 360.1 421.621 -134.485 110.99 -98.412
-1137.59 360.32 421.623 -134.485 110.99 -98.412
-1138.57 360.544 421.626 -134.944 110.979 -98.352
-1139.54 360.772 421.628 -134.944 110.979 -98.352
-1140.51 361.004 421.631 -134.944 110.979 -98.352
-1141.49 361.239 421.633 -134.944 110.979 -98.352
-1142.46 361.477 421.636 -134.944 110.979 -98.352
-1143.43 361.72 421.638 -135.556 110.961 -98.283
-1144.39 361.966 421.64 -135.556 110.961 -98.283
-1145.36 362.216 421.642 -135.556 110.961 -98.283
-1146.33 362.469 421.644 -135.889 110.954 -98.252
-1147.29 362.726 421.646 -135.889 110.954 -98.252
-1148.26 362.987 421.648 -135.889 110.954 -98.252
-1149.22 363.251 421.65 -135.889 110.954 -98.252
-1150.18 363.519 421.652 -136.075 110.947 -98.232
-1151.14 363.791 421.654 -136.218 110.942 -98.218
-1152.1 364.067 421.656 -136.218 110.942 -98.218
-1153.06 364.346 421.657 -136.399 110.94 -98.195
-1154.02 364.628 421.659 -136.399 110.94 -98.195
-1154.98 364.915 421.66 -136.691 110.933 -98.164
-1155.93 365.205 421.662 -136.691 110.933 -98.164
-1156.89 365.499 421.663 -136.82 110.928 -98.155
-1157.84 365.796 421.665 -136.963 110.922 -98.141
-1158.79 366.097 421.666 -137.123 110.916 -98.121
-1159.74 366.402 421.667 -137.123 110.916 -98.121
-1160.69 366.71 421.668 -137.123 110.916 -98.121
-1161.64 367.022 421.669 -137.448 110.911 -98.084
-1162.59 367.338 421.67 -137.448 110.911 -98.084
-1163.54 367.657 421.671 -137.616 110.907 -98.067
-1164.49 367.98 421.672 -137.616 110.907 -98.067
-1165.43 368.307 421.673 -137.928 110.895 -98.036
-1166.38 368.638 421.674 -137.928 110.895 -98.036
-1167.32 368.972 421.675 -137.928 110.895 -98.036
-1168.26 369.309 421.675 -137.928 110.895 -98.036
-1169.2 369.651 421.676 -137.928 110.895 -98.036
-1170.14 369.996 421.677 -138.707 110.874 -97.947
-1171.08 370.344 421.677 -138.707 110.874 -97.947
-1172.02 370.697 421.677 -138.707 110.874 -97.947
-1172.96 371.053 421.678 -138.707 110.874 -97.947
-1173.89 371.413 421.678 -138.868 110.866 -97.928
-1176.11 372.321 421.679 -139.012 110.858 -97.909
-1177.04 372.694 421.679 -139.306 110.854 -97.879
-1177.97 373.07 421.679 -139.306 110.854 -97.879
-1178.9 373.45 421.679 -139.446 110.852 -97.865
-1179.83 373.833 421.679 -139.588 110.846 -97.849
-1180.75 374.219 421.679 -139.588 110.846 -97.849
-1181.67 374.608 421.678 -139.748 110.838 -97.831
-1182.59 375 421.678 -139.9 110.839 -97.824
-1183.51 375.396 421.677 -140.072 110.846 -97.815
-1184.43 375.795 421.676 -140.072 110.846 -97.815
-1185.35 376.197 421.675 -140.258 110.858 -97.803
-1186.26 376.603 421.675 -140.495 110.869 -97.785
-1187.17 377.011 421.674 -140.495 110.869 -97.785
-1188.08 377.423 421.672 -140.731 110.876 -97.767
-1188.99 377.838 421.671 -140.956 110.882 -97.752
-1189.9 378.257 421.67 -140.956 110.882 -97.752
-1190.81 378.678 421.669 -140.956 110.882 -97.752
-1191.71 379.103 421.667 -141.595 110.907 -97.728
-1192.61 379.531 421.666 -141.595 110.907 -97.728
-1193.51 379.962 421.664 -141.595 110.907 -97.728
-1194.41 380.397 421.662 -141.595 110.907 -97.728
-1195.31 380.835 421.66 -141.595 110.907 -97.728
-1196.21 381.276 421.658 -141.595 110.907 -97.728
-1197.1 381.72 421.656 -142.745 110.977 -97.66
-1198 382.168 421.654 -142.745 110.977 -97.66
-1198.89 382.618 421.652 -142.745 110.977 -97.66
-1199.78 383.072 421.65 -142.745 110.977 -97.66
-1200.67 383.529 421.647 -142.986 110.988 -97.641
-1201.55 383.99 421.645 -142.986 110.988 -97.641
-1202.44 384.454 421.642 -142.986 110.988 -97.641
-1203.32 384.921 421.639 -142.986 110.988 -97.641
-1204.2 385.391 421.637 -143.965 111.03 -97.595
-1205.08 385.864 421.634 -143.965 111.03 -97.595
-1205.96 386.341 421.631 -143.965 111.03 -97.595
-1206.84 386.821 421.628 -143.965 111.03 -97.595
-1207.71 387.304 421.625 -144.208 111.045 -97.584
-1208.58 387.79 421.621 -144.208 111.045 -97.584
-1209.46 388.28 421.618 -144.627 111.071 -97.556
-1210.33 388.773 421.615 -144.627 111.071 -97.556
-1211.19 389.269 421.611 -144.842 111.081 -97.542
-1212.06 389.768 421.607 -144.842 111.081 -97.542
-1212.93 390.27 421.604 -145.055 111.091 -97.526
-1213.79 390.776 421.6 -145.297 111.096 -97.512
-1214.65 391.285 421.596 -145.512 111.106 -97.503
-1215.51 391.798 421.592 -145.512 111.106 -97.503
-1216.37 392.313 421.588 -145.512 111.106 -97.503
-1217.23 392.832 421.584 -146.025 111.13 -97.477
-1218.08 393.354 421.579 -146.025 111.13 -97.477
-1218.94 393.879 421.575 -146.27 111.145 -97.466
-1219.79 394.407 421.571 -146.27 111.145 -97.466
-1222.22 395.61 421.518 -146.699 111.166 -97.442
-1223.06 396.152 421.513 -146.911 111.177 -97.433
-1223.9 396.697 421.507 -147.122 111.189 -97.421
-1224.74 397.245 421.502 -147.122 111.189 -97.421
-1225.57 397.796 421.496 -147.364 111.201 -97.406
-1226.41 398.35 421.491 -147.364 111.201 -97.406
-1227.24 398.906 421.485 -147.364 111.201 -97.406
-1228.07 399.466 421.48 -148.064 111.231 -97.375
-1228.9 400.029 421.474 -148.064 111.231 -97.375
-1229.72 400.595 421.468 -148.064 111.231 -97.375
-1230.54 401.163 421.463 -148.064 111.231 -97.375
-1231.36 401.735 421.457 -148.763 111.266 -97.343
-1232.18 402.31 421.451 -148.763 111.266 -97.343
-1233 402.887 421.446 -148.763 111.266 -97.343
-1233.81 403.468 421.44 -148.763 111.266 -97.343
-1234.62 404.051 421.434 -148.978 111.279 -97.333
-1235.43 404.638 421.429 -149.223 111.292 -97.318
-1236.24 405.227 421.423 -149.223 111.292 -97.318
-1237.04 405.819 421.417 -149.706 111.313 -97.289
-1237.85 406.415 421.411 -149.706 111.313 -97.289
-1238.65 407.013 421.405 -149.892 111.322 -97.279
-1239.44 407.614 421.4 -149.892 111.322 -97.279
-1240.24 408.218 421.394 -149.892 111.322 -97.279
-1241.03 408.826 421.388 -149.892 111.322 -97.279
-1241.82 409.436 421.382 -150.559 111.354 -97.248
-1242.61 410.049 421.376 -150.559 111.354 -97.248
-1243.4 410.665 421.37 -150.559 111.354 -97.248
-1244.18 411.284 421.364 -151.474 111.4 -97.204
-1244.96 411.906 421.358 -151.474 111.4 -97.204
-1245.74 412.531 421.352 -151.474 111.4 -97.204
-1246.52 413.159 421.346 -151.474 111.4 -97.204
-1247.29 413.79 421.34 -151.474 111.4 -97.204
-1248.07 414.423 421.334 -151.775 111.416 -97.186
-1248.84 415.06 421.328 -151.775 111.416 -97.186
-1249.6 415.7 421.322 -151.775 111.416 -97.186
-1250.37 416.343 421.316 -152.199 111.434 -97.163
-1251.13 416.988 421.31 -152.199 111.434 -97.163
-1251.89 417.637 421.304 -152.199 111.434 -97.163
-1252.65 418.289 421.297 -152.199 111.434 -97.163
-1253.41 418.943 421.291 -153.178 111.477 -97.112
-1254.16 419.601 421.285 -153.178 111.477 -97.112
-1254.92 420.261 421.279 -153.178 111.477 -97.112
-1255.67 420.925 421.273 -153.178 111.477 -97.112
-1256.41 421.591 421.266 -153.42 111.492 -97.098
-1257.16 422.261 421.26 -153.659 111.504 -97.086
-1257.9 422.933 421.254 -153.659 111.504 -97.086
-1258.64 423.608 421.247 -153.873 111.512 -97.075
-1259.38 424.286 421.241 -154.059 111.521 -97.066
-1264.39 429.022 421.2 -155.064 111.568 -97.016
-1265.12 429.717 421.193 -155.064 111.568 -97.016
-1265.84 430.415 421.187 -155.514 111.589 -96.99
-1266.56 431.115 421.181 -155.514 111.589 -96.99
-1267.27 431.818 421.174 -155.514 111.589 -96.99
-1267.98 432.523 421.168 -155.974 111.607 -96.964
-1268.69 433.23 421.161 -155.974 111.607 -96.964
-1269.4 433.94 421.155 -156.246 111.62 -96.95
-1270.1 434.652 421.148 -156.246 111.62 -96.95
-1270.8 435.367 421.141 -156.523 111.635 -96.934
-1271.5 436.083 421.135 -156.523 111.635 -96.934
-1272.2 436.803 421.128 -157.003 111.657 -96.91
-1272.89 437.524 421.121 -157.003 111.657 -96.91
-1273.58 438.248 421.114 -157.003 111.657 -96.91
-1274.27 438.974 421.108 -157.279 111.672 -96.893
-1274.95 439.703 421.101 -157.279 111.672 -96.893
-1275.63 440.434 421.094 -157.279 111.672 -96.893
-1276.31 441.167 421.087 -157.887 111.699 -96.863
-1276.99 441.903 421.08 -157.887 111.699 -96.863
-1277.66 442.641 421.073 -158.104 111.71 -96.852
-1278.33 443.382 421.066 -158.104 111.71 -96.852
-1279 444.124 421.059 -158.104 111.71 -96.852
-1279.66 444.87 421.052 -158.618 111.729 -96.823
-1280.33 445.617 421.045 -158.618 111.729 -96.823
-1280.99 446.367 421.037 -158.831 111.743 -96.815
-1281.64 447.119 421.03 -158.831 111.743 -96.815
-1282.3 447.874 421.023 -159.376 111.763 -96.784
-1282.95 448.631 421.016 -159.376 111.763 -96.784
-1283.6 449.39 421.008 -159.376 111.763 -96.784
-1284.24 450.152 421.001 -159.376 111.763 -96.784
-1284.89 450.916 420.994 -159.867 111.789 -96.759
-1285.53 451.682 420.986 -159.867 111.789 -96.759
-1286.17 452.451 420.979 -160.109 111.798 -96.748
-1286.8 453.222 420.971 -160.109 111.798 -96.748
-1287.43 453.996 420.964 -160.354 111.809 -96.733
-1288.06 454.772 420.956 -160.598 111.819 -96.717
-1288.69 455.55 420.949 -160.598 111.819 -96.717
-1289.31 456.33 420.941 -160.839 111.83 -96.708
-1289.93 457.113 420.933 -161.05 111.841 -96.698
-1290.55 457.899 420.926 -161.296 111.854 -96.686
-1291.17 458.686 420.918 -161.296 111.854 -96.686
-1291.78 459.476 420.91 -161.541 111.864 -96.674
-1292.39 460.269 420.902 -161.541 111.864 -96.674
-1293 461.064 420.894 -161.751 111.871 -96.665
-1293.6 461.861 420.887 -161.969 111.883 -96.654
-1294.21 462.66 420.879 -162.181 111.893 -96.641
-1294.81 463.462 420.871 -162.181 111.893 -96.641
-1295.4 464.266 420.863 -162.181 111.893 -96.641
-1296 465.073 420.855 -162.695 111.914 -96.613
-1296.59 465.882 420.847 -162.695 111.914 -96.613
-1297.18 466.693 420.839 -163 111.928 -96.595
-1297.76 467.507 420.831 -163 111.928 -96.595
-1298.34 468.323 420.822 -163.241 111.938 -96.579
-1299.95 470.59 420.796 -163.488 111.95 -96.564
-1300.53 471.422 420.788 -163.762 111.962 -96.547
-1301.1 472.257 420.78 -163.973 111.966 -96.531
-1301.68 473.092 420.772 -164.187 111.978 -96.52
-1302.24 473.93 420.764 -164.187 111.978 -96.52
-1302.81 474.768 420.756 -164.43 111.991 -96.509
-1303.37 475.609 420.748 -164.701 112.002 -96.495
-1303.93 476.45 420.74 -164.701 112.002 -96.495
-1304.48 477.294 420.732 -164.916 112.011 -96.486
-1305.03 478.138 420.724 -164.916 112.011 -96.486
-1305.58 478.984 420.716 -165.162 112.022 -96.474
-1306.13 479.832 420.707 -165.465 112.035 -96.462
-1306.67 480.681 420.699 -165.465 112.035 -96.462
-1307.2 481.532 420.691 -165.742 112.05 -96.453
-1307.74 482.384 420.682 -165.742 112.05 -96.453
-1308.27 483.238 420.674 -165.954 112.061 -96.446
-1308.8 484.093 420.665 -166.225 112.071 -96.427
-1309.32 484.95 420.657 -166.225 112.071 -96.427
-1309.84 485.808 420.648 -166.439 112.079 -96.417
-1310.36 486.668 420.64 -166.439 112.079 -96.417
-1310.87 487.529 420.631 -166.439 112.079 -96.417
-1311.38 488.392 420.623 -167.168 112.112 -96.381
-1311.89 489.256 420.614 -167.168 112.112 -96.381
-1312.39 490.122 420.605 -167.168 112.112 -96.381
-1312.89 490.989 420.597 -167.168 112.112 -96.381
-1313.39 491.858 420.588 -167.658 112.132 -96.355
-1313.89 492.728 420.579 -167.658 112.132 -96.355
-1314.38 493.599 420.57 -167.867 112.14 -96.344
-1314.86 494.473 420.561 -167.867 112.14 -96.344
-1315.35 495.347 420.552 -168.387 112.163 -96.319
-1315.83 496.223 420.543 -168.387 112.163 -96.319
-1316.3 497.101 420.534 -168.387 112.163 -96.319
-1316.78 497.98 420.525 -168.627 112.174 -96.307
-1317.25 498.861 420.516 -168.842 112.188 -96.295
-1317.71 499.743 420.507 -168.842 112.188 -96.295
-1318.18 500.627 420.498 -169.117 112.197 -96.275
-1318.64 501.512 420.489 -169.327 112.204 -96.261
-1319.09 502.399 420.48 -169.327 112.204 -96.261
-1319.55 503.287 420.471 -169.606 112.22 -96.248
-1320 504.176 420.461 -169.821 112.228 -96.236
-1320.44 505.067 420.452 -169.821 112.228 -96.236
-1320.89 505.96 420.443 -170.059 112.238 -96.227
-1321.33 506.854 420.433 -170.334 112.251 -96.212
-1321.76 507.75 420.424 -170.334 112.251 -96.212
-1322.2 508.647 420.414 -170.578 112.259 -96.199
-1322.63 509.546 420.405 -170.578 112.259 -96.199
-1323.05 510.446 420.395 -170.818 112.266 -96.186
-1323.48 511.347 420.386 -171.033 112.279 -96.178
-1323.9 512.25 420.376 -171.033 112.279 -96.178
-1324.31 513.155 420.367 -171.338 112.29 -96.161
-1324.72 514.061 420.357 -171.338 112.29 -96.161
-1325.13 514.969 420.347 -171.549 112.297 -96.152
-1325.54 515.878 420.337 -171.795 112.311 -96.141
-1325.94 516.789 420.328 -171.795 112.311 -96.141
-1326.34 517.701 420.318 -172.04 112.319 -96.127
-1326.74 518.614 420.308 -172.04 112.319 -96.127
-1327.13 519.529 420.298 -172.525 112.345 -96.111
-1327.52 520.446 420.288 -172.525 112.345 -96.111
-1327.91 521.364 420.278 -172.525 112.345 -96.111
-1328.29 522.284 420.268 -172.863 112.36 -96.095
-1328.67 523.205 420.258 -173.072 112.367 -96.086
-1329.04 524.127 420.248 -173.072 112.367 -96.086
-1329.41 525.051 420.238 -173.349 112.378 -96.065
-1329.78 525.977 420.228 -173.349 112.378 -96.065
-1330.15 526.904 420.218 -173.621 112.388 -96.047
-1330.51 527.833 420.208 -173.831 112.396 -96.036
-1330.87 528.763 420.197 -173.831 112.396 -96.036
-1331.23 529.694 420.187 -174.291 112.416 -96.008
-1331.58 530.627 420.177 -174.291 112.416 -96.008
-1331.93 531.562 420.166 -174.291 112.416 -96.008
-1332.27 532.498 420.156 -174.561 112.425 -95.996
-1332.61 533.436 420.146 -174.778 112.433 -95.974
-1332.95 534.375 420.135 -174.778 112.433 -95.974
-1333.29 535.315 420.125 -174.991 112.44 -95.963
-1333.62 536.257 420.114 -175.203 112.449 -95.955
-1333.95 537.201 420.104 -175.417 112.46 -95.944
-1334.27 538.146 420.093 -175.417 112.46 -95.944
-1334.6 539.092 420.082 -175.663 112.477 -95.941
-1334.91 540.04 420.072 -175.904 112.483 -95.926
-1335.23 540.99 420.061 -175.904 112.483 -95.926
-1335.54 541.941 420.05 -176.148 112.494 -95.92
-1335.85 542.893 420.039 -176.362 112.504 -95.91
-1336.15 543.847 420.029 -176.362 112.504 -95.91
-1336.45 544.803 420.018 -176.575 112.512 -95.902
-1336.75 545.76 420.007 -176.817 112.521 -95.882
-1337.05 546.719 419.996 -176.817 112.521 -95.882
-1337.34 547.679 419.985 -177.063 112.531 -95.858
-1337.63 548.64 419.974 -177.304 112.542 -95.85
-1337.91 549.603 419.963 -177.304 112.542 -95.85
-1338.19 550.568 419.952 -177.515 112.547 -95.836
-1338.47 551.534 419.941 -177.761 112.558 -95.817
-1338.75 552.501 419.93 -177.761 112.558 -95.817
-1339.02 553.47 419.918 -178.217 112.579 -95.812
-1339.28 554.441 419.907 -178.217 112.579 -95.812
-1339.55 555.413 419.896 -178.217 112.579 -95.812
-1339.81 556.386 419.885 -178.461 112.592 -95.808
-1340.07 557.361 419.873 -178.736 112.601 -95.783
-1340.32 558.338 419.862 -178.736 112.601 -95.783
-1340.57 559.316 419.851 -178.944 112.61 -95.778
-1340.82 560.295 419.839 -179.178 112.617 -95.753
-1341.06 561.276 419.828 -179.178 112.617 -95.753
-1341.31 562.259 419.816 -179.4 112.625 -95.729
-1341.54 563.242 419.805 -179.622 112.636 -95.724
-1341.78 564.228 419.793 -179.825 112.645 -95.716
-1342.01 565.215 419.782 -179.825 112.645 -95.716
-1342.23 566.203 419.77 -179.825 112.645 -95.716
-1342.46 567.193 419.758 -179.825 112.645 -95.716
3
-973.056 375.19 421.018 -116.196 111.482 -100.479
-973.987 374.789 421.017 -116.196 111.482 -100.479
-974.919 374.393 421.016 -116.196 111.482 -100.479
-975.851 374 421.015 -116.356 111.49 -100.474
-976.785 373.611 421.014 -116.356 111.49 -100.474
-977.719 373.226 421.013 -116.768 111.477 -100.445
-978.655 372.844 421.012 -116.947 111.468 -100.421
-979.591 372.466 421.011 -117.08 111.465 -100.4
-980.528 372.091 421.011 -117.08 111.465 -100.4
-981.465 371.72 421.01 -117.08 111.465 -100.4
-982.404 371.353 421.009 -117.24 111.462 -100.379
-983.343 370.99 421.008 -117.24 111.462 -100.379
-984.284 370.63 421.007 -117.545 111.454 -100.338
-985.225 370.274 421.006 -117.545 111.454 -100.338
-986.167 369.922 421.005 -117.692 111.449 -100.321
-987.109 369.573 421.004 -117.692 111.449 -100.321
-988.053 369.228 421.003 -117.692 111.449 -100.321
-988.997 368.887 421.002 -118.155 111.433 -100.251
-989.943 368.549 421.001 -118.155 111.433 -100.251
-990.889 368.215 421 -118.301 111.431 -100.234
-991.835 367.885 420.999 -118.301 111.431 -100.234
-992.783 367.558 420.998 -118.471 111.431 -100.216
-993.732 367.235 420.997 -118.773 111.417 -100.18
-994.681 366.916 420.996 -118.773 111.417 -100.18
-995.631 366.6 420.995 -118.773 111.417 -100.18
-996.582 366.288 420.994 -118.773 111.417 -100.18
-997.534 365.98 420.993 -118.932 111.411 -100.158
-998.487 365.675 420.992 -118.932 111.411 -100.158
-999.44 365.374 420.99 -119.235 111.409 -100.132
-1000.39 365.077 420.989 -119.553 111.398 -100.094
-1001.35 364.783 420.988 -119.553 111.398 -100.094
-1002.31 364.494 420.987 -119.553 111.398 -100.094
-1003.26 364.207 420.986 -119.553 111.398 -100.094
-1004.22 363.925 420.985 -119.901 111.394 -100.051
-1005.18 363.646 420.984 -119.901 111.394 -100.051
-1006.14 363.371 420.983 -119.901 111.394 -100.051
-1007.1 363.099 420.982 -119.901 111.394 -100.051
-1008.06 362.831 420.981 -120.336 111.377 -100.006
-1009.02 362.567 420.98 -120.336 111.377 -100.006
-1009.98 362.307 420.979 -120.513 111.371 -99.978
-1010.95 362.05 420.977 -120.662 111.372 -99.965
-1011.91 361.797 420.976 -120.662 111.372 -99.965
-1012.88 361.547 420.975 -120.979 111.367 -99.933
-1013.84 361.301 420.974 -120.979 111.367 -99.933
-1014.81 361.059 420.973 -120.979 111.367 -99.933
-1015.78 360.821 420.972 -120.979 111.367 -99.933
-1016.75 360.586 420.971 -120.979 111.367 -99.933
-1017.71 360.355 420.969 -121.574 111.35 -99.872
-1018.68 360.127 420.968 -121.574 111.35 -99.872
-1019.66 359.904 420.967 -121.574 111.35 -99.872
-1020.63 359.684 420.966 -121.574 111.35 -99.872
-1021.6 359.467 420.965 -121.574 111.35 -99.872
-1022.57 359.255 420.964 -121.574 111.35 -99.872
-1023.55 359.045 420.962 -121.574 111.35 -99.872
-1024.52 358.84 420.961 -122.371 111.328 -99.773
-1025.5 358.638 420.96 -122.371 111.328 -99.773
-1026.47 358.44 420.959 -122.371 111.328 -99.773
-1027.45 358.246 420.957 -122.371 111.328 -99.773
-1028.43 358.055 420.956 -122.371 111.328 -99.773
-1029.41 357.868 420.955 -122.371 111.328 -99.773
-1030.39 357.685 420.954 -122.965 111.312 -99.71
-1031.37 357.505 420.953 -122.965 111.312 -99.71
-1032.35 357.329 420.951 -122.965 111.312 -99.71
-1033.34 357.157 420.95 -123.132 111.309 -99.696
-1034.32 356.989 420.949 -123.132 111.309 -99.696
-1035.3 356.824 420.948 -123.132 111.309 -99.696
-1036.29 356.662 420.946 -123.132 111.309 -99.696
-1037.27 356.505 420.945 -123.447 111.3 -99.661
-1038.26 356.351 420.944 -123.606 111.298 -99.639
-1039.25 356.201 420.942 -123.606 111.298 -99.639
-1040.24 356.054 420.941 -123.929 111.286 -99.6
-1041.23 355.911 420.94 -124.1 111.281 -99.582
-1042.22 355.772 420.939 -124.1 111.281 -99.582
-1043.21 355.636 420.937 -124.1 111.281 -99.582
-1044.2 355.505 420.936 -124.248 111.278 -99.568
-1045.19 355.376 420.935 -124.394 111.272 -99.554
-1046.18 355.252 420.933 -124.394 111.272 -99.554
-1047.18 355.131 420.932 -124.394 111.272 -99.554
-1048.17 355.014 420.931 -124.734 111.266 -99.52
-1049.17 354.9 420.929 -124.734 111.266 -99.52
-1050.16 354.791 420.928 -124.734 111.266 -99.52
-1051.16 354.684 420.927 -124.898 111.264 -99.499
-1052.16 354.582 420.925 -124.898 111.264 -99.499
-1053.16 354.483 420.924 -125.279 111.251 -99.454
-1054.16 354.388 420.923 -125.279 111.251 -99.454
-1055.16 354.297 420.921 -125.279 111.251 -99.454
-1056.16 354.209 420.92 -125.421 111.245 -99.433
-1057.16 354.125 420.918 -125.619 111.237 -99.405
-1058.17 354.044 420.917 -125.764 111.233 -99.388
-1059.17 353.968 420.916 -125.911 111.233 -99.373
-1060.18 353.895 420.914 -125.911 111.233 -99.373
-1061.18 353.825 420.913 -125.911 111.233 -99.373
-1062.19 353.759 420.911 -126.241 111.223 -99.336
-1063.2 353.697 420.91 -126.241 111.223 -99.336
-1064.2 353.639 420.909 -126.406 111.218 -99.32
-1065.21 353.584 420.907 -126.565 111.212 -99.299
-1066.22 353.533 420.906 -126.565 111.212 -99.299
-1067.23 353.486 420.904 -126.73 111.207 -99.279
-1068.25 353.442 420.903 -126.73 111.207 -99.279
-1069.26 353.402 420.901 -126.942 111.207 -99.255
-1070.27 353.366 420.9 -127.086 111.203 -99.237
-1072.96 353.25 420.888 -127.248 111.196 -99.217
-1073.97 353.229 420.887 -127.594 111.185 -99.177
-1074.97 353.212 420.885 -127.741 111.184 -99.165
-1075.97 353.198 420.884 -127.741 111.184 -99.165
-1076.97 353.188 420.883 -127.741 111.184 -99.165
-1077.98 353.182 420.881 -127.93 111.183 -99.149
-1078.98 353.179 420.88 -127.93 111.183 -99.149
-1079.98 353.18 420.879 -128.233 111.17 -99.113
-1080.98 353.184 420.877 -128.377 111.166 -99.1
-1081.98 353.192 420.876 -128.52 111.163 -99.08
-1082.98 353.204 420.874 -128.52 111.163 -99.08
-1083.98 353.219 420.873 -128.684 111.16 -99.06
-1084.98 353.238 420.872 -128.684 111.16 -99.06
-1085.98 353.261 420.87 -128.684 111.16 -99.06
-1086.98 353.287 420.869 -129.18 111.14 -99.003
-1087.98 353.317 420.868 -129.18 111.14 -99.003
-1088.98 353.35 420.866 -129.18 111.14 -99.003
-1089.98 353.387 420.865 -129.325 111.136 -98.988
-1090.98 353.428 420.864 -129.325 111.136 -98.988
-1091.98 353.472 420.862 -129.325 111.136 -98.988
-1092.98 353.52 420.861 -129.632 111.137 -98.957
-1093.97 353.572 420.86 -129.632 111.137 -98.957
-1094.97 353.627 420.858 -129.838 111.131 -98.934
-1095.97 353.686 420.857 -129.838 111.131 -98.934
-1096.97 353.748 420.856 -130.004 111.122 -98.914
-1097.96 353.814 420.854 -130.004 111.122 -98.914
-1098.96 353.884 420.853 -130.357 111.108 -98.874
-1099.96 353.957 420.851 -130.357 111.108 -98.874
-1100.95 354.034 420.85 -130.546 111.107 -98.855
-1101.95 354.115 420.849 -130.546 111.107 -98.855
-1102.95 354.199 420.847 -130.686 111.106 -98.84
-1103.94 354.287 420.846 -130.82 111.102 -98.821
-1104.94 354.378 420.845 -130.82 111.102 -98.821
-1105.93 354.473 420.843 -131.178 111.088 -98.788
-1106.93 354.572 420.842 -131.178 111.088 -98.788
-1107.92 354.674 420.841 -131.178 111.088 -98.788
-1108.92 354.78 420.839 -131.346 111.084 -98.772
-1109.91 354.89 420.838 -131.491 111.08 -98.756
-1110.9 355.003 420.837 -131.491 111.08 -98.756
-1111.9 355.12 420.835 -131.654 111.076 -98.735
-1112.89 355.24 420.834 -131.811 111.071 -98.711
-1113.88 355.364 420.833 -131.949 111.067 -98.692
-1114.88 355.492 420.831 -131.949 111.067 -98.692
-1115.87 355.624 420.83 -132.226 111.06 -98.663
-1116.86 355.758 420.829 -132.226 111.06 -98.663
-1117.85 355.897 420.827 -132.356 111.055 -98.653
-1118.84 356.039 420.826 -132.356 111.055 -98.653
-1119.84 356.185 420.825 -132.52 111.05 -98.639
-1120.83 356.335 420.823 -132.679 111.045 -98.622
-1121.82 356.488 420.822 -132.84 111.042 -98.604
-1122.81 356.645 420.821 -132.84 111.042 -98.604
-1125.86 356.982 420.852 -133.15 111.037 -98.568
-1126.85 357.147 420.851 -133.338 111.029 -98.544
-1127.84 357.316 420.85 -133.465 111.021 -98.527
-1128.83 357.488 420.848 -133.465 111.021 -98.527
-1129.82 357.664 420.847 -133.627 111.014 -98.507
-1130.8 357.844 420.846 -133.809 111.009 -98.486
-1131.79 358.027 420.845 -133.809 111.009 -98.486
-1132.77 358.215 420.843 -133.975 111.01 -98.469
-1133.76 358.405 420.842 -134.121 111.008 -98.454
-1134.74 358.6 420.84 -134.264 111.002 -98.438
-1135.72 358.798 420.838 -134.264 111.002 -98.438
-1136.7 359 420.836 -134.424 110.992 -98.419
-1137.68 359.206 420.835 -134.589 110.987 -98.4
-1138.66 359.416 420.833 -134.589 110.987 -98.4
-1139.63 359.629 420.831 -134.734 110.984 -98.38
-1140.61 359.846 420.829 -134.924 110.98 -98.354
-1141.58 360.066 420.826 -134.924 110.98 -98.354
-1142.56 360.291 420.824 -135.128 110.976 -98.33
-1143.53 360.519 420.822 -135.128 110.976 -98.33
-1144.5 360.75 420.819 -135.306 110.971 -98.308
-1145.48 360.986 420.817 -135.306 110.971 -98.308
-1146.45 361.225 420.814 -135.598 110.959 -98.278
-1147.42 361.468 420.811 -135.598 110.959 -98.278
-1148.38 361.714 420.809 -135.786 110.957 -98.263
-1149.35 361.964 420.806 -135.786 110.957 -98.263
-1150.32 362.218 420.803 -135.951 110.952 -98.246
-1151.28 362.476 420.8 -136.096 110.946 -98.23
-1152.25 362.737 420.797 -136.096 110.946 -98.23
-1153.21 363.003 420.794 -136.418 110.939 -98.193
-1154.17 363.271 420.79 -136.418 110.939 -98.193
-1155.13 363.544 420.787 -136.418 110.939 -98.193
-1156.09 363.82 420.784 -136.584 110.936 -98.175
-1157.05 364.1 420.78 -136.733 110.931 -98.16
-1158.01 364.384 420.776 -136.733 110.931 -98.16
-1158.97 364.671 420.773 -137.044 110.918 -98.131
-1159.93 364.962 420.769 -137.044 110.918 -98.131
-1160.88 365.257 420.765 -137.204 110.913 -98.113
-1161.84 365.555 420.761 -137.204 110.913 -98.113
-1162.79 365.857 420.757 -137.367 110.911 -98.094
-1163.74 366.163 420.753 -137.511 110.911 -98.079
-1164.7 366.473 420.749 -137.659 110.906 -98.064
-1165.65 366.786 420.745 -137.659 110.906 -98.064
-1166.6 367.103 420.74 -137.827 110.9 -98.048
-1167.54 367.424 420.736 -137.988 110.893 -98.03
-1168.49 367.748 420.731 -137.988 110.893 -98.03
-1169.44 368.076 420.727 -138.128 110.886 -98.01
-1170.38 368.408 420.722 -138.272 110.882 -97.991
-1171.33 368.743 420.717 -138.42 110.881 -97.974
-1172.27 369.083 420.713 -138.42 110.881 -97.974
-1173.22 369.426 420.708 -138.585 110.878 -97.959
-1174.16 369.772 420.703 -138.726 110.873 -97.945
-1176.59 370.581 420.678 -138.889 110.865 -97.924
-1177.53 370.944 420.673 -139.171 110.854 -97.891
-1178.46 371.31 420.668 -139.171 110.854 -97.891
-1179.39 371.68 420.663 -139.306 110.854 -97.879
-1180.32 372.053 420.658 -139.446 110.852 -97.864
-1181.25 372.43 420.653 -139.446 110.852 -97.864
-1182.18 372.809 420.648 -139.734 110.838 -97.832
-1183.1 373.193 420.642 -139.734 110.838 -97.832
-1184.03 373.579 420.637 -139.884 110.838 -97.823
-1184.95 373.969 420.632 -140.053 110.845 -97.815
-1185.87 374.363 420.626 -140.053 110.845 -97.815
-1186.79 374.76 420.621 -140.235 110.856 -97.803
-1187.7 375.16 420.615 -140.421 110.866 -97.791
-1188.62 375.563 420.61 -140.421 110.866 -97.791
-1189.53 375.97 420.604 -140.623 110.874 -97.776
-1190.44 376.381 420.598 -140.841 110.88 -97.759
-1191.35 376.794 420.593 -141.074 110.886 -97.744
-1192.26 377.212 420.587 -141.074 110.886 -97.744
-1193.17 377.632 420.581 -141.319 110.895 -97.734
-1194.07 378.056 420.575 -141.534 110.904 -97.729
-1194.98 378.484 420.569 -141.534 110.904 -97.729
-1195.88 378.914 420.563 -141.774 110.918 -97.719
-1196.78 379.348 420.557 -142.046 110.938 -97.708
-1197.68 379.786 420.551 -142.046 110.938 -97.708
-1198.57 380.227 420.544 -142.293 110.958 -97.691
-1199.47 380.671 420.538 -142.293 110.958 -97.691
-1200.36 381.119 420.532 -142.504 110.968 -97.677
-1201.25 381.57 420.525 -142.835 110.981 -97.652
-1202.14 382.024 420.519 -142.835 110.981 -97.652
-1203.03 382.482 420.512 -143.134 110.995 -97.63
-1203.92 382.944 420.505 -143.134 110.995 -97.63
-1204.8 383.408 420.499 -143.376 111.004 -97.617
-1205.69 383.876 420.492 -143.376 111.004 -97.617
-1206.57 384.348 420.485 -143.623 111.014 -97.608
-1207.45 384.823 420.478 -143.81 111.023 -97.601
-1208.33 385.301 420.472 -143.81 111.023 -97.601
-1209.2 385.782 420.465 -144.088 111.036 -97.588
-1210.08 386.268 420.458 -144.355 111.054 -97.574
-1210.95 386.756 420.45 -144.355 111.054 -97.574
-1211.82 387.248 420.443 -144.566 111.067 -97.559
-1212.69 387.743 420.436 -144.566 111.067 -97.559
-1213.56 388.242 420.429 -144.843 111.082 -97.542
-1214.43 388.744 420.421 -145.054 111.092 -97.525
-1215.29 389.249 420.414 -145.054 111.092 -97.525
-1216.16 389.758 420.407 -145.327 111.098 -97.51
-1217.02 390.27 420.399 -145.542 111.107 -97.5
-1217.88 390.785 420.392 -145.542 111.107 -97.5
-1218.73 391.304 420.384 -145.785 111.12 -97.489
-1219.59 391.827 420.376 -146.026 111.13 -97.477
-1220.45 392.352 420.368 -146.026 111.13 -97.477
-1224.34 394.644 420.281 -146.729 111.168 -97.438
-1225.19 395.184 420.273 -146.97 111.181 -97.429
-1226.03 395.727 420.264 -146.97 111.181 -97.429
-1226.87 396.272 420.256 -147.181 111.194 -97.417
-1227.71 396.821 420.247 -147.458 111.205 -97.402
-1228.55 397.372 420.239 -147.458 111.205 -97.402
-1229.38 397.926 420.23 -147.702 111.214 -97.391
-1230.22 398.483 420.222 -147.941 111.224 -97.378
-1231.05 399.043 420.214 -147.941 111.224 -97.378
-1231.87 399.606 420.205 -148.156 111.234 -97.37
-1232.7 400.172 420.197 -148.373 111.245 -97.362
-1233.52 400.741 420.189 -148.373 111.245 -97.362
-1234.34 401.313 420.181 -148.373 111.245 -97.362
-1235.16 401.887 420.172 -149.008 111.282 -97.331
-1235.98 402.464 420.164 -149.008 111.282 -97.331
-1236.79 403.045 420.156 -149.008 111.282 -97.331
-1237.61 403.628 420.148 -149.223 111.293 -97.317
-1238.42 404.214 420.14 -149.494 111.303 -97.302
-1239.22 404.803 420.132 -149.494 111.303 -97.302
-1240.03 405.395 420.124 -149.706 111.313 -97.289
-1240.83 405.989 420.116 -149.953 111.325 -97.277
-1241.63 406.587 420.108 -149.953 111.325 -97.277
-1242.43 407.187 420.1 -150.163 111.338 -97.269
-1243.23 407.791 420.092 -150.433 111.348 -97.254
-1244.02 408.397 420.084 -150.433 111.348 -97.254
-1244.81 409.006 420.077 -150.652 111.359 -97.243
-1245.6 409.618 420.069 -150.865 111.371 -97.233
-1246.39 410.233 420.061 -150.865 111.371 -97.233
-1247.18 410.851 420.053 -151.106 111.381 -97.221
-1247.96 411.472 420.046 -151.352 111.393 -97.208
-1248.74 412.095 420.038 -151.352 111.393 -97.208
-1249.52 412.722 420.03 -151.565 111.405 -97.197
-1250.3 413.351 420.023 -151.774 111.417 -97.187
-1251.07 413.984 420.015 -151.774 111.417 -97.187
-1251.84 414.619 420.008 -152.015 111.428 -97.175
-1252.61 415.257 420 -152.29 111.436 -97.156
-1253.38 415.898 419.993 -152.29 111.436 -97.156
-1254.14 416.542 419.985 -152.567 111.448 -97.141
-1254.9 417.188 419.978 -152.567 111.448 -97.141
-1255.67 417.838 419.97 -152.781 111.458 -97.132
-1256.42 418.49 419.963 -152.994 111.467 -97.12
-1257.18 419.146 419.956 -152.994 111.467 -97.12
-1257.93 419.804 419.948 -153.208 111.479 -97.111
-1258.68 420.465 419.941 -153.42 111.492 -97.099
-1259.43 421.129 419.934 -153.628 111.503 -97.088
-1260.18 421.796 419.927 -153.628 111.503 -97.088
-1260.93 422.466 419.919 -153.873 111.512 -97.075
-1261.67 423.139 419.912 -154.121 111.523 -97.063
-1262.41 423.814 419.905 -154.121 111.523 -97.063
-1263.15 424.493 419.898 -154.365 111.534 -97.05
-1263.88 425.174 419.891 -154.365 111.534 -97.05
-1264.62 425.859 419.884 -154.636 111.547 -97.037
-1265.35 426.546 419.877 -154.882 111.559 -97.026
-1267.33 429.103 419.888 -155.452 111.585 -96.994
-1268.04 429.807 419.881 -155.698 111.596 -96.978
-1268.75 430.513 419.875 -155.698 111.596 -96.978
-1269.46 431.222 419.869 -155.698 111.596 -96.978
-1270.17 431.933 419.863 -155.944 111.604 -96.965
-1270.87 432.646 419.857 -156.185 111.616 -96.952
-1271.58 433.362 419.851 -156.185 111.616 -96.952
-1272.27 434.079 419.845 -156.463 111.633 -96.938
-1272.97 434.8 419.839 -156.463 111.633 -96.938
-1273.66 435.522 419.832 -156.463 111.633 -96.938
-1274.35 436.247 419.826 -156.943 111.654 -96.913
-1275.04 436.974 419.82 -156.943 111.654 -96.913
-1275.73 437.703 419.814 -156.943 111.654 -96.913
-1276.41 438.435 419.808 -157.371 111.675 -96.887
-1277.09 439.169 419.802 -157.371 111.675 -96.887
-1277.77 439.905 419.796 -157.617 111.685 -96.875
-1278.44 440.644 419.79 -157.826 111.695 -96.866
-1279.11 441.385 419.784 -158.043 111.707 -96.856
-1279.78 442.128 419.778 -158.043 111.707 -96.856
-1280.45 442.874 419.772 -158.258 111.717 -96.843
-1281.11 443.622 419.766 -158.469 111.723 -96.832
-1281.77 444.372 419.759 -158.469 111.723 -96.832
-1282.43 445.124 419.753 -158.679 111.732 -96.822
-1283.08 445.879 419.747 -158.892 111.746 -96.81
-1283.73 446.636 419.741 -158.892 111.746 -96.81
-1284.38 447.396 419.735 -158.892 111.746 -96.81
-1285.03 448.157 419.729 -159.406 111.764 -96.782
-1285.67 448.921 419.723 -159.406 111.764 -96.782
-1286.31 449.688 419.717 -159.684 111.78 -96.768
-1286.95 450.456 419.711 -159.684 111.78 -96.768
-1287.59 451.227 419.705 -159.929 111.792 -96.756
-1288.22 452.001 419.699 -159.929 111.792 -96.756
-1288.85 452.776 419.693 -160.2 111.801 -96.741
-1289.48 453.554 419.687 -160.446 111.813 -96.726
-1290.1 454.334 419.681 -160.446 111.813 -96.726
-1290.73 455.117 419.676 -160.659 111.822 -96.714
-1291.35 455.902 419.67 -160.869 111.831 -96.706
-1291.96 456.689 419.664 -160.869 111.831 -96.706
-1292.58 457.478 419.658 -161.144 111.847 -96.694
-1293.19 458.27 419.652 -161.144 111.847 -96.694
-1293.79 459.064 419.646 -161.661 111.867 -96.668
-1294.4 459.86 419.64 -161.661 111.867 -96.668
-1295 460.659 419.634 -161.661 111.867 -96.668
-1295.6 461.46 419.628 -161.907 111.879 -96.657
-1296.2 462.263 419.622 -162.391 111.898 -96.628
-1296.8 463.069 419.616 -162.391 111.898 -96.628
-1297.39 463.877 419.61 -162.391 111.898 -96.628
-1297.98 464.687 419.604 -162.391 111.898 -96.628
-1298.56 465.5 419.599 -162.849 111.922 -96.605
-1299.15 466.315 419.593 -162.849 111.922 -96.605
-1299.73 467.132 419.587 -163.091 111.933 -96.59
-1300.31 467.951 419.581 -163.091 111.933 -96.59
-1300.88 468.773 419.575 -163.091 111.933 -96.59
-1302.42 470.994 419.571 -163.793 111.963 -96.544
-1302.99 471.833 419.567 -163.793 111.963 -96.544
-1303.55 472.674 419.562 -164.063 111.97 -96.526
-1304.11 473.516 419.557 -164.339 111.986 -96.512
-1304.67 474.36 419.553 -164.339 111.986 -96.512
-1305.22 475.205 419.548 -164.339 111.986 -96.512
-1305.77 476.052 419.543 -164.761 112.004 -96.493
-1306.32 476.9 419.538 -164.978 112.015 -96.482
-1306.86 477.75 419.534 -164.978 112.015 -96.482
-1307.4 478.601 419.529 -165.193 112.024 -96.473
-1307.94 479.454 419.524 -165.404 112.034 -96.465
-1308.47 480.308 419.519 -165.404 112.034 -96.465
-1309 481.163 419.514 -165.647 112.044 -96.457
-1309.53 482.02 419.509 -165.647 112.044 -96.457
-1310.05 482.878 419.504 -165.647 112.044 -96.457
-1310.57 483.738 419.499 -166.532 112.084 -96.413
-1311.09 484.599 419.494 -166.532 112.084 -96.413
-1311.61 485.462 419.489 -166.532 112.084 -96.413
-1312.12 486.326 419.484 -166.532 112.084 -96.413
-1312.62 487.192 419.479 -166.807 112.098 -96.402
-1313.13 488.059 419.474 -166.807 112.098 -96.402
-1313.63 488.928 419.469 -167.229 112.116 -96.38
-1314.12 489.798 419.464 -167.229 112.116 -96.38
-1314.62 490.669 419.458 -167.446 112.124 -96.363
-1315.11 491.542 419.453 -167.446 112.124 -96.363
-1315.6 492.417 419.448 -167.688 112.133 -96.352
-1316.08 493.292 419.443 -167.929 112.146 -96.345
-1316.56 494.17 419.437 -167.929 112.146 -96.345
-1317.04 495.049 419.432 -167.929 112.146 -96.345
-1317.51 495.929 419.427 -168.418 112.164 -96.316
-1317.98 496.811 419.421 -168.657 112.176 -96.306
-1318.45 497.694 419.416 -168.657 112.176 -96.306
-1318.91 498.578 419.411 -168.904 112.189 -96.29
-1319.37 499.464 419.405 -169.117 112.197 -96.275
-1319.83 500.352 419.4 -169.117 112.197 -96.275
-1320.29 501.241 419.394 -169.328 112.203 -96.261
-1320.74 502.131 419.389 -169.575 112.217 -96.248
-1321.18 503.023 419.383 -169.575 112.217 -96.248
-1321.63 503.917 419.377 -169.821 112.228 -96.236
-1322.07 504.811 419.372 -169.821 112.228 -96.236
-1322.51 505.708 419.366 -170.03 112.238 -96.23
-1322.94 506.605 419.361 -170.03 112.238 -96.23
-1323.37 507.505 419.355 -170.304 112.251 -96.214
-1323.8 508.405 419.349 -170.517 112.258 -96.203
-1324.22 509.307 419.344 -170.517 112.258 -96.203
-1324.64 510.211 419.338 -170.757 112.264 -96.189
-1325.06 511.116 419.332 -171.032 112.279 -96.178
-1325.47 512.022 419.326 -171.032 112.279 -96.178
-1325.89 512.93 419.32 -171.277 112.29 -96.168
-1326.29 513.84 419.315 -171.277 112.29 -96.168
-1326.7 514.75 419.309 -171.795 112.311 -96.141
-1327.1 515.663 419.303 -171.795 112.311 -96.141
-1327.5 516.577 419.297 -172.04 112.32 -96.128
-1327.89 517.492 419.291 -172.04 112.32 -96.128
-1328.28 518.408 419.285 -172.25 112.328 -96.12
-1328.67 519.327 419.279 -172.25 112.328 -96.12
-1329.05 520.246 419.273 -172.525 112.345 -96.111
-1329.43 521.167 419.267 -172.74 112.355 -96.103
-1329.81 522.09 419.261 -172.952 112.364 -96.092
-1330.18 523.014 419.255 -172.952 112.364 -96.092
-1330.56 523.939 419.249 -173.193 112.374 -96.079
-1330.92 524.866 419.242 -173.193 112.374 -96.079
-1331.29 525.794 419.236 -173.379 112.38 -96.062
-1331.65 526.724 419.23 -173.62 112.388 -96.048
-1332.01 527.655 419.224 -173.62 112.388 -96.048
-1332.36 528.588 419.218 -173.862 112.396 -96.033
-1332.71 529.522 419.211 -174.078 112.408 -96.021
-1333.06 530.458 419.205 -174.291 112.416 -96.008
-1333.4 531.395 419.199 -174.291 112.416 -96.008
-1333.74 532.333 419.192 -174.531 112.425 -95.996
-1334.08 533.273 419.186 -174.531 112.425 -95.996
-1334.42 534.215 419.18 -175.021 112.442 -95.962
-1334.75 535.158 419.173 -175.021 112.442 -95.962
-1335.08 536.102 419.167 -175.233 112.45 -95.952
-1335.4 537.048 419.16 -175.233 112.45 -95.952
-1335.72 537.995 419.154 -175.48 112.464 -95.942
-1336.04 538.944 419.147 -175.725 112.479 -95.938
-1336.35 539.894 419.141 -175.725 112.479 -95.938
-1336.66 540.846 419.134 -175.725 112.479 -95.938
-1336.97 541.799 419.127 -175.964 112.486 -95.922
-1337.28 542.754 419.121 -176.454 112.506 -95.906
-1337.58 543.71 419.114 -176.454 112.506 -95.906
-1337.88 544.667 419.107 -176.665 112.514 -95.895
-1338.17 545.626 419.101 -176.665 112.514 -95.895
-1338.46 546.586 419.094 -176.909 112.524 -95.872
-1338.75 547.548 419.087 -176.909 112.524 -95.872
-1339.03 548.512 419.08 -177.395 112.545 -95.842
-1339.31 549.476 419.074 -177.395 112.545 -95.842
-1339.59 550.443 419.067 -177.395 112.545 -95.842
-1339.87 551.41 419.06 -177.637 112.553 -95.828
-1340.14 552.379 419.053 -177.883 112.561 -95.803
-1340.41 553.35 419.046 -177.883 112.561 -95.803
-1340.67 554.322 419.039 -178.096 112.575 -95.814
-1340.93 555.296 419.032 -178.307 112.583 -95.812
-1341.19 556.271 419.025 -178.554 112.595 -95.801
-1341.44 557.247 419.018 -178.554 112.595 -95.801
-1341.7 558.225 419.011 -178.796 112.603 -95.784
-1341.94 559.204 419.004 -178.796 112.603 -95.784
-1342.19 560.185 418.997 -179.032 112.611 -95.769
-1342.43 561.167 418.99 -179.032 112.611 -95.769
-1342.67 562.151 418.983 -179.347 112.623 -95.734
-1342.9 563.136 418.976 -179.577 112.635 -95.725
-1343.13 564.123 418.968 -179.807 112.644 -95.715
-1343.36 565.111 418.961 -179.807 112.644 -95.715
-1343.59 566.101 418.954 179.968 112.657 -95.704
4
-974.106 374.041 420.459 -116.197 111.483 -100.479
-975.054 373.68 420.46 -116.197 111.483 -100.479
-976.002 373.323 420.461 -116.375 111.489 -100.474
-976.951 372.97 420.462 -116.375 111.489 -100.474
-977.901 372.62 420.462 -116.513 111.488 -100.466
-978.851 372.273 420.463 -116.681 111.48 -100.452
-979.802 371.93 420.464 -116.837 111.474 -100.435
-980.754 371.59 420.465 -116.965 111.467 -100.418
-981.706 371.254 420.465 -116.965 111.467 -100.418
-982.659 370.922 420.466 -117.139 111.463 -100.391
-983.612 370.593 420.467 -117.28 111.461 -100.374
-984.566 370.267 420.468 -117.462 111.455 -100.348
-985.521 369.945 420.469 -117.462 111.455 -100.348
-986.476 369.627 420.47 -117.835 111.443 -100.302
-987.432 369.312 420.47 -117.835 111.443 -100.302
-988.388 369 420.471 -117.996 111.436 -100.278
-989.345 368.693 420.472 -118.176 111.432 -100.248
-990.303 368.388 420.473 -118.176 111.432 -100.248
-991.261 368.087 420.474 -118.365 111.43 -100.227
-992.22 367.79 420.475 -118.365 111.43 -100.227
-993.18 367.496 420.475 -118.511 111.429 -100.212
-994.14 367.205 420.476 -118.511 111.429 -100.212
-995.101 366.919 420.477 -118.511 111.429 -100.212
-996.062 366.635 420.478 -118.674 111.423 -100.192
-997.024 366.355 420.479 -118.976 111.411 -100.155
-997.987 366.079 420.48 -119.17 111.409 -100.137
-998.95 365.806 420.481 -119.17 111.409 -100.137
-999.914 365.537 420.482 -119.32 111.407 -100.126
-1000.88 365.271 420.483 -119.32 111.407 -100.126
-1001.84 365.009 420.483 -119.651 111.395 -100.08
-1002.81 364.75 420.484 -119.651 111.395 -100.08
-1003.78 364.495 420.485 -119.814 111.395 -100.06
-1004.74 364.243 420.486 -119.814 111.395 -100.06
-1005.71 363.995 420.487 -119.814 111.395 -100.06
-1006.68 363.75 420.488 -120.28 111.382 -100.017
-1007.65 363.509 420.489 -120.28 111.382 -100.017
-1008.62 363.271 420.49 -120.28 111.382 -100.017
-1009.59 363.037 420.491 -120.413 111.374 -99.993
-1010.56 362.806 420.492 -120.413 111.374 -99.993
-1011.53 362.579 420.493 -120.771 111.372 -99.954
-1012.5 362.355 420.494 -120.771 111.372 -99.954
-1013.47 362.135 420.495 -120.917 111.37 -99.939
-1014.45 361.918 420.496 -121.057 111.365 -99.926
-1015.42 361.705 420.497 -121.057 111.365 -99.926
-1016.39 361.495 420.498 -121.057 111.365 -99.926
-1017.37 361.289 420.499 -121.486 111.35 -99.878
-1018.34 361.087 420.5 -121.486 111.35 -99.878
-1019.32 360.888 420.501 -121.616 111.349 -99.871
-1020.3 360.692 420.502 -121.616 111.349 -99.871
-1021.27 360.5 420.503 -121.763 111.346 -99.856
-1022.25 360.311 420.504 -121.921 111.34 -99.832
-1023.23 360.126 420.505 -122.098 111.333 -99.805
-1024.21 359.945 420.506 -122.098 111.333 -99.805
-1025.19 359.767 420.507 -122.286 111.329 -99.781
-1026.17 359.592 420.508 -122.436 111.327 -99.765
-1027.15 359.421 420.509 -122.436 111.327 -99.765
-1028.13 359.253 420.51 -122.584 111.322 -99.754
-1029.11 359.089 420.511 -122.727 111.318 -99.739
-1030.1 358.929 420.512 -122.727 111.318 -99.739
-1031.08 358.772 420.513 -122.885 111.312 -99.718
-1032.07 358.618 420.514 -122.885 111.312 -99.718
-1033.05 358.468 420.515 -123.28 111.304 -99.679
-1034.04 358.322 420.517 -123.28 111.304 -99.679
-1035.02 358.179 420.518 -123.28 111.304 -99.679
-1036.01 358.04 420.519 -123.587 111.297 -99.64
-1037 357.904 420.52 -123.587 111.297 -99.64
-1037.98 357.771 420.521 -123.764 111.293 -99.618
-1038.97 357.642 420.522 -123.764 111.293 -99.618
-1039.96 357.517 420.523 -123.764 111.293 -99.618
-1040.95 357.395 420.524 -124.121 111.281 -99.578
-1041.94 357.277 420.525 -124.121 111.281 -99.578
-1042.93 357.162 420.527 -124.268 111.276 -99.563
-1043.92 357.051 420.528 -124.435 111.271 -99.548
-1044.91 356.943 420.529 -124.435 111.271 -99.548
-1045.91 356.838 420.53 -124.575 111.269 -99.535
-1046.9 356.738 420.531 -124.714 111.266 -99.522
-1047.89 356.64 420.532 -124.714 111.266 -99.522
-1048.89 356.546 420.534 -125.024 111.261 -99.483
-1049.88 356.456 420.535 -125.024 111.261 -99.483
-1050.88 356.369 420.536 -125.173 111.256 -99.469
-1051.88 356.286 420.537 -125.173 111.256 -99.469
-1052.87 356.206 420.538 -125.361 111.247 -99.443
-1053.87 356.13 420.54 -125.501 111.241 -99.422
-1054.87 356.057 420.541 -125.66 111.236 -99.401
-1055.87 355.988 420.542 -125.66 111.236 -99.401
-1056.87 355.922 420.543 -125.847 111.233 -99.377
-1057.87 355.86 420.544 -125.847 111.233 -99.377
-1058.87 355.802 420.546 -126.034 111.233 -99.359
-1059.87 355.746 420.547 -126.179 111.227 -99.343
-1060.87 355.695 420.548 -126.179 111.227 -99.343
-1061.87 355.647 420.549 -126.405 111.218 -99.32
-1062.88 355.602 420.551 -126.405 111.218 -99.32
-1063.88 355.561 420.552 -126.565 111.211 -99.298
-1064.89 355.523 420.553 -126.565 111.211 -99.298
-1065.89 355.489 420.554 -126.879 111.208 -99.262
-1066.9 355.458 420.556 -126.879 111.208 -99.262
-1067.9 355.431 420.557 -127.065 111.205 -99.238
-1068.91 355.408 420.558 -127.065 111.205 -99.238
-1069.92 355.388 420.559 -127.227 111.197 -99.219
-1070.92 355.371 420.561 -127.227 111.197 -99.219
-1071.93 355.358 420.562 -127.534 111.185 -99.185
-1072.94 355.348 420.563 -127.534 111.185 -99.185
-1073.95 355.342 420.565 -127.824 111.183 -99.156
-1074.96 355.34 420.566 -127.824 111.183 -99.156
-1075.97 355.341 420.567 -127.824 111.183 -99.156
-1076.99 355.345 420.569 -128.172 111.173 -99.118
-1078 355.353 420.57 -128.172 111.173 -99.118
-1079.01 355.365 420.571 -128.172 111.173 -99.118
-1080.02 355.38 420.573 -128.337 111.166 -99.104
-1081.04 355.398 420.574 -128.337 111.166 -99.104
-1083.71 355.443 420.566 -128.996 111.151 -99.022
-1084.72 355.478 420.568 -128.996 111.151 -99.022
-1085.72 355.517 420.57 -128.996 111.151 -99.022
-1086.72 355.559 420.571 -129.138 111.142 -99.008
-1087.72 355.604 420.573 -129.138 111.142 -99.008
-1088.72 355.653 420.575 -129.284 111.136 -98.993
-1089.72 355.706 420.576 -129.612 111.138 -98.959
-1090.72 355.762 420.578 -129.612 111.138 -98.959
-1091.72 355.821 420.58 -129.612 111.138 -98.959
-1092.72 355.884 420.582 -129.962 111.125 -98.92
-1093.72 355.951 420.583 -129.962 111.125 -98.92
-1094.72 356.021 420.585 -129.962 111.125 -98.92
-1095.71 356.094 420.587 -129.962 111.125 -98.92
-1096.71 356.171 420.589 -130.294 111.108 -98.882
-1097.71 356.252 420.591 -130.294 111.108 -98.882
-1098.7 356.335 420.592 -130.505 111.107 -98.86
-1099.7 356.423 420.594 -130.505 111.107 -98.86
-1100.69 356.514 420.596 -130.687 111.107 -98.84
-1101.69 356.608 420.598 -130.687 111.107 -98.84
-1102.68 356.706 420.6 -131.048 111.092 -98.8
-1103.68 356.807 420.602 -131.048 111.092 -98.8
-1104.67 356.912 420.604 -131.048 111.092 -98.8
-1105.66 357.021 420.606 -131.367 111.083 -98.77
-1106.66 357.133 420.607 -131.367 111.083 -98.77
-1107.65 357.248 420.609 -131.367 111.083 -98.77
-1108.64 357.367 420.611 -131.553 111.078 -98.75
-1109.63 357.489 420.613 -131.553 111.078 -98.75
-1110.62 357.615 420.615 -131.553 111.078 -98.75
-1111.61 357.744 420.617 -131.714 111.074 -98.726
-1112.6 357.877 420.619 -131.869 111.069 -98.701
-1113.59 358.013 420.621 -131.869 111.069 -98.701
-1114.58 358.153 420.623 -132.52 111.049 -98.639
-1115.57 358.296 420.626 -132.52 111.049 -98.639
-1116.56 358.443 420.628 -132.52 111.049 -98.639
-1117.54 358.593 420.63 -132.52 111.049 -98.639
-1118.53 358.747 420.632 -132.52 111.049 -98.639
-1119.52 358.904 420.634 -132.84 111.043 -98.604
-1120.51 359.065 420.636 -132.84 111.043 -98.604
-1121.49 359.229 420.638 -132.984 111.041 -98.587
-1122.48 359.397 420.64 -133.15 111.036 -98.568
-1123.46 359.568 420.643 -133.296 111.03 -98.55
-1124.45 359.743 420.645 -133.296 111.03 -98.55
-1125.43 359.921 420.647 -133.444 111.022 -98.529
-1126.41 360.103 420.649 -133.627 111.014 -98.507
-1127.4 360.288 420.651 -133.627 111.014 -98.507
-1128.38 360.477 420.654 -133.808 111.009 -98.486
-1129.36 360.669 420.656 -133.808 111.009 -98.486
-1130.34 360.864 420.658 -133.975 111.009 -98.469
-1131.33 361.064 420.66 -133.975 111.009 -98.469
-1132.31 361.266 420.663 -134.284 111.001 -98.437
-1133.29 361.472 420.665 -134.284 111.001 -98.437
-1134.27 361.682 420.667 -134.445 110.991 -98.417
-1135.25 361.895 420.67 -134.589 110.986 -98.399
-1136.23 362.112 420.672 -134.589 110.986 -98.399
-1137.2 362.332 420.674 -134.589 110.986 -98.399
-1140.33 362.583 420.715 -135.187 110.974 -98.323
-1141.3 362.829 420.716 -135.187 110.974 -98.323
-1142.27 363.077 420.717 -135.327 110.969 -98.305
-1143.24 363.329 420.718 -135.493 110.962 -98.289
-1144.21 363.585 420.719 -135.493 110.962 -98.289
-1145.18 363.844 420.719 -135.683 110.959 -98.272
-1146.15 364.107 420.72 -135.848 110.955 -98.257
-1147.11 364.373 420.72 -135.848 110.955 -98.257
-1148.08 364.643 420.72 -135.848 110.955 -98.257
-1149.04 364.916 420.72 -135.992 110.95 -98.242
-1150 365.192 420.72 -136.319 110.941 -98.205
-1150.96 365.472 420.72 -136.319 110.941 -98.205
-1151.92 365.756 420.72 -136.479 110.938 -98.186
-1152.88 366.043 420.72 -136.479 110.938 -98.186
-1153.84 366.333 420.719 -136.648 110.934 -98.169
-1154.79 366.627 420.719 -136.776 110.93 -98.158
-1155.75 366.925 420.718 -136.922 110.923 -98.144
-1156.7 367.226 420.718 -136.922 110.923 -98.144
-1157.65 367.53 420.717 -137.104 110.916 -98.125
-1158.6 367.838 420.716 -137.245 110.914 -98.109
-1159.55 368.15 420.715 -137.407 110.911 -98.089
-1160.5 368.465 420.714 -137.407 110.911 -98.089
-1161.45 368.783 420.713 -137.574 110.908 -98.073
-1162.39 369.105 420.712 -137.574 110.908 -98.073
-1163.34 369.43 420.711 -137.723 110.903 -98.058
-1164.28 369.759 420.709 -137.723 110.903 -98.058
-1165.22 370.092 420.708 -138.067 110.889 -98.019
-1166.16 370.427 420.706 -138.067 110.889 -98.019
-1167.1 370.767 420.704 -138.067 110.889 -98.019
-1168.04 371.11 420.703 -138.398 110.881 -97.977
-1168.98 371.456 420.701 -138.398 110.881 -97.977
-1169.91 371.806 420.699 -138.398 110.881 -97.977
-1170.85 372.159 420.696 -138.726 110.873 -97.944
-1171.78 372.516 420.694 -138.726 110.873 -97.944
-1172.71 372.876 420.692 -138.89 110.865 -97.926
-1173.64 373.24 420.69 -139.052 110.858 -97.904
-1174.57 373.607 420.687 -139.052 110.858 -97.904
-1175.5 373.978 420.684 -139.052 110.858 -97.904
-1176.42 374.352 420.682 -139.395 110.853 -97.87
-1177.35 374.729 420.679 -139.395 110.853 -97.87
-1178.27 375.111 420.676 -139.542 110.849 -97.852
-1179.2 375.495 420.673 -139.675 110.842 -97.837
-1180.12 375.883 420.67 -139.838 110.838 -97.826
-1181.04 376.275 420.667 -139.838 110.838 -97.826
-1181.96 376.67 420.664 -140 110.842 -97.817
-1182.88 377.069 420.66 -140.214 110.855 -97.806
-1183.79 377.471 420.657 -140.214 110.855 -97.806
-1184.71 377.876 420.653 -140.397 110.865 -97.792
-1185.62 378.285 420.649 -140.397 110.865 -97.792
-1186.53 378.698 420.646 -141.015 110.885 -97.748
-1187.45 379.114 420.642 -141.015 110.885 -97.748
-1188.36 379.534 420.638 -141.015 110.885 -97.748
-1189.27 379.957 420.634 -141.015 110.885 -97.748
-1190.17 380.383 420.63 -141.256 110.892 -97.734
-1191.08 380.813 420.625 -141.684 110.912 -97.723
-1191.99 381.247 420.621 -141.684 110.912 -97.723
-1194.65 382.373 420.609 -142.108 110.942 -97.705
-1195.55 382.817 420.605 -142.108 110.942 -97.705
-1196.45 383.264 420.601 -142.474 110.966 -97.68
-1197.35 383.714 420.597 -142.474 110.966 -97.68
-1198.24 384.167 420.593 -142.474 110.966 -97.68
-1199.13 384.623 420.589 -143.044 110.991 -97.636
-1200.02 385.083 420.584 -143.044 110.991 -97.636
-1200.91 385.545 420.58 -143.315 111.002 -97.619
-1201.8 386.011 420.576 -143.315 111.002 -97.619
-1202.68 386.479 420.571 -143.53 111.009 -97.611
-1203.57 386.951 420.567 -143.53 111.009 -97.611
-1204.45 387.426 420.562 -143.779 111.022 -97.604
-1205.32 387.904 420.557 -143.966 111.03 -97.595
-1206.2 388.386 420.553 -144.238 111.046 -97.583
-1207.08 388.87 420.548 -144.238 111.046 -97.583
-1207.95 389.357 420.543 -144.504 111.063 -97.562
-1208.82 389.848 420.538 -144.719 111.075 -97.549
-1209.69 390.341 420.533 -144.719 111.075 -97.549
-1210.56 390.838 420.528 -145.145 111.093 -97.521
-1211.42 391.338 420.523 -145.145 111.093 -97.521
-1212.28 391.841 420.518 -145.145 111.093 -97.521
-1213.15 392.347 420.513 -145.602 111.112 -97.498
-1214.01 392.856 420.508 -145.602 111.112 -97.498
-1214.86 393.368 420.503 -145.814 111.122 -97.487
-1215.72 393.884 420.497 -145.814 111.122 -97.487
-1216.57 394.402 420.492 -145.814 111.122 -97.487
-1217.42 394.924 420.487 -146.117 111.134 -97.473
-1218.27 395.449 420.481 -146.117 111.134 -97.473
-1219.12 395.977 420.476 -146.577 111.16 -97.449
-1219.97 396.508 420.47 -146.577 111.16 -97.449
-1220.81 397.042 420.464 -146.79 111.171 -97.437
-1221.65 397.579 420.459 -146.79 111.171 -97.437
-1222.49 398.119 420.453 -147.151 111.192 -97.42
-1223.33 398.663 420.447 -147.151 111.192 -97.42
-1224.16 399.209 420.441 -147.364 111.202 -97.407
-1225 399.759 420.435 -147.364 111.202 -97.407
-1225.83 400.311 420.429 -147.851 111.22 -97.383
-1226.66 400.867 420.423 -147.851 111.22 -97.383
-1227.49 401.426 420.417 -148.156 111.235 -97.371
-1228.32 401.988 420.411 -148.156 111.235 -97.371
-1229.14 402.553 420.404 -148.156 111.235 -97.371
-1229.96 403.122 420.398 -148.643 111.26 -97.352
-1230.78 403.693 420.392 -148.643 111.26 -97.352
-1231.6 404.268 420.385 -148.643 111.26 -97.352
-1232.42 404.845 420.379 -149.068 111.286 -97.327
-1233.23 405.426 420.372 -149.068 111.286 -97.327
-1234.04 406.01 420.366 -149.404 111.3 -97.308
-1234.86 406.597 420.359 -149.404 111.3 -97.308
-1235.66 407.187 420.352 -149.404 111.3 -97.308
-1236.47 407.78 420.346 -149.614 111.309 -97.296
-1237.28 408.376 420.339 -150.192 111.34 -97.267
-1238.08 408.976 420.332 -150.192 111.34 -97.267
-1238.88 409.578 420.325 -150.192 111.34 -97.267
-1239.68 410.184 420.318 -150.433 111.348 -97.252
-1240.48 410.792 420.311 -150.62 111.358 -97.244
-1241.27 411.404 420.304 -150.62 111.358 -97.244
-1242.06 412.019 420.297 -150.925 111.375 -97.229
-1242.86 412.637 420.29 -150.925 111.375 -97.229
-1245.75 414.941 420.237 -151.413 111.396 -97.205
-1246.53 415.566 420.231 -151.685 111.411 -97.191
-1247.32 416.194 420.224 -151.894 111.424 -97.181
-1248.1 416.825 420.218 -151.894 111.424 -97.181
-1248.87 417.458 420.212 -151.894 111.424 -97.181
-1249.65 418.095 420.206 -152.659 111.452 -97.136
-1250.42 418.733 420.199 -152.659 111.452 -97.136
-1251.19 419.375 420.193 -152.659 111.452 -97.136
-1251.96 420.019 420.186 -152.871 111.46 -97.127
-1252.72 420.666 420.18 -153.117 111.473 -97.116
-1253.48 421.315 420.174 -153.117 111.473 -97.116
-1254.24 421.967 420.167 -153.359 111.489 -97.103
-1255 422.622 420.16 -153.359 111.489 -97.103
-1255.75 423.28 420.154 -153.598 111.502 -97.09
-1256.5 423.94 420.147 -153.598 111.502 -97.09
-1257.25 424.603 420.14 -153.998 111.518 -97.069
-1258 425.268 420.134 -153.998 111.518 -97.069
-1258.74 425.937 420.127 -153.998 111.518 -97.069
-1259.48 426.607 420.12 -154.515 111.54 -97.042
-1260.22 427.281 420.113 -154.515 111.54 -97.042
-1260.96 427.957 420.106 -154.515 111.54 -97.042
-1261.69 428.636 420.099 -155.034 111.566 -97.018
-1262.42 429.318 420.092 -155.034 111.566 -97.018
-1263.15 430.002 420.085 -155.302 111.579 -97.005
-1263.87 430.689 420.078 -155.302 111.579 -97.005
-1264.59 431.379 420.071 -155.514 111.589 -96.99
-1265.31 432.071 420.064 -155.514 111.589 -96.99
-1266.03 432.766 420.057 -155.76 111.598 -96.976
-1266.74 433.463 420.049 -156.004 111.607 -96.962
-1267.46 434.164 420.042 -156.004 111.607 -96.962
-1268.16 434.867 420.035 -156.246 111.62 -96.949
-1268.87 435.572 420.027 -156.246 111.62 -96.949
-1269.57 436.281 420.02 -156.675 111.642 -96.926
-1270.28 436.992 420.013 -156.675 111.642 -96.926
-1270.97 437.705 420.005 -156.884 111.653 -96.918
-1271.67 438.422 419.998 -157.093 111.662 -96.903
-1272.36 439.141 419.99 -157.093 111.662 -96.903
-1273.05 439.863 419.982 -157.371 111.674 -96.886
-1273.74 440.587 419.975 -157.371 111.674 -96.886
-1274.43 441.314 419.967 -157.586 111.685 -96.877
-1275.11 442.044 419.959 -157.827 111.696 -96.866
-1275.79 442.776 419.951 -157.827 111.696 -96.866
-1276.47 443.511 419.944 -158.074 111.709 -96.854
-1277.14 444.249 419.936 -158.074 111.709 -96.854
-1277.82 444.989 419.928 -158.319 111.718 -96.841
-1278.49 445.732 419.92 -158.528 111.725 -96.829
-1279.15 446.478 419.912 -158.77 111.739 -96.817
-1279.82 447.227 419.904 -158.77 111.739 -96.817
-1280.48 447.978 419.896 -158.77 111.739 -96.817
-1281.14 448.732 419.888 -159.225 111.757 -96.793
-1281.79 449.488 419.88 -159.225 111.757 -96.793
-1282.45 450.247 419.871 -159.225 111.757 -96.793
-1283.1 451.009 419.863 -159.684 111.78 -96.768
-1283.75 451.774 419.855 -159.684 111.78 -96.768
-1284.39 452.541 419.847 -159.899 111.791 -96.759
-1285.04 453.311 419.838 -160.109 111.798 -96.747
-1285.68 454.083 419.83 -160.109 111.798 -96.747
-1287.24 455.902 419.8 -160.628 111.821 -96.716
-1287.87 456.699 419.791 -160.84 111.831 -96.708
-1288.49 457.497 419.782 -160.84 111.831 -96.708
-1289.11 458.297 419.772 -161.144 111.845 -96.694
-1289.73 459.098 419.763 -161.357 111.857 -96.682
-1290.35 459.902 419.753 -161.357 111.857 -96.682
-1290.96 460.707 419.744 -161.571 111.865 -96.673
-1291.57 461.513 419.735 -161.782 111.873 -96.663
-1292.17 462.322 419.725 -161.969 111.883 -96.654
-1292.77 463.132 419.716 -161.969 111.883 -96.654
-1293.37 463.944 419.706 -162.181 111.892 -96.641
-1293.97 464.757 419.697 -162.451 111.901 -96.626
-1294.56 465.572 419.687 -162.451 111.901 -96.626
-1295.15 466.389 419.678 -162.695 111.914 -96.613
-1295.73 467.208 419.668 -162.91 111.924 -96.601
-1296.31 468.028 419.659 -162.91 111.924 -96.601
-1296.89 468.85 419.649 -163.395 111.946 -96.571
-1297.47 469.674 419.64 -163.395 111.946 -96.571
-1298.04 470.499 419.63 -163.395 111.946 -96.571
-1298.61 471.327 419.621 -163.854 111.965 -96.541
-1299.17 472.155 419.611 -163.854 111.965 -96.541
-1299.73 472.986 419.602 -164.095 111.971 -96.524
-1300.29 473.818 419.592 -164.095 111.971 -96.524
-1300.85 474.652 419.583 -164.339 111.987 -96.512
-1301.4 475.488 419.573 -164.339 111.987 -96.512
-1301.95 476.325 419.563 -164.339 111.987 -96.512
-1302.49 477.164 419.554 -165.07 112.019 -96.48
-1303.03 478.005 419.544 -165.07 112.019 -96.48
-1303.57 478.847 419.535 -165.07 112.019 -96.48
-1304.11 479.691 419.525 -165.314 112.029 -96.467
-1304.64 480.537 419.515 -165.314 112.029 -96.467
-1305.17 481.385 419.506 -165.833 112.057 -96.451
-1305.69 482.234 419.496 -165.833 112.057 -96.451
-1306.22 483.085 419.486 -165.833 112.057 -96.451
-1306.73 483.938 419.477 -166.045 112.064 -96.437
-1307.25 484.792 419.467 -166.255 112.072 -96.426
-1307.76 485.648 419.457 -166.255 112.072 -96.426
-1308.27 486.506 419.447 -166.532 112.086 -96.414
-1308.78 487.365 419.438 -166.745 112.096 -96.402
-1309.28 488.226 419.428 -166.745 112.096 -96.402
-1309.78 489.089 419.418 -166.957 112.104 -96.393
-1310.27 489.954 419.408 -166.957 112.104 -96.393
-1310.76 490.82 419.399 -167.198 112.113 -96.38
-1311.25 491.688 419.389 -167.445 112.123 -96.363
-1311.74 492.558 419.379 -167.658 112.132 -96.354
-1312.22 493.429 419.369 -167.867 112.14 -96.345
-1312.7 494.302 419.359 -167.867 112.14 -96.345
-1313.17 495.177 419.35 -168.114 112.155 -96.336
-1313.65 496.053 419.34 -168.114 112.155 -96.336
-1314.11 496.931 419.33 -168.327 112.162 -96.326
-1314.58 497.811 419.32 -168.567 112.171 -96.312
-1315.04 498.693 419.31 -168.567 112.171 -96.312
-1315.5 499.576 419.3 -168.781 112.183 -96.297
-1315.96 500.461 419.29 -168.995 112.191 -96.283
-1316.41 501.348 419.28 -168.995 112.191 -96.283
-1316.86 502.236 419.27 -169.238 112.201 -96.27
-1317.3 503.126 419.261 -169.451 112.211 -96.254
-1317.75 504.018 419.251 -169.667 112.223 -96.246
-1318.18 504.911 419.241 -169.881 112.231 -96.234
-1318.62 505.807 419.231 -169.881 112.231 -96.234
-1319.05 506.704 419.221 -170.121 112.241 -96.224
-1319.48 507.602 419.211 -170.121 112.241 -96.224
-1319.91 508.502 419.201 -170.668 112.262 -96.196
-1320.33 509.404 419.191 -170.668 112.262 -96.196
-1320.75 510.308 419.181 -170.668 112.262 -96.196
-1321.16 511.214 419.171 -170.91 112.271 -96.184
-1321.58 512.121 419.161 -170.91 112.271 -96.184
-1321.99 513.029 419.151 -171.186 112.285 -96.171
-1322.39 513.94 419.141 -171.398 112.294 -96.162
-1322.79 514.852 419.13 -171.61 112.3 -96.148
-1323.19 515.766 419.12 -171.61 112.3 -96.148
-1323.59 516.682 419.11 -171.61 112.3 -96.148
-1323.98 517.599 419.1 -172.131 112.323 -96.123
-1324.37 518.518 419.09 -172.131 112.323 -96.123
-1324.76 519.439 419.08 -172.341 112.332 -96.115
-1325.14 520.361 419.07 -172.341 112.332 -96.115
-1325.52 521.285 419.06 -172.802 112.357 -96.101
-1325.89 522.211 419.05 -172.802 112.357 -96.101
-1326.27 523.139 419.039 -172.802 112.357 -96.101
-1326.64 524.068 419.029 -173.288 112.377 -96.073
-1327 524.999 419.019 -173.288 112.377 -96.073
-1327.36 525.931 419.009 -173.288 112.377 -96.073
-1327.72 526.866 418.999 -173.288 112.377 -96.073
-1328.08 527.802 418.988 -173.56 112.386 -96.05
-1328.43 528.739 418.978 -173.56 112.386 -96.05
-1328.78 529.679 418.968 -174.047 112.407 -96.023
-1329.13 530.62 418.958 -174.047 112.407 -96.023
-1329.47 531.563 418.947 -174.351 112.419 -96.006
-1329.81 532.507 418.937 -174.351 112.419 -96.006
-1330.15 533.454 418.927 -174.351 112.419 -96.006
-1330.48 534.401 418.917 -175.112 112.447 -95.96
-1330.81 535.351 418.906 -175.112 112.447 -95.96
-1331.13 536.302 418.896 -175.112 112.447 -95.96
-1331.46 537.255 418.886 -175.386 112.457 -95.945
-1331.78 538.21 418.875 -175.386 112.457 -95.945
-1332.09 539.167 418.865 -175.386 112.457 -95.945
-1332.4 540.125 418.855 -175.386 112.457 -95.945
-1332.71 541.085 418.844 -176.393 112.505 -95.91
-1333.02 542.046 418.834 -176.393 112.505 -95.91
-1333.32 543.009 418.823 -176.393 112.505 -95.91
-1333.62 543.974 418.813 -176.393 112.505 -95.91
-1333.92 544.941 418.803 -176.635 112.513 -95.895
-1334.21 545.909 418.792 -176.635 112.513 -95.895
-1334.5 546.879 418.782 -176.908 112.524 -95.872
-1334.79 547.851 418.771 -177.154 112.535 -95.857
-1335.07 548.825 418.761 -177.154 112.535 -95.857
-1335.35 549.8 418.75 -177.365 112.544 -95.846
-1335.63 550.777 418.74 -177.576 112.55 -95.833
-1335.9 551.755 418.729 -177.576 112.55 -95.833
-1336.17 552.736 418.719 -177.576 112.55 -95.833
-1336.43 553.718 418.708 -177.576 112.55 -95.833
-1336.7 554.701 418.698 -177.576 112.55 -95.833
-1336.96 555.687 418.687 -178.796 112.604 -95.785
-1337.21 556.674 418.677 -178.796 112.604 -95.785
-1337.47 557.662 418.666 -178.796 112.604 -95.785
-1337.72 558.653 418.656 -178.796 112.604 -95.785
-1337.96 559.645 418.645 -178.796 112.604 -95.785
