1
-387.83 179.565 53.0836 69.652 115.478 3.653
-387.845 179.553 52.0838 69.652 115.478 3.653
-387.86 179.541 51.084 69.652 115.478 3.653
-387.875 179.529 50.0842 69.652 115.478 3.653
-387.89 179.517 49.0844 69.652 115.478 3.653
-387.905 179.505 48.0846 69.652 115.478 3.653
-387.92 179.493 47.0847 69.652 115.478 3.653
-387.936 179.481 46.0849 69.652 115.478 3.653
-387.951 179.469 45.0851 69.652 115.478 3.653
-387.966 179.457 44.0853 69.652 115.478 3.653
-387.981 179.445 43.0855 69.652 115.478 3.653
-387.996 179.433 42.0857 69.652 115.478 3.653
-388.011 179.422 41.0859 69.652 115.478 3.653
-388.026 179.41 40.086 69.652 115.478 3.653
-388.041 179.398 39.0862 69.652 115.478 3.653
-388.056 179.386 38.0864 69.652 115.478 3.653
-388.071 179.374 37.0866 69.652 115.478 3.653
-388.086 179.362 36.0868 69.652 115.478 3.653
-388.101 179.35 35.087 69.652 115.478 3.653
-388.116 179.338 34.0871 69.657 115.475 3.649
-388.131 179.326 33.0873 69.658 115.474 3.645
-388.146 179.314 32.0875 69.654 115.473 3.64
-388.161 179.302 31.0877 69.654 115.473 3.64
-388.176 179.29 30.0879 69.653 115.475 3.637
-388.191 179.278 29.0881 69.654 115.474 3.636
-388.206 179.266 28.0882 69.653 115.474 3.635
-388.221 179.254 27.0884 69.653 115.474 3.635
-388.236 179.243 26.0886 69.653 115.475 3.636
-388.251 179.231 25.0888 69.655 115.475 3.634
-388.266 179.219 24.089 69.66 115.478 3.627
-388.281 179.207 23.0892 69.66 115.478 3.627
-388.297 179.195 22.0894 69.66 115.478 3.628
-388.312 179.183 21.0895 69.66 115.478 3.632
-388.327 179.171 20.0897 69.658 115.477 3.636
-388.342 179.159 19.0899 69.656 115.476 3.639
-388.357 179.147 18.0901 69.657 115.475 3.636
-388.372 179.135 17.0903 69.657 115.475 3.636
-388.387 179.123 16.0905 69.659 115.476 3.635
-388.402 179.111 15.0906 69.659 115.476 3.636
-388.417 179.099 14.0908 69.658 115.477 3.637
-388.432 179.087 13.091 69.657 115.479 3.64
-388.447 179.075 12.0912 69.657 115.479 3.64
-388.462 179.063 11.0914 69.659 115.478 3.637
-388.477 179.052 10.0916 69.659 115.478 3.637
-388.492 179.04 9.09175 69.66 115.477 3.63
-388.507 179.028 8.09194 69.66 115.477 3.63
-388.522 179.016 7.09212 69.661 115.478 3.63
-388.537 179.004 6.09231 69.66 115.477 3.631
-388.552 178.992 5.09249 69.66 115.477 3.631
-388.567 178.98 4.09267 69.659 115.478 3.638
-388.582 178.968 3.09286 69.659 115.48 3.641
-388.597 178.956 2.09304 69.661 115.482 3.639
-388.612 178.944 1.09323 69.661 115.482 3.639
-388.627 178.932 0.0934124 69.662 115.482 3.639
-388.642 178.92 -0.906403 69.662 115.481 3.638
-388.658 178.908 -1.90622 69.662 115.48 3.639
-388.673 178.896 -2.90603 69.661 115.478 3.639
-388.688 178.884 -3.90585 69.661 115.478 3.639
-388.703 178.872 -4.90567 69.661 115.478 3.639
-388.718 178.861 -5.90548 69.661 115.48 3.639
-388.733 178.849 -6.9053 69.663 115.48 3.629
-388.748 178.837 -7.90511 69.662 115.481 3.631
-388.763 178.825 -8.90493 69.662 115.481 3.631
-388.778 178.813 -9.90474 69.662 115.483 3.632
-388.793 178.801 -10.9046 69.66 115.482 3.639
-388.808 178.789 -11.9044 69.659 115.482 3.641
-388.823 178.777 -12.9042 69.659 115.481 3.639
-388.838 178.765 -13.904 69.659 115.48 3.638
-388.853 178.753 -14.9038 69.659 115.48 3.638
-388.868 178.741 -15.9036 69.66 115.48 3.637
-388.883 178.729 -16.9035 69.662 115.482 3.639
-388.898 178.717 -17.9033 69.662 115.482 3.639
-388.913 178.705 -18.9031 69.662 115.482 3.639
-388.928 178.693 -19.9029 69.661 115.484 3.641
-388.943 178.682 -20.9027 69.661 115.485 3.64
-388.958 178.67 -21.9025 69.661 115.486 3.637
-388.973 178.658 -22.9023 69.662 115.485 3.633
-388.988 178.646 -23.9022 69.662 115.485 3.633
-389.003 178.634 -24.902 69.662 115.484 3.635
-389.018 178.622 -25.9018 69.66 115.484 3.642
-389.034 178.61 -26.9016 69.659 115.482 3.646
-389.049 178.598 -27.9014 69.659 115.482 3.646
-389.064 178.586 -28.9012 69.66 115.485 3.645
-389.079 178.574 -29.9011 69.659 115.486 3.645
-389.094 178.562 -30.9009 69.661 115.488 3.645
-389.109 178.55 -31.9007 69.661 115.488 3.646
-389.124 178.538 -32.9005 69.661 115.487 3.646
-389.139 178.526 -33.9003 69.661 115.487 3.646
-389.154 178.514 -34.9001 69.661 115.487 3.646
-389.169 178.502 -35.8999 69.662 115.487 3.644
-389.184 178.491 -36.8998 69.662 115.488 3.644
-389.199 178.479 -37.8996 69.664 115.487 3.636
-389.214 178.467 -38.8994 69.664 115.487 3.636
-389.229 178.455 -39.8992 69.664 115.489 3.64
-389.244 178.443 -40.899 69.662 115.489 3.641
-389.259 178.431 -41.8988 69.66 115.489 3.645
-389.274 178.419 -42.8987 69.66 115.489 3.645
-389.289 178.407 -43.8985 69.66 115.49 3.642
-389.304 178.395 -44.8983 69.659 115.491 3.644
-389.319 178.383 -45.8981 69.659 115.491 3.644
-389.334 178.371 -46.8979 69.66 115.491 3.643
-389.349 178.359 -47.8977 69.66 115.49 3.643
-389.364 178.347 -48.8976 69.662 115.491 3.644
-389.379 178.335 -49.8974 69.662 115.489 3.644
-389.395 178.323 -50.8972 69.662 115.489 3.644
-389.41 178.311 -51.897 69.663 115.489 3.645
-389.425 178.3 -52.8968 69.664 115.491 3.641
-389.44 178.288 -53.8966 69.666 115.492 3.641
-389.455 178.276 -54.8964 69.666 115.492 3.641
-389.47 178.264 -55.8963 69.667 115.492 3.64
-389.485 178.252 -56.8961 69.665 115.494 3.647
-389.5 178.24 -57.8959 69.665 115.494 3.647
-389.515 178.228 -58.8957 69.665 115.494 3.647
-389.53 178.216 -59.8955 69.665 115.494 3.647
-389.545 178.204 -60.8953 69.665 115.494 3.647
-389.56 178.192 -61.8952 69.665 115.494 3.647
-389.575 178.18 -62.895 69.665 115.494 3.647
-389.59 178.168 -63.8948 69.665 115.494 3.647
-389.605 178.156 -64.8946 69.663 115.491 3.65
-389.62 178.144 -65.8944 69.663 115.491 3.65
-389.635 178.132 -66.8942 69.663 115.491 3.65
-389.65 178.12 -67.894 69.663 115.491 3.65
-389.665 178.109 -68.8939 69.663 115.491 3.65
-389.68 178.097 -69.8937 69.663 115.491 3.65
-389.695 178.085 -70.8935 69.663 115.491 3.65
-389.71 178.073 -71.8933 69.663 115.491 3.65
-389.725 178.061 -72.8931 69.663 115.491 3.65
-389.74 178.049 -73.8929 69.662 115.49 3.647
-389.756 178.037 -74.8928 69.66 115.491 3.646
-389.771 178.025 -75.8926 69.66 115.492 3.645
-389.786 178.013 -76.8924 69.66 115.492 3.645
-389.801 178.001 -77.8922 69.662 115.493 3.644
-389.816 177.989 -78.892 69.662 115.494 3.644
-389.831 177.977 -79.8918 69.663 115.494 3.644
-389.846 177.965 -80.8917 69.663 115.492 3.643
-389.861 177.953 -81.8915 69.663 115.492 3.643
-389.876 177.941 -82.8913 69.663 115.494 3.646
-389.891 177.93 -83.8911 69.664 115.494 3.643
-389.906 177.918 -84.8909 69.664 115.495 3.645
-389.921 177.906 -85.8907 69.663 115.495 3.645
-389.936 177.894 -86.8905 69.66 115.485 3.651
-389.951 177.882 -87.8904 69.66 115.485 3.651
-389.966 177.87 -88.8902 69.661 115.445 3.644
-389.981 177.858 -89.89 69.66 115.422 3.644
-389.996 177.846 -90.8898 69.66 115.422 3.644
-390.011 177.834 -91.8896 69.66 115.422 3.644
-390.026 177.822 -92.8894 69.66 115.38 3.646
-390.041 177.81 -93.8893 69.66 115.38 3.646
-390.056 177.798 -94.8891 69.66 115.38 3.646
-390.071 177.786 -95.8889 69.66 115.38 3.646
-390.086 177.774 -96.8887 69.66 115.38 3.646
-390.101 177.762 -97.8885 69.66 115.38 3.646
-390.117 177.75 -98.8883 69.66 115.38 3.646
-390.132 177.739 -99.8881 69.66 115.38 3.646
-390.147 177.727 -100.888 69.66 115.38 3.646
-390.162 177.715 -101.888 69.66 115.38 3.646
2
-404.712 168.336 53.4118 69.659 115.475 3.646
-404.727 168.324 52.412 69.659 115.475 3.646
-404.742 168.312 51.4122 69.659 115.475 3.646
-404.756 168.3 50.4123 69.659 115.475 3.646
-404.771 168.287 49.4125 69.659 115.475 3.646
-404.785 168.275 48.4127 69.659 115.475 3.646
-404.8 168.263 47.4129 69.659 115.475 3.646
-404.815 168.251 46.4131 69.659 115.475 3.646
-404.829 168.239 45.4132 69.659 115.475 3.646
-404.844 168.227 44.4134 69.659 115.475 3.646
-404.859 168.215 43.4136 69.658 115.475 3.642
-404.873 168.203 42.4138 69.658 115.475 3.642
-404.888 168.191 41.414 69.658 115.475 3.642
-404.903 168.179 40.4141 69.658 115.475 3.642
-404.917 168.167 39.4143 69.654 115.476 3.635
-404.932 168.155 38.4145 69.654 115.476 3.635
-404.947 168.142 37.4147 69.654 115.475 3.634
-404.961 168.13 36.4149 69.653 115.473 3.634
-404.976 168.118 35.415 69.653 115.473 3.634
-404.991 168.106 34.4152 69.654 115.473 3.633
-405.005 168.094 33.4154 69.655 115.475 3.633
-405.02 168.082 32.4156 69.66 115.478 3.627
-405.035 168.07 31.4158 69.661 115.479 3.627
-405.049 168.058 30.4159 69.661 115.479 3.627
-405.064 168.046 29.4161 69.66 115.479 3.631
-405.079 168.034 28.4163 69.657 115.478 3.638
-405.093 168.022 27.4165 69.657 115.476 3.64
-405.108 168.01 26.4167 69.656 115.474 3.638
-405.123 167.997 25.4169 69.657 115.476 3.637
-405.137 167.985 24.417 69.657 115.476 3.637
-405.152 167.973 23.4172 69.657 115.476 3.64
-405.166 167.961 22.4174 69.657 115.476 3.64
-405.181 167.949 21.4176 69.657 115.477 3.641
-405.196 167.937 20.4178 69.657 115.479 3.641
-405.21 167.925 19.4179 69.658 115.479 3.64
-405.225 167.913 18.4181 69.658 115.479 3.64
-405.24 167.901 17.4183 69.661 115.479 3.632
-405.254 167.889 16.4185 69.662 115.479 3.629
-405.269 167.877 15.4187 69.662 115.479 3.629
-405.284 167.864 14.4188 69.66 115.476 3.632
-405.298 167.852 13.419 69.66 115.476 3.637
-405.313 167.84 12.4192 69.659 115.478 3.642
-405.328 167.828 11.4194 69.659 115.478 3.642
-405.342 167.816 10.4196 69.661 115.481 3.639
-405.357 167.804 9.41974 69.662 115.483 3.639
-405.372 167.792 8.41992 69.664 115.483 3.637
-405.386 167.78 7.4201 69.663 115.481 3.639
-405.401 167.768 6.42028 69.663 115.481 3.639
-405.416 167.756 5.42046 69.663 115.479 3.637
-405.43 167.744 4.42064 69.662 115.478 3.636
-405.445 167.732 3.42082 69.662 115.478 3.636
-405.46 167.719 2.421 69.662 115.477 3.634
-405.474 167.707 1.42118 69.664 115.478 3.626
-405.489 167.695 0.42136 69.664 115.479 3.628
-405.504 167.683 -0.578459 69.664 115.479 3.628
-405.518 167.671 -1.57828 69.664 115.482 3.628
-405.533 167.659 -2.5781 69.661 115.482 3.636
-405.548 167.647 -3.57792 69.66 115.482 3.638
-405.562 167.635 -4.57774 69.661 115.482 3.636
-405.577 167.623 -5.57756 69.661 115.481 3.637
-405.591 167.611 -6.57738 69.661 115.481 3.637
-405.606 167.599 -7.5772 69.661 115.479 3.636
-405.621 167.587 -8.57702 69.662 115.48 3.638
-405.635 167.574 -9.57684 69.661 115.481 3.64
-405.65 167.562 -10.5767 69.661 115.483 3.641
-405.665 167.55 -11.5765 69.661 115.483 3.641
-405.679 167.538 -12.5763 69.661 115.486 3.642
-405.694 167.526 -13.5761 69.662 115.488 3.636
-405.709 167.514 -14.5759 69.662 115.488 3.636
-405.723 167.502 -15.5758 69.662 115.486 3.636
-405.738 167.49 -16.5756 69.66 115.484 3.641
-405.753 167.478 -17.5754 69.658 115.483 3.648
-405.767 167.466 -18.5752 69.658 115.482 3.648
-405.782 167.454 -19.575 69.658 115.482 3.648
-405.797 167.442 -20.5749 69.658 115.483 3.646
-405.811 167.429 -21.5747 69.659 115.485 3.647
-405.826 167.417 -22.5745 69.659 115.488 3.648
-405.841 167.405 -23.5743 69.659 115.488 3.648
-405.855 167.393 -24.5741 69.66 115.488 3.648
-405.87 167.381 -25.5739 69.661 115.488 3.646
-405.885 167.369 -26.5738 69.661 115.488 3.646
-405.899 167.357 -27.5736 69.661 115.488 3.645
-405.914 167.345 -28.5734 69.661 115.488 3.641
-405.929 167.333 -29.5732 69.663 115.487 3.637
-405.943 167.321 -30.573 69.663 115.487 3.637
-405.958 167.309 -31.5729 69.662 115.486 3.638
-405.973 167.297 -32.5727 69.661 115.487 3.641
-405.987 167.284 -33.5725 69.66 115.488 3.643
-406.002 167.272 -34.5723 69.66 115.49 3.641
-406.016 167.26 -35.5721 69.66 115.49 3.641
-406.031 167.248 -36.572 69.66 115.493 3.641
-406.046 167.236 -37.5718 69.66 115.493 3.641
-406.06 167.224 -38.5716 69.661 115.492 3.642
-406.075 167.212 -39.5714 69.661 115.49 3.641
-406.09 167.2 -40.5712 69.662 115.49 3.641
-406.104 167.188 -41.5711 69.661 115.488 3.642
-406.119 167.176 -42.5709 69.661 115.488 3.642
-406.134 167.164 -43.5707 69.662 115.488 3.642
-406.148 167.152 -44.5705 69.664 115.49 3.638
-406.163 167.139 -45.5703 69.665 115.492 3.639
-406.178 167.127 -46.5702 69.665 115.492 3.639
-406.192 167.115 -47.57 69.666 115.493 3.639
-406.207 167.103 -48.5698 69.664 115.494 3.649
-406.222 167.091 -49.5696 69.664 115.492 3.647
-406.236 167.079 -50.5694 69.663 115.49 3.648
-406.251 167.067 -51.5693 69.663 115.49 3.648
-406.266 167.055 -52.5691 69.662 115.489 3.648
-406.28 167.043 -53.5689 69.662 115.489 3.65
-406.295 167.031 -54.5687 69.663 115.49 3.651
-406.31 167.019 -55.5685 69.663 115.49 3.651
-406.324 167.006 -56.5684 69.663 115.492 3.652
-406.339 166.994 -57.5682 69.663 115.492 3.652
-406.354 166.982 -58.568 69.663 115.492 3.652
-406.368 166.97 -59.5678 69.663 115.492 3.652
-406.383 166.958 -60.5676 69.663 115.492 3.652
-406.398 166.946 -61.5675 69.663 115.492 3.652
-406.412 166.934 -62.5673 69.663 115.492 3.652
-406.427 166.922 -63.5671 69.663 115.492 3.652
-406.441 166.91 -64.5669 69.665 115.496 3.644
-406.456 166.898 -65.5667 69.665 115.496 3.644
-406.471 166.886 -66.5666 69.665 115.496 3.644
-406.485 166.874 -67.5664 69.665 115.496 3.644
-406.5 166.861 -68.5662 69.665 115.496 3.644
-406.515 166.849 -69.566 69.665 115.496 3.644
-406.529 166.837 -70.5658 69.665 115.496 3.644
-406.544 166.825 -71.5656 69.665 115.496 3.644
-406.559 166.813 -72.5655 69.664 115.495 3.644
-406.573 166.801 -73.5653 69.665 115.496 3.644
-406.588 166.789 -74.5651 69.665 115.496 3.644
-406.603 166.777 -75.5649 69.666 115.495 3.641
-406.617 166.765 -76.5647 69.666 115.494 3.642
-406.632 166.753 -77.5646 69.664 115.493 3.643
-406.647 166.741 -78.5644 69.661 115.452 3.642
-406.661 166.729 -79.5642 69.661 115.452 3.642
-406.676 166.716 -80.564 69.661 115.423 3.641
-406.691 166.704 -81.5638 69.661 115.423 3.641
-406.705 166.692 -82.5637 69.659 115.402 3.645
-406.72 166.68 -83.5635 69.661 115.381 3.642
-406.735 166.668 -84.5633 69.661 115.381 3.642
-406.749 166.656 -85.5631 69.661 115.381 3.642
-406.764 166.644 -86.5629 69.661 115.381 3.642
-406.779 166.632 -87.5628 69.661 115.381 3.642
-406.793 166.62 -88.5626 69.661 115.381 3.642
-406.808 166.608 -89.5624 69.661 115.381 3.642
-406.822 166.596 -90.5622 69.661 115.381 3.642
-406.837 166.584 -91.562 69.661 115.381 3.642
-406.852 166.571 -92.5619 69.661 115.381 3.642
-406.866 166.559 -93.5617 69.661 115.381 3.642
-406.881 166.547 -94.5615 69.661 115.381 3.642
-406.896 166.535 -95.5613 69.661 115.381 3.642
-406.91 166.523 -96.5611 69.661 115.381 3.642
-406.925 166.511 -97.561 69.661 115.381 3.642
-406.94 166.499 -98.5608 69.661 115.381 3.642
-406.954 166.487 -99.5606 69.661 115.381 3.642
-406.969 166.475 -100.56 69.661 115.381 3.642
-406.984 166.463 -101.56 69.661 115.381 3.642
3
-399.592 168.216 44.8608 69.66 115.646 3.661
-399.619 168.216 43.8612 69.66 115.646 3.661
-399.647 168.216 42.8616 69.66 115.646 3.661
-399.674 168.217 41.8619 69.66 115.646 3.661
-399.702 168.217 40.8623 69.66 115.646 3.661
-399.729 168.217 39.8627 69.66 115.646 3.661
-399.757 168.218 38.8631 69.66 115.646 3.661
-399.784 168.218 37.8634 69.732 116.508 3.685
-399.811 168.218 36.8638 69.732 116.508 3.685
-399.839 168.219 35.8642 69.732 116.508 3.685
-399.866 168.219 34.8646 69.732 116.508 3.685
-399.894 168.219 33.865 69.745 116.842 3.696
-399.921 168.22 32.8653 69.745 116.842 3.696
-399.949 168.22 31.8657 69.745 116.842 3.696
-399.976 168.22 30.8661 69.745 116.842 3.696
-400.004 168.221 29.8665 69.769 117.179 3.693
-400.031 168.221 28.8668 69.769 117.179 3.693
-400.059 168.221 27.8672 69.78 117.345 3.697
-400.086 168.222 26.8676 69.788 117.486 3.703
-400.114 168.222 25.868 69.788 117.486 3.703
-400.141 168.223 24.8684 69.795 117.629 3.707
-400.169 168.223 23.8687 69.804 117.774 3.71
-400.196 168.223 22.8691 69.815 117.969 3.716
-400.223 168.224 21.8695 69.815 117.969 3.716
-400.251 168.224 20.8699 69.824 118.114 3.721
-400.278 168.224 19.8702 69.837 118.279 3.724
-400.306 168.225 18.8706 69.837 118.279 3.724
-400.333 168.225 17.871 69.851 118.468 3.731
-400.361 168.225 16.8714 69.863 118.635 3.735
-400.388 168.226 15.8717 69.863 118.635 3.735
-400.416 168.226 14.8721 69.874 118.805 3.742
-400.443 168.226 13.8725 69.883 118.951 3.748
-400.471 168.227 12.8729 69.883 118.951 3.748
-400.498 168.227 11.8733 69.892 119.12 3.757
-400.526 168.227 10.8736 69.901 119.283 3.763
-400.553 168.228 9.87401 69.901 119.283 3.763
-400.58 168.228 8.87439 69.915 119.449 3.766
-400.608 168.228 7.87477 69.931 119.618 3.767
-400.635 168.229 6.87514 69.943 119.762 3.769
-400.663 168.229 5.87552 69.943 119.762 3.769
-400.69 168.229 4.8759 69.951 119.906 3.776
-400.718 168.23 3.87628 69.961 120.048 3.782
-400.745 168.23 2.87665 69.975 120.24 3.79
-400.773 168.23 1.87703 69.975 120.24 3.79
-400.8 168.231 0.877407 69.986 120.408 3.797
-400.828 168.231 -0.122216 69.995 120.55 3.803
-400.855 168.231 -1.12184 69.995 120.55 3.803
-400.883 168.232 -2.12146 70.005 120.693 3.81
-400.91 168.232 -3.12108 70.025 120.935 3.815
-400.938 168.233 -4.12071 70.025 120.935 3.815
-400.965 168.233 -5.12033 70.039 121.103 3.821
-400.992 168.233 -6.11995 70.039 121.103 3.821
-401.02 168.234 -7.11957 70.05 121.245 3.828
-401.047 168.234 -8.1192 70.059 121.387 3.837
-401.075 168.234 -9.11882 70.068 121.553 3.842
-401.102 168.235 -10.1184 70.068 121.553 3.842
-401.13 168.235 -11.1181 70.082 121.745 3.845
-401.157 168.235 -12.1177 70.098 121.913 3.846
-401.185 168.236 -13.1173 70.098 121.913 3.846
-401.212 168.236 -14.1169 70.11 122.082 3.853
-401.24 168.236 -15.1166 70.12 122.224 3.859
-401.267 168.237 -16.1162 70.131 122.367 3.865
-401.295 168.237 -17.1158 70.131 122.367 3.865
-401.322 168.237 -18.1154 70.145 122.514 3.873
-401.35 168.238 -19.115 70.156 122.68 3.879
-401.377 168.238 -20.1147 70.156 122.68 3.879
-401.404 168.238 -21.1143 70.166 122.823 3.884
-401.432 168.239 -22.1139 70.177 123.013 3.895
-401.459 168.239 -23.1135 70.177 123.013 3.895
-401.487 168.239 -24.1132 70.19 123.183 3.903
-401.514 168.24 -25.1128 70.201 123.329 3.911
-401.542 168.24 -26.1124 70.213 123.517 3.923
-401.569 168.24 -27.112 70.213 123.517 3.923
-401.597 168.241 -28.1117 70.23 123.727 3.925
-401.624 168.241 -29.1113 70.23 123.727 3.925
-401.652 168.242 -30.1109 70.244 123.897 3.928
-401.679 168.242 -31.1105 70.244 123.897 3.928
-401.707 168.242 -32.1101 70.266 124.14 3.938
-401.734 168.243 -33.1098 70.266 124.14 3.938
-401.762 168.243 -34.1094 70.278 124.285 3.949
-401.789 168.243 -35.109 70.29 124.426 3.955
-401.816 168.244 -36.1086 70.3 124.569 3.963
-401.844 168.244 -37.1083 70.311 124.712 3.968
-401.871 168.244 -38.1079 70.311 124.712 3.968
-401.899 168.245 -39.1075 70.322 124.858 3.973
-401.926 168.245 -40.1071 70.332 125 3.977
-401.954 168.245 -41.1067 70.345 125.165 3.985
-401.981 168.246 -42.1064 70.345 125.165 3.985
-402.009 168.246 -43.106 70.361 125.359 4.003
-402.036 168.246 -44.1056 70.361 125.359 4.003
-402.064 168.247 -45.1052 70.374 125.526 4.008
-402.091 168.247 -46.1049 70.39 125.714 4.012
-402.119 168.247 -47.1045 70.39 125.714 4.012
-402.146 168.248 -48.1041 70.405 125.881 4.018
-402.174 168.248 -49.1037 70.418 126.028 4.027
-402.201 168.248 -50.1033 70.418 126.028 4.027
-402.228 168.249 -51.103 70.438 126.271 4.039
-402.256 168.249 -52.1026 70.438 126.271 4.039
-402.283 168.249 -53.1022 70.449 126.413 4.045
-402.311 168.25 -54.1018 70.462 126.576 4.052
-402.338 168.25 -55.1015 70.462 126.576 4.052
-402.366 168.25 -56.1011 70.473 126.716 4.056
-402.393 168.251 -57.1007 70.487 126.886 4.065
-402.421 168.251 -58.1003 70.497 127.031 4.08
-402.448 168.252 -59.1 70.497 127.031 4.08
-402.476 168.252 -60.0996 70.512 127.199 4.088
-402.503 168.252 -61.0992 70.527 127.342 4.089
-402.531 168.253 -62.0988 70.543 127.487 4.09
-402.558 168.253 -63.0984 70.543 127.487 4.09
-402.586 168.253 -64.0981 70.555 127.632 4.104
-402.613 168.254 -65.0977 70.567 127.796 4.113
-402.64 168.254 -66.0973 70.567 127.796 4.113
-402.668 168.254 -67.0969 70.583 127.986 4.124
-402.695 168.255 -68.0966 70.596 128.134 4.132
-402.723 168.255 -69.0962 70.596 128.134 4.132
-402.75 168.255 -70.0958 70.596 128.134 4.132
-402.778 168.256 -71.0954 70.596 128.134 4.132
-402.805 168.256 -72.095 70.596 128.134 4.132
-402.833 168.256 -73.0947 70.596 128.134 4.132
-402.86 168.257 -74.0943 70.596 128.134 4.132
-402.888 168.257 -75.0939 70.596 128.134 4.132
-402.915 168.257 -76.0935 70.596 128.134 4.132
-402.943 168.258 -77.0932 70.596 128.134 4.132
-402.97 168.258 -78.0928 70.596 128.134 4.132
-402.998 168.258 -79.0924 70.596 128.134 4.132
-403.025 168.259 -80.092 70.596 128.134 4.132
-403.052 168.259 -81.0917 70.596 128.134 4.132
-403.08 168.259 -82.0913 70.596 128.134 4.132
-403.107 168.26 -83.0909 70.596 128.134 4.132
-403.135 168.26 -84.0905 70.596 128.134 4.132
-403.162 168.261 -85.0901 70.596 128.134 4.132
-403.19 168.261 -86.0898 70.596 128.134 4.132
-403.217 168.261 -87.0894 70.596 128.134 4.132
-403.245 168.262 -88.089 70.596 128.134 4.132
-403.272 168.262 -89.0886 70.596 128.134 4.132
-403.3 168.262 -90.0883 70.596 128.134 4.132
-403.327 168.263 -91.0879 70.596 128.134 4.132
-403.355 168.263 -92.0875 70.596 128.134 4.132
-403.382 168.263 -93.0871 70.596 128.134 4.132
-403.41 168.264 -94.0867 70.596 128.134 4.132
-403.437 168.264 -95.0864 70.596 128.134 4.132
-403.464 168.264 -96.086 70.596 128.134 4.132
-403.492 168.265 -97.0856 70.596 128.134 4.132
-403.519 168.265 -98.0852 70.596 128.134 4.132
-403.547 168.265 -99.0849 70.596 128.134 4.132
-403.574 168.266 -100.084 70.596 128.134 4.132
-403.602 168.266 -101.084 70.596 128.134 4.132
-403.629 168.266 -102.084 70.596 128.134 4.132
-403.657 168.267 -103.083 70.596 128.134 4.132
-403.684 168.267 -104.083 70.596 128.134 4.132
-403.712 168.267 -105.083 70.596 128.134 4.132
-403.739 168.268 -106.082 70.596 128.134 4.132
-403.767 168.268 -107.082 70.596 128.134 4.132
-403.794 168.268 -108.081 70.596 128.134 4.132
-403.822 168.269 -109.081 70.596 128.134 4.132
-403.849 168.269 -110.081 70.596 128.134 4.132
4
-399.291 167.719 46.1613 69.658 115.633 3.661
-399.317 167.72 45.1617 69.658 115.633 3.661
-399.344 167.72 44.162 69.658 115.633 3.661
-399.37 167.721 43.1624 69.658 115.633 3.661
-399.397 167.721 42.1627 69.673 115.781 3.676
-399.423 167.722 41.1631 69.673 115.781 3.676
-399.45 167.722 40.1634 69.673 115.781 3.676
-399.477 167.723 39.1638 69.713 116.215 3.681
-399.503 167.723 38.1641 69.713 116.215 3.681
-399.53 167.724 37.1645 69.713 116.215 3.681
-399.556 167.724 36.1649 69.726 116.381 3.681
-399.583 167.725 35.1652 69.735 116.566 3.689
-399.609 167.725 34.1656 69.735 116.566 3.689
-399.636 167.726 33.1659 69.74 116.734 3.692
-399.663 167.726 32.1663 69.751 116.901 3.693
-399.689 167.727 31.1666 69.751 116.901 3.693
-399.716 167.727 30.167 69.76 117.053 3.692
-399.742 167.728 29.1673 69.773 117.221 3.69
-399.769 167.728 28.1677 69.779 117.368 3.697
-399.795 167.729 27.168 69.779 117.368 3.697
-399.822 167.729 26.1684 69.788 117.519 3.703
-399.849 167.73 25.1687 69.799 117.687 3.706
-399.875 167.73 24.1691 69.799 117.687 3.706
-399.902 167.731 23.1694 69.809 117.82 3.712
-399.928 167.731 22.1698 69.819 117.986 3.716
-399.955 167.732 21.1701 69.829 118.134 3.721
-399.981 167.732 20.1705 69.829 118.134 3.721
-400.008 167.733 19.1709 69.841 118.301 3.726
-400.035 167.733 18.1712 69.85 118.451 3.731
-400.061 167.734 17.1716 69.864 118.657 3.739
-400.088 167.734 16.1719 69.864 118.657 3.739
-400.114 167.735 15.1723 69.877 118.843 3.746
-400.141 167.735 14.1726 69.877 118.843 3.746
-400.167 167.736 13.173 69.885 119.01 3.753
-400.194 167.736 12.1733 69.894 119.159 3.762
-400.221 167.737 11.1737 69.894 119.159 3.762
-400.247 167.737 10.174 69.909 119.327 3.767
-400.274 167.738 9.17439 69.922 119.476 3.77
-400.3 167.738 8.17474 69.932 119.624 3.77
-400.327 167.739 7.1751 69.932 119.624 3.77
-400.354 167.739 6.17545 69.94 119.788 3.772
-400.38 167.74 5.1758 69.953 119.958 3.78
-400.407 167.74 4.17616 69.953 119.958 3.78
-400.433 167.741 3.17651 69.97 120.146 3.787
-400.46 167.741 2.17686 69.982 120.294 3.796
-400.486 167.742 1.17722 69.982 120.294 3.796
-400.513 167.742 0.177569 69.992 120.443 3.802
-400.54 167.743 -0.822078 70 120.59 3.807
-400.566 167.743 -1.82172 70.009 120.74 3.811
-400.593 167.744 -2.82137 70.009 120.74 3.811
-400.619 167.744 -3.82102 70.025 120.927 3.815
-400.646 167.745 -4.82066 70.041 121.094 3.82
-400.672 167.745 -5.82031 70.041 121.094 3.82
-400.699 167.746 -6.81996 70.053 121.261 3.829
-400.726 167.746 -7.8196 70.06 121.427 3.84
-400.752 167.747 -8.81925 70.06 121.427 3.84
-400.779 167.747 -9.8189 70.068 121.575 3.842
-400.805 167.748 -10.8185 70.086 121.762 3.845
-400.832 167.748 -11.8182 70.1 121.911 3.843
-400.858 167.749 -12.8178 70.1 121.911 3.843
-400.885 167.749 -13.8175 70.113 122.097 3.853
-400.912 167.75 -14.8171 70.113 122.097 3.853
-400.938 167.75 -15.8168 70.127 122.268 3.86
-400.965 167.751 -16.8164 70.138 122.418 3.866
-400.991 167.751 -17.8161 70.149 122.583 3.873
-401.018 167.752 -18.8157 70.149 122.583 3.873
-401.044 167.752 -19.8154 70.159 122.746 3.877
-401.071 167.753 -20.815 70.17 122.896 3.885
-401.098 167.753 -21.8147 70.182 123.031 3.894
-401.124 167.754 -22.8143 70.182 123.031 3.894
-401.151 167.754 -23.814 70.192 123.181 3.902
-401.177 167.755 -24.8136 70.2 123.329 3.911
-401.204 167.755 -25.8132 70.2 123.329 3.911
-401.23 167.756 -26.8129 70.208 123.492 3.923
-401.257 167.756 -27.8125 70.225 123.66 3.924
-401.284 167.757 -28.8122 70.241 123.813 3.926
-401.31 167.757 -29.8118 70.241 123.813 3.926
-401.337 167.758 -30.8115 70.258 124 3.929
-401.363 167.758 -31.8111 70.258 124 3.929
-401.39 167.759 -32.8108 70.267 124.163 3.939
-401.416 167.759 -33.8104 70.278 124.312 3.949
-401.443 167.76 -34.8101 70.29 124.481 3.957
-401.47 167.76 -35.8097 70.29 124.481 3.957
-401.496 167.761 -36.8094 70.305 124.633 3.966
-401.523 167.761 -37.809 70.32 124.838 3.973
-401.549 167.762 -38.8087 70.32 124.838 3.973
-401.576 167.762 -39.8083 70.329 124.999 3.979
-401.603 167.763 -40.8079 70.343 125.15 3.986
-401.629 167.763 -41.8076 70.343 125.15 3.986
-401.656 167.764 -42.8072 70.357 125.304 4.002
-401.682 167.764 -43.8069 70.369 125.47 4.009
-401.709 167.765 -44.8065 70.369 125.47 4.009
-401.735 167.765 -45.8062 70.381 125.633 4.015
-401.762 167.766 -46.8058 70.4 125.819 4.013
-401.789 167.766 -47.8055 70.4 125.819 4.013
-401.815 167.767 -48.8051 70.413 125.971 4.022
-401.842 167.767 -49.8048 70.43 126.159 4.033
-401.868 167.768 -50.8044 70.43 126.159 4.033
-401.895 167.768 -51.8041 70.443 126.343 4.041
-401.921 167.769 -52.8037 70.455 126.49 4.047
-401.948 167.769 -53.8034 70.455 126.49 4.047
-401.975 167.77 -54.803 70.469 126.657 4.053
-402.001 167.77 -55.8026 70.484 126.826 4.061
-402.028 167.771 -56.8023 70.484 126.826 4.061
-402.054 167.771 -57.8019 70.496 126.993 4.078
-402.081 167.772 -58.8016 70.508 127.141 4.087
-402.107 167.772 -59.8012 70.508 127.141 4.087
-402.134 167.773 -60.8009 70.526 127.311 4.088
-402.161 167.773 -61.8005 70.544 127.462 4.088
-402.187 167.774 -62.8002 70.544 127.462 4.088
-402.214 167.774 -63.7998 70.556 127.644 4.102
-402.24 167.775 -64.7995 70.568 127.808 4.113
-402.267 167.775 -65.7991 70.568 127.808 4.113
-402.293 167.776 -66.7988 70.582 127.96 4.122
-402.32 167.776 -67.7984 70.597 128.131 4.131
-402.347 167.777 -68.7981 70.597 128.131 4.131
-402.373 167.777 -69.7977 70.597 128.131 4.131
-402.4 167.778 -70.7973 70.597 128.131 4.131
-402.426 167.778 -71.797 70.597 128.131 4.131
-402.453 167.779 -72.7966 70.597 128.131 4.131
-402.479 167.779 -73.7963 70.597 128.131 4.131
-402.506 167.78 -74.7959 70.597 128.131 4.131
-402.533 167.78 -75.7956 70.597 128.131 4.131
-402.559 167.781 -76.7952 70.597 128.131 4.131
-402.586 167.781 -77.7949 70.597 128.131 4.131
-402.612 167.782 -78.7945 70.597 128.131 4.131
-402.639 167.782 -79.7942 70.597 128.131 4.131
-402.665 167.783 -80.7938 70.597 128.131 4.131
-402.692 167.783 -81.7935 70.597 128.131 4.131
-402.719 167.784 -82.7931 70.597 128.131 4.131
-402.745 167.784 -83.7928 70.597 128.131 4.131
-402.772 167.785 -84.7924 70.597 128.131 4.131
-402.798 167.785 -85.792 70.597 128.131 4.131
-402.825 167.786 -86.7917 70.597 128.131 4.131
-402.852 167.786 -87.7913 70.597 128.131 4.131
-402.878 167.787 -88.791 70.597 128.131 4.131
-402.905 167.787 -89.7906 70.597 128.131 4.131
-402.931 167.788 -90.7903 70.597 128.131 4.131
-402.958 167.788 -91.7899 70.597 128.131 4.131
-402.984 167.789 -92.7896 70.597 128.131 4.131
-403.011 167.789 -93.7892 70.597 128.131 4.131
-403.038 167.79 -94.7889 70.597 128.131 4.131
-403.064 167.79 -95.7885 70.597 128.131 4.131
-403.091 167.791 -96.7882 70.597 128.131 4.131
-403.117 167.791 -97.7878 70.597 128.131 4.131
-403.144 167.792 -98.7875 70.597 128.131 4.131
-403.17 167.792 -99.7871 70.597 128.131 4.131
-403.197 167.793 -100.787 70.597 128.131 4.131
-403.224 167.793 -101.786 70.597 128.131 4.131
-403.25 167.794 -102.786 70.597 128.131 4.131
-403.277 167.794 -103.786 70.597 128.131 4.131
-403.303 167.795 -104.785 70.597 128.131 4.131
-403.33 167.795 -105.785 70.597 128.131 4.131
-403.356 167.796 -106.785 70.597 128.131 4.131
-403.383 167.796 -107.784 70.597 128.131 4.131
-403.41 167.797 -108.784 70.597 128.131 4.131
5
-394.786 169.825 46.4319 69.646 115.486 3.636
-394.815 169.824 45.4323 69.646 115.486 3.636
-394.844 169.824 44.4327 69.646 115.486 3.636
-394.872 169.823 43.4331 69.646 115.486 3.636
-394.901 169.823 42.4335 69.646 115.486 3.636
-394.929 169.822 41.4339 69.646 115.486 3.636
-394.958 169.821 40.4344 69.688 115.984 3.691
-394.987 169.821 39.4348 69.688 115.984 3.691
-395.015 169.82 38.4352 69.688 115.984 3.691
-395.044 169.82 37.4356 69.688 115.984 3.691
-395.073 169.819 36.436 69.712 116.284 3.681
-395.101 169.818 35.4364 69.712 116.284 3.681
-395.13 169.818 34.4368 69.712 116.284 3.681
-395.158 169.817 33.4372 69.712 116.284 3.681
-395.187 169.816 32.4376 69.735 116.712 3.69
-395.216 169.816 31.438 69.735 116.712 3.69
-395.244 169.815 30.4385 69.744 116.873 3.69
-395.273 169.815 29.4389 69.744 116.873 3.69
-395.302 169.814 28.4393 69.752 117.019 3.692
-395.33 169.813 27.4397 69.764 117.192 3.691
-395.359 169.813 26.4401 69.772 117.325 3.696
-395.388 169.812 25.4405 69.772 117.325 3.696
-395.416 169.811 24.4409 69.783 117.496 3.701
-395.445 169.811 23.4413 69.793 117.653 3.704
-395.473 169.81 22.4417 69.793 117.653 3.704
-395.502 169.81 21.4421 69.805 117.817 3.71
-395.531 169.809 20.4426 69.815 117.975 3.714
-395.559 169.808 19.443 69.825 118.12 3.719
-395.588 169.808 18.4434 69.825 118.12 3.719
-395.617 169.807 17.4438 69.835 118.279 3.724
-395.645 169.807 16.4442 69.846 118.427 3.729
-395.674 169.806 15.4446 69.859 118.574 3.734
-395.702 169.805 14.445 69.859 118.574 3.734
-395.731 169.805 13.4454 69.869 118.72 3.739
-395.76 169.804 12.4458 69.879 118.893 3.746
-395.788 169.803 11.4462 69.879 118.893 3.746
-395.817 169.803 10.4467 69.886 119.026 3.753
-395.846 169.802 9.44707 69.896 119.173 3.759
-395.874 169.802 8.44748 69.91 119.317 3.763
-395.903 169.801 7.44789 69.918 119.46 3.765
-395.932 169.8 6.4483 69.918 119.46 3.765
-395.96 169.8 5.44871 69.928 119.62 3.767
-395.989 169.799 4.44912 69.938 119.755 3.771
-396.017 169.799 3.44953 69.952 119.902 3.776
-396.046 169.798 2.44994 69.952 119.902 3.776
-396.075 169.797 1.45035 69.961 120.047 3.783
-396.103 169.797 0.450759 69.972 120.206 3.789
-396.132 169.796 -0.548831 69.982 120.353 3.798
-396.161 169.795 -1.54842 69.982 120.353 3.798
-396.189 169.795 -2.54801 69.994 120.512 3.803
-396.218 169.794 -3.5476 70.003 120.644 3.808
-396.246 169.794 -4.54719 70.016 120.817 3.811
-396.275 169.793 -5.54678 70.016 120.817 3.811
-396.304 169.792 -6.54637 70.028 120.965 3.818
-396.332 169.792 -7.54596 70.037 121.097 3.821
-396.361 169.791 -8.54555 70.047 121.254 3.827
-396.39 169.791 -9.54514 70.047 121.254 3.827
-396.418 169.79 -10.5447 70.056 121.4 3.835
-396.447 169.789 -11.5443 70.068 121.546 3.84
-396.476 169.789 -12.5439 70.083 121.706 3.846
-396.504 169.788 -13.5435 70.083 121.706 3.846
-396.533 169.787 -14.5431 70.093 121.852 3.846
-396.561 169.787 -15.5427 70.103 122.002 3.854
-396.59 169.786 -16.5423 70.117 122.162 3.857
-396.619 169.786 -17.5419 70.117 122.162 3.857
-396.647 169.785 -18.5414 70.13 122.306 3.864
-396.676 169.784 -19.541 70.138 122.461 3.869
-396.705 169.784 -20.5406 70.147 122.621 3.875
-396.733 169.783 -21.5402 70.147 122.621 3.875
-396.762 169.783 -22.5398 70.16 122.757 3.881
-396.79 169.782 -23.5394 70.173 122.903 3.889
-396.819 169.781 -24.539 70.183 123.064 3.899
-396.848 169.781 -25.5386 70.183 123.064 3.899
-396.876 169.78 -26.5382 70.191 123.198 3.905
-396.905 169.779 -27.5378 70.205 123.37 3.914
-396.934 169.779 -28.5373 70.205 123.37 3.914
-396.962 169.778 -29.5369 70.215 123.526 3.922
-396.991 169.778 -30.5365 70.227 123.658 3.923
-397.02 169.777 -31.5361 70.239 123.792 3.926
-397.048 169.776 -32.5357 70.239 123.792 3.926
-397.077 169.776 -33.5353 70.254 123.952 3.928
-397.105 169.775 -34.5349 70.266 124.124 3.938
-397.134 169.775 -35.5345 70.277 124.259 3.945
-397.163 169.774 -36.5341 70.277 124.259 3.945
-397.191 169.773 -37.5337 70.288 124.406 3.954
-397.22 169.773 -38.5332 70.301 124.551 3.962
-397.249 169.772 -39.5328 70.31 124.708 3.966
-397.277 169.771 -40.5324 70.31 124.708 3.966
-397.306 169.771 -41.532 70.324 124.882 3.976
-397.335 169.77 -42.5316 70.339 125.017 3.982
-397.363 169.77 -43.5312 70.339 125.017 3.982
-397.392 169.769 -44.5308 70.353 125.163 3.989
-397.42 169.768 -45.5304 70.357 125.319 4.001
-397.449 169.768 -46.53 70.368 125.478 4.005
-397.478 169.767 -47.5296 70.368 125.478 4.005
-397.506 169.767 -48.5291 70.386 125.639 4.011
-397.535 169.766 -49.5287 70.402 125.798 4.013
-397.564 169.765 -50.5283 70.402 125.798 4.013
-397.592 169.765 -51.5279 70.41 125.933 4.022
-397.621 169.764 -52.5275 70.42 126.081 4.03
-397.649 169.763 -53.5271 70.434 126.226 4.035
-397.678 169.763 -54.5267 70.449 126.396 4.043
-397.707 169.762 -55.5263 70.449 126.396 4.043
-397.735 169.762 -56.5259 70.464 126.582 4.053
-397.764 169.761 -57.5255 70.464 126.582 4.053
-397.793 169.76 -58.525 70.475 126.741 4.058
-397.821 169.76 -59.5246 70.486 126.885 4.066
-397.85 169.759 -60.5242 70.499 127.035 4.081
-397.879 169.758 -61.5238 70.499 127.035 4.081
-397.907 169.758 -62.5234 70.514 127.169 4.085
-397.936 169.757 -63.523 70.528 127.315 4.088
-397.964 169.757 -64.5226 70.539 127.482 4.09
-397.993 169.756 -65.5222 70.539 127.482 4.09
-398.022 169.755 -66.5218 70.551 127.628 4.102
-398.05 169.755 -67.5213 70.551 127.628 4.102
-398.079 169.754 -68.5209 70.551 127.628 4.102
-398.108 169.754 -69.5205 70.551 127.628 4.102
-398.136 169.753 -70.5201 70.551 127.628 4.102
-398.165 169.752 -71.5197 70.551 127.628 4.102
-398.193 169.752 -72.5193 70.551 127.628 4.102
-398.222 169.751 -73.5189 70.551 127.628 4.102
-398.251 169.75 -74.5185 70.696 129.321 4.194
-398.279 169.75 -75.5181 70.696 129.321 4.194
-398.308 169.749 -76.5177 70.696 129.321 4.194
-398.337 169.749 -77.5172 70.696 129.321 4.194
-398.365 169.748 -78.5168 70.696 129.321 4.194
-398.394 169.747 -79.5164 70.696 129.321 4.194
-398.423 169.747 -80.516 70.696 129.321 4.194
-398.451 169.746 -81.5156 70.696 129.321 4.194
-398.48 169.746 -82.5152 70.696 129.321 4.194
-398.508 169.745 -83.5148 70.696 129.321 4.194
-398.537 169.744 -84.5144 70.696 129.321 4.194
-398.566 169.744 -85.514 70.696 129.321 4.194
-398.594 169.743 -86.5136 70.696 129.321 4.194
-398.623 169.742 -87.5131 70.696 129.321 4.194
-398.652 169.742 -88.5127 70.696 129.321 4.194
-398.68 169.741 -89.5123 70.696 129.321 4.194
-398.709 169.741 -90.5119 70.696 129.321 4.194
-398.737 169.74 -91.5115 70.696 129.321 4.194
-398.766 169.739 -92.5111 70.696 129.321 4.194
-398.795 169.739 -93.5107 70.696 129.321 4.194
-398.823 169.738 -94.5103 70.696 129.321 4.194
-398.852 169.738 -95.5099 70.696 129.321 4.194
-398.881 169.737 -96.5095 70.696 129.321 4.194
-398.909 169.736 -97.509 70.696 129.321 4.194
-398.938 169.736 -98.5086 70.696 129.321 4.194
-398.967 169.735 -99.5082 70.696 129.321 4.194
-398.995 169.734 -100.508 70.696 129.321 4.194
-399.024 169.734 -101.507 70.696 129.321 4.194
-399.052 169.733 -102.507 70.696 129.321 4.194
-399.081 169.733 -103.507 70.696 129.321 4.194
-399.11 169.732 -104.506 70.696 129.321 4.194
-399.138 169.731 -105.506 70.696 129.321 4.194
-399.167 169.731 -106.505 70.696 129.321 4.194
-399.196 169.73 -107.505 70.696 129.321 4.194
-399.224 169.73 -108.505 70.696 129.321 4.194
6
-394.014 173.987 46.9962 69.645 115.486 3.638
-394.036 173.989 45.9964 69.645 115.486 3.638
-394.059 173.991 44.9967 69.645 115.486 3.638
-394.081 173.993 43.9969 69.645 115.486 3.638
-394.103 173.995 42.9971 69.645 115.486 3.638
-394.125 173.997 41.9974 69.645 115.486 3.638
-394.147 173.999 40.9976 69.645 115.486 3.638
-394.169 174.001 39.9979 69.645 115.486 3.638
-394.191 174.003 38.9981 69.659 115.622 3.659
-394.213 174.005 37.9984 69.672 115.774 3.677
-394.235 174.007 36.9986 69.672 115.774 3.677
-394.257 174.009 35.9989 69.688 115.958 3.686
-394.279 174.011 34.9991 69.707 116.179 3.678
-394.301 174.013 33.9993 69.707 116.179 3.678
-394.323 174.015 32.9996 69.715 116.336 3.678
-394.345 174.017 31.9998 69.715 116.336 3.678
-394.367 174.019 31.0001 69.724 116.484 3.679
-394.389 174.021 30.0003 69.734 116.671 3.686
-394.411 174.023 29.0006 69.742 116.82 3.688
-394.433 174.025 28.0008 69.742 116.82 3.688
-394.455 174.026 27.0011 69.749 116.965 3.691
-394.477 174.028 26.0013 69.762 117.137 3.687
-394.499 174.03 25.0015 69.762 117.137 3.687
-394.521 174.032 24.0018 69.77 117.27 3.692
-394.543 174.034 23.002 69.778 117.416 3.698
-394.565 174.036 22.0023 69.789 117.575 3.701
-394.587 174.038 21.0025 69.789 117.575 3.701
-394.609 174.04 20.0028 69.801 117.722 3.705
-394.631 174.042 19.003 69.81 117.882 3.711
-394.653 174.044 18.0033 69.819 118.042 3.717
-394.675 174.046 17.0035 69.819 118.042 3.717
-394.697 174.048 16.0037 69.83 118.198 3.721
-394.719 174.05 15.004 69.841 118.36 3.727
-394.741 174.052 14.0042 69.841 118.36 3.727
-394.763 174.054 13.0045 69.854 118.533 3.733
-394.785 174.056 12.0047 69.865 118.667 3.738
-394.807 174.058 11.005 69.865 118.667 3.738
-394.829 174.06 10.0052 69.875 118.825 3.744
-394.851 174.062 9.00545 69.883 118.96 3.748
-394.873 174.064 8.0057 69.892 119.107 3.757
-394.895 174.066 7.00594 69.892 119.107 3.757
-394.917 174.068 6.00619 69.907 119.277 3.762
-394.939 174.07 5.00643 69.917 119.434 3.767
-394.961 174.072 4.00668 69.926 119.58 3.768
-394.983 174.074 3.00692 69.926 119.58 3.768
-395.005 174.075 2.00717 69.94 119.769 3.772
-395.027 174.077 1.00741 69.94 119.769 3.772
-395.05 174.079 0.00765456 69.956 119.942 3.779
-395.072 174.081 -0.992101 69.965 120.087 3.786
-395.094 174.083 -1.99186 69.974 120.233 3.793
-395.116 174.085 -2.99161 69.974 120.233 3.793
-395.138 174.087 -3.99137 69.983 120.366 3.799
-395.16 174.089 -4.99112 69.993 120.499 3.804
-395.182 174.091 -5.99088 70.002 120.631 3.809
-395.204 174.093 -6.99063 70.014 120.789 3.812
-395.226 174.095 -7.99039 70.014 120.789 3.812
-395.248 174.097 -8.99015 70.026 120.937 3.817
-395.27 174.099 -9.9899 70.037 121.097 3.822
-395.292 174.101 -10.9897 70.037 121.097 3.822
-395.314 174.103 -11.9894 70.048 121.255 3.828
-395.336 174.105 -12.9892 70.059 121.427 3.838
-395.358 174.107 -13.9889 70.071 121.573 3.841
-395.38 174.109 -14.9887 70.071 121.573 3.841
-395.402 174.111 -15.9884 70.084 121.721 3.847
-395.424 174.113 -16.9882 70.093 121.853 3.846
-395.446 174.115 -17.9879 70.103 121.988 3.853
-395.468 174.117 -18.9877 70.115 122.135 3.856
-395.49 174.119 -19.9875 70.115 122.135 3.856
-395.512 174.121 -20.9872 70.127 122.28 3.861
-395.534 174.122 -21.987 70.137 122.448 3.867
-395.556 174.124 -22.9867 70.137 122.448 3.867
-395.578 174.126 -23.9865 70.147 122.595 3.873
-395.6 174.128 -24.9862 70.162 122.758 3.881
-395.622 174.13 -25.986 70.162 122.758 3.881
-395.644 174.132 -26.9857 70.176 122.943 3.89
-395.666 174.134 -27.9855 70.186 123.116 3.9
-395.688 174.136 -28.9853 70.186 123.116 3.9
-395.71 174.138 -29.985 70.196 123.25 3.906
-395.732 174.14 -30.9848 70.206 123.395 3.915
-395.754 174.142 -31.9845 70.217 123.539 3.92
-395.776 174.144 -32.9843 70.217 123.539 3.92
-395.798 174.146 -33.984 70.23 123.712 3.923
-395.82 174.148 -34.9838 70.243 123.846 3.924
-395.842 174.15 -35.9835 70.243 123.846 3.924
-395.864 174.152 -36.9833 70.256 123.979 3.928
-395.886 174.154 -37.9831 70.266 124.125 3.938
-395.908 174.156 -38.9828 70.276 124.259 3.946
-395.93 174.158 -39.9826 70.288 124.406 3.955
-395.952 174.16 -40.9823 70.288 124.406 3.955
-395.974 174.162 -41.9821 70.302 124.566 3.963
-395.996 174.164 -42.9818 70.31 124.722 3.968
-396.018 174.166 -43.9816 70.322 124.868 3.975
-396.041 174.168 -44.9813 70.322 124.868 3.975
-396.063 174.17 -45.9811 70.336 125.003 3.981
-396.085 174.171 -46.9809 70.351 125.15 3.988
-396.107 174.173 -47.9806 70.356 125.293 4.001
-396.129 174.175 -48.9804 70.356 125.293 4.001
-396.151 174.177 -49.9801 70.365 125.45 4.005
-396.173 174.179 -50.9799 70.381 125.6 4.013
-396.195 174.181 -51.9796 70.397 125.733 4.013
-396.217 174.183 -52.9794 70.397 125.733 4.013
-396.239 174.185 -53.9791 70.409 125.906 4.023
-396.261 174.187 -54.9789 70.409 125.906 4.023
-396.283 174.189 -55.9787 70.42 126.093 4.03
-396.305 174.191 -56.9784 70.433 126.226 4.036
-396.327 174.193 -57.9782 70.448 126.396 4.044
-396.349 174.195 -58.9779 70.448 126.396 4.044
-396.371 174.197 -59.9777 70.457 126.528 4.049
-396.393 174.199 -60.9774 70.47 126.674 4.055
-396.415 174.201 -61.9772 70.48 126.806 4.061
-396.437 174.203 -62.9769 70.48 126.806 4.061
-396.459 174.205 -63.9767 70.495 126.98 4.075
-396.481 174.207 -64.9765 70.512 127.143 4.085
-396.503 174.209 -65.9762 70.512 127.143 4.085
-396.525 174.211 -66.976 70.512 127.143 4.085
-396.547 174.213 -67.9757 70.512 127.143 4.085
-396.569 174.215 -68.9755 70.512 127.143 4.085
-396.591 174.217 -69.9752 70.512 127.143 4.085
-396.613 174.218 -70.975 70.512 127.143 4.085
-396.635 174.22 -71.9747 70.512 127.143 4.085
-396.657 174.222 -72.9745 70.512 127.143 4.085
-396.679 174.224 -73.9743 70.646 128.773 4.171
-396.701 174.226 -74.974 70.646 128.773 4.171
-396.723 174.228 -75.9738 70.646 128.773 4.171
-396.745 174.23 -76.9735 70.646 128.773 4.171
-396.767 174.232 -77.9733 70.646 128.773 4.171
-396.789 174.234 -78.973 70.646 128.773 4.171
-396.811 174.236 -79.9728 70.646 128.773 4.171
-396.833 174.238 -80.9725 70.646 128.773 4.171
-396.855 174.24 -81.9723 70.665 128.919 4.176
-396.877 174.242 -82.9721 70.683 129.077 4.178
-396.899 174.244 -83.9718 70.683 129.077 4.178
-396.921 174.246 -84.9716 70.689 129.221 4.189
-396.943 174.248 -85.9713 70.701 129.372 4.2
-396.965 174.25 -86.9711 70.701 129.372 4.2
-396.987 174.252 -87.9708 70.701 129.372 4.2
-397.009 174.254 -88.9706 70.701 129.372 4.2
-397.032 174.256 -89.9703 70.701 129.372 4.2
-397.054 174.258 -90.9701 70.701 129.372 4.2
-397.076 174.26 -91.9699 70.701 129.372 4.2
-397.098 174.262 -92.9696 70.701 129.372 4.2
-397.12 174.264 -93.9694 70.701 129.372 4.2
-397.142 174.265 -94.9691 70.701 129.372 4.2
-397.164 174.267 -95.9689 70.701 129.372 4.2
-397.186 174.269 -96.9686 70.701 129.372 4.2
-397.208 174.271 -97.9684 70.701 129.372 4.2
-397.23 174.273 -98.9681 70.701 129.372 4.2
-397.252 174.275 -99.9679 70.701 129.372 4.2
-397.274 174.277 -100.968 70.701 129.372 4.2
-397.296 174.279 -101.967 70.701 129.372 4.2
-397.318 174.281 -102.967 70.701 129.372 4.2
-397.34 174.283 -103.967 70.701 129.372 4.2
-397.362 174.285 -104.967 70.701 129.372 4.2
-397.384 174.287 -105.966 70.701 129.372 4.2
-397.406 174.289 -106.966 70.701 129.372 4.2
-397.428 174.291 -107.966 70.701 129.372 4.2
