1
-725.143 1155.55 -75.3266 -168.394 109.712 -80.392
-724.85 1154.59 -75.3287 -168.394 109.712 -80.392
-724.557 1153.63 -75.3307 -168.394 109.712 -80.392
-724.264 1152.68 -75.3327 -168.394 109.712 -80.392
-723.971 1151.72 -75.3348 -168.394 109.712 -80.392
-723.678 1150.77 -75.3368 -168.394 109.712 -80.392
-723.385 1149.81 -75.3389 -168.394 109.712 -80.392
-723.092 1148.85 -75.3409 -168.394 109.712 -80.392
-722.799 1147.9 -75.3429 -168.394 109.712 -80.392
-722.507 1146.94 -75.345 -168.394 109.712 -80.392
-722.214 1145.99 -75.347 -168.394 109.712 -80.392
-721.921 1145.03 -75.349 -168.394 109.712 -80.392
-721.628 1144.07 -75.3511 -168.394 109.712 -80.392
-721.335 1143.12 -75.3531 -168.394 109.712 -80.392
-721.042 1142.16 -75.3551 -168.394 109.712 -80.392
-720.749 1141.2 -75.3572 -168.394 109.712 -80.392
-720.456 1140.25 -75.3592 -168.394 109.712 -80.392
-720.163 1139.29 -75.3613 -168.43 109.724 -80.429
-719.87 1138.34 -75.3633 -168.436 109.72 -80.427
-719.577 1137.38 -75.3653 -168.439 109.718 -80.425
-719.284 1136.42 -75.3674 -168.438 109.72 -80.426
-718.991 1135.47 -75.3694 -168.438 109.72 -80.426
-718.698 1134.51 -75.3714 -168.435 109.719 -80.412
-718.405 1133.56 -75.3735 -168.432 109.719 -80.405
-718.112 1132.6 -75.3755 -168.436 109.72 -80.416
-717.819 1131.64 -75.3775 -168.44 109.722 -80.432
-717.526 1130.69 -75.3796 -168.44 109.722 -80.432
-717.233 1129.73 -75.3816 -168.443 109.719 -80.429
-716.94 1128.78 -75.3837 -168.446 109.719 -80.437
-716.648 1127.82 -75.3857 -168.446 109.72 -80.44
-716.355 1126.86 -75.3877 -168.442 109.722 -80.437
-716.062 1125.91 -75.3898 -168.44 109.719 -80.42
-715.769 1124.95 -75.3918 -168.441 109.721 -80.423
-715.476 1123.99 -75.3938 -168.441 109.722 -80.432
-715.183 1123.04 -75.3959 -168.441 109.722 -80.432
-714.89 1122.08 -75.3979 -168.444 109.719 -80.426
-714.597 1121.13 -75.3999 -168.446 109.717 -80.425
-714.304 1120.17 -75.402 -168.446 109.717 -80.423
-714.011 1119.21 -75.404 -168.444 109.718 -80.424
-713.718 1118.26 -75.4061 -168.444 109.72 -80.419
-713.425 1117.3 -75.4081 -168.445 109.717 -80.402
-713.132 1116.35 -75.4101 -168.443 109.719 -80.41
-712.839 1115.39 -75.4122 -168.443 109.719 -80.41
-712.546 1114.43 -75.4142 -168.442 109.718 -80.416
-712.253 1113.48 -75.4162 -168.444 109.716 -80.415
-711.96 1112.52 -75.4183 -168.441 109.715 -80.417
-711.667 1111.56 -75.4203 -168.439 109.716 -80.419
-711.374 1110.61 -75.4223 -168.442 109.72 -80.424
-711.082 1109.65 -75.4244 -168.442 109.72 -80.424
-710.789 1108.7 -75.4264 -168.439 109.722 -80.426
-710.496 1107.74 -75.4285 -168.44 109.718 -80.414
-710.203 1106.78 -75.4305 -168.443 109.719 -80.425
-709.91 1105.83 -75.4325 -168.443 109.719 -80.425
-709.617 1104.87 -75.4346 -168.443 109.719 -80.425
-709.324 1103.92 -75.4366 -168.443 109.719 -80.425
-709.031 1102.96 -75.4386 -168.443 109.719 -80.425
-708.738 1102 -75.4407 -168.443 109.719 -80.425
-708.445 1101.05 -75.4427 -168.443 109.719 -80.425
-708.152 1100.09 -75.4447 -168.443 109.719 -80.425
-707.859 1099.14 -75.4468 -168.443 109.719 -80.425
-707.566 1098.18 -75.4488 -168.443 109.719 -80.425
-707.273 1097.22 -75.4509 -168.445 109.713 -80.41
-706.98 1096.27 -75.4529 -168.445 109.713 -80.41
-706.687 1095.31 -75.4549 -168.445 109.713 -80.41
-706.394 1094.35 -75.457 -168.445 109.713 -80.41
-706.101 1093.4 -75.459 -168.445 109.713 -80.41
-705.808 1092.44 -75.461 -168.445 109.713 -80.41
-705.515 1091.49 -75.4631 -168.445 109.713 -80.41
-705.223 1090.53 -75.4651 -168.445 109.713 -80.41
-704.93 1089.57 -75.4671 -168.445 109.713 -80.41
-704.637 1088.62 -75.4692 -168.445 109.713 -80.41
-704.344 1087.66 -75.4712 -168.444 109.716 -80.418
-704.051 1086.71 -75.4732 -168.445 109.718 -80.424
-703.758 1085.75 -75.4753 -168.444 109.718 -80.425
-703.465 1084.79 -75.4773 -168.443 109.718 -80.429
-703.172 1083.84 -75.4794 -168.443 109.718 -80.43
-702.879 1082.88 -75.4814 -168.443 109.718 -80.43
-702.586 1081.92 -75.4834 -168.445 109.717 -80.433
-702.293 1080.97 -75.4855 -168.441 109.716 -80.424
-702 1080.01 -75.4875 -168.441 109.716 -80.424
-701.707 1079.06 -75.4895 -168.442 109.716 -80.427
-701.414 1078.1 -75.4916 -168.444 109.718 -80.432
-701.121 1077.14 -75.4936 -168.443 109.717 -80.431
-700.828 1076.19 -75.4956 -168.444 109.716 -80.428
-700.535 1075.23 -75.4977 -168.447 109.715 -80.424
-700.242 1074.28 -75.4997 -168.447 109.714 -80.424
-699.949 1073.32 -75.5018 -168.446 109.713 -80.423
-699.656 1072.36 -75.5038 -168.445 109.712 -80.411
-699.364 1071.41 -75.5058 -168.445 109.712 -80.411
-699.071 1070.45 -75.5079 -168.447 109.712 -80.411
-698.778 1069.5 -75.5099 -168.445 109.714 -80.418
-698.485 1068.54 -75.5119 -168.445 109.714 -80.418
-698.192 1067.58 -75.514 -168.444 109.715 -80.421
-697.899 1066.63 -75.516 -168.446 109.712 -80.418
-697.606 1065.67 -75.518 -168.445 109.713 -80.419
-697.313 1064.71 -75.5201 -168.445 109.713 -80.419
-697.02 1063.76 -75.5221 -168.443 109.716 -80.424
-696.727 1062.8 -75.5242 -168.446 109.716 -80.422
-696.434 1061.85 -75.5262 -168.448 109.715 -80.416
-696.141 1060.89 -75.5282 -168.447 109.715 -80.419
-695.848 1059.93 -75.5303 -168.448 109.715 -80.425
-695.555 1058.98 -75.5323 -168.448 109.716 -80.43
-695.262 1058.02 -75.5343 -168.448 109.716 -80.43
-694.969 1057.07 -75.5364 -168.446 109.716 -80.432
-694.676 1056.11 -75.5384 -168.442 109.717 -80.431
-694.383 1055.15 -75.5404 -168.441 109.718 -80.429
-694.09 1054.2 -75.5425 -168.442 109.718 -80.43
-693.797 1053.24 -75.5445 -168.443 109.715 -80.422
-693.505 1052.28 -75.5466 -168.443 109.715 -80.422
-693.212 1051.33 -75.5486 -168.442 109.714 -80.42
-692.919 1050.37 -75.5506 -168.445 109.713 -80.419
-692.626 1049.42 -75.5527 -168.445 109.715 -80.426
-692.333 1048.46 -75.5547 -168.445 109.715 -80.426
-692.04 1047.5 -75.5567 -168.443 109.715 -80.421
-691.747 1046.55 -75.5588 -168.444 109.715 -80.417
-691.454 1045.59 -75.5608 -168.447 109.715 -80.417
-691.161 1044.64 -75.5628 -168.446 109.715 -80.419
-690.868 1043.68 -75.5649 -168.445 109.713 -80.418
-690.575 1042.72 -75.5669 -168.448 109.71 -80.406
-690.282 1041.77 -75.569 -168.448 109.71 -80.406
-689.989 1040.81 -75.571 -168.447 109.712 -80.414
-689.696 1039.86 -75.573 -168.444 109.714 -80.42
-689.403 1038.9 -75.5751 -168.443 109.714 -80.42
-689.11 1037.94 -75.5771 -168.443 109.714 -80.42
-688.817 1036.99 -75.5791 -168.444 109.715 -80.422
-688.524 1036.03 -75.5812 -168.445 109.715 -80.425
-688.231 1035.07 -75.5832 -168.445 109.716 -80.43
-687.939 1034.12 -75.5852 -168.447 109.715 -80.427
-687.646 1033.16 -75.5873 -168.448 109.712 -80.418
-687.353 1032.21 -75.5893 -168.445 109.715 -80.431
-687.06 1031.25 -75.5913 -168.445 109.715 -80.431
-686.767 1030.29 -75.5934 -168.443 109.717 -80.436
-686.474 1029.34 -75.5954 -168.443 109.717 -80.431
-686.181 1028.38 -75.5975 -168.443 109.717 -80.43
-685.888 1027.43 -75.5995 -168.441 109.715 -80.429
-685.595 1026.47 -75.6015 -168.441 109.715 -80.429
-685.302 1025.51 -75.6036 -168.441 109.713 -80.425
-685.009 1024.56 -75.6056 -168.444 109.713 -80.425
-684.716 1023.6 -75.6076 -168.444 109.711 -80.421
-684.423 1022.65 -75.6097 -168.443 109.711 -80.41
-684.13 1021.69 -75.6117 -168.443 109.711 -80.41
-683.837 1020.73 -75.6137 -168.444 109.712 -80.414
-683.544 1019.78 -75.6158 -168.446 109.714 -80.424
-683.251 1018.82 -75.6178 -168.445 109.713 -80.419
-682.958 1017.86 -75.6199 -168.444 109.712 -80.417
-682.665 1016.91 -75.6219 -168.444 109.712 -80.417
-682.372 1015.95 -75.6239 -168.444 109.712 -80.417
-682.08 1015 -75.626 -168.444 109.712 -80.417
-681.787 1014.04 -75.628 -168.444 109.712 -80.417
-681.494 1013.08 -75.63 -168.444 109.712 -80.417
-681.201 1012.13 -75.6321 -168.444 109.712 -80.417
-680.908 1011.17 -75.6341 -168.444 109.712 -80.417
-680.615 1010.22 -75.6361 -168.444 109.712 -80.417
-680.322 1009.26 -75.6382 -168.444 109.712 -80.417
-680.029 1008.3 -75.6402 -168.44 109.715 -80.43
-679.736 1007.35 -75.6423 -168.44 109.715 -80.43
-679.443 1006.39 -75.6443 -168.44 109.715 -80.43
-679.15 1005.43 -75.6463 -168.44 109.715 -80.43
-678.857 1004.48 -75.6484 -168.44 109.715 -80.43
-678.564 1003.52 -75.6504 -168.44 109.715 -80.43
-678.271 1002.57 -75.6524 -168.44 109.715 -80.43
-677.978 1001.61 -75.6545 -168.44 109.715 -80.43
-677.685 1000.65 -75.6565 -168.44 109.715 -80.43
-677.392 999.698 -75.6585 -168.44 109.715 -80.43
-677.099 998.742 -75.6606 -168.44 109.715 -80.43
-676.806 997.786 -75.6626 -168.442 109.714 -80.426
-676.513 996.83 -75.6647 -168.442 109.714 -80.425
-676.221 995.874 -75.6667 -168.441 109.714 -80.422
-675.928 994.917 -75.6687 -168.442 109.714 -80.421
-675.635 993.961 -75.6708 -168.442 109.714 -80.421
-675.342 993.005 -75.6728 -168.444 109.713 -80.421
-675.049 992.049 -75.6748 -168.445 109.711 -80.41
-674.756 991.093 -75.6769 -168.443 109.711 -80.415
-674.463 990.137 -75.6789 -168.442 109.713 -80.421
-674.17 989.181 -75.6809 -168.442 109.714 -80.424
-673.877 988.225 -75.683 -168.441 109.714 -80.422
-673.584 987.268 -75.685 -168.441 109.714 -80.422
-673.291 986.312 -75.6871 -168.441 109.713 -80.422
-672.998 985.356 -75.6891 -168.442 109.714 -80.424
-672.705 984.4 -75.6911 -168.443 109.715 -80.426
-672.412 983.444 -75.6932 -168.444 109.715 -80.428
-672.119 982.488 -75.6952 -168.444 109.715 -80.428
-671.826 981.532 -75.6972 -168.445 109.712 -80.419
-671.533 980.576 -75.6993 -168.443 109.714 -80.424
-671.24 979.619 -75.7013 -168.442 109.716 -80.434
-670.947 978.663 -75.7033 -168.44 109.716 -80.436
-670.654 977.707 -75.7054 -168.439 109.715 -80.435
-670.362 976.751 -75.7074 -168.439 109.715 -80.435
-670.069 975.795 -75.7094 -168.439 109.715 -80.431
-669.776 974.839 -75.7115 -168.441 109.715 -80.433
-669.483 973.883 -75.7135 -168.442 109.715 -80.433
-669.19 972.927 -75.7156 -168.443 109.713 -80.427
-668.897 971.97 -75.7176 -168.443 109.713 -80.427
-668.604 971.014 -75.7196 -168.446 109.71 -80.419
-668.311 970.058 -75.7217 -168.446 109.712 -80.424
-668.018 969.102 -75.7237 -168.446 109.712 -80.423
-667.725 968.146 -75.7257 -168.445 109.71 -80.419
-667.432 967.19 -75.7278 -168.446 109.71 -80.421
-667.139 966.234 -75.7298 -168.446 109.71 -80.421
-666.846 965.278 -75.7318 -168.445 109.71 -80.418
-666.553 964.321 -75.7339 -168.444 109.708 -80.419
-666.26 963.365 -75.7359 -168.444 109.708 -80.419
-665.967 962.409 -75.738 -168.443 109.704 -80.419
-665.674 961.453 -75.74 -168.443 109.704 -80.419
-665.381 960.497 -75.742 -168.443 109.704 -80.419
-665.088 959.541 -75.7441 -168.443 109.704 -80.419
-664.795 958.585 -75.7461 -168.443 109.704 -80.419
-664.503 957.629 -75.7481 -168.443 109.704 -80.419
-664.21 956.672 -75.7502 -168.443 109.704 -80.419
-663.917 955.716 -75.7522 -168.443 109.704 -80.419
-663.624 954.76 -75.7542 -168.443 109.704 -80.419
-663.331 953.804 -75.7563 -168.443 109.704 -80.419
-663.038 952.848 -75.7583 -168.443 109.704 -80.419
-662.745 951.892 -75.7604 -168.443 109.704 -80.419
-662.452 950.936 -75.7624 -168.443 109.704 -80.419
-662.159 949.98 -75.7644 -168.443 109.704 -80.419
-661.866 949.023 -75.7665 -168.443 109.704 -80.419
-661.573 948.067 -75.7685 -168.443 109.704 -80.419
-661.28 947.111 -75.7705 -168.443 109.704 -80.419
-660.987 946.155 -75.7726 -168.443 109.704 -80.419
-660.694 945.199 -75.7746 -168.443 109.704 -80.419
-660.401 944.243 -75.7766 -168.443 109.704 -80.419
-660.108 943.287 -75.7787 -168.443 109.704 -80.419
-659.815 942.33 -75.7807 -168.443 109.704 -80.419
-659.522 941.374 -75.7828 -168.443 109.704 -80.419
-659.229 940.418 -75.7848 -168.443 109.704 -80.419
-658.937 939.462 -75.7868 -168.443 109.704 -80.419
-658.644 938.506 -75.7889 -168.443 109.704 -80.419
-658.351 937.55 -75.7909 -168.443 109.704 -80.419
-658.058 936.594 -75.7929 -168.443 109.704 -80.419
-657.765 935.638 -75.795 -168.443 109.704 -80.419
2
-725.21 1155.81 -75.2813 -168.393 109.714 -80.395
-724.917 1154.86 -75.2834 -168.393 109.714 -80.395
-724.624 1153.9 -75.2855 -168.393 109.714 -80.395
-724.331 1152.95 -75.2876 -168.393 109.714 -80.395
-724.038 1151.99 -75.2897 -168.393 109.714 -80.395
-723.745 1151.03 -75.2918 -168.393 109.714 -80.395
-723.452 1150.08 -75.2939 -168.393 109.714 -80.395
-723.159 1149.12 -75.296 -168.393 109.714 -80.395
-722.866 1148.17 -75.2981 -168.393 109.714 -80.395
-722.573 1147.21 -75.3002 -168.393 109.714 -80.395
-722.28 1146.25 -75.3023 -168.393 109.714 -80.395
-721.987 1145.3 -75.3044 -168.393 109.714 -80.395
-721.694 1144.34 -75.3065 -168.393 109.714 -80.395
-721.401 1143.38 -75.3086 -168.393 109.714 -80.395
-721.108 1142.43 -75.3107 -168.393 109.714 -80.395
-720.815 1141.47 -75.3128 -168.393 109.714 -80.395
-720.522 1140.52 -75.3149 -168.393 109.714 -80.395
-720.229 1139.56 -75.317 -168.43 109.723 -80.43
-719.936 1138.6 -75.3191 -168.436 109.72 -80.428
-719.643 1137.65 -75.3211 -168.439 109.719 -80.428
-719.35 1136.69 -75.3232 -168.439 109.719 -80.428
-719.057 1135.74 -75.3253 -168.438 109.72 -80.429
-718.764 1134.78 -75.3274 -168.437 109.722 -80.427
-718.471 1133.82 -75.3295 -168.433 109.718 -80.403
-718.178 1132.87 -75.3316 -168.434 109.72 -80.414
-717.885 1131.91 -75.3337 -168.439 109.72 -80.425
-717.592 1130.96 -75.3358 -168.443 109.718 -80.426
-717.299 1130 -75.3379 -168.444 109.717 -80.428
-717.006 1129.04 -75.34 -168.444 109.717 -80.428
-716.713 1128.09 -75.3421 -168.446 109.717 -80.43
-716.42 1127.13 -75.3442 -168.444 109.72 -80.433
-716.127 1126.17 -75.3463 -168.441 109.718 -80.419
-715.834 1125.22 -75.3484 -168.442 109.718 -80.414
-715.541 1124.26 -75.3505 -168.442 109.719 -80.42
-715.248 1123.31 -75.3526 -168.442 109.719 -80.42
-714.955 1122.35 -75.3547 -168.443 109.72 -80.428
-714.662 1121.39 -75.3568 -168.446 109.717 -80.423
-714.369 1120.44 -75.3589 -168.447 109.716 -80.424
-714.076 1119.48 -75.361 -168.445 109.718 -80.426
-713.783 1118.53 -75.3631 -168.443 109.72 -80.426
-713.49 1117.57 -75.3652 -168.445 109.718 -80.409
-713.197 1116.61 -75.3673 -168.445 109.718 -80.409
-712.904 1115.66 -75.3694 -168.443 109.72 -80.415
-712.611 1114.7 -75.3715 -168.442 109.718 -80.42
-712.318 1113.75 -75.3736 -168.444 109.716 -80.42
-712.025 1112.79 -75.3757 -168.443 109.715 -80.422
-711.732 1111.83 -75.3778 -168.44 109.716 -80.422
-711.439 1110.88 -75.3799 -168.441 109.719 -80.425
-711.146 1109.92 -75.382 -168.441 109.719 -80.425
-710.853 1108.96 -75.3841 -168.44 109.722 -80.426
-710.56 1108.01 -75.3862 -168.44 109.718 -80.413
-710.267 1107.05 -75.3883 -168.442 109.718 -80.419
-709.974 1106.1 -75.3904 -168.442 109.718 -80.419
-709.681 1105.14 -75.3925 -168.442 109.718 -80.419
-709.388 1104.18 -75.3946 -168.442 109.718 -80.419
-709.095 1103.23 -75.3967 -168.442 109.718 -80.419
-708.802 1102.27 -75.3988 -168.442 109.718 -80.419
-708.509 1101.32 -75.4009 -168.442 109.718 -80.419
-708.216 1100.36 -75.403 -168.442 109.718 -80.419
-707.923 1099.4 -75.4051 -168.442 109.718 -80.419
-707.63 1098.45 -75.4072 -168.442 109.718 -80.419
-707.337 1097.49 -75.4093 -168.445 109.714 -80.414
-707.044 1096.54 -75.4114 -168.445 109.714 -80.414
-706.751 1095.58 -75.4135 -168.445 109.714 -80.414
-706.458 1094.62 -75.4156 -168.445 109.714 -80.414
-706.165 1093.67 -75.4177 -168.445 109.714 -80.414
-705.872 1092.71 -75.4198 -168.445 109.714 -80.414
-705.579 1091.75 -75.4219 -168.445 109.714 -80.414
-705.286 1090.8 -75.424 -168.445 109.714 -80.414
-704.993 1089.84 -75.4261 -168.445 109.714 -80.414
-704.7 1088.89 -75.4282 -168.445 109.714 -80.414
-704.407 1087.93 -75.4302 -168.444 109.716 -80.418
-704.114 1086.97 -75.4323 -168.444 109.718 -80.426
-703.821 1086.02 -75.4344 -168.444 109.718 -80.424
-703.528 1085.06 -75.4365 -168.444 109.718 -80.424
-703.235 1084.11 -75.4386 -168.443 109.719 -80.426
-702.942 1083.15 -75.4407 -168.443 109.717 -80.424
-702.649 1082.19 -75.4428 -168.445 109.716 -80.426
-702.356 1081.24 -75.4449 -168.444 109.715 -80.426
-702.063 1080.28 -75.447 -168.442 109.713 -80.418
-701.77 1079.33 -75.4491 -168.442 109.714 -80.419
-701.477 1078.37 -75.4512 -168.444 109.718 -80.427
-701.184 1077.41 -75.4533 -168.443 109.717 -80.426
-700.891 1076.46 -75.4554 -168.444 109.716 -80.423
-700.598 1075.5 -75.4575 -168.447 109.714 -80.421
-700.305 1074.55 -75.4596 -168.447 109.714 -80.421
-700.012 1073.59 -75.4617 -168.448 109.713 -80.424
-699.719 1072.63 -75.4638 -168.446 109.713 -80.424
-699.426 1071.68 -75.4659 -168.445 109.712 -80.413
-699.133 1070.72 -75.468 -168.446 109.714 -80.416
-698.84 1069.76 -75.4701 -168.445 109.715 -80.418
-698.547 1068.81 -75.4722 -168.445 109.715 -80.418
-698.254 1067.85 -75.4743 -168.443 109.718 -80.429
-697.961 1066.9 -75.4764 -168.444 109.715 -80.422
-697.668 1065.94 -75.4785 -168.446 109.713 -80.424
-697.375 1064.98 -75.4806 -168.445 109.714 -80.424
-697.082 1064.03 -75.4827 -168.443 109.716 -80.427
-696.789 1063.07 -75.4848 -168.444 109.717 -80.423
-696.496 1062.12 -75.4869 -168.446 109.716 -80.416
-696.203 1061.16 -75.489 -168.446 109.716 -80.416
-695.91 1060.2 -75.4911 -168.446 109.715 -80.418
-695.617 1059.25 -75.4932 -168.448 109.714 -80.425
-695.324 1058.29 -75.4953 -168.448 109.714 -80.425
-695.031 1057.34 -75.4974 -168.447 109.714 -80.425
-694.738 1056.38 -75.4995 -168.443 109.716 -80.426
-694.445 1055.42 -75.5016 -168.442 109.718 -80.426
-694.152 1054.47 -75.5037 -168.442 109.718 -80.425
-693.859 1053.51 -75.5058 -168.442 109.718 -80.425
-693.566 1052.55 -75.5079 -168.442 109.716 -80.421
-693.273 1051.6 -75.51 -168.442 109.714 -80.415
-692.98 1050.64 -75.5121 -168.444 109.713 -80.417
-692.687 1049.69 -75.5142 -168.446 109.714 -80.425
-692.394 1048.73 -75.5163 -168.446 109.714 -80.425
-692.101 1047.77 -75.5184 -168.445 109.715 -80.423
-691.808 1046.82 -75.5205 -168.443 109.716 -80.421
-691.515 1045.86 -75.5226 -168.446 109.716 -80.42
-691.222 1044.91 -75.5247 -168.446 109.717 -80.424
-690.929 1043.95 -75.5268 -168.445 109.716 -80.424
-690.636 1042.99 -75.5289 -168.447 109.713 -80.416
-690.343 1042.04 -75.531 -168.447 109.712 -80.418
-690.05 1041.08 -75.5331 -168.446 109.713 -80.422
-689.757 1040.13 -75.5352 -168.444 109.715 -80.427
-689.464 1039.17 -75.5372 -168.444 109.715 -80.427
-689.171 1038.21 -75.5393 -168.443 109.716 -80.425
-688.878 1037.26 -75.5414 -168.443 109.717 -80.424
-688.585 1036.3 -75.5435 -168.444 109.717 -80.424
-688.292 1035.34 -75.5456 -168.445 109.716 -80.427
-687.999 1034.39 -75.5477 -168.447 109.714 -80.425
-687.706 1033.43 -75.5498 -168.447 109.714 -80.425
-687.413 1032.48 -75.5519 -168.448 109.712 -80.415
-687.12 1031.52 -75.554 -168.445 109.714 -80.426
-686.827 1030.56 -75.5561 -168.442 109.717 -80.429
-686.534 1029.61 -75.5582 -168.442 109.717 -80.429
-686.241 1028.65 -75.5603 -168.442 109.717 -80.425
-685.948 1027.7 -75.5624 -168.442 109.717 -80.425
-685.655 1026.74 -75.5645 -168.441 109.714 -80.423
-685.362 1025.78 -75.5666 -168.443 109.713 -80.422
-685.069 1024.83 -75.5687 -168.443 109.713 -80.422
-684.776 1023.87 -75.5708 -168.445 109.712 -80.425
-684.483 1022.92 -75.5729 -168.445 109.71 -80.413
-684.19 1021.96 -75.575 -168.442 109.712 -80.414
-683.897 1021 -75.5771 -168.443 109.714 -80.418
-683.604 1020.05 -75.5792 -168.444 109.716 -80.427
-683.311 1019.09 -75.5813 -168.444 109.715 -80.423
-683.018 1018.13 -75.5834 -168.444 109.715 -80.423
-682.725 1017.18 -75.5855 -168.443 109.714 -80.424
-682.432 1016.22 -75.5876 -168.443 109.714 -80.424
-682.139 1015.27 -75.5897 -168.443 109.714 -80.424
-681.846 1014.31 -75.5918 -168.443 109.714 -80.424
-681.553 1013.35 -75.5939 -168.443 109.714 -80.424
-681.26 1012.4 -75.596 -168.443 109.714 -80.424
-680.967 1011.44 -75.5981 -168.443 109.714 -80.424
-680.674 1010.49 -75.6002 -168.443 109.714 -80.424
-680.381 1009.53 -75.6023 -168.443 109.714 -80.424
-680.088 1008.57 -75.6044 -168.443 109.714 -80.424
-679.795 1007.62 -75.6065 -168.44 109.714 -80.429
-679.502 1006.66 -75.6086 -168.44 109.714 -80.429
-679.209 1005.71 -75.6107 -168.44 109.714 -80.429
-678.916 1004.75 -75.6128 -168.44 109.714 -80.429
-678.623 1003.79 -75.6149 -168.44 109.714 -80.429
-678.33 1002.84 -75.617 -168.44 109.714 -80.429
-678.037 1001.88 -75.6191 -168.44 109.714 -80.429
-677.744 1000.92 -75.6212 -168.44 109.714 -80.429
-677.451 999.968 -75.6233 -168.44 109.714 -80.429
-677.158 999.012 -75.6254 -168.44 109.714 -80.429
-676.865 998.056 -75.6275 -168.442 109.713 -80.426
-676.572 997.1 -75.6296 -168.442 109.714 -80.424
-676.279 996.144 -75.6317 -168.442 109.715 -80.423
-675.986 995.188 -75.6338 -168.442 109.715 -80.424
-675.693 994.232 -75.6359 -168.442 109.715 -80.424
-675.4 993.276 -75.638 -168.444 109.714 -80.424
-675.107 992.32 -75.6401 -168.445 109.713 -80.415
-674.814 991.363 -75.6422 -168.444 109.712 -80.42
-674.521 990.407 -75.6442 -168.442 109.713 -80.423
-674.228 989.451 -75.6463 -168.442 109.715 -80.43
-673.935 988.495 -75.6484 -168.442 109.715 -80.426
-673.642 987.539 -75.6505 -168.442 109.715 -80.426
-673.349 986.583 -75.6526 -168.44 109.714 -80.423
-673.056 985.627 -75.6547 -168.441 109.715 -80.426
-672.763 984.671 -75.6568 -168.443 109.716 -80.426
-672.47 983.715 -75.6589 -168.444 109.715 -80.425
-672.177 982.758 -75.661 -168.445 109.713 -80.42
-671.884 981.802 -75.6631 -168.444 109.713 -80.419
-671.591 980.846 -75.6652 -168.443 109.713 -80.422
-671.298 979.89 -75.6673 -168.441 109.715 -80.43
-671.005 978.934 -75.6694 -168.441 109.715 -80.43
-670.712 977.978 -75.6715 -168.441 109.715 -80.43
-670.419 977.022 -75.6736 -168.44 109.715 -80.426
-670.126 976.066 -75.6757 -168.44 109.714 -80.424
-669.833 975.11 -75.6778 -168.442 109.715 -80.428
-669.54 974.153 -75.6799 -168.443 109.714 -80.43
-669.247 973.197 -75.682 -168.443 109.714 -80.43
-668.954 972.241 -75.6841 -168.444 109.711 -80.421
-668.661 971.285 -75.6862 -168.446 109.71 -80.418
-668.368 970.329 -75.6883 -168.446 109.71 -80.418
-668.075 969.373 -75.6904 -168.446 109.712 -80.423
-667.782 968.417 -75.6925 -168.446 109.712 -80.424
-667.489 967.461 -75.6946 -168.445 109.711 -80.422
-667.196 966.505 -75.6967 -168.445 109.712 -80.424
-666.903 965.549 -75.6988 -168.445 109.712 -80.424
-666.61 964.592 -75.7009 -168.444 109.71 -80.423
-666.317 963.636 -75.703 -168.444 109.71 -80.423
-666.023 962.68 -75.7051 -168.443 109.707 -80.423
-665.73 961.724 -75.7072 -168.443 109.707 -80.423
-665.437 960.768 -75.7093 -168.443 109.707 -80.423
-665.144 959.812 -75.7114 -168.443 109.707 -80.423
-664.851 958.856 -75.7135 -168.443 109.707 -80.423
-664.558 957.9 -75.7156 -168.443 109.707 -80.423
-664.265 956.944 -75.7177 -168.443 109.707 -80.423
-663.972 955.987 -75.7198 -168.443 109.707 -80.423
-663.679 955.031 -75.7219 -168.443 109.707 -80.423
-663.386 954.075 -75.724 -168.443 109.707 -80.423
-663.093 953.119 -75.7261 -168.443 109.707 -80.423
-662.8 952.163 -75.7282 -168.443 109.707 -80.423
-662.507 951.207 -75.7303 -168.443 109.707 -80.423
-662.214 950.251 -75.7324 -168.443 109.707 -80.423
-661.921 949.295 -75.7345 -168.443 109.707 -80.423
-661.628 948.339 -75.7366 -168.443 109.707 -80.423
-661.335 947.382 -75.7387 -168.443 109.707 -80.423
-661.042 946.426 -75.7408 -168.443 109.707 -80.423
-660.749 945.47 -75.7429 -168.443 109.707 -80.423
-660.456 944.514 -75.745 -168.443 109.707 -80.423
-660.163 943.558 -75.7471 -168.443 109.707 -80.423
-659.87 942.602 -75.7492 -168.443 109.707 -80.423
-659.577 941.646 -75.7513 -168.443 109.707 -80.423
-659.284 940.69 -75.7533 -168.443 109.707 -80.423
-658.991 939.734 -75.7554 -168.443 109.707 -80.423
-658.698 938.777 -75.7575 -168.443 109.707 -80.423
-658.405 937.821 -75.7596 -168.443 109.707 -80.423
-658.112 936.865 -75.7617 -168.443 109.707 -80.423
-657.819 935.909 -75.7638 -168.443 109.707 -80.423
3
-723.701 1154.96 -75.2878 -168.394 109.714 -80.394
-723.411 1154 -75.2899 -168.394 109.714 -80.394
-723.12 1153.04 -75.2919 -168.394 109.714 -80.394
-722.83 1152.09 -75.294 -168.394 109.714 -80.394
-722.54 1151.13 -75.2961 -168.394 109.714 -80.394
-722.25 1150.17 -75.2981 -168.394 109.714 -80.394
-721.96 1149.22 -75.3002 -168.394 109.714 -80.394
-721.67 1148.26 -75.3022 -168.394 109.714 -80.394
-721.379 1147.3 -75.3043 -168.394 109.714 -80.394
-721.089 1146.35 -75.3063 -168.394 109.714 -80.394
-720.799 1145.39 -75.3084 -168.394 109.714 -80.394
-720.509 1144.43 -75.3105 -168.394 109.714 -80.394
-720.219 1143.48 -75.3125 -168.394 109.714 -80.394
-719.929 1142.52 -75.3146 -168.394 109.714 -80.394
-719.638 1141.56 -75.3166 -168.394 109.714 -80.394
-719.348 1140.6 -75.3187 -168.394 109.714 -80.394
-719.058 1139.65 -75.3207 -168.427 109.724 -80.43
-718.768 1138.69 -75.3228 -168.427 109.724 -80.43
-718.478 1137.73 -75.3249 -168.438 109.718 -80.426
-718.187 1136.78 -75.3269 -168.438 109.718 -80.426
-717.897 1135.82 -75.329 -168.439 109.718 -80.429
-717.607 1134.86 -75.331 -168.437 109.718 -80.415
-717.317 1133.91 -75.3331 -168.433 109.718 -80.404
-717.027 1132.95 -75.3351 -168.433 109.721 -80.415
-716.737 1131.99 -75.3372 -168.435 109.723 -80.425
-716.446 1131.03 -75.3393 -168.435 109.723 -80.425
-716.156 1130.08 -75.3413 -168.439 109.72 -80.422
-715.866 1129.12 -75.3434 -168.442 109.719 -80.43
-715.576 1128.16 -75.3454 -168.445 109.717 -80.434
-715.286 1127.21 -75.3475 -168.442 109.717 -80.432
-714.996 1126.25 -75.3495 -168.442 109.717 -80.432
-714.705 1125.29 -75.3516 -168.443 109.717 -80.419
-714.415 1124.34 -75.3537 -168.442 109.72 -80.425
-714.125 1123.38 -75.3557 -168.441 109.723 -80.429
-713.835 1122.42 -75.3578 -168.441 109.723 -80.429
-713.545 1121.46 -75.3598 -168.442 109.721 -80.424
-713.255 1120.51 -75.3619 -168.444 109.719 -80.423
-712.964 1119.55 -75.3639 -168.443 109.718 -80.425
-712.674 1118.59 -75.366 -168.443 109.717 -80.425
-712.384 1117.64 -75.3681 -168.446 109.715 -80.41
-712.094 1116.68 -75.3701 -168.446 109.715 -80.41
-711.804 1115.72 -75.3722 -168.445 109.718 -80.415
-711.513 1114.77 -75.3742 -168.445 109.718 -80.415
-711.223 1113.81 -75.3763 -168.444 109.718 -80.419
-710.933 1112.85 -75.3783 -168.443 109.718 -80.417
-710.643 1111.89 -75.3804 -168.439 109.717 -80.417
-710.353 1110.94 -75.3825 -168.439 109.716 -80.419
-710.063 1109.98 -75.3845 -168.441 109.718 -80.423
-709.772 1109.02 -75.3866 -168.441 109.718 -80.423
-709.482 1108.07 -75.3886 -168.442 109.716 -80.411
-709.192 1107.11 -75.3907 -168.444 109.716 -80.415
-708.902 1106.15 -75.3927 -168.445 109.719 -80.427
-708.612 1105.2 -75.3948 -168.445 109.719 -80.427
-708.322 1104.24 -75.3969 -168.445 109.719 -80.427
-708.031 1103.28 -75.3989 -168.445 109.719 -80.427
-707.741 1102.33 -75.401 -168.445 109.719 -80.427
-707.451 1101.37 -75.403 -168.445 109.719 -80.427
-707.161 1100.41 -75.4051 -168.445 109.719 -80.427
-706.871 1099.45 -75.4071 -168.445 109.719 -80.427
-706.581 1098.5 -75.4092 -168.445 109.719 -80.427
-706.29 1097.54 -75.4113 -168.445 109.719 -80.427
-706 1096.58 -75.4133 -168.443 109.715 -80.415
-705.71 1095.63 -75.4154 -168.443 109.715 -80.415
-705.42 1094.67 -75.4174 -168.443 109.715 -80.415
-705.13 1093.71 -75.4195 -168.443 109.715 -80.415
-704.839 1092.76 -75.4215 -168.443 109.715 -80.415
-704.549 1091.8 -75.4236 -168.443 109.715 -80.415
-704.259 1090.84 -75.4257 -168.443 109.715 -80.415
-703.969 1089.88 -75.4277 -168.443 109.715 -80.415
-703.679 1088.93 -75.4298 -168.443 109.715 -80.415
-703.389 1087.97 -75.4318 -168.443 109.715 -80.415
-703.098 1087.01 -75.4339 -168.444 109.717 -80.423
-702.808 1086.06 -75.4359 -168.444 109.718 -80.421
-702.518 1085.1 -75.438 -168.444 109.719 -80.427
-702.228 1084.14 -75.4401 -168.444 109.719 -80.427
-701.938 1083.19 -75.4421 -168.443 109.718 -80.428
-701.648 1082.23 -75.4442 -168.444 109.717 -80.43
-701.357 1081.27 -75.4462 -168.443 109.715 -80.422
-701.067 1080.31 -75.4483 -168.443 109.715 -80.422
-700.777 1079.36 -75.4503 -168.441 109.714 -80.421
-700.487 1078.4 -75.4524 -168.442 109.716 -80.427
-700.197 1077.44 -75.4545 -168.444 109.718 -80.433
-699.906 1076.49 -75.4565 -168.443 109.718 -80.428
-699.616 1075.53 -75.4586 -168.444 109.718 -80.427
-699.326 1074.57 -75.4606 -168.447 109.716 -80.425
-699.036 1073.62 -75.4627 -168.447 109.715 -80.428
-698.746 1072.66 -75.4647 -168.446 109.714 -80.424
-698.456 1071.7 -75.4668 -168.446 109.712 -80.412
-698.165 1070.75 -75.4689 -168.446 109.712 -80.412
-697.875 1069.79 -75.4709 -168.446 109.714 -80.417
-697.585 1068.83 -75.473 -168.446 109.717 -80.425
-697.295 1067.87 -75.475 -168.445 109.717 -80.423
-697.005 1066.92 -75.4771 -168.445 109.717 -80.423
-696.715 1065.96 -75.4791 -168.445 109.715 -80.422
-696.424 1065 -75.4812 -168.444 109.714 -80.423
-696.134 1064.05 -75.4833 -168.443 109.714 -80.423
-695.844 1063.09 -75.4853 -168.443 109.714 -80.423
-695.554 1062.13 -75.4874 -168.445 109.715 -80.419
-695.264 1061.18 -75.4894 -168.447 109.715 -80.415
-694.974 1060.22 -75.4915 -168.447 109.715 -80.419
-694.683 1059.26 -75.4935 -168.447 109.716 -80.427
-694.393 1058.3 -75.4956 -168.447 109.714 -80.425
-694.103 1057.35 -75.4977 -168.447 109.714 -80.425
-693.813 1056.39 -75.4997 -168.443 109.715 -80.429
-693.523 1055.43 -75.5018 -168.44 109.716 -80.43
-693.232 1054.48 -75.5038 -168.441 109.716 -80.428
-692.942 1053.52 -75.5059 -168.441 109.716 -80.428
-692.652 1052.56 -75.5079 -168.442 109.715 -80.419
-692.362 1051.61 -75.51 -168.442 109.714 -80.42
-692.072 1050.65 -75.5121 -168.442 109.714 -80.42
-691.782 1049.69 -75.5141 -168.445 109.714 -80.424
-691.491 1048.73 -75.5162 -168.444 109.713 -80.425
-691.201 1047.78 -75.5182 -168.443 109.713 -80.423
-690.911 1046.82 -75.5203 -168.444 109.714 -80.422
-690.621 1045.86 -75.5223 -168.444 109.714 -80.422
-690.331 1044.91 -75.5244 -168.446 109.716 -80.424
-690.041 1043.95 -75.5265 -168.445 109.715 -80.422
-689.75 1042.99 -75.5285 -168.446 109.711 -80.411
-689.46 1042.04 -75.5306 -168.447 109.711 -80.412
-689.17 1041.08 -75.5326 -168.445 109.712 -80.419
-688.88 1040.12 -75.5347 -168.445 109.712 -80.419
-688.59 1039.17 -75.5367 -168.443 109.712 -80.421
-688.3 1038.21 -75.5388 -168.442 109.713 -80.421
-688.009 1037.25 -75.5409 -168.444 109.715 -80.421
-687.719 1036.29 -75.5429 -168.445 109.716 -80.427
-687.429 1035.34 -75.545 -168.445 109.716 -80.427
-687.139 1034.38 -75.547 -168.444 109.716 -80.428
-686.849 1033.42 -75.5491 -168.447 109.712 -80.416
-686.558 1032.47 -75.5511 -168.447 109.712 -80.416
-686.268 1031.51 -75.5532 -168.447 109.714 -80.426
-685.978 1030.55 -75.5552 -168.444 109.716 -80.433
-685.688 1029.6 -75.5573 -168.442 109.716 -80.432
-685.398 1028.64 -75.5594 -168.443 109.718 -80.433
-685.108 1027.68 -75.5614 -168.441 109.717 -80.43
-684.817 1026.72 -75.5635 -168.441 109.717 -80.43
-684.527 1025.77 -75.5655 -168.441 109.716 -80.425
-684.237 1024.81 -75.5676 -168.443 109.714 -80.426
-683.947 1023.85 -75.5696 -168.445 109.713 -80.422
-683.657 1022.9 -75.5717 -168.444 109.71 -80.412
-683.367 1021.94 -75.5738 -168.444 109.71 -80.412
-683.076 1020.98 -75.5758 -168.444 109.712 -80.419
-682.786 1020.03 -75.5779 -168.446 109.715 -80.422
-682.496 1019.07 -75.5799 -168.446 109.715 -80.422
-682.206 1018.11 -75.582 -168.446 109.715 -80.424
-681.916 1017.15 -75.584 -168.445 109.714 -80.422
-681.625 1016.2 -75.5861 -168.446 109.712 -80.423
-681.335 1015.24 -75.5882 -168.446 109.712 -80.423
-681.045 1014.28 -75.5902 -168.446 109.712 -80.423
-680.755 1013.33 -75.5923 -168.446 109.712 -80.423
-680.465 1012.37 -75.5943 -168.446 109.712 -80.423
-680.175 1011.41 -75.5964 -168.446 109.712 -80.423
-679.884 1010.46 -75.5984 -168.446 109.712 -80.423
-679.594 1009.5 -75.6005 -168.446 109.712 -80.423
-679.304 1008.54 -75.6026 -168.446 109.712 -80.423
-679.014 1007.59 -75.6046 -168.446 109.712 -80.423
-678.724 1006.63 -75.6067 -168.441 109.714 -80.427
-678.434 1005.67 -75.6087 -168.441 109.714 -80.427
-678.143 1004.71 -75.6108 -168.441 109.714 -80.427
-677.853 1003.76 -75.6128 -168.441 109.714 -80.427
-677.563 1002.8 -75.6149 -168.441 109.714 -80.427
-677.273 1001.84 -75.617 -168.441 109.714 -80.427
-676.983 1000.89 -75.619 -168.441 109.714 -80.427
-676.693 999.929 -75.6211 -168.441 109.714 -80.427
-676.402 998.972 -75.6231 -168.441 109.714 -80.427
-676.112 998.015 -75.6252 -168.441 109.714 -80.427
-675.822 997.058 -75.6272 -168.443 109.714 -80.428
-675.532 996.101 -75.6293 -168.443 109.714 -80.428
-675.242 995.144 -75.6314 -168.442 109.715 -80.428
-674.951 994.187 -75.6334 -168.442 109.715 -80.428
-674.661 993.23 -75.6355 -168.442 109.716 -80.427
-674.371 992.273 -75.6375 -168.442 109.713 -80.412
-674.081 991.317 -75.6396 -168.441 109.714 -80.418
-673.791 990.36 -75.6416 -168.441 109.714 -80.421
-673.501 989.403 -75.6437 -168.441 109.714 -80.421
-673.21 988.446 -75.6458 -168.442 109.714 -80.426
-672.92 987.489 -75.6478 -168.442 109.712 -80.421
-672.63 986.532 -75.6499 -168.441 109.713 -80.423
-672.34 985.575 -75.6519 -168.441 109.714 -80.425
-672.05 984.618 -75.654 -168.441 109.714 -80.425
-671.76 983.661 -75.656 -168.442 109.716 -80.426
-671.469 982.704 -75.6581 -168.444 109.714 -80.416
-671.179 981.747 -75.6602 -168.444 109.714 -80.416
-670.889 980.79 -75.6622 -168.443 109.714 -80.422
-670.599 979.833 -75.6643 -168.442 109.715 -80.429
-670.309 978.876 -75.6663 -168.441 109.715 -80.434
-670.019 977.919 -75.6684 -168.439 109.714 -80.434
-669.728 976.962 -75.6704 -168.439 109.714 -80.434
-669.438 976.005 -75.6725 -168.44 109.716 -80.433
-669.148 975.048 -75.6746 -168.44 109.716 -80.433
-668.858 974.091 -75.6766 -168.44 109.716 -80.433
-668.568 973.134 -75.6787 -168.441 109.716 -80.433
-668.277 972.177 -75.6807 -168.442 109.714 -80.428
-667.987 971.22 -75.6828 -168.444 109.711 -80.419
-667.697 970.263 -75.6848 -168.444 109.712 -80.426
-667.407 969.306 -75.6869 -168.444 109.712 -80.429
-667.117 968.349 -75.689 -168.444 109.712 -80.429
-666.827 967.392 -75.691 -168.444 109.712 -80.428
-666.536 966.435 -75.6931 -168.443 109.712 -80.424
-666.246 965.478 -75.6951 -168.442 109.711 -80.422
-665.956 964.521 -75.6972 -168.442 109.71 -80.422
-665.666 963.564 -75.6992 -168.442 109.71 -80.422
-665.376 962.607 -75.7013 -168.442 109.71 -80.422
-665.086 961.65 -75.7034 -168.442 109.71 -80.422
-664.795 960.693 -75.7054 -168.442 109.71 -80.422
-664.505 959.736 -75.7075 -168.442 109.71 -80.422
-664.215 958.779 -75.7095 -168.442 109.71 -80.422
-663.925 957.823 -75.7116 -168.442 109.71 -80.422
-663.635 956.866 -75.7136 -168.442 109.71 -80.422
-663.345 955.909 -75.7157 -168.442 109.71 -80.422
-663.054 954.952 -75.7178 -168.442 109.71 -80.422
-662.764 953.995 -75.7198 -168.442 109.71 -80.422
-662.474 953.038 -75.7219 -168.442 109.71 -80.422
-662.184 952.081 -75.7239 -168.442 109.71 -80.422
-661.894 951.124 -75.726 -168.442 109.71 -80.422
-661.603 950.167 -75.728 -168.442 109.71 -80.422
-661.313 949.21 -75.7301 -168.442 109.71 -80.422
-661.023 948.253 -75.7322 -168.442 109.71 -80.422
-660.733 947.296 -75.7342 -168.442 109.71 -80.422
-660.443 946.339 -75.7363 -168.442 109.71 -80.422
-660.153 945.382 -75.7383 -168.442 109.71 -80.422
-659.862 944.425 -75.7404 -168.442 109.71 -80.422
-659.572 943.468 -75.7424 -168.442 109.71 -80.422
-659.282 942.511 -75.7445 -168.442 109.71 -80.422
-658.992 941.554 -75.7466 -168.442 109.71 -80.422
-658.702 940.597 -75.7486 -168.442 109.71 -80.422
-658.412 939.64 -75.7507 -168.442 109.71 -80.422
-658.121 938.683 -75.7527 -168.442 109.71 -80.422
-657.831 937.726 -75.7548 -168.442 109.71 -80.422
-657.541 936.769 -75.7568 -168.442 109.71 -80.422
-657.251 935.812 -75.7589 -168.442 109.71 -80.422
-656.961 934.855 -75.761 -168.442 109.71 -80.422
4
-726.73 1154.37 -75.6646 -168.394 109.713 -80.393
-726.436 1153.42 -75.666 -168.394 109.713 -80.393
-726.142 1152.46 -75.6675 -168.394 109.713 -80.393
-725.848 1151.5 -75.6689 -168.394 109.713 -80.393
-725.554 1150.55 -75.6704 -168.394 109.713 -80.393
-725.26 1149.59 -75.6718 -168.394 109.713 -80.393
-724.966 1148.64 -75.6733 -168.394 109.713 -80.393
-724.672 1147.68 -75.6747 -168.394 109.713 -80.393
-724.378 1146.73 -75.6762 -168.394 109.713 -80.393
-724.084 1145.77 -75.6776 -168.394 109.713 -80.393
-723.79 1144.81 -75.679 -168.394 109.713 -80.393
-723.496 1143.86 -75.6805 -168.394 109.713 -80.393
-723.202 1142.9 -75.6819 -168.394 109.713 -80.393
-722.908 1141.95 -75.6834 -168.394 109.713 -80.393
-722.614 1140.99 -75.6848 -168.394 109.713 -80.393
-722.32 1140.04 -75.6863 -168.394 109.713 -80.393
-722.026 1139.08 -75.6877 -168.428 109.724 -80.429
-721.732 1138.12 -75.6892 -168.434 109.721 -80.427
-721.438 1137.17 -75.6906 -168.438 109.718 -80.425
-721.144 1136.21 -75.6921 -168.438 109.718 -80.427
-720.85 1135.26 -75.6935 -168.438 109.718 -80.427
-720.556 1134.3 -75.695 -168.439 109.72 -80.423
-720.262 1133.34 -75.6964 -168.434 109.718 -80.402
-719.968 1132.39 -75.6978 -168.431 109.721 -80.413
-719.674 1131.43 -75.6993 -168.434 109.723 -80.425
-719.38 1130.48 -75.7007 -168.439 109.72 -80.421
-719.085 1129.52 -75.7022 -168.439 109.72 -80.421
-718.791 1128.57 -75.7036 -168.443 109.718 -80.43
-718.497 1127.61 -75.7051 -168.445 109.718 -80.435
-718.203 1126.65 -75.7065 -168.443 109.717 -80.434
-717.909 1125.7 -75.708 -168.441 109.715 -80.42
-717.615 1124.74 -75.7094 -168.441 109.719 -80.423
-717.321 1123.79 -75.7109 -168.44 109.723 -80.429
-717.027 1122.83 -75.7123 -168.44 109.723 -80.429
-716.733 1121.88 -75.7138 -168.44 109.723 -80.425
-716.439 1120.92 -75.7152 -168.442 109.721 -80.424
-716.145 1119.96 -75.7166 -168.442 109.721 -80.424
-715.851 1119.01 -75.7181 -168.443 109.718 -80.424
-715.557 1118.05 -75.7195 -168.442 109.717 -80.424
-715.263 1117.1 -75.721 -168.444 109.716 -80.418
-714.969 1116.14 -75.7224 -168.448 109.715 -80.405
-714.675 1115.18 -75.7239 -168.445 109.718 -80.415
-714.381 1114.23 -75.7253 -168.444 109.718 -80.418
-714.087 1113.27 -75.7268 -168.444 109.718 -80.418
-713.793 1112.32 -75.7282 -168.444 109.717 -80.414
-713.499 1111.36 -75.7297 -168.44 109.717 -80.415
-713.205 1110.41 -75.7311 -168.437 109.715 -80.415
-712.911 1109.45 -75.7326 -168.44 109.717 -80.421
-712.617 1108.49 -75.734 -168.441 109.718 -80.418
-712.323 1107.54 -75.7354 -168.441 109.718 -80.418
-712.029 1106.58 -75.7369 -168.443 109.717 -80.416
-711.735 1105.63 -75.7383 -168.444 109.719 -80.426
-711.441 1104.67 -75.7398 -168.444 109.719 -80.426
-711.147 1103.72 -75.7412 -168.444 109.719 -80.426
-710.853 1102.76 -75.7427 -168.444 109.719 -80.426
-710.559 1101.8 -75.7441 -168.444 109.719 -80.426
-710.265 1100.85 -75.7456 -168.444 109.719 -80.426
-709.971 1099.89 -75.747 -168.444 109.719 -80.426
-709.677 1098.94 -75.7485 -168.444 109.719 -80.426
-709.383 1097.98 -75.7499 -168.444 109.719 -80.426
-709.088 1097.02 -75.7514 -168.444 109.719 -80.426
-708.794 1096.07 -75.7528 -168.445 109.714 -80.411
-708.5 1095.11 -75.7542 -168.445 109.714 -80.411
-708.206 1094.16 -75.7557 -168.445 109.714 -80.411
-707.912 1093.2 -75.7571 -168.445 109.714 -80.411
-707.618 1092.25 -75.7586 -168.445 109.714 -80.411
-707.324 1091.29 -75.76 -168.445 109.714 -80.411
-707.03 1090.33 -75.7615 -168.445 109.714 -80.411
-706.736 1089.38 -75.7629 -168.445 109.714 -80.411
-706.442 1088.42 -75.7644 -168.445 109.714 -80.411
-706.148 1087.47 -75.7658 -168.444 109.715 -80.416
-705.854 1086.51 -75.7673 -168.444 109.717 -80.424
-705.56 1085.56 -75.7687 -168.444 109.717 -80.424
-705.266 1084.6 -75.7702 -168.444 109.719 -80.424
-704.972 1083.64 -75.7716 -168.444 109.719 -80.427
-704.678 1082.69 -75.773 -168.442 109.718 -80.428
-704.384 1081.73 -75.7745 -168.444 109.717 -80.43
-704.09 1080.78 -75.7759 -168.441 109.715 -80.422
-703.796 1079.82 -75.7774 -168.44 109.715 -80.426
-703.502 1078.86 -75.7788 -168.44 109.715 -80.426
-703.208 1077.91 -75.7803 -168.442 109.717 -80.43
-702.914 1076.95 -75.7817 -168.442 109.717 -80.43
-702.62 1076 -75.7832 -168.443 109.718 -80.429
-702.326 1075.04 -75.7846 -168.446 109.717 -80.426
-702.032 1074.09 -75.7861 -168.446 109.717 -80.426
-701.738 1073.13 -75.7875 -168.448 109.715 -80.427
-701.444 1072.17 -75.789 -168.445 109.714 -80.425
-701.15 1071.22 -75.7904 -168.444 109.711 -80.413
-700.856 1070.26 -75.7918 -168.446 109.714 -80.417
-700.562 1069.31 -75.7933 -168.446 109.714 -80.417
-700.268 1068.35 -75.7947 -168.446 109.716 -80.423
-699.974 1067.39 -75.7962 -168.445 109.716 -80.421
-699.68 1066.44 -75.7976 -168.446 109.715 -80.421
-699.385 1065.48 -75.7991 -168.446 109.715 -80.421
-699.091 1064.53 -75.8005 -168.445 109.714 -80.42
-698.797 1063.57 -75.802 -168.443 109.713 -80.422
-698.503 1062.62 -75.8034 -168.443 109.714 -80.42
-698.209 1061.66 -75.8049 -168.446 109.715 -80.417
-697.915 1060.7 -75.8063 -168.446 109.716 -80.418
-697.621 1059.75 -75.8078 -168.447 109.716 -80.423
-697.327 1058.79 -75.8092 -168.448 109.716 -80.426
-697.033 1057.84 -75.8107 -168.448 109.716 -80.426
-696.739 1056.88 -75.8121 -168.447 109.714 -80.428
-696.445 1055.93 -75.8135 -168.443 109.715 -80.43
-696.151 1054.97 -75.815 -168.441 109.716 -80.43
-695.857 1054.01 -75.8164 -168.441 109.717 -80.429
-695.563 1053.06 -75.8179 -168.442 109.717 -80.427
-695.269 1052.1 -75.8193 -168.442 109.717 -80.427
-694.975 1051.15 -75.8208 -168.442 109.715 -80.421
-694.681 1050.19 -75.8222 -168.442 109.714 -80.421
-694.387 1049.23 -75.8237 -168.445 109.713 -80.425
-694.093 1048.28 -75.8251 -168.445 109.713 -80.425
-693.799 1047.32 -75.8266 -168.443 109.713 -80.423
-693.505 1046.37 -75.828 -168.444 109.713 -80.42
-693.211 1045.41 -75.8295 -168.446 109.715 -80.422
-692.917 1044.46 -75.8309 -168.445 109.715 -80.422
-692.623 1043.5 -75.8323 -168.445 109.715 -80.422
-692.329 1042.54 -75.8338 -168.446 109.713 -80.413
-692.035 1041.59 -75.8352 -168.446 109.71 -80.409
-691.741 1040.63 -75.8367 -168.446 109.711 -80.417
-691.447 1039.68 -75.8381 -168.446 109.711 -80.417
-691.153 1038.72 -75.8396 -168.443 109.711 -80.421
-690.859 1037.77 -75.841 -168.442 109.712 -80.42
-690.565 1036.81 -75.8425 -168.443 109.714 -80.421
-690.271 1035.85 -75.8439 -168.445 109.716 -80.425
-689.977 1034.9 -75.8454 -168.445 109.717 -80.429
-689.683 1033.94 -75.8468 -168.445 109.715 -80.428
-689.388 1032.99 -75.8483 -168.445 109.715 -80.428
-689.094 1032.03 -75.8497 -168.447 109.712 -80.415
-688.8 1031.07 -75.8511 -168.446 109.715 -80.431
-688.506 1030.12 -75.8526 -168.443 109.715 -80.433
-688.212 1029.16 -75.854 -168.442 109.715 -80.43
-687.918 1028.21 -75.8555 -168.443 109.718 -80.432
-687.624 1027.25 -75.8569 -168.442 109.717 -80.429
-687.33 1026.3 -75.8584 -168.441 109.716 -80.427
-687.036 1025.34 -75.8598 -168.441 109.716 -80.427
-686.742 1024.38 -75.8613 -168.442 109.714 -80.426
-686.448 1023.43 -75.8627 -168.444 109.713 -80.424
-686.154 1022.47 -75.8642 -168.444 109.709 -80.411
-685.86 1021.52 -75.8656 -168.443 109.711 -80.419
-685.566 1020.56 -75.8671 -168.444 109.715 -80.426
-685.272 1019.61 -75.8685 -168.444 109.715 -80.426
-684.978 1018.65 -75.8699 -168.446 109.715 -80.422
-684.684 1017.69 -75.8714 -168.446 109.715 -80.422
-684.39 1016.74 -75.8728 -168.445 109.713 -80.421
-684.096 1015.78 -75.8743 -168.445 109.713 -80.421
-683.802 1014.83 -75.8757 -168.445 109.713 -80.421
-683.508 1013.87 -75.8772 -168.445 109.713 -80.421
-683.214 1012.91 -75.8786 -168.445 109.713 -80.421
-682.92 1011.96 -75.8801 -168.445 109.713 -80.421
-682.626 1011 -75.8815 -168.445 109.713 -80.421
-682.332 1010.05 -75.883 -168.445 109.713 -80.421
-682.038 1009.09 -75.8844 -168.445 109.713 -80.421
-681.744 1008.14 -75.8859 -168.445 109.713 -80.421
-681.45 1007.18 -75.8873 -168.438 109.716 -80.431
-681.156 1006.22 -75.8887 -168.438 109.716 -80.431
-680.862 1005.27 -75.8902 -168.438 109.716 -80.431
-680.568 1004.31 -75.8916 -168.438 109.716 -80.431
-680.274 1003.36 -75.8931 -168.438 109.716 -80.431
-679.98 1002.4 -75.8945 -168.438 109.716 -80.431
-679.685 1001.45 -75.896 -168.438 109.716 -80.431
-679.391 1000.49 -75.8974 -168.438 109.716 -80.431
-679.097 999.534 -75.8989 -168.438 109.716 -80.431
-678.803 998.578 -75.9003 -168.438 109.716 -80.431
-678.509 997.622 -75.9018 -168.442 109.714 -80.429
-678.215 996.666 -75.9032 -168.443 109.714 -80.429
-677.921 995.71 -75.9047 -168.443 109.714 -80.428
-677.627 994.755 -75.9061 -168.442 109.715 -80.427
-677.333 993.799 -75.9075 -168.443 109.716 -80.426
-677.039 992.843 -75.909 -168.443 109.716 -80.426
-676.745 991.887 -75.9104 -168.443 109.714 -80.412
-676.451 990.931 -75.9119 -168.442 109.714 -80.417
-676.157 989.976 -75.9133 -168.442 109.713 -80.421
-675.863 989.02 -75.9148 -168.443 109.713 -80.424
-675.569 988.064 -75.9162 -168.442 109.713 -80.423
-675.275 987.108 -75.9177 -168.442 109.713 -80.423
-674.981 986.152 -75.9191 -168.441 109.712 -80.42
-674.687 985.197 -75.9206 -168.441 109.714 -80.424
-674.393 984.241 -75.922 -168.441 109.715 -80.424
-674.099 983.285 -75.9235 -168.441 109.715 -80.424
-673.805 982.329 -75.9249 -168.443 109.716 -80.425
-673.511 981.373 -75.9263 -168.444 109.714 -80.416
-673.217 980.418 -75.9278 -168.443 109.714 -80.421
-672.923 979.462 -75.9292 -168.441 109.714 -80.429
-672.629 978.506 -75.9307 -168.441 109.714 -80.429
-672.335 977.55 -75.9321 -168.44 109.714 -80.432
-672.041 976.594 -75.9336 -168.438 109.713 -80.433
-671.747 975.639 -75.935 -168.437 109.714 -80.431
-671.453 974.683 -75.9365 -168.438 109.716 -80.433
-671.159 973.727 -75.9379 -168.44 109.716 -80.433
-670.865 972.771 -75.9394 -168.44 109.715 -80.432
-670.571 971.815 -75.9408 -168.443 109.712 -80.42
-670.277 970.86 -75.9423 -168.443 109.712 -80.42
-669.982 969.904 -75.9437 -168.444 109.711 -80.424
-669.688 968.948 -75.9452 -168.444 109.712 -80.429
-669.394 967.992 -75.9466 -168.444 109.712 -80.428
-669.1 967.037 -75.948 -168.444 109.712 -80.425
-668.806 966.081 -75.9495 -168.444 109.712 -80.425
-668.512 965.125 -75.9509 -168.443 109.711 -80.421
-668.218 964.169 -75.9524 -168.442 109.71 -80.421
-667.924 963.213 -75.9538 -168.442 109.71 -80.421
-667.63 962.258 -75.9553 -168.442 109.71 -80.421
-667.336 961.302 -75.9567 -168.442 109.71 -80.421
-667.042 960.346 -75.9582 -168.442 109.71 -80.421
-666.748 959.39 -75.9596 -168.442 109.71 -80.421
-666.454 958.434 -75.9611 -168.442 109.71 -80.421
-666.16 957.479 -75.9625 -168.442 109.71 -80.421
-665.866 956.523 -75.964 -168.442 109.71 -80.421
-665.572 955.567 -75.9654 -168.442 109.71 -80.421
-665.278 954.611 -75.9668 -168.442 109.71 -80.421
-664.984 953.655 -75.9683 -168.442 109.71 -80.421
-664.69 952.7 -75.9697 -168.442 109.71 -80.421
-664.396 951.744 -75.9712 -168.442 109.71 -80.421
-664.102 950.788 -75.9726 -168.442 109.71 -80.421
-663.808 949.832 -75.9741 -168.442 109.71 -80.421
-663.514 948.876 -75.9755 -168.442 109.71 -80.421
-663.22 947.921 -75.977 -168.442 109.71 -80.421
-662.926 946.965 -75.9784 -168.442 109.71 -80.421
-662.632 946.009 -75.9799 -168.442 109.71 -80.421
-662.338 945.053 -75.9813 -168.442 109.71 -80.421
-662.044 944.097 -75.9828 -168.442 109.71 -80.421
-661.75 943.142 -75.9842 -168.442 109.71 -80.421
-661.456 942.186 -75.9856 -168.442 109.71 -80.421
-661.162 941.23 -75.9871 -168.442 109.71 -80.421
-660.868 940.274 -75.9885 -168.442 109.71 -80.421
-660.574 939.318 -75.99 -168.442 109.71 -80.421
-660.28 938.363 -75.9914 -168.442 109.71 -80.421
-659.985 937.407 -75.9929 -168.442 109.71 -80.421
-659.691 936.451 -75.9943 -168.442 109.71 -80.421
-659.397 935.495 -75.9958 -168.442 109.71 -80.421
-659.103 934.539 -75.9972 -168.442 109.71 -80.421
