1
-1034.03 994.373 68.068 -159.04 117.824 -10.228
-1034.04 994.367 67.0681 -159.04 117.824 -10.228
-1034.05 994.362 66.0681 -159.04 117.824 -10.228
-1034.06 994.356 65.0682 -159.04 117.824 -10.228
-1034.07 994.351 64.0682 -159.04 117.824 -10.228
-1034.08 994.345 63.0683 -159.04 117.824 -10.228
-1034.09 994.34 62.0684 -159.04 117.824 -10.228
-1034.1 994.335 61.0684 -159.04 117.824 -10.228
-1034.11 994.329 60.0685 -159.04 117.824 -10.228
-1034.12 994.324 59.0686 -159.04 117.824 -10.228
-1034.13 994.318 58.0686 -159.04 117.824 -10.228
-1034.14 994.313 57.0687 -159.04 117.824 -10.228
-1034.14 994.307 56.0688 -159.04 117.824 -10.228
-1034.15 994.302 55.0688 -159.04 117.824 -10.228
-1034.16 994.296 54.0689 -159.04 117.824 -10.228
-1034.17 994.291 53.0689 -159.04 117.824 -10.228
-1034.18 994.286 52.069 -159.04 117.824 -10.228
-1034.19 994.28 51.0691 -159.04 117.824 -10.228
-1034.2 994.275 50.0691 -159.04 117.824 -10.228
-1034.21 994.269 49.0692 -159.04 117.824 -10.228
-1034.22 994.264 48.0693 -159.04 117.824 -10.228
-1034.23 994.258 47.0693 -159.04 117.824 -10.228
-1034.24 994.253 46.0694 -159.04 117.824 -10.228
-1034.25 994.247 45.0695 -159.04 117.824 -10.228
-1034.26 994.242 44.0695 -159.04 117.824 -10.228
-1034.27 994.237 43.0696 -159.04 117.824 -10.228
-1034.28 994.231 42.0696 -159.04 117.824 -10.228
-1034.29 994.226 41.0697 -159.04 117.824 -10.228
-1034.3 994.22 40.0698 -159.04 117.824 -10.228
-1034.31 994.215 39.0698 -159.04 117.824 -10.228
-1034.32 994.209 38.0699 -159.04 117.824 -10.228
-1034.33 994.204 37.07 -159.04 117.824 -10.228
-1034.34 994.198 36.07 -159.04 117.824 -10.228
-1034.35 994.193 35.0701 -159.04 117.824 -10.228
-1034.36 994.188 34.0702 -159.04 117.824 -10.228
-1034.37 994.182 33.0702 -159.04 117.824 -10.228
-1034.38 994.177 32.0703 -159.04 117.824 -10.228
-1034.39 994.171 31.0703 -159.04 117.824 -10.228
-1034.4 994.166 30.0704 -159.04 117.824 -10.228
-1034.41 994.16 29.0705 -159.04 117.824 -10.228
-1034.42 994.155 28.0705 -159.049 117.816 -10.237
-1034.43 994.149 27.0706 -159.049 117.813 -10.234
-1034.44 994.144 26.0707 -159.052 117.817 -10.238
-1034.45 994.139 25.0707 -159.052 117.817 -10.238
-1034.46 994.133 24.0708 -159.05 117.82 -10.239
-1034.47 994.128 23.0709 -159.047 117.821 -10.238
-1034.48 994.122 22.0709 -159.049 117.824 -10.242
-1034.49 994.117 21.071 -159.049 117.824 -10.242
-1034.5 994.111 20.071 -159.053 117.826 -10.242
-1034.51 994.106 19.0711 -159.052 117.826 -10.243
-1034.52 994.1 18.0712 -159.05 117.826 -10.243
-1034.53 994.095 17.0712 -159.051 117.824 -10.239
-1034.54 994.09 16.0713 -159.051 117.824 -10.239
-1034.55 994.084 15.0714 -159.052 117.824 -10.237
-1034.56 994.079 14.0714 -159.051 117.822 -10.241
-1034.57 994.073 13.0715 -159.05 117.822 -10.242
-1034.58 994.068 12.0716 -159.05 117.822 -10.238
-1034.59 994.062 11.0716 -159.052 117.823 -10.24
-1034.6 994.057 10.0717 -159.052 117.823 -10.24
-1034.61 994.051 9.07175 -159.053 117.823 -10.241
-1034.62 994.046 8.07181 -159.053 117.823 -10.241
-1034.63 994.041 7.07188 -159.049 117.821 -10.241
-1034.64 994.035 6.07194 -159.049 117.822 -10.24
-1034.65 994.03 5.072 -159.049 117.822 -10.24
-1034.66 994.024 4.07207 -159.05 117.822 -10.239
-1034.67 994.019 3.07213 -159.051 117.822 -10.237
-1034.68 994.013 2.07219 -159.051 117.822 -10.237
-1034.69 994.008 1.07226 -159.048 117.822 -10.237
-1034.7 994.002 0.072322 -159.048 117.822 -10.237
-1034.71 993.997 -0.927614 -159.048 117.822 -10.235
-1034.72 993.992 -1.92755 -159.047 117.822 -10.235
-1034.73 993.986 -2.92749 -159.046 117.822 -10.236
-1034.74 993.981 -3.92742 -159.047 117.822 -10.238
-1034.75 993.975 -4.92736 -159.049 117.823 -10.24
-1034.76 993.97 -5.9273 -159.049 117.823 -10.24
-1034.77 993.964 -6.92723 -159.05 117.822 -10.238
-1034.78 993.959 -7.92717 -159.049 117.822 -10.234
-1034.79 993.953 -8.9271 -159.049 117.822 -10.236
-1034.8 993.948 -9.92704 -159.049 117.823 -10.235
-1034.81 993.943 -10.927 -159.049 117.823 -10.236
-1034.82 993.937 -11.9269 -159.049 117.823 -10.236
-1034.83 993.932 -12.9268 -159.048 117.822 -10.239
-1034.84 993.926 -13.9268 -159.049 117.821 -10.239
-1034.85 993.921 -14.9267 -159.049 117.821 -10.242
-1034.86 993.915 -15.9267 -159.048 117.82 -10.242
-1034.87 993.91 -16.9266 -159.048 117.82 -10.242
-1034.88 993.904 -17.9265 -159.048 117.821 -10.246
-1034.89 993.899 -18.9265 -159.047 117.82 -10.247
-1034.9 993.894 -19.9264 -159.047 117.82 -10.247
-1034.91 993.888 -20.9263 -159.048 117.821 -10.248
-1034.92 993.883 -21.9263 -159.048 117.821 -10.248
-1034.93 993.877 -22.9262 -159.049 117.821 -10.244
-1034.94 993.872 -23.9261 -159.048 117.822 -10.245
-1034.95 993.866 -24.9261 -159.048 117.822 -10.247
-1034.96 993.861 -25.926 -159.048 117.823 -10.248
-1034.97 993.855 -26.926 -159.048 117.823 -10.248
-1034.98 993.85 -27.9259 -159.048 117.823 -10.248
-1034.99 993.845 -28.9258 -159.046 117.823 -10.249
-1035 993.839 -29.9258 -159.045 117.823 -10.247
-1035.01 993.834 -30.9257 -159.046 117.823 -10.248
-1035.02 993.828 -31.9256 -159.046 117.823 -10.248
-1035.03 993.823 -32.9256 -159.047 117.822 -10.248
-1035.03 993.817 -33.9255 -159.047 117.822 -10.249
-1035.04 993.812 -34.9254 -159.047 117.821 -10.248
-1035.05 993.806 -35.9254 -159.049 117.821 -10.244
-1035.06 993.801 -36.9253 -159.049 117.821 -10.244
-1035.07 993.796 -37.9253 -159.049 117.821 -10.246
-1035.08 993.79 -38.9252 -159.047 117.822 -10.246
-1035.09 993.785 -39.9251 -159.047 117.821 -10.245
-1035.1 993.779 -40.9251 -159.047 117.822 -10.244
-1035.11 993.774 -41.925 -159.048 117.822 -10.247
-1035.12 993.768 -42.9249 -159.05 117.823 -10.251
-1035.13 993.763 -43.9249 -159.049 117.825 -10.258
-1035.14 993.757 -44.9248 -159.049 117.825 -10.258
-1035.15 993.752 -45.9247 -159.052 117.827 -10.262
-1035.16 993.747 -46.9247 -159.052 117.827 -10.262
-1035.17 993.741 -47.9246 -159.052 117.827 -10.262
-1035.18 993.736 -48.9246 -159.052 117.827 -10.262
-1035.19 993.73 -49.9245 -159.052 117.827 -10.262
-1035.2 993.725 -50.9244 -159.052 117.827 -10.262
-1035.21 993.719 -51.9244 -159.052 117.827 -10.262
2
-1033.42 991.057 68.5682 -159.039 117.824 -10.229
-1033.43 991.06 67.5682 -159.039 117.824 -10.229
-1033.44 991.063 66.5683 -159.039 117.824 -10.229
-1033.44 991.066 65.5683 -159.039 117.824 -10.229
-1033.45 991.069 64.5683 -159.039 117.824 -10.229
-1033.46 991.073 63.5683 -159.039 117.824 -10.229
-1033.46 991.076 62.5684 -159.039 117.824 -10.229
-1033.47 991.079 61.5684 -159.039 117.824 -10.229
-1033.48 991.082 60.5684 -159.039 117.824 -10.229
-1033.49 991.085 59.5685 -159.039 117.824 -10.229
-1033.49 991.088 58.5685 -159.039 117.824 -10.229
-1033.5 991.092 57.5685 -159.039 117.824 -10.229
-1033.51 991.095 56.5686 -159.039 117.824 -10.229
-1033.51 991.098 55.5686 -159.039 117.824 -10.229
-1033.52 991.101 54.5686 -159.039 117.824 -10.229
-1033.53 991.104 53.5687 -159.039 117.824 -10.229
-1033.54 991.107 52.5687 -159.039 117.824 -10.229
-1033.54 991.111 51.5687 -159.039 117.824 -10.229
-1033.55 991.114 50.5687 -159.039 117.824 -10.229
-1033.56 991.117 49.5688 -159.039 117.824 -10.229
-1033.56 991.12 48.5688 -159.039 117.824 -10.229
-1033.57 991.123 47.5688 -159.039 117.824 -10.229
-1033.58 991.126 46.5689 -159.039 117.824 -10.229
-1033.59 991.13 45.5689 -159.039 117.824 -10.229
-1033.59 991.133 44.5689 -159.039 117.824 -10.229
-1033.6 991.136 43.569 -159.039 117.824 -10.229
-1033.61 991.139 42.569 -159.039 117.824 -10.229
-1033.62 991.142 41.569 -159.039 117.824 -10.229
-1033.62 991.146 40.5691 -159.039 117.824 -10.229
-1033.63 991.149 39.5691 -159.039 117.824 -10.229
-1033.64 991.152 38.5691 -159.039 117.824 -10.229
-1033.64 991.155 37.5692 -159.039 117.824 -10.229
-1033.65 991.158 36.5692 -159.039 117.824 -10.229
-1033.66 991.161 35.5692 -159.039 117.824 -10.229
-1033.67 991.165 34.5692 -159.039 117.824 -10.229
-1033.67 991.168 33.5693 -159.039 117.824 -10.229
-1033.68 991.171 32.5693 -159.039 117.824 -10.229
-1033.69 991.174 31.5693 -159.039 117.824 -10.229
-1033.69 991.177 30.5694 -159.039 117.824 -10.229
-1033.7 991.18 29.5694 -159.039 117.824 -10.229
-1033.71 991.184 28.5694 -159.039 117.824 -10.229
-1033.72 991.187 27.5695 -159.039 117.824 -10.229
-1033.72 991.19 26.5695 -159.049 117.818 -10.239
-1033.73 991.193 25.5695 -159.049 117.812 -10.233
-1033.74 991.196 24.5696 -159.052 117.817 -10.237
-1033.74 991.199 23.5696 -159.051 117.82 -10.238
-1033.75 991.203 22.5696 -159.046 117.822 -10.238
-1033.76 991.206 21.5696 -159.046 117.822 -10.238
-1033.77 991.209 20.5697 -159.05 117.826 -10.24
-1033.77 991.212 19.5697 -159.05 117.826 -10.24
-1033.78 991.215 18.5697 -159.051 117.826 -10.24
-1033.79 991.218 17.5698 -159.049 117.825 -10.239
-1033.8 991.222 16.5698 -159.047 117.823 -10.24
-1033.8 991.225 15.5698 -159.049 117.823 -10.238
-1033.81 991.228 14.5699 -159.049 117.823 -10.238
-1033.82 991.231 13.5699 -159.05 117.822 -10.239
-1033.82 991.234 12.5699 -159.049 117.821 -10.239
-1033.83 991.237 11.57 -159.049 117.822 -10.24
-1033.84 991.241 10.57 -159.049 117.822 -10.239
-1033.85 991.244 9.57002 -159.049 117.822 -10.239
-1033.85 991.247 8.57005 -159.049 117.823 -10.24
-1033.86 991.25 7.57008 -159.049 117.823 -10.238
-1033.87 991.253 6.57011 -159.049 117.823 -10.238
-1033.87 991.257 5.57014 -159.049 117.823 -10.24
-1033.88 991.26 4.57017 -159.048 117.823 -10.24
-1033.89 991.263 3.5702 -159.047 117.822 -10.239
-1033.9 991.266 2.57023 -159.047 117.822 -10.239
-1033.9 991.269 1.57026 -159.048 117.822 -10.237
-1033.91 991.272 0.570295 -159.048 117.822 -10.237
-1033.92 991.276 -0.429674 -159.047 117.822 -10.238
-1033.92 991.279 -1.42964 -159.048 117.821 -10.237
-1033.93 991.282 -2.42961 -159.048 117.821 -10.237
-1033.94 991.285 -3.42958 -159.048 117.822 -10.238
-1033.95 991.288 -4.42955 -159.048 117.822 -10.238
-1033.95 991.291 -5.42952 -159.048 117.822 -10.24
-1033.96 991.295 -6.42949 -159.047 117.822 -10.241
-1033.97 991.298 -7.42946 -159.047 117.823 -10.241
-1033.98 991.301 -8.42943 -159.047 117.823 -10.242
-1033.98 991.304 -9.4294 -159.048 117.823 -10.237
-1033.99 991.307 -10.4294 -159.048 117.823 -10.237
-1034 991.31 -11.4293 -159.048 117.823 -10.237
-1034 991.314 -12.4293 -159.048 117.824 -10.24
-1034.01 991.317 -13.4293 -159.049 117.823 -10.241
-1034.02 991.32 -14.4292 -159.049 117.823 -10.241
-1034.03 991.323 -15.4292 -159.049 117.821 -10.245
-1034.03 991.326 -16.4292 -159.049 117.82 -10.245
-1034.04 991.329 -17.4291 -159.049 117.82 -10.245
-1034.05 991.333 -18.4291 -159.049 117.82 -10.246
-1034.05 991.336 -19.4291 -159.049 117.82 -10.248
-1034.06 991.339 -20.4291 -159.047 117.82 -10.249
-1034.07 991.342 -21.429 -159.047 117.82 -10.248
-1034.08 991.345 -22.429 -159.047 117.82 -10.248
-1034.08 991.349 -23.429 -159.047 117.822 -10.248
-1034.09 991.352 -24.4289 -159.046 117.822 -10.248
-1034.1 991.355 -25.4289 -159.046 117.822 -10.248
-1034.1 991.358 -26.4289 -159.046 117.821 -10.245
-1034.11 991.361 -27.4288 -159.046 117.822 -10.246
-1034.12 991.364 -28.4288 -159.046 117.822 -10.249
-1034.13 991.368 -29.4288 -159.046 117.823 -10.247
-1034.13 991.371 -30.4287 -159.045 117.823 -10.248
-1034.14 991.374 -31.4287 -159.045 117.823 -10.248
-1034.15 991.377 -32.4287 -159.044 117.823 -10.248
-1034.16 991.38 -33.4287 -159.045 117.823 -10.249
-1034.16 991.383 -34.4286 -159.046 117.824 -10.251
-1034.17 991.387 -35.4286 -159.046 117.823 -10.251
-1034.18 991.39 -36.4286 -159.046 117.823 -10.251
-1034.18 991.393 -37.4285 -159.047 117.823 -10.252
-1034.19 991.396 -38.4285 -159.047 117.822 -10.252
-1034.2 991.399 -39.4285 -159.047 117.822 -10.252
-1034.21 991.402 -40.4284 -159.048 117.822 -10.251
-1034.21 991.406 -41.4284 -159.05 117.822 -10.253
-1034.22 991.409 -42.4284 -159.05 117.822 -10.253
-1034.23 991.412 -43.4283 -159.051 117.822 -10.258
-1034.23 991.415 -44.4283 -159.052 117.824 -10.26
-1034.24 991.418 -45.4283 -159.052 117.826 -10.263
-1034.25 991.421 -46.4283 -159.052 117.826 -10.263
-1034.26 991.425 -47.4282 -159.052 117.826 -10.263
-1034.26 991.428 -48.4282 -159.052 117.826 -10.263
-1034.27 991.431 -49.4282 -159.052 117.826 -10.263
-1034.28 991.434 -50.4281 -159.052 117.826 -10.263
-1034.28 991.437 -51.4281 -159.052 117.826 -10.263
3
-1030.86 987.857 68.3016 -159.039 117.825 -10.229
-1030.87 987.852 67.3016 -159.039 117.825 -10.229
-1030.87 987.847 66.3016 -159.039 117.825 -10.229
-1030.88 987.841 65.3016 -159.039 117.825 -10.229
-1030.89 987.836 64.3017 -159.039 117.825 -10.229
-1030.89 987.831 63.3017 -159.039 117.825 -10.229
-1030.9 987.826 62.3017 -159.039 117.825 -10.229
-1030.9 987.82 61.3017 -159.039 117.825 -10.229
-1030.91 987.815 60.3018 -159.039 117.825 -10.229
-1030.91 987.81 59.3018 -159.039 117.825 -10.229
-1030.92 987.805 58.3018 -159.039 117.825 -10.229
-1030.92 987.799 57.3019 -159.039 117.825 -10.229
-1030.93 987.794 56.3019 -159.039 117.825 -10.229
-1030.93 987.789 55.3019 -159.039 117.825 -10.229
-1030.94 987.784 54.3019 -159.039 117.825 -10.229
-1030.94 987.779 53.302 -159.039 117.825 -10.229
-1030.95 987.773 52.302 -159.039 117.825 -10.229
-1030.95 987.768 51.302 -159.039 117.825 -10.229
-1030.96 987.763 50.302 -159.039 117.825 -10.229
-1030.96 987.758 49.3021 -159.039 117.825 -10.229
-1030.97 987.752 48.3021 -159.039 117.825 -10.229
-1030.97 987.747 47.3021 -159.039 117.825 -10.229
-1030.98 987.742 46.3021 -159.039 117.825 -10.229
-1030.98 987.737 45.3022 -159.039 117.825 -10.229
-1030.99 987.732 44.3022 -159.039 117.825 -10.229
-1030.99 987.726 43.3022 -159.039 117.825 -10.229
-1031 987.721 42.3023 -159.039 117.825 -10.229
-1031 987.716 41.3023 -159.039 117.825 -10.229
-1031.01 987.711 40.3023 -159.039 117.825 -10.229
-1031.01 987.705 39.3023 -159.039 117.825 -10.229
-1031.02 987.7 38.3024 -159.039 117.825 -10.229
-1031.02 987.695 37.3024 -159.039 117.825 -10.229
-1031.03 987.69 36.3024 -159.039 117.825 -10.229
-1031.03 987.685 35.3024 -159.039 117.825 -10.229
-1031.04 987.679 34.3025 -159.039 117.825 -10.229
-1031.05 987.674 33.3025 -159.039 117.825 -10.229
-1031.05 987.669 32.3025 -159.039 117.825 -10.229
-1031.06 987.664 31.3026 -159.039 117.825 -10.229
-1031.06 987.658 30.3026 -159.039 117.825 -10.229
-1031.07 987.653 29.3026 -159.039 117.825 -10.229
-1031.07 987.648 28.3026 -159.039 117.825 -10.229
-1031.08 987.643 27.3027 -159.039 117.825 -10.229
-1031.08 987.638 26.3027 -159.048 117.817 -10.237
-1031.09 987.632 25.3027 -159.048 117.813 -10.234
-1031.09 987.627 24.3027 -159.051 117.817 -10.238
-1031.1 987.622 23.3028 -159.051 117.82 -10.239
-1031.1 987.617 22.3028 -159.047 117.821 -10.239
-1031.11 987.611 21.3028 -159.047 117.824 -10.24
-1031.11 987.606 20.3029 -159.047 117.824 -10.24
-1031.12 987.601 19.3029 -159.05 117.825 -10.24
-1031.12 987.596 18.3029 -159.05 117.825 -10.24
-1031.13 987.591 17.3029 -159.05 117.825 -10.24
-1031.13 987.585 16.303 -159.046 117.823 -10.239
-1031.14 987.58 15.303 -159.046 117.823 -10.238
-1031.14 987.575 14.303 -159.048 117.822 -10.237
-1031.15 987.57 13.303 -159.048 117.822 -10.237
-1031.15 987.564 12.3031 -159.047 117.821 -10.239
-1031.16 987.559 11.3031 -159.048 117.822 -10.24
-1031.16 987.554 10.3031 -159.049 117.822 -10.239
-1031.17 987.549 9.30315 -159.049 117.822 -10.239
-1031.17 987.544 8.30317 -159.05 117.822 -10.24
-1031.18 987.538 7.3032 -159.048 117.823 -10.241
-1031.18 987.533 6.30323 -159.048 117.823 -10.24
-1031.19 987.528 5.30326 -159.05 117.822 -10.241
-1031.19 987.523 4.30328 -159.05 117.822 -10.241
-1031.2 987.517 3.30331 -159.049 117.822 -10.241
-1031.21 987.512 2.30334 -159.048 117.823 -10.239
-1031.21 987.507 1.30336 -159.048 117.823 -10.239
-1031.22 987.502 0.30339 -159.048 117.823 -10.238
-1031.22 987.496 -0.696583 -159.048 117.823 -10.238
-1031.23 987.491 -1.69656 -159.048 117.822 -10.239
-1031.23 987.486 -2.69653 -159.048 117.822 -10.238
-1031.24 987.481 -3.6965 -159.048 117.823 -10.238
-1031.24 987.476 -4.69648 -159.048 117.823 -10.239
-1031.25 987.47 -5.69645 -159.049 117.823 -10.241
-1031.25 987.465 -6.69642 -159.049 117.823 -10.241
-1031.26 987.46 -7.69639 -159.048 117.822 -10.241
-1031.26 987.455 -8.69637 -159.047 117.822 -10.242
-1031.27 987.449 -9.69634 -159.048 117.823 -10.237
-1031.27 987.444 -10.6963 -159.048 117.823 -10.238
-1031.28 987.439 -11.6963 -159.048 117.823 -10.238
-1031.28 987.434 -12.6963 -159.047 117.823 -10.24
-1031.29 987.429 -13.6962 -159.048 117.822 -10.24
-1031.29 987.423 -14.6962 -159.049 117.822 -10.245
-1031.3 987.418 -15.6962 -159.049 117.822 -10.245
-1031.3 987.413 -16.6962 -159.049 117.821 -10.244
-1031.31 987.408 -17.6961 -159.048 117.82 -10.246
-1031.31 987.402 -18.6961 -159.048 117.819 -10.247
-1031.32 987.397 -19.6961 -159.048 117.819 -10.247
-1031.32 987.392 -20.696 -159.048 117.82 -10.249
-1031.33 987.387 -21.696 -159.047 117.82 -10.249
-1031.33 987.382 -22.696 -159.047 117.82 -10.249
-1031.34 987.376 -23.696 -159.047 117.821 -10.248
-1031.34 987.371 -24.6959 -159.047 117.822 -10.25
-1031.35 987.366 -25.6959 -159.047 117.822 -10.25
-1031.35 987.361 -26.6959 -159.047 117.823 -10.246
-1031.36 987.355 -27.6959 -159.047 117.823 -10.247
-1031.37 987.35 -28.6958 -159.048 117.823 -10.25
-1031.37 987.345 -29.6958 -159.046 117.823 -10.248
-1031.38 987.34 -30.6958 -159.046 117.823 -10.248
-1031.38 987.335 -31.6957 -159.046 117.823 -10.249
-1031.39 987.329 -32.6957 -159.045 117.824 -10.251
-1031.39 987.324 -33.6957 -159.046 117.823 -10.25
-1031.4 987.319 -34.6957 -159.047 117.824 -10.251
-1031.4 987.314 -35.6956 -159.046 117.823 -10.251
-1031.41 987.308 -36.6956 -159.046 117.823 -10.251
-1031.41 987.303 -37.6956 -159.047 117.823 -10.252
-1031.42 987.298 -38.6956 -159.047 117.822 -10.252
-1031.42 987.293 -39.6955 -159.048 117.821 -10.25
-1031.43 987.288 -40.6955 -159.048 117.821 -10.25
-1031.43 987.282 -41.6955 -159.047 117.821 -10.249
-1031.44 987.277 -42.6955 -159.049 117.822 -10.252
-1031.44 987.272 -43.6954 -159.051 117.822 -10.257
-1031.45 987.267 -44.6954 -159.05 117.824 -10.26
-1031.45 987.261 -45.6954 -159.051 117.826 -10.264
-1031.46 987.256 -46.6953 -159.051 117.826 -10.264
-1031.46 987.251 -47.6953 -159.051 117.826 -10.264
-1031.47 987.246 -48.6953 -159.051 117.826 -10.264
-1031.47 987.241 -49.6953 -159.051 117.826 -10.264
-1031.48 987.235 -50.6952 -159.051 117.826 -10.264
-1031.48 987.23 -51.6952 -159.051 117.826 -10.264
4
-1036.29 993.341 68.3328 -159.041 117.827 -10.227
-1036.3 993.334 67.3328 -159.041 117.827 -10.227
-1036.31 993.327 66.3329 -159.041 117.827 -10.227
-1036.32 993.321 65.3329 -159.041 117.827 -10.227
-1036.32 993.314 64.333 -159.041 117.827 -10.227
-1036.33 993.307 63.3331 -159.041 117.827 -10.227
-1036.34 993.3 62.3331 -159.041 117.827 -10.227
-1036.35 993.293 61.3332 -159.041 117.827 -10.227
-1036.36 993.286 60.3332 -159.041 117.827 -10.227
-1036.36 993.279 59.3333 -159.041 117.827 -10.227
-1036.37 993.273 58.3333 -159.041 117.827 -10.227
-1036.38 993.266 57.3334 -159.041 117.827 -10.227
-1036.39 993.259 56.3334 -159.041 117.827 -10.227
-1036.4 993.252 55.3335 -159.041 117.827 -10.227
-1036.4 993.245 54.3336 -159.041 117.827 -10.227
-1036.41 993.238 53.3336 -159.041 117.827 -10.227
-1036.42 993.231 52.3337 -159.041 117.827 -10.227
-1036.43 993.225 51.3337 -159.041 117.827 -10.227
-1036.44 993.218 50.3338 -159.041 117.827 -10.227
-1036.44 993.211 49.3338 -159.041 117.827 -10.227
-1036.45 993.204 48.3339 -159.041 117.827 -10.227
-1036.46 993.197 47.3339 -159.041 117.827 -10.227
-1036.47 993.19 46.334 -159.041 117.827 -10.227
-1036.48 993.183 45.3341 -159.041 117.827 -10.227
-1036.48 993.177 44.3341 -159.041 117.827 -10.227
-1036.49 993.17 43.3342 -159.041 117.827 -10.227
-1036.5 993.163 42.3342 -159.041 117.827 -10.227
-1036.51 993.156 41.3343 -159.041 117.827 -10.227
-1036.52 993.149 40.3343 -159.041 117.827 -10.227
-1036.52 993.142 39.3344 -159.041 117.827 -10.227
-1036.53 993.135 38.3344 -159.041 117.827 -10.227
-1036.54 993.129 37.3345 -159.041 117.827 -10.227
-1036.55 993.122 36.3345 -159.041 117.827 -10.227
-1036.56 993.115 35.3346 -159.041 117.827 -10.227
-1036.56 993.108 34.3347 -159.041 117.827 -10.227
-1036.57 993.101 33.3347 -159.041 117.827 -10.227
-1036.58 993.094 32.3348 -159.041 117.827 -10.227
-1036.59 993.087 31.3348 -159.041 117.827 -10.227
-1036.6 993.08 30.3349 -159.041 117.827 -10.227
-1036.6 993.074 29.3349 -159.041 117.827 -10.227
-1036.61 993.067 28.335 -159.041 117.827 -10.227
-1036.62 993.06 27.335 -159.041 117.827 -10.227
-1036.63 993.053 26.3351 -159.046 117.814 -10.239
-1036.63 993.046 25.3352 -159.046 117.812 -10.238
-1036.64 993.039 24.3352 -159.05 117.817 -10.243
-1036.65 993.032 23.3353 -159.05 117.817 -10.243
-1036.66 993.026 22.3353 -159.048 117.82 -10.243
-1036.67 993.019 21.3354 -159.047 117.822 -10.246
-1036.67 993.012 20.3354 -159.049 117.824 -10.248
-1036.68 993.005 19.3355 -159.049 117.824 -10.248
-1036.69 992.998 18.3355 -159.048 117.824 -10.248
-1036.7 992.991 17.3356 -159.046 117.823 -10.248
-1036.71 992.984 16.3357 -159.045 117.821 -10.247
-1036.71 992.978 15.3357 -159.045 117.821 -10.247
-1036.72 992.971 14.3358 -159.049 117.819 -10.241
-1036.73 992.964 13.3358 -159.049 117.819 -10.241
-1036.74 992.957 12.3359 -159.047 117.818 -10.247
-1036.75 992.95 11.3359 -159.046 117.819 -10.249
-1036.75 992.943 10.336 -159.046 117.82 -10.249
-1036.76 992.936 9.33604 -159.047 117.821 -10.247
-1036.77 992.93 8.33609 -159.048 117.821 -10.247
-1036.78 992.923 7.33615 -159.048 117.822 -10.245
-1036.79 992.916 6.3362 -159.048 117.822 -10.242
-1036.79 992.909 5.33626 -159.049 117.822 -10.242
-1036.8 992.902 4.33631 -159.049 117.822 -10.242
-1036.81 992.895 3.33637 -159.049 117.822 -10.241
-1036.82 992.888 2.33642 -159.048 117.822 -10.238
-1036.83 992.882 1.33648 -159.049 117.823 -10.236
-1036.83 992.875 0.336533 -159.05 117.824 -10.233
-1036.84 992.868 -0.663411 -159.051 117.824 -10.233
-1036.85 992.861 -1.66336 -159.051 117.824 -10.233
-1036.86 992.854 -2.6633 -159.05 117.825 -10.235
-1036.87 992.847 -3.66325 -159.048 117.825 -10.236
-1036.87 992.84 -4.66319 -159.049 117.825 -10.234
-1036.88 992.833 -5.66314 -159.049 117.826 -10.236
-1036.89 992.827 -6.66308 -159.049 117.825 -10.238
-1036.9 992.82 -7.66303 -159.049 117.825 -10.238
-1036.91 992.813 -8.66297 -159.049 117.825 -10.238
-1036.91 992.806 -9.66292 -159.049 117.825 -10.239
-1036.92 992.799 -10.6629 -159.048 117.825 -10.241
-1036.93 992.792 -11.6628 -159.048 117.825 -10.241
-1036.94 992.785 -12.6627 -159.047 117.824 -10.241
-1036.95 992.779 -13.6627 -159.047 117.823 -10.24
-1036.95 992.772 -14.6626 -159.047 117.823 -10.24
-1036.96 992.765 -15.6626 -159.047 117.822 -10.247
-1036.97 992.758 -16.6625 -159.048 117.821 -10.249
-1036.98 992.751 -17.6625 -159.046 117.819 -10.25
-1036.98 992.744 -18.6624 -159.046 117.819 -10.25
-1036.99 992.737 -19.6624 -159.047 117.819 -10.252
-1037 992.731 -20.6623 -159.046 117.818 -10.252
-1037.01 992.724 -21.6623 -159.045 117.818 -10.255
-1037.02 992.717 -22.6622 -159.045 117.818 -10.256
-1037.02 992.71 -23.6621 -159.046 117.819 -10.255
-1037.03 992.703 -24.6621 -159.046 117.819 -10.255
-1037.04 992.696 -25.662 -159.048 117.819 -10.252
-1037.05 992.689 -26.662 -159.05 117.82 -10.246
-1037.06 992.683 -27.6619 -159.05 117.82 -10.246
-1037.06 992.676 -28.6619 -159.05 117.821 -10.25
-1037.07 992.669 -29.6618 -159.05 117.822 -10.253
-1037.08 992.662 -30.6618 -159.05 117.822 -10.253
-1037.09 992.655 -31.6617 -159.049 117.822 -10.251
-1037.1 992.648 -32.6616 -159.048 117.823 -10.248
-1037.1 992.641 -33.6616 -159.048 117.823 -10.247
-1037.11 992.635 -34.6615 -159.05 117.824 -10.247
-1037.12 992.628 -35.6615 -159.05 117.824 -10.247
-1037.13 992.621 -36.6614 -159.05 117.824 -10.247
-1037.14 992.614 -37.6614 -159.049 117.823 -10.248
-1037.14 992.607 -38.6613 -159.05 117.823 -10.249
-1037.15 992.6 -39.6613 -159.051 117.823 -10.242
-1037.16 992.593 -40.6612 -159.05 117.823 -10.241
-1037.17 992.586 -41.6611 -159.05 117.823 -10.241
-1037.18 992.58 -42.6611 -159.049 117.823 -10.243
-1037.18 992.573 -43.661 -159.05 117.823 -10.251
-1037.19 992.566 -44.661 -159.051 117.825 -10.257
-1037.2 992.559 -45.6609 -159.05 117.826 -10.26
-1037.21 992.552 -46.6609 -159.05 117.826 -10.26
-1037.22 992.545 -47.6608 -159.051 117.829 -10.265
-1037.22 992.538 -48.6608 -159.051 117.829 -10.265
-1037.23 992.532 -49.6607 -159.051 117.829 -10.265
-1037.24 992.525 -50.6607 -159.051 117.829 -10.265
-1037.25 992.518 -51.6606 -159.051 117.829 -10.265
5
-1032.8 990.267 68.4986 -159.039 117.825 -10.227
-1032.81 990.271 67.4986 -159.039 117.825 -10.227
-1032.82 990.275 66.4986 -159.039 117.825 -10.227
-1032.83 990.279 65.4987 -159.039 117.825 -10.227
-1032.84 990.283 64.4987 -159.039 117.825 -10.227
-1032.84 990.287 63.4988 -159.039 117.825 -10.227
-1032.85 990.291 62.4988 -159.039 117.825 -10.227
-1032.86 990.295 61.4989 -159.039 117.825 -10.227
-1032.87 990.299 60.4989 -159.039 117.825 -10.227
-1032.88 990.303 59.499 -159.039 117.825 -10.227
-1032.89 990.307 58.499 -159.039 117.825 -10.227
-1032.9 990.311 57.499 -159.039 117.825 -10.227
-1032.9 990.315 56.4991 -159.039 117.825 -10.227
-1032.91 990.319 55.4991 -159.039 117.825 -10.227
-1032.92 990.323 54.4992 -159.039 117.825 -10.227
-1032.93 990.327 53.4992 -159.039 117.825 -10.227
-1032.94 990.331 52.4993 -159.039 117.825 -10.227
-1032.95 990.335 51.4993 -159.039 117.825 -10.227
-1032.96 990.339 50.4993 -159.039 117.825 -10.227
-1032.96 990.343 49.4994 -159.039 117.825 -10.227
-1032.97 990.347 48.4994 -159.039 117.825 -10.227
-1032.98 990.351 47.4995 -159.039 117.825 -10.227
-1032.99 990.355 46.4995 -159.039 117.825 -10.227
-1033 990.359 45.4996 -159.039 117.825 -10.227
-1033.01 990.363 44.4996 -159.039 117.825 -10.227
-1033.01 990.367 43.4997 -159.039 117.825 -10.227
-1033.02 990.371 42.4997 -159.039 117.825 -10.227
-1033.03 990.375 41.4997 -159.039 117.825 -10.227
-1033.04 990.379 40.4998 -159.039 117.825 -10.227
-1033.05 990.383 39.4998 -159.039 117.825 -10.227
-1033.06 990.387 38.4999 -159.039 117.825 -10.227
-1033.07 990.391 37.4999 -159.039 117.825 -10.227
-1033.07 990.395 36.5 -159.039 117.825 -10.227
-1033.08 990.399 35.5 -159.039 117.825 -10.227
-1033.09 990.403 34.5001 -159.039 117.825 -10.227
-1033.1 990.407 33.5001 -159.039 117.825 -10.227
-1033.11 990.411 32.5001 -159.039 117.825 -10.227
-1033.12 990.415 31.5002 -159.039 117.825 -10.227
-1033.13 990.418 30.5002 -159.039 117.825 -10.227
-1033.13 990.422 29.5003 -159.039 117.825 -10.227
-1033.14 990.426 28.5003 -159.039 117.825 -10.227
-1033.15 990.43 27.5004 -159.039 117.825 -10.227
-1033.16 990.434 26.5004 -159.048 117.817 -10.238
-1033.17 990.438 25.5005 -159.048 117.812 -10.235
-1033.18 990.442 24.5005 -159.052 117.816 -10.24
-1033.19 990.446 23.5005 -159.05 117.82 -10.242
-1033.19 990.45 22.5006 -159.047 117.822 -10.242
-1033.2 990.454 21.5006 -159.047 117.822 -10.242
-1033.21 990.458 20.5007 -159.048 117.824 -10.245
-1033.22 990.462 19.5007 -159.051 117.826 -10.247
-1033.23 990.466 18.5008 -159.051 117.825 -10.246
-1033.24 990.47 17.5008 -159.046 117.824 -10.247
-1033.25 990.474 16.5009 -159.046 117.824 -10.247
-1033.25 990.478 15.5009 -159.046 117.822 -10.245
-1033.26 990.482 14.5009 -159.048 117.821 -10.244
-1033.27 990.486 13.501 -159.048 117.821 -10.244
-1033.28 990.49 12.501 -159.045 117.821 -10.246
-1033.29 990.494 11.5011 -159.047 117.821 -10.246
-1033.3 990.498 10.5011 -159.048 117.822 -10.245
-1033.3 990.502 9.50116 -159.048 117.822 -10.245
-1033.31 990.506 8.50121 -159.049 117.823 -10.246
-1033.32 990.51 7.50125 -159.048 117.822 -10.244
-1033.33 990.514 6.50129 -159.048 117.822 -10.241
-1033.34 990.518 5.50134 -159.049 117.822 -10.241
-1033.35 990.522 4.50138 -159.049 117.822 -10.241
-1033.36 990.526 3.50143 -159.049 117.822 -10.24
-1033.36 990.53 2.50147 -159.049 117.822 -10.238
-1033.37 990.534 1.50152 -159.049 117.823 -10.236
-1033.38 990.538 0.50156 -159.05 117.823 -10.235
-1033.39 990.542 -0.498396 -159.05 117.823 -10.235
-1033.4 990.546 -1.49835 -159.05 117.823 -10.236
-1033.41 990.55 -2.49831 -159.049 117.823 -10.234
-1033.42 990.554 -3.49826 -159.05 117.824 -10.234
-1033.42 990.558 -4.49822 -159.05 117.824 -10.234
-1033.43 990.562 -5.49817 -159.05 117.824 -10.236
-1033.44 990.566 -6.49813 -159.05 117.824 -10.236
-1033.45 990.57 -7.49809 -159.048 117.823 -10.237
-1033.46 990.574 -8.49804 -159.049 117.823 -10.239
-1033.47 990.577 -9.498 -159.049 117.824 -10.238
-1033.48 990.581 -10.498 -159.05 117.824 -10.237
-1033.48 990.585 -11.4979 -159.05 117.824 -10.237
-1033.49 990.589 -12.4979 -159.048 117.824 -10.239
-1033.5 990.593 -13.4978 -159.048 117.822 -10.238
-1033.51 990.597 -14.4978 -159.048 117.821 -10.244
-1033.52 990.601 -15.4977 -159.048 117.82 -10.244
-1033.53 990.605 -16.4977 -159.048 117.82 -10.244
-1033.53 990.609 -17.4976 -159.047 117.819 -10.247
-1033.54 990.613 -18.4976 -159.046 117.819 -10.251
-1033.55 990.617 -19.4976 -159.047 117.82 -10.253
-1033.56 990.621 -20.4975 -159.044 117.819 -10.255
-1033.57 990.625 -21.4975 -159.044 117.819 -10.255
-1033.58 990.629 -22.4974 -159.044 117.819 -10.254
-1033.59 990.633 -23.4974 -159.045 117.82 -10.255
-1033.59 990.637 -24.4973 -159.047 117.82 -10.255
-1033.6 990.641 -25.4973 -159.049 117.82 -10.25
-1033.61 990.645 -26.4972 -159.048 117.82 -10.247
-1033.62 990.649 -27.4972 -159.048 117.82 -10.247
-1033.63 990.653 -28.4972 -159.048 117.821 -10.251
-1033.64 990.657 -29.4971 -159.048 117.823 -10.252
-1033.65 990.661 -30.4971 -159.047 117.823 -10.251
-1033.65 990.665 -31.497 -159.046 117.824 -10.248
-1033.66 990.669 -32.497 -159.046 117.824 -10.248
-1033.67 990.673 -33.4969 -159.046 117.824 -10.248
-1033.68 990.677 -34.4969 -159.048 117.824 -10.249
-1033.69 990.681 -35.4968 -159.049 117.824 -10.249
-1033.7 990.685 -36.4968 -159.048 117.824 -10.249
-1033.71 990.689 -37.4968 -159.049 117.823 -10.25
-1033.71 990.693 -38.4967 -159.049 117.823 -10.25
-1033.72 990.697 -39.4967 -159.05 117.822 -10.247
-1033.73 990.701 -40.4966 -159.05 117.822 -10.245
-1033.74 990.705 -41.4966 -159.049 117.821 -10.245
-1033.75 990.709 -42.4965 -159.051 117.821 -10.25
-1033.76 990.713 -43.4965 -159.052 117.823 -10.254
-1033.76 990.717 -44.4965 -159.052 117.824 -10.257
-1033.77 990.721 -45.4964 -159.051 117.827 -10.262
-1033.78 990.725 -46.4964 -159.051 117.827 -10.262
-1033.79 990.729 -47.4963 -159.051 117.827 -10.262
-1033.8 990.733 -48.4963 -159.051 117.827 -10.262
-1033.81 990.737 -49.4962 -159.051 117.827 -10.262
-1033.82 990.74 -50.4962 -159.051 117.827 -10.262
-1033.82 990.744 -51.4961 -159.051 117.827 -10.262
6
-1035.85 995.337 67.9153 -159.04 117.826 -10.229
-1035.85 995.336 66.9153 -159.04 117.826 -10.229
-1035.86 995.334 65.9154 -159.04 117.826 -10.229
-1035.87 995.332 64.9154 -159.04 117.826 -10.229
-1035.88 995.331 63.9154 -159.04 117.826 -10.229
-1035.88 995.329 62.9154 -159.04 117.826 -10.229
-1035.89 995.327 61.9155 -159.04 117.826 -10.229
-1035.9 995.326 60.9155 -159.04 117.826 -10.229
-1035.9 995.324 59.9155 -159.04 117.826 -10.229
-1035.91 995.323 58.9156 -159.04 117.826 -10.229
-1035.92 995.321 57.9156 -159.04 117.826 -10.229
-1035.93 995.319 56.9156 -159.04 117.826 -10.229
-1035.93 995.318 55.9156 -159.04 117.826 -10.229
-1035.94 995.316 54.9157 -159.04 117.826 -10.229
-1035.95 995.314 53.9157 -159.04 117.826 -10.229
-1035.96 995.313 52.9157 -159.04 117.826 -10.229
-1035.96 995.311 51.9158 -159.04 117.826 -10.229
-1035.97 995.309 50.9158 -159.04 117.826 -10.229
-1035.98 995.308 49.9158 -159.04 117.826 -10.229
-1035.98 995.306 48.9158 -159.04 117.826 -10.229
-1035.99 995.304 47.9159 -159.04 117.826 -10.229
-1036 995.303 46.9159 -159.04 117.826 -10.229
-1036.01 995.301 45.9159 -159.04 117.826 -10.229
-1036.01 995.299 44.9159 -159.04 117.826 -10.229
-1036.02 995.298 43.916 -159.04 117.826 -10.229
-1036.03 995.296 42.916 -159.04 117.826 -10.229
-1036.04 995.294 41.916 -159.04 117.826 -10.229
-1036.04 995.293 40.9161 -159.04 117.826 -10.229
-1036.05 995.291 39.9161 -159.04 117.826 -10.229
-1036.06 995.289 38.9161 -159.04 117.826 -10.229
-1036.07 995.288 37.9161 -159.04 117.826 -10.229
-1036.07 995.286 36.9162 -159.04 117.826 -10.229
-1036.08 995.284 35.9162 -159.04 117.826 -10.229
-1036.09 995.283 34.9162 -159.04 117.826 -10.229
-1036.09 995.281 33.9163 -159.04 117.826 -10.229
-1036.1 995.279 32.9163 -159.04 117.826 -10.229
-1036.11 995.278 31.9163 -159.04 117.826 -10.229
-1036.12 995.276 30.9163 -159.04 117.826 -10.229
-1036.12 995.274 29.9164 -159.04 117.826 -10.229
-1036.13 995.273 28.9164 -159.04 117.826 -10.229
-1036.14 995.271 27.9164 -159.048 117.816 -10.236
-1036.15 995.27 26.9165 -159.048 117.816 -10.236
-1036.15 995.268 25.9165 -159.048 117.812 -10.233
-1036.16 995.266 24.9165 -159.052 117.818 -10.239
-1036.17 995.265 23.9165 -159.047 117.821 -10.239
-1036.17 995.263 22.9166 -159.047 117.821 -10.239
-1036.18 995.261 21.9166 -159.047 117.821 -10.239
-1036.19 995.26 20.9166 -159.05 117.825 -10.244
-1036.2 995.258 19.9166 -159.05 117.825 -10.244
-1036.2 995.256 18.9167 -159.05 117.824 -10.244
-1036.21 995.255 17.9167 -159.046 117.822 -10.245
-1036.22 995.253 16.9167 -159.046 117.822 -10.245
-1036.23 995.251 15.9168 -159.046 117.82 -10.243
-1036.23 995.25 14.9168 -159.047 117.819 -10.244
-1036.24 995.248 13.9168 -159.047 117.819 -10.244
-1036.25 995.246 12.9168 -159.045 117.819 -10.246
-1036.25 995.245 11.9169 -159.047 117.82 -10.244
-1036.26 995.243 10.9169 -159.048 117.82 -10.243
-1036.27 995.241 9.91693 -159.048 117.82 -10.243
-1036.28 995.24 8.91695 -159.048 117.821 -10.245
-1036.28 995.238 7.91698 -159.047 117.822 -10.243
-1036.29 995.236 6.91701 -159.048 117.822 -10.241
-1036.3 995.235 5.91704 -159.048 117.821 -10.241
-1036.31 995.233 4.91707 -159.049 117.821 -10.239
-1036.31 995.231 3.91709 -159.049 117.821 -10.237
-1036.32 995.23 2.91712 -159.049 117.822 -10.237
-1036.33 995.228 1.91715 -159.05 117.823 -10.235
-1036.33 995.226 0.917177 -159.051 117.823 -10.234
-1036.34 995.225 -0.0827947 -159.051 117.823 -10.234
-1036.35 995.223 -1.08277 -159.05 117.823 -10.235
-1036.36 995.222 -2.08274 -159.048 117.824 -10.234
-1036.36 995.22 -3.08271 -159.048 117.824 -10.234
-1036.37 995.218 -4.08268 -159.05 117.824 -10.234
-1036.38 995.217 -5.08265 -159.05 117.824 -10.234
-1036.39 995.215 -6.08263 -159.048 117.825 -10.237
-1036.39 995.213 -7.0826 -159.047 117.824 -10.238
-1036.4 995.212 -8.08257 -159.047 117.824 -10.238
-1036.41 995.21 -9.08254 -159.048 117.825 -10.237
-1036.41 995.208 -10.0825 -159.049 117.825 -10.235
-1036.42 995.207 -11.0825 -159.047 117.825 -10.239
-1036.43 995.205 -12.0825 -159.046 117.825 -10.239
-1036.44 995.203 -13.0824 -159.046 117.823 -10.241
-1036.44 995.202 -14.0824 -159.046 117.822 -10.246
-1036.45 995.2 -15.0824 -159.046 117.822 -10.246
-1036.46 995.198 -16.0823 -159.046 117.82 -10.245
-1036.47 995.197 -17.0823 -159.045 117.819 -10.251
-1036.47 995.195 -18.0823 -159.046 117.819 -10.252
-1036.48 995.193 -19.0823 -159.045 117.819 -10.255
-1036.49 995.192 -20.0822 -159.044 117.819 -10.255
-1036.5 995.19 -21.0822 -159.044 117.819 -10.255
-1036.5 995.188 -22.0822 -159.044 117.819 -10.256
-1036.51 995.187 -23.0822 -159.045 117.819 -10.255
-1036.52 995.185 -24.0821 -159.046 117.819 -10.254
-1036.52 995.183 -25.0821 -159.046 117.819 -10.254
-1036.53 995.182 -26.0821 -159.048 117.82 -10.25
-1036.54 995.18 -27.082 -159.048 117.82 -10.249
-1036.55 995.178 -28.082 -159.049 117.821 -10.251
-1036.55 995.177 -29.082 -159.049 117.822 -10.252
-1036.56 995.175 -30.082 -159.048 117.823 -10.25
-1036.57 995.173 -31.0819 -159.047 117.823 -10.25
-1036.58 995.172 -32.0819 -159.047 117.823 -10.248
-1036.58 995.17 -33.0819 -159.047 117.823 -10.248
-1036.59 995.169 -34.0818 -159.049 117.823 -10.249
-1036.6 995.167 -35.0818 -159.049 117.823 -10.247
-1036.6 995.165 -36.0818 -159.051 117.823 -10.247
-1036.61 995.164 -37.0818 -159.051 117.823 -10.247
-1036.62 995.162 -38.0817 -159.05 117.822 -10.248
-1036.63 995.16 -39.0817 -159.05 117.822 -10.247
-1036.63 995.159 -40.0817 -159.049 117.822 -10.246
-1036.64 995.157 -41.0816 -159.049 117.821 -10.246
-1036.65 995.155 -42.0816 -159.049 117.821 -10.246
-1036.66 995.154 -43.0816 -159.051 117.822 -10.252
-1036.66 995.152 -44.0816 -159.052 117.823 -10.255
-1036.67 995.15 -45.0815 -159.05 117.826 -10.261
-1036.68 995.149 -46.0815 -159.05 117.826 -10.261
-1036.68 995.147 -47.0815 -159.05 117.826 -10.261
-1036.69 995.145 -48.0815 -159.05 117.826 -10.261
-1036.7 995.144 -49.0814 -159.05 117.826 -10.261
-1036.71 995.142 -50.0814 -159.05 117.826 -10.261
-1036.71 995.14 -51.0814 -159.05 117.826 -10.261
-1036.72 995.139 -52.0813 -159.05 117.826 -10.261
7
-1033.42 993.837 67.9789 -159.039 117.825 -10.228
-1033.43 993.841 66.979 -159.039 117.825 -10.228
-1033.44 993.845 65.9791 -159.039 117.825 -10.228
-1033.45 993.848 64.9791 -159.039 117.825 -10.228
-1033.47 993.852 63.9792 -159.039 117.825 -10.228
-1033.48 993.855 62.9793 -159.039 117.825 -10.228
-1033.49 993.859 61.9794 -159.039 117.825 -10.228
-1033.5 993.863 60.9794 -159.039 117.825 -10.228
-1033.51 993.866 59.9795 -159.039 117.825 -10.228
-1033.52 993.87 58.9796 -159.039 117.825 -10.228
-1033.53 993.873 57.9796 -159.039 117.825 -10.228
-1033.55 993.877 56.9797 -159.039 117.825 -10.228
-1033.56 993.881 55.9798 -159.039 117.825 -10.228
-1033.57 993.884 54.9799 -159.039 117.825 -10.228
-1033.58 993.888 53.9799 -159.039 117.825 -10.228
-1033.59 993.891 52.98 -159.039 117.825 -10.228
-1033.6 993.895 51.9801 -159.039 117.825 -10.228
-1033.61 993.899 50.9801 -159.039 117.825 -10.228
-1033.63 993.902 49.9802 -159.039 117.825 -10.228
-1033.64 993.906 48.9803 -159.039 117.825 -10.228
-1033.65 993.909 47.9804 -159.039 117.825 -10.228
-1033.66 993.913 46.9804 -159.039 117.825 -10.228
-1033.67 993.916 45.9805 -159.039 117.825 -10.228
-1033.68 993.92 44.9806 -159.039 117.825 -10.228
-1033.69 993.924 43.9806 -159.039 117.825 -10.228
-1033.71 993.927 42.9807 -159.039 117.825 -10.228
-1033.72 993.931 41.9808 -159.039 117.825 -10.228
-1033.73 993.934 40.9809 -159.039 117.825 -10.228
-1033.74 993.938 39.9809 -159.039 117.825 -10.228
-1033.75 993.942 38.981 -159.039 117.825 -10.228
-1033.76 993.945 37.9811 -159.039 117.825 -10.228
-1033.77 993.949 36.9811 -159.039 117.825 -10.228
-1033.79 993.952 35.9812 -159.039 117.825 -10.228
-1033.8 993.956 34.9813 -159.039 117.825 -10.228
-1033.81 993.96 33.9814 -159.039 117.825 -10.228
-1033.82 993.963 32.9814 -159.039 117.825 -10.228
-1033.83 993.967 31.9815 -159.039 117.825 -10.228
-1033.84 993.97 30.9816 -159.039 117.825 -10.228
-1033.85 993.974 29.9816 -159.039 117.825 -10.228
-1033.86 993.978 28.9817 -159.039 117.825 -10.228
-1033.88 993.981 27.9818 -159.049 117.817 -10.238
-1033.89 993.985 26.9819 -159.049 117.812 -10.233
-1033.9 993.988 25.9819 -159.052 117.817 -10.238
-1033.91 993.992 24.982 -159.052 117.817 -10.238
-1033.92 993.995 23.9821 -159.05 117.821 -10.238
-1033.93 993.999 22.9821 -159.047 117.822 -10.238
-1033.94 994.003 21.9822 -159.049 117.824 -10.241
-1033.96 994.006 20.9823 -159.052 117.825 -10.24
-1033.97 994.01 19.9824 -159.052 117.825 -10.24
-1033.98 994.013 18.9824 -159.048 117.824 -10.24
-1033.99 994.017 17.9825 -159.048 117.824 -10.24
-1034 994.021 16.9826 -159.046 117.822 -10.239
-1034.01 994.024 15.9827 -159.048 117.822 -10.238
-1034.02 994.028 14.9827 -159.047 117.821 -10.238
-1034.04 994.031 13.9828 -159.047 117.821 -10.238
-1034.05 994.035 12.9829 -159.046 117.821 -10.241
-1034.06 994.039 11.9829 -159.048 117.821 -10.241
-1034.07 994.042 10.983 -159.049 117.821 -10.24
-1034.08 994.046 9.98308 -159.049 117.822 -10.241
-1034.09 994.049 8.98315 -159.049 117.822 -10.241
-1034.1 994.053 7.98322 -159.049 117.822 -10.24
-1034.12 994.057 6.9833 -159.049 117.822 -10.24
-1034.13 994.06 5.98337 -159.049 117.822 -10.241
-1034.14 994.064 4.98344 -159.049 117.822 -10.241
-1034.15 994.067 3.98351 -159.048 117.822 -10.24
-1034.16 994.071 2.98358 -159.049 117.823 -10.238
-1034.17 994.074 1.98365 -159.049 117.823 -10.238
-1034.18 994.078 0.983725 -159.05 117.823 -10.239
-1034.2 994.082 -0.0162038 -159.05 117.823 -10.238
-1034.21 994.085 -1.01613 -159.048 117.823 -10.237
-1034.22 994.089 -2.01606 -159.048 117.823 -10.237
-1034.23 994.092 -3.01599 -159.049 117.824 -10.237
-1034.24 994.096 -4.01592 -159.049 117.824 -10.239
-1034.25 994.1 -5.01585 -159.048 117.824 -10.24
-1034.26 994.103 -6.01577 -159.048 117.824 -10.24
-1034.28 994.107 -7.0157 -159.047 117.823 -10.241
-1034.29 994.11 -8.01563 -159.047 117.823 -10.239
-1034.3 994.114 -9.01556 -159.048 117.823 -10.237
-1034.31 994.118 -10.0155 -159.048 117.823 -10.237
-1034.32 994.121 -11.0154 -159.047 117.823 -10.24
-1034.33 994.125 -12.0153 -159.047 117.823 -10.24
-1034.34 994.128 -13.0153 -159.047 117.822 -10.243
-1034.36 994.132 -14.0152 -159.047 117.822 -10.243
-1034.37 994.136 -15.0151 -159.048 117.821 -10.243
-1034.38 994.139 -16.0151 -159.047 117.82 -10.247
-1034.39 994.143 -17.015 -159.047 117.82 -10.247
-1034.4 994.146 -18.0149 -159.047 117.82 -10.247
-1034.41 994.15 -19.0148 -159.047 117.82 -10.251
-1034.42 994.153 -20.0148 -159.046 117.82 -10.25
-1034.44 994.157 -21.0147 -159.046 117.82 -10.25
-1034.45 994.161 -22.0146 -159.047 117.82 -10.25
-1034.46 994.164 -23.0146 -159.048 117.821 -10.251
-1034.47 994.168 -24.0145 -159.049 117.822 -10.25
-1034.48 994.171 -25.0144 -159.049 117.822 -10.25
-1034.49 994.175 -26.0143 -159.047 117.821 -10.247
-1034.5 994.179 -27.0143 -159.047 117.822 -10.249
-1034.52 994.182 -28.0142 -159.048 117.823 -10.251
-1034.53 994.186 -29.0141 -159.048 117.823 -10.249
-1034.54 994.189 -30.0141 -159.046 117.824 -10.25
-1034.55 994.193 -31.014 -159.046 117.824 -10.251
-1034.56 994.197 -32.0139 -159.046 117.824 -10.251
-1034.57 994.2 -33.0138 -159.046 117.824 -10.25
-1034.58 994.204 -34.0138 -159.047 117.824 -10.25
-1034.6 994.207 -35.0137 -159.047 117.823 -10.251
-1034.61 994.211 -36.0136 -159.047 117.823 -10.252
-1034.62 994.215 -37.0136 -159.048 117.822 -10.251
-1034.63 994.218 -38.0135 -159.048 117.822 -10.251
-1034.64 994.222 -39.0134 -159.048 117.821 -10.249
-1034.65 994.225 -40.0133 -159.048 117.821 -10.25
-1034.66 994.229 -41.0133 -159.048 117.821 -10.25
-1034.68 994.232 -42.0132 -159.049 117.822 -10.254
-1034.69 994.236 -43.0131 -159.051 117.823 -10.257
-1034.7 994.24 -44.0131 -159.05 117.824 -10.259
-1034.71 994.243 -45.013 -159.051 117.827 -10.264
-1034.72 994.247 -46.0129 -159.051 117.827 -10.264
-1034.73 994.25 -47.0128 -159.051 117.827 -10.264
-1034.74 994.254 -48.0128 -159.051 117.827 -10.264
-1034.76 994.258 -49.0127 -159.051 117.827 -10.264
-1034.77 994.261 -50.0126 -159.051 117.827 -10.264
-1034.78 994.265 -51.0126 -159.051 117.827 -10.264
-1034.79 994.268 -52.0125 -159.051 117.827 -10.264
8
-1034.11 992.984 67.8016 -159.039 117.824 -10.227
-1034.12 992.98 66.8017 -159.039 117.824 -10.227
-1034.13 992.976 65.8017 -159.039 117.824 -10.227
-1034.14 992.973 64.8018 -159.039 117.824 -10.227
-1034.15 992.969 63.8019 -159.039 117.824 -10.227
-1034.16 992.965 62.8019 -159.039 117.824 -10.227
-1034.17 992.961 61.802 -159.039 117.824 -10.227
-1034.18 992.957 60.8021 -159.039 117.824 -10.227
-1034.19 992.953 59.8021 -159.039 117.824 -10.227
-1034.2 992.95 58.8022 -159.039 117.824 -10.227
-1034.22 992.946 57.8022 -159.039 117.824 -10.227
-1034.23 992.942 56.8023 -159.039 117.824 -10.227
-1034.24 992.938 55.8024 -159.039 117.824 -10.227
-1034.25 992.934 54.8024 -159.039 117.824 -10.227
-1034.26 992.93 53.8025 -159.039 117.824 -10.227
-1034.27 992.927 52.8025 -159.039 117.824 -10.227
-1034.28 992.923 51.8026 -159.039 117.824 -10.227
-1034.29 992.919 50.8027 -159.039 117.824 -10.227
-1034.3 992.915 49.8027 -159.039 117.824 -10.227
-1034.31 992.911 48.8028 -159.039 117.824 -10.227
-1034.32 992.908 47.8029 -159.039 117.824 -10.227
-1034.33 992.904 46.8029 -159.039 117.824 -10.227
-1034.34 992.9 45.803 -159.039 117.824 -10.227
-1034.35 992.896 44.803 -159.039 117.824 -10.227
-1034.36 992.892 43.8031 -159.039 117.824 -10.227
-1034.37 992.888 42.8032 -159.039 117.824 -10.227
-1034.38 992.885 41.8032 -159.039 117.824 -10.227
-1034.39 992.881 40.8033 -159.039 117.824 -10.227
-1034.4 992.877 39.8033 -159.039 117.824 -10.227
-1034.41 992.873 38.8034 -159.039 117.824 -10.227
-1034.42 992.869 37.8035 -159.039 117.824 -10.227
-1034.43 992.865 36.8035 -159.039 117.824 -10.227
-1034.44 992.862 35.8036 -159.039 117.824 -10.227
-1034.45 992.858 34.8037 -159.039 117.824 -10.227
-1034.46 992.854 33.8037 -159.039 117.824 -10.227
-1034.48 992.85 32.8038 -159.039 117.824 -10.227
-1034.49 992.846 31.8038 -159.039 117.824 -10.227
-1034.5 992.842 30.8039 -159.039 117.824 -10.227
-1034.51 992.839 29.804 -159.039 117.824 -10.227
-1034.52 992.835 28.804 -159.039 117.824 -10.227
-1034.53 992.831 27.8041 -159.039 117.824 -10.227
-1034.54 992.827 26.8041 -159.049 117.817 -10.238
-1034.55 992.823 25.8042 -159.049 117.813 -10.233
-1034.56 992.82 24.8043 -159.052 117.817 -10.237
-1034.57 992.816 23.8043 -159.05 117.821 -10.238
-1034.58 992.812 22.8044 -159.047 117.822 -10.238
-1034.59 992.808 21.8044 -159.047 117.822 -10.238
-1034.6 992.804 20.8045 -159.048 117.825 -10.24
-1034.61 992.8 19.8046 -159.051 117.826 -10.24
-1034.62 992.797 18.8046 -159.05 117.825 -10.241
-1034.63 992.793 17.8047 -159.046 117.824 -10.241
-1034.64 992.789 16.8048 -159.046 117.824 -10.241
-1034.65 992.785 15.8048 -159.045 117.822 -10.24
-1034.66 992.781 14.8049 -159.048 117.822 -10.239
-1034.67 992.777 13.8049 -159.046 117.821 -10.239
-1034.68 992.774 12.805 -159.047 117.821 -10.241
-1034.69 992.77 11.8051 -159.047 117.821 -10.241
-1034.7 992.766 10.8051 -159.047 117.821 -10.241
-1034.71 992.762 9.80519 -159.049 117.821 -10.24
-1034.72 992.758 8.80525 -159.049 117.822 -10.241
-1034.74 992.754 7.80531 -159.048 117.823 -10.241
-1034.75 992.751 6.80537 -159.049 117.823 -10.241
-1034.76 992.747 5.80543 -159.05 117.823 -10.242
-1034.77 992.743 4.80549 -159.049 117.823 -10.241
-1034.78 992.739 3.80556 -159.049 117.823 -10.241
-1034.79 992.735 2.80562 -159.049 117.823 -10.239
-1034.8 992.732 1.80568 -159.049 117.823 -10.238
-1034.81 992.728 0.805741 -159.05 117.823 -10.238
-1034.82 992.724 -0.194198 -159.05 117.823 -10.238
-1034.83 992.72 -1.19414 -159.049 117.822 -10.239
-1034.84 992.716 -2.19408 -159.049 117.822 -10.238
-1034.85 992.712 -3.19401 -159.049 117.823 -10.239
-1034.86 992.709 -4.19395 -159.049 117.823 -10.239
-1034.87 992.705 -5.19389 -159.049 117.823 -10.239
-1034.88 992.701 -6.19383 -159.048 117.823 -10.24
-1034.89 992.697 -7.19377 -159.046 117.823 -10.241
-1034.9 992.693 -8.19371 -159.047 117.823 -10.241
-1034.91 992.689 -9.19364 -159.048 117.824 -10.238
-1034.92 992.686 -10.1936 -159.048 117.824 -10.239
-1034.93 992.682 -11.1935 -159.048 117.824 -10.239
-1034.94 992.678 -12.1935 -159.046 117.824 -10.24
-1034.95 992.674 -13.1934 -159.048 117.822 -10.24
-1034.96 992.67 -14.1933 -159.048 117.822 -10.24
-1034.97 992.666 -15.1933 -159.048 117.822 -10.246
-1034.99 992.663 -16.1932 -159.048 117.82 -10.244
-1035 992.659 -17.1932 -159.048 117.82 -10.247
-1035.01 992.655 -18.1931 -159.048 117.819 -10.248
-1035.02 992.651 -19.193 -159.048 117.819 -10.248
-1035.03 992.647 -20.193 -159.048 117.819 -10.25
-1035.04 992.643 -21.1929 -159.047 117.82 -10.251
-1035.05 992.64 -22.1928 -159.046 117.82 -10.25
-1035.06 992.636 -23.1928 -159.047 117.821 -10.251
-1035.07 992.632 -24.1927 -159.047 117.821 -10.251
-1035.08 992.628 -25.1927 -159.048 117.822 -10.25
-1035.09 992.624 -26.1926 -159.047 117.822 -10.247
-1035.1 992.621 -27.1925 -159.047 117.822 -10.248
-1035.11 992.617 -28.1925 -159.048 117.823 -10.251
-1035.12 992.613 -29.1924 -159.048 117.823 -10.251
-1035.13 992.609 -30.1924 -159.048 117.824 -10.249
-1035.14 992.605 -31.1923 -159.047 117.824 -10.25
-1035.15 992.601 -32.1922 -159.046 117.824 -10.251
-1035.16 992.598 -33.1922 -159.046 117.824 -10.25
-1035.17 992.594 -34.1921 -159.047 117.824 -10.252
-1035.18 992.59 -35.192 -159.047 117.824 -10.252
-1035.19 992.586 -36.192 -159.048 117.823 -10.251
-1035.2 992.582 -37.1919 -159.048 117.823 -10.252
-1035.21 992.578 -38.1919 -159.048 117.823 -10.252
-1035.22 992.575 -39.1918 -159.048 117.821 -10.251
-1035.23 992.571 -40.1917 -159.048 117.821 -10.249
-1035.25 992.567 -41.1917 -159.047 117.821 -10.25
-1035.26 992.563 -42.1916 -159.049 117.821 -10.254
-1035.27 992.559 -43.1916 -159.049 117.821 -10.254
-1035.28 992.555 -44.1915 -159.051 117.823 -10.257
-1035.29 992.552 -45.1914 -159.05 117.825 -10.259
-1035.3 992.548 -46.1914 -159.051 117.827 -10.265
-1035.31 992.544 -47.1913 -159.051 117.827 -10.265
-1035.32 992.54 -48.1912 -159.051 117.827 -10.265
-1035.33 992.536 -49.1912 -159.051 117.827 -10.265
-1035.34 992.533 -50.1911 -159.051 117.827 -10.265
-1035.35 992.529 -51.1911 -159.051 117.827 -10.265
-1035.36 992.525 -52.191 -159.051 117.827 -10.265
9
-1038.31 994.352 68.2217 -159.04 117.826 -10.227
-1038.31 994.352 67.2218 -159.04 117.826 -10.227
-1038.32 994.352 66.2218 -159.04 117.826 -10.227
-1038.33 994.351 65.2218 -159.04 117.826 -10.227
-1038.33 994.351 64.2218 -159.04 117.826 -10.227
-1038.34 994.351 63.2218 -159.04 117.826 -10.227
-1038.34 994.351 62.2219 -159.04 117.826 -10.227
-1038.35 994.351 61.2219 -159.04 117.826 -10.227
-1038.36 994.35 60.2219 -159.04 117.826 -10.227
-1038.36 994.35 59.2219 -159.04 117.826 -10.227
-1038.37 994.35 58.2219 -159.04 117.826 -10.227
-1038.37 994.35 57.2219 -159.04 117.826 -10.227
-1038.38 994.35 56.222 -159.04 117.826 -10.227
-1038.39 994.349 55.222 -159.04 117.826 -10.227
-1038.39 994.349 54.222 -159.04 117.826 -10.227
-1038.4 994.349 53.222 -159.04 117.826 -10.227
-1038.4 994.349 52.222 -159.04 117.826 -10.227
-1038.41 994.349 51.222 -159.04 117.826 -10.227
-1038.42 994.348 50.2221 -159.04 117.826 -10.227
-1038.42 994.348 49.2221 -159.04 117.826 -10.227
-1038.43 994.348 48.2221 -159.04 117.826 -10.227
-1038.43 994.348 47.2221 -159.04 117.826 -10.227
-1038.44 994.348 46.2221 -159.04 117.826 -10.227
-1038.45 994.347 45.2222 -159.04 117.826 -10.227
-1038.45 994.347 44.2222 -159.04 117.826 -10.227
-1038.46 994.347 43.2222 -159.04 117.826 -10.227
-1038.46 994.347 42.2222 -159.04 117.826 -10.227
-1038.47 994.347 41.2222 -159.04 117.826 -10.227
-1038.48 994.346 40.2222 -159.04 117.826 -10.227
-1038.48 994.346 39.2223 -159.04 117.826 -10.227
-1038.49 994.346 38.2223 -159.04 117.826 -10.227
-1038.49 994.346 37.2223 -159.04 117.826 -10.227
-1038.5 994.345 36.2223 -159.04 117.826 -10.227
-1038.51 994.345 35.2223 -159.04 117.826 -10.227
-1038.51 994.345 34.2224 -159.04 117.826 -10.227
-1038.52 994.345 33.2224 -159.04 117.826 -10.227
-1038.52 994.345 32.2224 -159.04 117.826 -10.227
-1038.53 994.344 31.2224 -159.04 117.826 -10.227
-1038.54 994.344 30.2224 -159.04 117.826 -10.227
-1038.54 994.344 29.2224 -159.04 117.826 -10.227
-1038.55 994.344 28.2225 -159.04 117.826 -10.227
-1038.55 994.344 27.2225 -159.04 117.826 -10.227
-1038.56 994.343 26.2225 -159.046 117.817 -10.238
-1038.57 994.343 25.2225 -159.046 117.812 -10.235
-1038.57 994.343 24.2225 -159.05 117.816 -10.239
-1038.58 994.343 23.2225 -159.05 117.816 -10.239
-1038.58 994.343 22.2226 -159.046 117.822 -10.242
-1038.59 994.342 21.2226 -159.046 117.822 -10.242
-1038.6 994.342 20.2226 -159.049 117.824 -10.244
-1038.6 994.342 19.2226 -159.052 117.825 -10.243
-1038.61 994.342 18.2226 -159.052 117.825 -10.243
-1038.61 994.342 17.2227 -159.048 117.825 -10.244
-1038.62 994.341 16.2227 -159.046 117.823 -10.244
-1038.63 994.341 15.2227 -159.046 117.823 -10.244
-1038.63 994.341 14.2227 -159.048 117.822 -10.24
-1038.64 994.341 13.2227 -159.05 117.822 -10.239
-1038.64 994.341 12.2227 -159.048 117.821 -10.241
-1038.65 994.34 11.2228 -159.048 117.821 -10.246
-1038.66 994.34 10.2228 -159.048 117.821 -10.246
-1038.66 994.34 9.2228 -159.049 117.822 -10.245
-1038.67 994.34 8.22282 -159.049 117.822 -10.244
-1038.67 994.34 7.22284 -159.047 117.823 -10.244
-1038.68 994.339 6.22285 -159.047 117.823 -10.244
-1038.69 994.339 5.22287 -159.049 117.821 -10.24
-1038.69 994.339 4.22289 -159.049 117.821 -10.24
-1038.7 994.339 3.22291 -159.049 117.822 -10.24
-1038.7 994.338 2.22293 -159.049 117.822 -10.24
-1038.71 994.338 1.22294 -159.049 117.822 -10.237
-1038.72 994.338 0.222962 -159.049 117.822 -10.237
-1038.72 994.338 -0.77702 -159.049 117.822 -10.235
-1038.73 994.338 -1.777 -159.048 117.823 -10.238
-1038.73 994.337 -2.77698 -159.048 117.823 -10.238
-1038.74 994.337 -3.77697 -159.047 117.822 -10.238
-1038.75 994.337 -4.77695 -159.048 117.823 -10.238
-1038.75 994.337 -5.77693 -159.048 117.823 -10.238
-1038.76 994.337 -6.77691 -159.048 117.823 -10.241
-1038.76 994.336 -7.77689 -159.048 117.823 -10.241
-1038.77 994.336 -8.77688 -159.047 117.823 -10.241
-1038.78 994.336 -9.77686 -159.048 117.823 -10.242
-1038.78 994.336 -10.7768 -159.048 117.824 -10.241
-1038.79 994.336 -11.7768 -159.048 117.824 -10.242
-1038.79 994.335 -12.7768 -159.048 117.824 -10.242
-1038.8 994.335 -13.7768 -159.048 117.824 -10.238
-1038.81 994.335 -14.7768 -159.049 117.823 -10.241
-1038.81 994.335 -15.7768 -159.049 117.821 -10.246
-1038.82 994.335 -16.7767 -159.049 117.821 -10.246
-1038.82 994.334 -17.7767 -159.049 117.82 -10.246
-1038.83 994.334 -18.7767 -159.048 117.819 -10.247
-1038.84 994.334 -19.7767 -159.048 117.82 -10.249
-1038.84 994.334 -20.7767 -159.048 117.82 -10.249
-1038.85 994.334 -21.7766 -159.047 117.82 -10.251
-1038.85 994.333 -22.7766 -159.046 117.82 -10.25
-1038.86 994.333 -23.7766 -159.046 117.82 -10.251
-1038.87 994.333 -24.7766 -159.047 117.82 -10.251
-1038.87 994.333 -25.7766 -159.049 117.821 -10.245
-1038.88 994.333 -26.7766 -159.049 117.821 -10.245
-1038.88 994.332 -27.7765 -159.048 117.821 -10.243
-1038.89 994.332 -28.7765 -159.048 117.822 -10.249
-1038.9 994.332 -29.7765 -159.048 117.822 -10.249
-1038.9 994.332 -30.7765 -159.047 117.822 -10.251
-1038.91 994.332 -31.7765 -159.046 117.823 -10.249
-1038.91 994.331 -32.7764 -159.045 117.822 -10.249
-1038.92 994.331 -33.7764 -159.046 117.823 -10.249
-1038.92 994.331 -34.7764 -159.048 117.823 -10.249
-1038.93 994.331 -35.7764 -159.048 117.823 -10.249
-1038.94 994.33 -36.7764 -159.047 117.822 -10.25
-1038.94 994.33 -37.7764 -159.047 117.822 -10.251
-1038.95 994.33 -38.7763 -159.047 117.822 -10.251
-1038.95 994.33 -39.7763 -159.048 117.822 -10.25
-1038.96 994.33 -40.7763 -159.049 117.822 -10.246
-1038.97 994.329 -41.7763 -159.049 117.822 -10.246
-1038.97 994.329 -42.7763 -159.05 117.822 -10.248
-1038.98 994.329 -43.7762 -159.05 117.822 -10.255
-1038.98 994.329 -44.7762 -159.051 117.823 -10.26
-1038.99 994.329 -45.7762 -159.051 117.824 -10.261
-1039 994.328 -46.7762 -159.052 117.827 -10.265
-1039 994.328 -47.7762 -159.052 117.827 -10.265
-1039.01 994.328 -48.7762 -159.052 117.827 -10.265
-1039.01 994.328 -49.7761 -159.052 117.827 -10.265
-1039.02 994.328 -50.7761 -159.052 117.827 -10.265
-1039.03 994.327 -51.7761 -159.052 117.827 -10.265
10
-1038.04 990.258 69.0446 -159.038 117.825 -10.225
-1038.05 990.259 68.0446 -159.038 117.825 -10.225
-1038.06 990.261 67.0447 -159.038 117.825 -10.225
-1038.07 990.262 66.0447 -159.038 117.825 -10.225
-1038.08 990.263 65.0448 -159.038 117.825 -10.225
-1038.09 990.265 64.0448 -159.038 117.825 -10.225
-1038.1 990.266 63.0449 -159.038 117.825 -10.225
-1038.11 990.267 62.0449 -159.038 117.825 -10.225
-1038.12 990.268 61.045 -159.038 117.825 -10.225
-1038.13 990.27 60.045 -159.038 117.825 -10.225
-1038.14 990.271 59.045 -159.038 117.825 -10.225
-1038.15 990.272 58.0451 -159.038 117.825 -10.225
-1038.16 990.273 57.0451 -159.038 117.825 -10.225
-1038.17 990.275 56.0452 -159.038 117.825 -10.225
-1038.18 990.276 55.0452 -159.038 117.825 -10.225
-1038.19 990.277 54.0453 -159.038 117.825 -10.225
-1038.2 990.279 53.0453 -159.038 117.825 -10.225
-1038.21 990.28 52.0454 -159.038 117.825 -10.225
-1038.22 990.281 51.0454 -159.038 117.825 -10.225
-1038.23 990.282 50.0455 -159.038 117.825 -10.225
-1038.24 990.284 49.0455 -159.038 117.825 -10.225
-1038.25 990.285 48.0456 -159.038 117.825 -10.225
-1038.26 990.286 47.0456 -159.038 117.825 -10.225
-1038.27 990.287 46.0457 -159.038 117.825 -10.225
-1038.28 990.289 45.0457 -159.038 117.825 -10.225
-1038.29 990.29 44.0458 -159.038 117.825 -10.225
-1038.3 990.291 43.0458 -159.038 117.825 -10.225
-1038.31 990.293 42.0459 -159.038 117.825 -10.225
-1038.32 990.294 41.0459 -159.038 117.825 -10.225
-1038.33 990.295 40.046 -159.038 117.825 -10.225
-1038.34 990.296 39.046 -159.038 117.825 -10.225
-1038.35 990.298 38.0461 -159.038 117.825 -10.225
-1038.36 990.299 37.0461 -159.038 117.825 -10.225
-1038.37 990.3 36.0462 -159.038 117.825 -10.225
-1038.38 990.301 35.0462 -159.038 117.825 -10.225
-1038.39 990.303 34.0463 -159.038 117.825 -10.225
-1038.4 990.304 33.0463 -159.038 117.825 -10.225
-1038.41 990.305 32.0464 -159.038 117.825 -10.225
-1038.42 990.307 31.0464 -159.038 117.825 -10.225
-1038.43 990.308 30.0465 -159.038 117.825 -10.225
-1038.44 990.309 29.0465 -159.038 117.825 -10.225
-1038.45 990.31 28.0466 -159.038 117.825 -10.225
-1038.46 990.312 27.0466 -159.038 117.825 -10.225
-1038.47 990.313 26.0467 -159.038 117.825 -10.225
-1038.48 990.314 25.0467 -159.05 117.816 -10.24
-1038.49 990.315 24.0468 -159.05 117.816 -10.24
-1038.5 990.317 23.0468 -159.053 117.817 -10.244
-1038.51 990.318 22.0469 -159.05 117.82 -10.245
-1038.52 990.319 21.0469 -159.05 117.823 -10.246
-1038.53 990.321 20.047 -159.05 117.823 -10.246
-1038.54 990.322 19.047 -159.053 117.823 -10.246
-1038.55 990.323 18.0471 -159.052 117.821 -10.246
-1038.56 990.324 17.0471 -159.05 117.821 -10.248
-1038.57 990.326 16.0472 -159.048 117.821 -10.249
-1038.58 990.327 15.0472 -159.046 117.819 -10.249
-1038.59 990.328 14.0473 -159.046 117.818 -10.248
-1038.59 990.329 13.0473 -159.048 117.817 -10.245
-1038.6 990.331 12.0474 -159.047 117.817 -10.246
-1038.61 990.332 11.0474 -159.045 117.818 -10.248
-1038.62 990.333 10.0475 -159.045 117.818 -10.248
-1038.63 990.335 9.04752 -159.044 117.819 -10.246
-1038.64 990.336 8.04757 -159.043 117.819 -10.244
-1038.65 990.337 7.04762 -159.044 117.82 -10.243
-1038.66 990.338 6.04767 -159.044 117.821 -10.242
-1038.67 990.34 5.04772 -159.046 117.82 -10.24
-1038.68 990.341 4.04777 -159.046 117.82 -10.24
-1038.69 990.342 3.04782 -159.047 117.819 -10.239
-1038.7 990.343 2.04787 -159.048 117.819 -10.237
-1038.71 990.345 1.04792 -159.048 117.822 -10.237
-1038.72 990.346 0.0479654 -159.048 117.822 -10.237
-1038.73 990.347 -0.951985 -159.048 117.825 -10.235
-1038.74 990.348 -1.95194 -159.048 117.825 -10.233
-1038.75 990.35 -2.95189 -159.049 117.825 -10.233
-1038.76 990.351 -3.95184 -159.049 117.826 -10.236
-1038.77 990.352 -4.95179 -159.048 117.826 -10.232
-1038.78 990.354 -5.95174 -159.048 117.826 -10.232
-1038.79 990.355 -6.95169 -159.047 117.826 -10.233
-1038.8 990.356 -7.95164 -159.048 117.826 -10.236
-1038.81 990.357 -8.95159 -159.047 117.826 -10.236
-1038.82 990.359 -9.95154 -159.047 117.826 -10.236
-1038.83 990.36 -10.9515 -159.047 117.825 -10.237
-1038.84 990.361 -11.9514 -159.045 117.825 -10.237
-1038.85 990.362 -12.9514 -159.045 117.825 -10.239
-1038.86 990.364 -13.9513 -159.045 117.825 -10.241
-1038.87 990.365 -14.9513 -159.045 117.823 -10.242
-1038.88 990.366 -15.9512 -159.045 117.821 -10.247
-1038.89 990.368 -16.9512 -159.045 117.821 -10.247
-1038.9 990.369 -17.9511 -159.042 117.818 -10.253
-1038.91 990.37 -18.9511 -159.043 117.819 -10.254
-1038.92 990.371 -19.951 -159.044 117.819 -10.256
-1038.93 990.373 -20.951 -159.042 117.818 -10.259
-1038.94 990.374 -21.9509 -159.042 117.818 -10.259
-1038.95 990.375 -22.9509 -159.042 117.818 -10.259
-1038.96 990.376 -23.9508 -159.043 117.818 -10.259
-1038.97 990.378 -24.9508 -159.045 117.817 -10.257
-1038.98 990.379 -25.9507 -159.046 117.817 -10.256
-1038.99 990.38 -26.9507 -159.046 117.817 -10.256
-1039 990.382 -27.9507 -159.047 117.818 -10.254
-1039.01 990.383 -28.9506 -159.048 117.82 -10.252
-1039.02 990.384 -29.9506 -159.05 117.82 -10.252
-1039.03 990.385 -30.9505 -159.049 117.82 -10.255
-1039.04 990.387 -31.9505 -159.049 117.821 -10.252
-1039.05 990.388 -32.9504 -159.049 117.821 -10.252
-1039.06 990.389 -33.9504 -159.048 117.823 -10.251
-1039.07 990.39 -34.9503 -159.049 117.823 -10.249
-1039.08 990.392 -35.9503 -159.049 117.822 -10.248
-1039.09 990.393 -36.9502 -159.051 117.822 -10.247
-1039.1 990.394 -37.9502 -159.051 117.823 -10.248
-1039.11 990.396 -38.9501 -159.051 117.823 -10.248
-1039.12 990.397 -39.9501 -159.05 117.824 -10.248
-1039.13 990.398 -40.95 -159.049 117.822 -10.248
-1039.14 990.399 -41.95 -159.049 117.822 -10.246
-1039.15 990.401 -42.9499 -159.049 117.822 -10.246
-1039.16 990.402 -43.9499 -159.048 117.821 -10.247
-1039.17 990.403 -44.9498 -159.048 117.821 -10.247
-1039.18 990.404 -45.9498 -159.047 117.821 -10.25
-1039.19 990.406 -46.9497 -159.047 117.823 -10.252
-1039.2 990.407 -47.9497 -159.046 117.824 -10.257
-1039.21 990.408 -48.9496 -159.046 117.827 -10.263
-1039.22 990.41 -49.9496 -159.046 117.827 -10.263
-1039.23 990.411 -50.9495 -159.046 117.827 -10.263
11
-1034.37 991.833 68.4518 -159.038 117.825 -10.226
-1034.38 991.826 67.4519 -159.038 117.825 -10.226
-1034.38 991.819 66.4519 -159.038 117.825 -10.226
-1034.39 991.812 65.452 -159.038 117.825 -10.226
-1034.4 991.805 64.452 -159.038 117.825 -10.226
-1034.41 991.799 63.4521 -159.038 117.825 -10.226
-1034.41 991.792 62.4521 -159.038 117.825 -10.226
-1034.42 991.785 61.4522 -159.038 117.825 -10.226
-1034.43 991.778 60.4522 -159.038 117.825 -10.226
-1034.43 991.771 59.4523 -159.038 117.825 -10.226
-1034.44 991.764 58.4523 -159.038 117.825 -10.226
-1034.45 991.758 57.4524 -159.038 117.825 -10.226
-1034.46 991.751 56.4524 -159.038 117.825 -10.226
-1034.46 991.744 55.4525 -159.038 117.825 -10.226
-1034.47 991.737 54.4525 -159.038 117.825 -10.226
-1034.48 991.73 53.4526 -159.038 117.825 -10.226
-1034.49 991.723 52.4526 -159.038 117.825 -10.226
-1034.49 991.716 51.4527 -159.038 117.825 -10.226
-1034.5 991.71 50.4527 -159.038 117.825 -10.226
-1034.51 991.703 49.4528 -159.038 117.825 -10.226
-1034.51 991.696 48.4528 -159.038 117.825 -10.226
-1034.52 991.689 47.4529 -159.038 117.825 -10.226
-1034.53 991.682 46.4529 -159.038 117.825 -10.226
-1034.54 991.675 45.453 -159.038 117.825 -10.226
-1034.54 991.669 44.453 -159.038 117.825 -10.226
-1034.55 991.662 43.4531 -159.038 117.825 -10.226
-1034.56 991.655 42.4531 -159.038 117.825 -10.226
-1034.57 991.648 41.4532 -159.038 117.825 -10.226
-1034.57 991.641 40.4532 -159.038 117.825 -10.226
-1034.58 991.634 39.4533 -159.038 117.825 -10.226
-1034.59 991.627 38.4533 -159.038 117.825 -10.226
-1034.59 991.621 37.4534 -159.038 117.825 -10.226
-1034.6 991.614 36.4534 -159.038 117.825 -10.226
-1034.61 991.607 35.4535 -159.038 117.825 -10.226
-1034.62 991.6 34.4535 -159.038 117.825 -10.226
-1034.62 991.593 33.4536 -159.038 117.825 -10.226
-1034.63 991.586 32.4536 -159.038 117.825 -10.226
-1034.64 991.58 31.4537 -159.038 117.825 -10.226
-1034.65 991.573 30.4537 -159.038 117.825 -10.226
-1034.65 991.566 29.4538 -159.038 117.825 -10.226
-1034.66 991.559 28.4538 -159.038 117.825 -10.226
-1034.67 991.552 27.4539 -159.038 117.825 -10.226
-1034.67 991.545 26.4539 -159.05 117.817 -10.241
-1034.68 991.538 25.454 -159.053 117.816 -10.24
-1034.69 991.532 24.454 -159.053 117.821 -10.244
-1034.7 991.525 23.4541 -159.049 117.822 -10.243
-1034.7 991.518 22.4541 -159.052 117.824 -10.245
-1034.71 991.511 21.4542 -159.052 117.824 -10.245
-1034.72 991.504 20.4542 -159.052 117.821 -10.246
-1034.73 991.497 19.4543 -159.049 117.82 -10.247
-1034.73 991.491 18.4543 -159.048 117.82 -10.249
-1034.74 991.484 17.4544 -159.048 117.82 -10.249
-1034.75 991.477 16.4544 -159.045 117.818 -10.249
-1034.75 991.47 15.4545 -159.046 117.816 -10.248
-1034.76 991.463 14.4545 -159.046 117.816 -10.246
-1034.77 991.456 13.4546 -159.046 117.817 -10.247
-1034.78 991.449 12.4546 -159.043 117.818 -10.247
-1034.78 991.443 11.4547 -159.043 117.818 -10.247
-1034.79 991.436 10.4547 -159.042 117.819 -10.243
-1034.8 991.429 9.45476 -159.043 117.819 -10.243
-1034.81 991.422 8.45481 -159.044 117.821 -10.242
-1034.81 991.415 7.45486 -159.045 117.821 -10.24
-1034.82 991.408 6.45491 -159.046 117.819 -10.239
-1034.83 991.402 5.45496 -159.046 117.819 -10.239
-1034.83 991.395 4.45501 -159.049 117.819 -10.238
-1034.84 991.388 3.45506 -159.049 117.821 -10.238
-1034.85 991.381 2.45511 -159.05 117.824 -10.237
-1034.86 991.374 1.45516 -159.049 117.825 -10.234
-1034.86 991.367 0.455209 -159.048 117.825 -10.233
-1034.87 991.361 -0.544741 -159.049 117.825 -10.232
-1034.88 991.354 -1.54469 -159.049 117.825 -10.232
-1034.88 991.347 -2.54464 -159.05 117.826 -10.233
-1034.89 991.34 -3.54459 -159.049 117.827 -10.233
-1034.9 991.333 -4.54454 -159.049 117.826 -10.233
-1034.91 991.326 -5.54449 -159.047 117.827 -10.235
-1034.91 991.319 -6.54444 -159.047 117.827 -10.235
-1034.92 991.313 -7.54439 -159.047 117.827 -10.236
-1034.93 991.306 -8.54434 -159.046 117.826 -10.237
-1034.94 991.299 -9.54429 -159.046 117.825 -10.238
-1034.94 991.292 -10.5442 -159.045 117.825 -10.24
-1034.95 991.285 -11.5442 -159.044 117.825 -10.241
-1034.96 991.278 -12.5441 -159.044 117.823 -10.241
-1034.96 991.272 -13.5441 -159.045 117.821 -10.244
-1034.97 991.265 -14.544 -159.045 117.819 -10.248
-1034.98 991.258 -15.544 -159.045 117.819 -10.248
-1034.99 991.251 -16.5439 -159.044 117.818 -10.25
-1034.99 991.244 -17.5439 -159.043 117.819 -10.254
-1035 991.237 -18.5438 -159.043 117.819 -10.257
-1035.01 991.23 -19.5438 -159.042 117.818 -10.258
-1035.02 991.224 -20.5437 -159.043 117.818 -10.259
-1035.02 991.217 -21.5437 -159.043 117.818 -10.259
-1035.03 991.21 -22.5436 -159.043 117.818 -10.258
-1035.04 991.203 -23.5436 -159.044 117.817 -10.258
-1035.04 991.196 -24.5435 -159.046 117.817 -10.257
-1035.05 991.189 -25.5435 -159.048 117.819 -10.252
-1035.06 991.183 -26.5434 -159.048 117.819 -10.252
-1035.07 991.176 -27.5434 -159.048 117.82 -10.251
-1035.07 991.169 -28.5433 -159.05 117.82 -10.253
-1035.08 991.162 -29.5433 -159.048 117.82 -10.251
-1035.09 991.155 -30.5432 -159.048 117.82 -10.251
-1035.1 991.148 -31.5432 -159.05 117.822 -10.249
-1035.1 991.141 -32.5431 -159.049 117.822 -10.248
-1035.11 991.135 -33.5431 -159.05 117.822 -10.247
-1035.12 991.128 -34.543 -159.051 117.822 -10.246
-1035.12 991.121 -35.543 -159.051 117.822 -10.246
-1035.13 991.114 -36.5429 -159.051 117.823 -10.246
-1035.14 991.107 -37.5429 -159.05 117.824 -10.246
-1035.15 991.1 -38.5428 -159.049 117.822 -10.245
-1035.15 991.094 -39.5428 -159.049 117.822 -10.245
-1035.16 991.087 -40.5427 -159.049 117.822 -10.244
-1035.17 991.08 -41.5427 -159.048 117.822 -10.245
-1035.18 991.073 -42.5426 -159.047 117.821 -10.248
-1035.18 991.066 -43.5426 -159.047 117.821 -10.25
-1035.19 991.059 -44.5425 -159.047 117.821 -10.25
-1035.2 991.053 -45.5425 -159.047 117.823 -10.252
-1035.2 991.046 -46.5424 -159.044 117.825 -10.259
-1035.21 991.039 -47.5424 -159.044 117.825 -10.259
-1035.22 991.032 -48.5423 -159.044 117.825 -10.259
-1035.23 991.025 -49.5423 -159.044 117.825 -10.259
-1035.23 991.018 -50.5422 -159.044 117.825 -10.259
-1035.24 991.011 -51.5422 -159.044 117.825 -10.259
12
-1034.36 990.973 68.176 -159.042 117.826 -10.228
-1034.37 990.97 67.176 -159.042 117.826 -10.228
-1034.37 990.968 66.176 -159.042 117.826 -10.228
-1034.38 990.965 65.176 -159.042 117.826 -10.228
-1034.38 990.963 64.1761 -159.042 117.826 -10.228
-1034.39 990.96 63.1761 -159.042 117.826 -10.228
-1034.4 990.958 62.1761 -159.042 117.826 -10.228
-1034.4 990.955 61.1761 -159.042 117.826 -10.228
-1034.41 990.953 60.1761 -159.042 117.826 -10.228
-1034.41 990.951 59.1761 -159.042 117.826 -10.228
-1034.42 990.948 58.1762 -159.042 117.826 -10.228
-1034.42 990.946 57.1762 -159.042 117.826 -10.228
-1034.43 990.943 56.1762 -159.042 117.826 -10.228
-1034.43 990.941 55.1762 -159.042 117.826 -10.228
-1034.44 990.938 54.1762 -159.042 117.826 -10.228
-1034.44 990.936 53.1762 -159.042 117.826 -10.228
-1034.45 990.934 52.1763 -159.042 117.826 -10.228
-1034.45 990.931 51.1763 -159.042 117.826 -10.228
-1034.46 990.929 50.1763 -159.042 117.826 -10.228
-1034.46 990.926 49.1763 -159.042 117.826 -10.228
-1034.47 990.924 48.1763 -159.042 117.826 -10.228
-1034.47 990.921 47.1763 -159.042 117.826 -10.228
-1034.48 990.919 46.1764 -159.042 117.826 -10.228
-1034.48 990.917 45.1764 -159.042 117.826 -10.228
-1034.49 990.914 44.1764 -159.042 117.826 -10.228
-1034.5 990.912 43.1764 -159.042 117.826 -10.228
-1034.5 990.909 42.1764 -159.042 117.826 -10.228
-1034.51 990.907 41.1764 -159.042 117.826 -10.228
-1034.51 990.904 40.1765 -159.042 117.826 -10.228
-1034.52 990.902 39.1765 -159.042 117.826 -10.228
-1034.52 990.9 38.1765 -159.042 117.826 -10.228
-1034.53 990.897 37.1765 -159.042 117.826 -10.228
-1034.53 990.895 36.1765 -159.042 117.826 -10.228
-1034.54 990.892 35.1765 -159.042 117.826 -10.228
-1034.54 990.89 34.1766 -159.042 117.826 -10.228
-1034.55 990.887 33.1766 -159.042 117.826 -10.228
-1034.55 990.885 32.1766 -159.042 117.826 -10.228
-1034.56 990.882 31.1766 -159.042 117.826 -10.228
-1034.56 990.88 30.1766 -159.042 117.826 -10.228
-1034.57 990.878 29.1766 -159.042 117.826 -10.228
-1034.57 990.875 28.1767 -159.042 117.826 -10.228
-1034.58 990.873 27.1767 -159.042 117.826 -10.228
-1034.59 990.87 26.1767 -159.046 117.816 -10.239
-1034.59 990.868 25.1767 -159.048 117.815 -10.24
-1034.6 990.865 24.1767 -159.051 117.819 -10.243
-1034.6 990.863 23.1767 -159.049 117.82 -10.241
-1034.61 990.861 22.1768 -159.048 117.822 -10.242
-1034.61 990.858 21.1768 -159.048 117.823 -10.248
-1034.62 990.856 20.1768 -159.048 117.823 -10.248
-1034.62 990.853 19.1768 -159.049 117.822 -10.245
-1034.63 990.851 18.1768 -159.048 117.821 -10.246
-1034.63 990.848 17.1768 -159.048 117.82 -10.247
-1034.64 990.846 16.1769 -159.048 117.82 -10.247
-1034.64 990.844 15.1769 -159.047 117.819 -10.245
-1034.65 990.841 14.1769 -159.048 117.818 -10.242
-1034.65 990.839 13.1769 -159.048 117.818 -10.243
-1034.66 990.836 12.1769 -159.048 117.818 -10.243
-1034.66 990.834 11.1769 -159.047 117.819 -10.248
-1034.67 990.831 10.177 -159.046 117.82 -10.247
-1034.67 990.829 9.17698 -159.046 117.82 -10.243
-1034.68 990.827 8.177 -159.045 117.821 -10.242
-1034.69 990.824 7.17701 -159.045 117.821 -10.242
-1034.69 990.822 6.17703 -159.047 117.822 -10.24
-1034.7 990.819 5.17705 -159.049 117.821 -10.239
-1034.7 990.817 4.17706 -159.05 117.82 -10.239
-1034.71 990.814 3.17708 -159.05 117.82 -10.239
-1034.71 990.812 2.1771 -159.051 117.821 -10.237
-1034.72 990.81 1.17711 -159.05 117.823 -10.235
-1034.72 990.807 0.17713 -159.05 117.824 -10.232
-1034.73 990.805 -0.822853 -159.05 117.824 -10.234
-1034.73 990.802 -1.82284 -159.05 117.824 -10.234
-1034.74 990.8 -2.82282 -159.05 117.825 -10.236
-1034.74 990.797 -3.8228 -159.05 117.825 -10.235
-1034.75 990.795 -4.82279 -159.048 117.825 -10.235
-1034.75 990.792 -5.82277 -159.048 117.825 -10.235
-1034.76 990.79 -6.82275 -159.048 117.824 -10.236
-1034.76 990.788 -7.82274 -159.048 117.824 -10.236
-1034.77 990.785 -8.82272 -159.048 117.824 -10.238
-1034.77 990.783 -9.8227 -159.047 117.824 -10.239
-1034.78 990.78 -10.8227 -159.046 117.823 -10.242
-1034.79 990.778 -11.8227 -159.047 117.823 -10.241
-1034.79 990.775 -12.8227 -159.047 117.823 -10.242
-1034.8 990.773 -13.8226 -159.047 117.823 -10.242
-1034.8 990.771 -14.8226 -159.047 117.821 -10.245
-1034.81 990.768 -15.8226 -159.046 117.819 -10.249
-1034.81 990.766 -16.8226 -159.047 117.818 -10.251
-1034.82 990.763 -17.8226 -159.047 117.818 -10.251
-1034.82 990.761 -18.8226 -159.046 117.818 -10.252
-1034.83 990.758 -19.8225 -159.046 117.818 -10.253
-1034.83 990.756 -20.8225 -159.045 117.818 -10.254
-1034.84 990.754 -21.8225 -159.045 117.818 -10.254
-1034.84 990.751 -22.8225 -159.046 117.819 -10.254
-1034.85 990.749 -23.8225 -159.046 117.819 -10.253
-1034.85 990.746 -24.8224 -159.047 117.819 -10.253
-1034.86 990.744 -25.8224 -159.048 117.819 -10.247
-1034.86 990.741 -26.8224 -159.049 117.82 -10.247
-1034.87 990.739 -27.8224 -159.049 117.82 -10.247
-1034.87 990.737 -28.8224 -159.05 117.82 -10.25
-1034.88 990.734 -29.8224 -159.049 117.821 -10.253
-1034.89 990.732 -30.8223 -159.049 117.821 -10.252
-1034.89 990.729 -31.8223 -159.05 117.822 -10.25
-1034.9 990.727 -32.8223 -159.049 117.824 -10.25
-1034.9 990.724 -33.8223 -159.049 117.824 -10.25
-1034.91 990.722 -34.8223 -159.049 117.823 -10.249
-1034.91 990.719 -35.8223 -159.049 117.823 -10.249
-1034.92 990.717 -36.8222 -159.05 117.823 -10.249
-1034.92 990.715 -37.8222 -159.05 117.823 -10.248
-1034.93 990.712 -38.8222 -159.05 117.823 -10.248
-1034.93 990.71 -39.8222 -159.051 117.822 -10.243
-1034.94 990.707 -40.8222 -159.051 117.822 -10.243
-1034.94 990.705 -41.8222 -159.05 117.822 -10.244
-1034.95 990.702 -42.8221 -159.049 117.821 -10.246
-1034.95 990.7 -43.8221 -159.049 117.822 -10.254
-1034.96 990.698 -44.8221 -159.05 117.823 -10.256
-1034.96 990.695 -45.8221 -159.05 117.823 -10.256
-1034.97 990.693 -46.8221 -159.049 117.825 -10.26
-1034.97 990.69 -47.8221 -159.048 117.827 -10.266
-1034.98 990.688 -48.822 -159.048 117.827 -10.266
-1034.99 990.685 -49.822 -159.048 117.827 -10.266
-1034.99 990.683 -50.822 -159.048 117.827 -10.266
-1035 990.681 -51.822 -159.048 117.827 -10.266
13
-1034.67 990.81 68.5618 -159.04 117.824 -10.228
-1034.68 990.811 67.5618 -159.04 117.824 -10.228
-1034.69 990.811 66.5619 -159.04 117.824 -10.228
-1034.7 990.811 65.5619 -159.04 117.824 -10.228
-1034.71 990.812 64.5619 -159.04 117.824 -10.228
-1034.72 990.812 63.562 -159.04 117.824 -10.228
-1034.73 990.812 62.562 -159.04 117.824 -10.228
-1034.74 990.812 61.5621 -159.04 117.824 -10.228
-1034.74 990.813 60.5621 -159.04 117.824 -10.228
-1034.75 990.813 59.5621 -159.04 117.824 -10.228
-1034.76 990.813 58.5622 -159.04 117.824 -10.228
-1034.77 990.813 57.5622 -159.04 117.824 -10.228
-1034.78 990.814 56.5623 -159.04 117.824 -10.228
-1034.79 990.814 55.5623 -159.04 117.824 -10.228
-1034.8 990.814 54.5623 -159.04 117.824 -10.228
-1034.81 990.814 53.5624 -159.04 117.824 -10.228
-1034.82 990.815 52.5624 -159.04 117.824 -10.228
-1034.83 990.815 51.5625 -159.04 117.824 -10.228
-1034.83 990.815 50.5625 -159.04 117.824 -10.228
-1034.84 990.816 49.5625 -159.04 117.824 -10.228
-1034.85 990.816 48.5626 -159.04 117.824 -10.228
-1034.86 990.816 47.5626 -159.04 117.824 -10.228
-1034.87 990.816 46.5627 -159.04 117.824 -10.228
-1034.88 990.817 45.5627 -159.04 117.824 -10.228
-1034.89 990.817 44.5628 -159.04 117.824 -10.228
-1034.9 990.817 43.5628 -159.04 117.824 -10.228
-1034.91 990.817 42.5628 -159.04 117.824 -10.228
-1034.92 990.818 41.5629 -159.04 117.824 -10.228
-1034.93 990.818 40.5629 -159.04 117.824 -10.228
-1034.93 990.818 39.563 -159.04 117.824 -10.228
-1034.94 990.818 38.563 -159.04 117.824 -10.228
-1034.95 990.819 37.563 -159.04 117.824 -10.228
-1034.96 990.819 36.5631 -159.04 117.824 -10.228
-1034.97 990.819 35.5631 -159.04 117.824 -10.228
-1034.98 990.82 34.5632 -159.04 117.824 -10.228
-1034.99 990.82 33.5632 -159.04 117.824 -10.228
-1035 990.82 32.5632 -159.04 117.824 -10.228
-1035.01 990.82 31.5633 -159.04 117.824 -10.228
-1035.02 990.821 30.5633 -159.04 117.824 -10.228
-1035.02 990.821 29.5634 -159.04 117.824 -10.228
-1035.03 990.821 28.5634 -159.04 117.824 -10.228
-1035.04 990.821 27.5634 -159.04 117.824 -10.228
-1035.05 990.822 26.5635 -159.047 117.818 -10.239
-1035.06 990.822 25.5635 -159.048 117.817 -10.238
-1035.07 990.822 24.5636 -159.048 117.817 -10.238
-1035.08 990.822 23.5636 -159.05 117.821 -10.241
-1035.09 990.823 22.5637 -159.046 117.823 -10.24
-1035.1 990.823 21.5637 -159.048 117.824 -10.242
-1035.11 990.823 20.5637 -159.051 117.824 -10.243
-1035.11 990.824 19.5638 -159.051 117.824 -10.243
-1035.12 990.824 18.5638 -159.049 117.823 -10.244
-1035.13 990.824 17.5639 -159.049 117.822 -10.243
-1035.14 990.824 16.5639 -159.047 117.822 -10.244
-1035.15 990.825 15.5639 -159.047 117.822 -10.244
-1035.16 990.825 14.564 -159.046 117.821 -10.242
-1035.17 990.825 13.564 -159.046 117.821 -10.242
-1035.18 990.825 12.5641 -159.048 117.821 -10.242
-1035.19 990.826 11.5641 -159.048 117.821 -10.242
-1035.2 990.826 10.5641 -159.048 117.822 -10.243
-1035.21 990.826 9.56418 -159.046 117.822 -10.241
-1035.21 990.826 8.56422 -159.046 117.822 -10.241
-1035.22 990.827 7.56426 -159.046 117.823 -10.241
-1035.23 990.827 6.56431 -159.048 117.823 -10.241
-1035.24 990.827 5.56435 -159.048 117.823 -10.241
-1035.25 990.828 4.56439 -159.049 117.822 -10.239
-1035.26 990.828 3.56443 -159.05 117.821 -10.238
-1035.27 990.828 2.56447 -159.05 117.821 -10.238
-1035.28 990.828 1.56451 -159.05 117.821 -10.238
-1035.29 990.829 0.56455 -159.05 117.823 -10.236
-1035.3 990.829 -0.435409 -159.049 117.822 -10.235
-1035.3 990.829 -1.43537 -159.049 117.822 -10.235
-1035.31 990.829 -2.43533 -159.049 117.822 -10.237
-1035.32 990.83 -3.43529 -159.049 117.823 -10.237
-1035.33 990.83 -4.43525 -159.049 117.823 -10.237
-1035.34 990.83 -5.4352 -159.049 117.823 -10.237
-1035.35 990.83 -6.43516 -159.049 117.823 -10.238
-1035.36 990.831 -7.43512 -159.048 117.822 -10.24
-1035.37 990.831 -8.43508 -159.048 117.822 -10.24
-1035.38 990.831 -9.43504 -159.048 117.822 -10.239
-1035.39 990.832 -10.435 -159.048 117.823 -10.242
-1035.39 990.832 -11.435 -159.048 117.823 -10.242
-1035.4 990.832 -12.4349 -159.048 117.823 -10.243
-1035.41 990.832 -13.4349 -159.05 117.823 -10.243
-1035.42 990.833 -14.4348 -159.05 117.823 -10.243
-1035.43 990.833 -15.4348 -159.049 117.82 -10.246
-1035.44 990.833 -16.4348 -159.048 117.818 -10.246
-1035.45 990.833 -17.4347 -159.048 117.819 -10.248
-1035.46 990.834 -18.4347 -159.048 117.819 -10.25
-1035.47 990.834 -19.4346 -159.048 117.819 -10.25
-1035.48 990.834 -20.4346 -159.047 117.819 -10.252
-1035.49 990.834 -21.4346 -159.047 117.819 -10.252
-1035.49 990.835 -22.4345 -159.046 117.82 -10.251
-1035.5 990.835 -23.4345 -159.046 117.82 -10.251
-1035.51 990.835 -24.4344 -159.046 117.82 -10.251
-1035.52 990.836 -25.4344 -159.046 117.82 -10.251
-1035.53 990.836 -26.4343 -159.047 117.821 -10.247
-1035.54 990.836 -27.4343 -159.048 117.822 -10.247
-1035.55 990.836 -28.4343 -159.048 117.822 -10.251
-1035.56 990.837 -29.4342 -159.048 117.822 -10.251
-1035.57 990.837 -30.4342 -159.047 117.822 -10.25
-1035.58 990.837 -31.4341 -159.047 117.823 -10.251
-1035.58 990.837 -32.4341 -159.047 117.823 -10.251
-1035.59 990.838 -33.4341 -159.047 117.824 -10.25
-1035.6 990.838 -34.434 -159.047 117.824 -10.25
-1035.61 990.838 -35.434 -159.048 117.823 -10.251
-1035.62 990.838 -36.4339 -159.048 117.823 -10.251
-1035.63 990.839 -37.4339 -159.049 117.823 -10.251
-1035.64 990.839 -38.4339 -159.05 117.823 -10.252
-1035.65 990.839 -39.4338 -159.049 117.82 -10.249
-1035.66 990.839 -40.4338 -159.049 117.82 -10.249
-1035.67 990.84 -41.4337 -159.05 117.82 -10.248
-1035.67 990.84 -42.4337 -159.051 117.82 -10.249
-1035.68 990.84 -43.4337 -159.05 117.82 -10.252
-1035.69 990.841 -44.4336 -159.049 117.821 -10.256
-1035.7 990.841 -45.4336 -159.052 117.822 -10.257
-1035.71 990.841 -46.4335 -159.051 117.824 -10.26
-1035.72 990.841 -47.4335 -159.05 117.826 -10.266
-1035.73 990.842 -48.4334 -159.05 117.826 -10.266
-1035.74 990.842 -49.4334 -159.05 117.826 -10.266
-1035.75 990.842 -50.4334 -159.05 117.826 -10.266
-1035.76 990.842 -51.4333 -159.05 117.826 -10.266
