1
-966.284 95.0843 20.7122 142.486 138.363 56.444
-965.69 95.8888 20.694 142.486 138.363 56.444
-965.096 96.6933 20.6758 142.486 138.363 56.444
-964.503 97.4978 20.6577 142.486 138.363 56.444
-963.909 98.3023 20.6395 142.486 138.363 56.444
-963.315 99.1067 20.6213 142.486 138.363 56.444
-962.722 99.9112 20.6031 142.486 138.363 56.444
-962.128 100.716 20.5849 142.512 138.346 56.49
-961.534 101.52 20.5667 142.513 138.35 56.48
-960.941 102.325 20.5486 142.505 138.354 56.474
-960.347 103.129 20.5304 142.497 138.357 56.47
-959.753 103.934 20.5122 142.498 138.354 56.461
-959.16 104.738 20.494 142.501 138.352 56.461
-958.566 105.543 20.4758 142.501 138.353 56.462
-957.972 106.347 20.4577 142.501 138.353 56.462
-957.379 107.152 20.4395 142.498 138.355 56.463
-956.785 107.956 20.4213 142.496 138.358 56.46
-956.191 108.761 20.4031 142.491 138.362 56.46
-955.597 109.565 20.3849 142.491 138.362 56.46
-955.004 110.37 20.3667 142.479 138.366 56.443
-954.41 111.174 20.3486 142.479 138.366 56.443
-953.816 111.979 20.3304 142.478 138.367 56.44
-953.223 112.783 20.3122 142.484 138.367 56.442
-952.629 113.588 20.294 142.492 138.366 56.444
-952.035 114.392 20.2758 142.492 138.366 56.444
-951.442 115.197 20.2577 142.49 138.366 56.444
-950.848 116.001 20.2395 142.485 138.37 56.443
-950.254 116.805 20.2213 142.481 138.373 56.432
-949.661 117.61 20.2031 142.481 138.373 56.432
-949.067 118.414 20.1849 142.474 138.376 56.431
-948.473 119.219 20.1667 142.475 138.378 56.436
-947.879 120.023 20.1486 142.483 138.376 56.429
-947.286 120.828 20.1304 142.485 138.375 56.43
-946.692 121.632 20.1122 142.485 138.375 56.43
-946.098 122.437 20.094 142.487 138.377 56.434
-945.505 123.241 20.0758 142.485 138.377 56.428
-944.911 124.046 20.0577 142.481 138.38 56.432
-944.317 124.85 20.0395 142.478 138.383 56.436
-943.724 125.655 20.0213 142.478 138.383 56.436
-943.13 126.459 20.0031 142.483 138.379 56.42
-942.536 127.264 19.9849 142.48 138.385 56.429
-941.943 128.068 19.9667 142.473 138.388 56.429
-941.349 128.873 19.9486 142.47 138.386 56.409
-940.755 129.677 19.9304 142.473 138.386 56.418
-940.161 130.482 19.9122 142.473 138.386 56.418
-939.568 131.286 19.894 142.473 138.386 56.418
2
-966.243 95.3445 20.6392 142.485 138.362 56.443
-965.657 96.1542 20.6173 142.485 138.362 56.443
-965.071 96.9639 20.5954 142.485 138.362 56.443
-964.484 97.7736 20.5735 142.485 138.362 56.443
-963.898 98.5833 20.5516 142.485 138.362 56.443
-963.311 99.393 20.5296 142.485 138.362 56.443
-962.725 100.203 20.5077 142.511 138.346 56.487
-962.138 101.012 20.4858 142.515 138.349 56.479
-961.552 101.822 20.4639 142.507 138.353 56.473
-960.966 102.632 20.4419 142.501 138.355 56.47
-960.379 103.442 20.42 142.501 138.355 56.47
-959.793 104.251 20.3981 142.499 138.353 56.461
-959.206 105.061 20.3762 142.5 138.352 56.461
-958.62 105.871 20.3542 142.5 138.353 56.461
-958.033 106.68 20.3323 142.5 138.353 56.461
-957.447 107.49 20.3104 142.499 138.355 56.461
-956.86 108.3 20.2885 142.498 138.358 56.461
-956.274 109.109 20.2666 142.493 138.361 56.459
-955.688 109.919 20.2446 142.485 138.365 56.454
-955.101 110.729 20.2227 142.48 138.367 56.445
-954.515 111.539 20.2008 142.477 138.368 56.441
-953.928 112.348 20.1789 142.477 138.368 56.441
-953.342 113.158 20.1569 142.485 138.366 56.442
-952.755 113.968 20.135 142.492 138.366 56.443
-952.169 114.777 20.1131 142.492 138.366 56.443
-951.583 115.587 20.0912 142.488 138.367 56.445
-950.996 116.397 20.0692 142.483 138.372 56.438
-950.41 117.206 20.0473 142.479 138.375 56.434
-949.823 118.016 20.0254 142.473 138.377 56.431
-949.237 118.826 20.0035 142.474 138.378 56.433
-948.65 119.636 19.9816 142.474 138.378 56.433
-948.064 120.445 19.9596 142.484 138.375 56.429
-947.478 121.255 19.9377 142.486 138.374 56.431
-946.891 122.065 19.9158 142.486 138.377 56.435
-946.305 122.874 19.8939 142.486 138.377 56.435
-945.718 123.684 19.8719 142.484 138.378 56.43
-945.132 124.494 19.85 142.479 138.38 56.43
-944.545 125.303 19.8281 142.477 138.383 56.432
-943.959 126.113 19.8062 142.481 138.38 56.42
-943.372 126.923 19.7843 142.481 138.38 56.42
-942.786 127.733 19.7623 142.48 138.383 56.426
-942.2 128.542 19.7404 142.472 138.389 56.427
-941.613 129.352 19.7185 142.469 138.386 56.409
-941.027 130.162 19.6966 142.469 138.386 56.409
-940.44 130.971 19.6746 142.482 138.381 56.416
-939.854 131.781 19.6527 142.482 138.381 56.416
3
-968.075 95.9171 21.1044 142.487 138.362 56.443
-967.464 96.7086 21.0788 142.487 138.362 56.443
-966.853 97.5 21.0532 142.487 138.362 56.443
-966.243 98.2914 21.0275 142.487 138.362 56.443
-965.632 99.0828 21.0019 142.487 138.362 56.443
-965.021 99.8743 20.9762 142.487 138.362 56.443
-964.41 100.666 20.9506 142.513 138.347 56.496
-963.8 101.457 20.925 142.521 138.348 56.485
-963.189 102.249 20.8993 142.509 138.354 56.482
-962.578 103.04 20.8737 142.509 138.354 56.482
-961.968 103.831 20.848 142.498 138.357 56.473
-961.357 104.623 20.8224 142.496 138.356 56.462
-960.746 105.414 20.7968 142.498 138.355 56.461
-960.135 106.206 20.7711 142.498 138.355 56.461
-959.525 106.997 20.7455 142.499 138.354 56.462
-958.914 107.789 20.7198 142.5 138.355 56.462
-958.303 108.58 20.6942 142.5 138.355 56.462
-957.692 109.371 20.6686 142.5 138.357 56.463
-957.082 110.163 20.6429 142.496 138.359 56.464
-956.471 110.954 20.6173 142.493 138.36 56.459
-955.86 111.746 20.5916 142.489 138.363 56.456
-955.25 112.537 20.566 142.484 138.365 56.45
-954.639 113.329 20.5404 142.482 138.366 56.442
-954.028 114.12 20.5147 142.481 138.368 56.439
-953.417 114.911 20.4891 142.481 138.37 56.44
-952.807 115.703 20.4634 142.482 138.373 56.446
-952.196 116.494 20.4378 142.482 138.373 56.446
-951.585 117.286 20.4122 142.487 138.372 56.441
-950.974 118.077 20.3865 142.487 138.374 56.441
-950.364 118.868 20.3609 142.482 138.375 56.438
-949.753 119.66 20.3352 142.48 138.376 56.434
-949.142 120.451 20.3096 142.48 138.376 56.426
-948.532 121.243 20.284 142.48 138.376 56.427
-947.921 122.034 20.2583 142.48 138.376 56.427
-947.31 122.826 20.2327 142.479 138.378 56.43
-946.699 123.617 20.2071 142.482 138.378 56.425
-946.089 124.408 20.1814 142.48 138.381 56.433
-945.478 125.2 20.1558 142.479 138.382 56.435
-944.867 125.991 20.1301 142.48 138.381 56.425
-944.256 126.783 20.1045 142.48 138.381 56.425
-943.646 127.574 20.0789 142.476 138.383 56.427
-943.035 128.366 20.0532 142.471 138.386 56.428
-942.424 129.157 20.0276 142.47 138.385 56.412
-941.814 129.948 20.0019 142.47 138.385 56.412
-941.203 130.74 19.9763 142.47 138.385 56.412
-940.592 131.531 19.9507 142.47 138.385 56.412
4
-965.089 95.1112 21.2218 142.488 138.362 56.442
-964.477 95.9017 21.1948 142.488 138.362 56.442
-963.865 96.6922 21.1677 142.488 138.362 56.442
-963.253 97.4826 21.1406 142.488 138.362 56.442
-962.641 98.2731 21.1135 142.488 138.362 56.442
-962.029 99.0636 21.0864 142.488 138.362 56.442
-961.417 99.854 21.0593 142.513 138.346 56.488
-960.805 100.644 21.0323 142.521 138.348 56.484
-960.193 101.435 21.0052 142.511 138.353 56.481
-959.582 102.225 20.9781 142.501 138.357 56.477
-958.97 103.016 20.951 142.501 138.357 56.477
-958.358 103.806 20.9239 142.494 138.357 56.463
-957.746 104.597 20.8968 142.497 138.355 56.457
-957.134 105.387 20.8697 142.499 138.353 56.453
-956.522 106.178 20.8427 142.499 138.353 56.453
-955.91 106.968 20.8156 142.502 138.354 56.459
-955.298 107.759 20.7885 142.502 138.355 56.458
-954.686 108.549 20.7614 142.502 138.355 56.458
-954.074 109.34 20.7343 142.496 138.359 56.464
-953.462 110.13 20.7072 142.492 138.36 56.46
-952.851 110.921 20.6801 142.486 138.365 56.457
-952.239 111.711 20.6531 142.486 138.365 56.457
-951.627 112.501 20.626 142.481 138.367 56.449
-951.015 113.292 20.5989 142.481 138.367 56.439
-950.403 114.082 20.5718 142.481 138.369 56.433
-949.791 114.873 20.5447 142.482 138.37 56.438
-949.179 115.663 20.5176 142.486 138.372 56.438
-948.567 116.454 20.4906 142.486 138.372 56.438
-947.955 117.244 20.4635 142.488 138.373 56.438
-947.343 118.035 20.4364 142.482 138.374 56.439
-946.731 118.825 20.4093 142.479 138.376 56.439
-946.12 119.616 20.3822 142.478 138.376 56.43
-945.508 120.406 20.3551 142.478 138.377 56.429
-944.896 121.197 20.328 142.478 138.377 56.429
-944.284 121.987 20.301 142.479 138.378 56.425
-943.672 122.777 20.2739 142.483 138.377 56.422
-943.06 123.568 20.2468 142.481 138.38 56.429
-942.448 124.358 20.2197 142.481 138.382 56.433
-941.836 125.149 20.1926 142.481 138.382 56.433
-941.224 125.939 20.1655 142.481 138.381 56.426
-940.612 126.73 20.1384 142.477 138.384 56.43
-940 127.52 20.1114 142.471 138.387 56.432
-939.389 128.311 20.0843 142.471 138.387 56.432
-938.777 129.101 20.0572 142.47 138.385 56.412
-938.165 129.892 20.0301 142.47 138.385 56.412
-937.553 130.682 20.003 142.47 138.385 56.412
5
-966.32 94.9444 21.0845 142.491 138.36 56.442
-965.715 95.7407 21.0599 142.491 138.36 56.442
-965.111 96.5369 21.0354 142.491 138.36 56.442
-964.507 97.3332 21.0108 142.491 138.36 56.442
-963.902 98.1294 20.9862 142.491 138.36 56.442
-963.298 98.9257 20.9617 142.491 138.36 56.442
-962.693 99.7219 20.9371 142.491 138.36 56.442
-962.089 100.518 20.9125 142.517 138.347 56.491
-961.484 101.314 20.888 142.516 138.35 56.484
-960.88 102.111 20.8634 142.505 138.355 56.479
-960.275 102.907 20.8388 142.505 138.355 56.479
-959.671 103.703 20.8143 142.494 138.358 56.468
-959.066 104.499 20.7897 142.495 138.355 56.455
-958.462 105.296 20.7651 142.5 138.352 56.451
-957.857 106.092 20.7406 142.5 138.352 56.451
-957.253 106.888 20.716 142.501 138.353 56.454
-956.649 107.685 20.6914 142.501 138.353 56.454
-956.044 108.481 20.6669 142.501 138.355 56.46
-955.44 109.277 20.6423 142.495 138.359 56.465
-954.835 110.073 20.6177 142.49 138.362 56.462
-954.231 110.87 20.5932 142.49 138.362 56.462
-953.626 111.666 20.5686 142.483 138.366 56.459
-953.022 112.462 20.544 142.48 138.367 56.449
-952.417 113.258 20.5195 142.48 138.367 56.434
-951.813 114.055 20.4949 142.48 138.367 56.434
-951.208 114.851 20.4703 142.481 138.369 56.433
-950.604 115.647 20.4458 142.481 138.369 56.433
-950 116.443 20.4212 142.485 138.371 56.434
-949.395 117.24 20.3966 142.485 138.375 56.444
-948.791 118.036 20.3721 142.479 138.376 56.443
-948.186 118.832 20.3475 142.479 138.376 56.443
-947.582 119.628 20.3229 142.478 138.377 56.439
-946.977 120.425 20.2984 142.48 138.376 56.429
-946.373 121.221 20.2738 142.48 138.376 56.429
-945.768 122.017 20.2492 142.478 138.378 56.426
-945.164 122.813 20.2247 142.481 138.377 56.416
-944.559 123.61 20.2001 142.481 138.38 56.427
-943.955 124.406 20.1755 142.481 138.38 56.427
-943.35 125.202 20.151 142.479 138.383 56.434
-942.746 125.998 20.1264 142.48 138.382 56.431
-942.142 126.795 20.1018 142.477 138.384 56.432
-941.537 127.591 20.0773 142.477 138.384 56.432
-940.933 128.387 20.0527 142.47 138.387 56.433
-940.328 129.183 20.0281 142.472 138.384 56.411
-939.724 129.98 20.0036 142.473 138.386 56.417
-939.119 130.776 19.979 142.473 138.386 56.417
6
-966.094 95.3992 20.886 142.49 138.36 56.441
-965.485 96.1925 20.8631 142.49 138.36 56.441
-964.877 96.9858 20.8402 142.49 138.36 56.441
-964.269 97.7792 20.8173 142.49 138.36 56.441
-963.66 98.5725 20.7944 142.49 138.36 56.441
-963.052 99.3658 20.7715 142.49 138.36 56.441
-962.444 100.159 20.7486 142.515 138.348 56.491
-961.835 100.952 20.7257 142.516 138.351 56.484
-961.227 101.746 20.7028 142.508 138.355 56.483
-960.619 102.539 20.6799 142.508 138.355 56.483
-960.01 103.332 20.657 142.498 138.358 56.475
-959.402 104.126 20.6341 142.493 138.357 56.461
-958.793 104.919 20.6112 142.497 138.355 56.454
-958.185 105.712 20.5883 142.499 138.353 56.449
-957.577 106.506 20.5654 142.499 138.353 56.449
-956.968 107.299 20.5425 142.5 138.353 56.454
-956.36 108.092 20.5196 142.5 138.356 56.459
-955.752 108.886 20.4967 142.5 138.356 56.459
-955.143 109.679 20.4738 142.492 138.361 56.464
-954.535 110.472 20.4509 142.488 138.363 56.46
-953.927 111.266 20.428 142.483 138.366 56.458
-953.318 112.059 20.4051 142.483 138.366 56.458
-952.71 112.852 20.3822 142.48 138.367 56.447
-952.101 113.646 20.3593 142.479 138.367 56.433
-951.493 114.439 20.3364 142.481 138.368 56.43
-950.885 115.232 20.3135 142.481 138.368 56.43
-950.276 116.026 20.2906 142.481 138.372 56.436
-949.668 116.819 20.2677 142.485 138.372 56.435
-949.06 117.612 20.2448 142.482 138.375 56.443
-948.451 118.406 20.2219 142.482 138.375 56.443
-947.843 119.199 20.199 142.478 138.378 56.444
-947.234 119.992 20.1761 142.478 138.377 56.431
-946.626 120.786 20.1532 142.478 138.377 56.431
-946.018 121.579 20.1303 142.479 138.376 56.425
-945.409 122.372 20.1074 142.479 138.378 56.423
-944.801 123.166 20.0845 142.482 138.377 56.418
-944.193 123.959 20.0616 142.482 138.377 56.418
-943.584 124.752 20.0387 142.48 138.381 56.432
-942.976 125.546 20.0158 142.481 138.382 56.432
-942.368 126.339 19.9929 142.478 138.383 56.433
-941.759 127.132 19.97 142.478 138.383 56.433
-941.151 127.926 19.9472 142.47 138.388 56.435
-940.542 128.719 19.9243 142.468 138.387 56.417
-939.934 129.512 19.9014 142.472 138.386 56.415
-939.326 130.306 19.8785 142.472 138.386 56.415
-938.717 131.099 19.8556 142.472 138.386 56.415
7
-966.59 94.4403 20.6863 142.492 138.36 56.443
-965.978 95.2313 20.6621 142.492 138.36 56.443
-965.367 96.0222 20.638 142.492 138.36 56.443
-964.755 96.8132 20.6139 142.492 138.36 56.443
-964.144 97.6042 20.5898 142.492 138.36 56.443
-963.533 98.3951 20.5657 142.492 138.36 56.443
-962.921 99.1861 20.5416 142.492 138.36 56.443
-962.31 99.9771 20.5175 142.514 138.35 56.501
-961.698 100.768 20.4934 142.514 138.35 56.501
-961.087 101.559 20.4693 142.513 138.354 56.488
-960.476 102.35 20.4452 142.505 138.357 56.484
-959.864 103.141 20.4211 142.494 138.36 56.476
-959.253 103.932 20.397 142.491 138.357 56.463
-958.642 104.723 20.3729 142.494 138.354 56.452
-958.03 105.514 20.3488 142.494 138.354 56.452
-957.419 106.305 20.3247 142.497 138.352 56.447
-956.807 107.096 20.3006 142.501 138.354 56.456
-956.196 107.887 20.2765 142.501 138.354 56.456
-955.585 108.678 20.2524 142.499 138.357 56.46
-954.973 109.469 20.2283 142.493 138.361 56.467
-954.362 110.26 20.2042 142.486 138.364 56.461
-953.751 111.051 20.1801 142.486 138.364 56.461
-953.139 111.842 20.156 142.479 138.367 56.455
-952.528 112.633 20.1319 142.478 138.367 56.445
-951.916 113.424 20.1078 142.478 138.367 56.434
-951.305 114.215 20.0837 142.48 138.368 56.427
-950.694 115.005 20.0596 142.48 138.368 56.427
-950.082 115.796 20.0355 142.48 138.371 56.435
-949.471 116.587 20.0113 142.483 138.373 56.434
-948.859 117.378 19.9872 142.483 138.373 56.434
-948.248 118.169 19.9631 142.48 138.375 56.441
-947.637 118.96 19.939 142.474 138.377 56.44
-947.025 119.751 19.9149 142.474 138.377 56.435
-946.414 120.542 19.8908 142.475 138.378 56.426
-945.803 121.333 19.8667 142.476 138.378 56.422
-945.191 122.124 19.8426 142.476 138.378 56.422
-944.58 122.915 19.8185 142.481 138.377 56.415
-943.968 123.706 19.7944 142.48 138.38 56.423
-943.357 124.497 19.7703 142.478 138.382 56.431
-942.746 125.288 19.7462 142.478 138.382 56.431
-942.134 126.079 19.7221 142.479 138.382 56.431
-941.523 126.87 19.698 142.475 138.384 56.433
-940.912 127.661 19.6739 142.469 138.388 56.433
-940.3 128.452 19.6498 142.469 138.388 56.433
-939.689 129.243 19.6257 142.471 138.386 56.415
-939.077 130.034 19.6016 142.477 138.386 56.42
8
-966.771 93.8174 21.0969 142.49 138.36 56.442
-966.161 94.6095 21.0688 142.49 138.36 56.442
-965.552 95.4016 21.0408 142.49 138.36 56.442
-964.942 96.1937 21.0128 142.49 138.36 56.442
-964.332 96.9858 20.9848 142.49 138.36 56.442
-963.722 97.7778 20.9567 142.49 138.36 56.442
-963.112 98.5699 20.9287 142.49 138.36 56.442
-962.503 99.362 20.9007 142.49 138.36 56.442
-961.893 100.154 20.8727 142.512 138.348 56.491
-961.283 100.946 20.8446 142.519 138.35 56.484
-960.673 101.738 20.8166 142.509 138.355 56.483
-960.064 102.53 20.7886 142.509 138.355 56.483
-959.454 103.322 20.7606 142.495 138.358 56.472
-958.844 104.115 20.7326 142.493 138.356 56.462
-958.234 104.907 20.7045 142.498 138.354 56.458
-957.625 105.699 20.6765 142.498 138.354 56.458
-957.015 106.491 20.6485 142.501 138.353 56.455
-956.405 107.283 20.6205 142.502 138.354 56.457
-955.795 108.075 20.5924 142.502 138.354 56.457
-955.185 108.867 20.5644 142.5 138.356 56.46
-954.576 109.659 20.5364 142.494 138.36 56.461
-953.966 110.451 20.5084 142.488 138.362 56.456
-953.356 111.243 20.4803 142.484 138.366 56.458
-952.746 112.035 20.4523 142.479 138.368 56.448
-952.137 112.827 20.4243 142.479 138.368 56.448
-951.527 113.62 20.3963 142.48 138.368 56.437
-950.917 114.412 20.3683 142.482 138.369 56.435
-950.307 115.204 20.3402 142.482 138.369 56.435
-949.698 115.996 20.3122 142.48 138.371 56.437
-949.088 116.788 20.2842 142.485 138.372 56.433
-948.478 117.58 20.2562 142.483 138.374 56.439
-947.868 118.372 20.2281 142.479 138.375 56.44
-947.258 119.164 20.2001 142.479 138.377 56.439
-946.649 119.956 20.1721 142.479 138.377 56.432
-946.039 120.748 20.1441 142.479 138.377 56.432
-945.429 121.54 20.116 142.479 138.377 56.427
-944.819 122.332 20.088 142.481 138.378 56.421
-944.21 123.125 20.06 142.481 138.378 56.421
-943.6 123.917 20.032 142.479 138.38 56.423
-942.99 124.709 20.004 142.478 138.382 56.429
-942.38 125.501 19.9759 142.48 138.382 56.427
-941.77 126.293 19.9479 142.479 138.383 56.428
-941.161 127.085 19.9199 142.479 138.383 56.428
-940.551 127.877 19.8919 142.468 138.388 56.429
-939.941 128.669 19.8638 142.468 138.388 56.429
-939.331 129.461 19.8358 142.47 138.385 56.412
9
-965.392 93.9972 20.9377 142.49 138.361 56.443
-964.789 94.7947 20.9138 142.49 138.361 56.443
-964.186 95.5921 20.8899 142.49 138.361 56.443
-963.583 96.3896 20.866 142.49 138.361 56.443
-962.98 97.187 20.8421 142.49 138.361 56.443
-962.377 97.9845 20.8182 142.49 138.361 56.443
-961.774 98.7819 20.7943 142.49 138.361 56.443
-961.171 99.5794 20.7704 142.49 138.361 56.443
-960.568 100.377 20.7465 142.514 138.348 56.489
-959.965 101.174 20.7226 142.519 138.35 56.484
-959.362 101.972 20.6987 142.508 138.355 56.48
-958.76 102.769 20.6748 142.498 138.358 56.473
-958.157 103.567 20.6509 142.494 138.357 56.463
-957.554 104.364 20.627 142.496 138.355 56.457
-956.951 105.162 20.6031 142.496 138.355 56.457
-956.348 105.959 20.5792 142.499 138.353 56.454
-955.745 106.756 20.5553 142.502 138.353 56.456
-955.142 107.554 20.5314 142.502 138.353 56.456
-954.539 108.351 20.5075 142.501 138.356 56.46
-953.936 109.149 20.4836 142.495 138.358 56.462
-953.333 109.946 20.4597 142.491 138.361 56.459
-952.73 110.744 20.4358 142.487 138.363 56.456
-952.128 111.541 20.4119 142.481 138.366 56.453
-951.525 112.339 20.388 142.479 138.367 56.445
-950.922 113.136 20.3641 142.479 138.367 56.445
-950.319 113.934 20.3402 142.482 138.368 56.435
-949.716 114.731 20.3163 142.482 138.37 56.437
-949.113 115.528 20.2924 142.482 138.37 56.437
-948.51 116.326 20.2685 142.483 138.371 56.433
-947.907 117.123 20.2446 142.485 138.372 56.433
-947.304 117.921 20.2207 142.48 138.374 56.438
-946.701 118.718 20.1968 142.478 138.377 56.438
-946.099 119.516 20.1729 142.478 138.377 56.438
-945.496 120.313 20.149 142.479 138.377 56.432
-944.893 121.111 20.1251 142.48 138.377 56.429
-944.29 121.908 20.1012 142.482 138.378 56.422
-943.687 122.706 20.0773 142.482 138.378 56.422
-943.084 123.503 20.0534 142.481 138.379 56.423
-942.481 124.3 20.0296 142.479 138.381 56.429
-941.878 125.098 20.0057 142.48 138.382 56.429
-941.275 125.895 19.9818 142.48 138.382 56.429
-940.672 126.693 19.9579 142.479 138.383 56.429
-940.069 127.49 19.934 142.472 138.387 56.434
-939.467 128.288 19.9101 142.467 138.388 56.418
-938.864 129.085 19.8862 142.47 138.387 56.417
-938.261 129.883 19.8623 142.47 138.387 56.417
10
-965.601 95.5633 21.3499 142.491 138.36 56.442
-964.99 96.3545 21.3257 142.491 138.36 56.442
-964.379 97.1456 21.3015 142.491 138.36 56.442
-963.768 97.9368 21.2772 142.491 138.36 56.442
-963.157 98.7279 21.253 142.491 138.36 56.442
-962.546 99.519 21.2288 142.491 138.36 56.442
-961.935 100.31 21.2045 142.517 138.345 56.491
-961.323 101.101 21.1803 142.514 138.348 56.477
-960.712 101.892 21.1561 142.507 138.353 56.476
-960.101 102.684 21.1319 142.495 138.357 56.47
-959.49 103.475 21.1076 142.495 138.357 56.47
-958.879 104.266 21.0834 142.495 138.354 56.453
-958.268 105.057 21.0592 142.499 138.352 56.453
-957.657 105.848 21.0349 142.499 138.352 56.453
-957.045 106.639 21.0107 142.502 138.351 56.454
-956.434 107.43 20.9865 142.502 138.354 56.457
-955.823 108.222 20.9622 142.502 138.354 56.457
-955.212 109.013 20.938 142.5 138.356 56.462
-954.601 109.804 20.9138 142.493 138.361 56.463
-953.99 110.595 20.8896 142.493 138.361 56.463
-953.379 111.386 20.8653 142.487 138.364 56.457
-952.767 112.177 20.8411 142.483 138.365 56.45
-952.156 112.969 20.8169 142.481 138.366 56.439
-951.545 113.76 20.7926 142.482 138.368 56.43
-950.934 114.551 20.7684 142.482 138.368 56.43
-950.323 115.342 20.7442 142.484 138.37 56.44
-949.712 116.133 20.7199 142.487 138.372 56.438
-949.1 116.924 20.6957 142.486 138.373 56.439
-948.489 117.715 20.6715 142.486 138.373 56.439
-947.878 118.507 20.6472 142.48 138.375 56.439
-947.267 119.298 20.623 142.478 138.376 56.436
-946.656 120.089 20.5988 142.481 138.376 56.429
-946.045 120.88 20.5746 142.482 138.377 56.43
-945.434 121.671 20.5503 142.482 138.377 56.43
-944.822 122.462 20.5261 142.486 138.378 56.423
-944.211 123.253 20.5019 142.482 138.381 56.431
-943.6 124.045 20.4776 142.482 138.381 56.431
-942.989 124.836 20.4534 142.479 138.383 56.438
-942.378 125.627 20.4292 142.481 138.38 56.43
-941.767 126.418 20.4049 142.478 138.383 56.431
-941.156 127.209 20.3807 142.478 138.383 56.431
-940.544 128 20.3565 142.473 138.387 56.434
-939.933 128.791 20.3322 142.473 138.384 56.412
-939.322 129.583 20.308 142.472 138.387 56.415
-938.711 130.374 20.2838 142.472 138.387 56.415
-938.1 131.165 20.2596 142.472 138.387 56.415
11
-963.895 96.2499 21.2706 142.488 138.361 56.444
-963.3 97.0536 21.2425 142.488 138.361 56.444
-962.706 97.8573 21.2143 142.488 138.361 56.444
-962.112 98.661 21.1862 142.488 138.361 56.444
-961.517 99.4647 21.1581 142.488 138.361 56.444
-960.923 100.268 21.13 142.519 138.344 56.482
-960.329 101.072 21.1018 142.516 138.349 56.473
-959.734 101.876 21.0737 142.505 138.354 56.472
-959.14 102.68 21.0456 142.496 138.356 56.463
-958.545 103.483 21.0174 142.496 138.356 56.463
-957.951 104.287 20.9893 142.496 138.355 56.455
-957.357 105.091 20.9612 142.497 138.354 56.454
-956.762 105.894 20.9331 142.5 138.354 56.458
-956.168 106.698 20.9049 142.5 138.354 56.458
-955.574 107.502 20.8768 142.501 138.355 56.458
-954.979 108.306 20.8487 142.5 138.357 56.462
-954.385 109.109 20.8206 142.5 138.357 56.462
-953.791 109.913 20.7924 142.494 138.36 56.46
-953.196 110.717 20.7643 142.492 138.362 56.455
-952.602 111.52 20.7362 142.484 138.365 56.448
-952.008 112.324 20.708 142.484 138.365 56.448
-951.413 113.128 20.6799 142.481 138.366 56.44
-950.819 113.932 20.6518 142.481 138.369 56.436
-950.225 114.735 20.6237 142.482 138.37 56.441
-949.63 115.539 20.5955 142.482 138.37 56.441
-949.036 116.343 20.5674 142.486 138.372 56.438
-948.441 117.146 20.5393 142.485 138.374 56.44
-947.847 117.95 20.5112 142.485 138.374 56.44
-947.253 118.754 20.483 142.481 138.375 56.437
-946.658 119.558 20.4549 142.48 138.376 56.43
-946.064 120.361 20.4268 142.481 138.377 56.427
-945.47 121.165 20.3986 142.481 138.377 56.427
-944.875 121.969 20.3705 142.48 138.379 56.428
-944.281 122.772 20.3424 142.481 138.379 56.425
-943.687 123.576 20.3143 142.481 138.379 56.425
-943.092 124.38 20.2861 142.478 138.382 56.432
-942.498 125.184 20.258 142.48 138.382 56.432
-941.904 125.987 20.2299 142.482 138.381 56.424
-941.309 126.791 20.2018 142.482 138.381 56.424
-940.715 127.595 20.1736 142.475 138.385 56.431
-940.121 128.398 20.1455 142.47 138.386 56.417
-939.526 129.202 20.1174 142.47 138.387 56.416
-938.932 130.006 20.0892 142.47 138.387 56.416
-938.337 130.809 20.0611 142.47 138.387 56.416
-937.743 131.613 20.033 142.47 138.387 56.416
-937.149 132.417 20.0049 142.47 138.387 56.416
12
-966.829 94.61 20.7066 142.49 138.36 56.442
-966.238 95.4162 20.6835 142.49 138.36 56.442
-965.646 96.2224 20.6604 142.49 138.36 56.442
-965.055 97.0286 20.6372 142.49 138.36 56.442
-964.464 97.8348 20.6141 142.49 138.36 56.442
-963.873 98.641 20.591 142.49 138.36 56.442
-963.282 99.4472 20.5679 142.49 138.36 56.442
-962.69 100.253 20.5447 142.517 138.346 56.492
-962.099 101.06 20.5216 142.517 138.346 56.492
-961.508 101.866 20.4985 142.515 138.351 56.482
-960.917 102.672 20.4753 142.507 138.355 56.483
-960.326 103.478 20.4522 142.494 138.359 56.471
-959.734 104.284 20.4291 142.494 138.356 56.456
-959.143 105.091 20.406 142.498 138.353 56.449
-958.552 105.897 20.3828 142.498 138.353 56.449
-957.961 106.703 20.3597 142.501 138.353 56.45
-957.37 107.509 20.3366 142.502 138.354 56.452
-956.779 108.315 20.3134 142.502 138.354 56.452
-956.187 109.122 20.2903 142.5 138.356 56.459
-955.596 109.928 20.2672 142.494 138.36 56.464
-955.005 110.734 20.244 142.49 138.362 56.461
-954.414 111.54 20.2209 142.483 138.366 56.457
-953.823 112.346 20.1978 142.483 138.366 56.457
-953.231 113.153 20.1747 142.48 138.367 56.444
-952.64 113.959 20.1515 142.479 138.367 56.433
-952.049 114.765 20.1284 142.481 138.368 56.429
-951.458 115.571 20.1053 142.481 138.368 56.429
-950.867 116.377 20.0821 142.487 138.37 56.435
-950.275 117.184 20.059 142.487 138.37 56.435
-949.684 117.99 20.0359 142.484 138.374 56.443
-949.093 118.796 20.0128 142.479 138.375 56.442
-948.502 119.602 19.9896 142.476 138.377 56.433
-947.911 120.408 19.9665 142.476 138.377 56.433
-947.32 121.215 19.9434 142.477 138.378 56.427
-946.728 122.021 19.9202 142.481 138.378 56.419
-946.137 122.827 19.8971 142.481 138.378 56.419
-945.546 123.633 19.874 142.481 138.38 56.423
-944.955 124.439 19.8508 142.481 138.38 56.423
-944.364 125.246 19.8277 142.479 138.382 56.431
-943.772 126.052 19.8046 142.48 138.382 56.431
-943.181 126.858 19.7815 142.478 138.384 56.436
-942.59 127.664 19.7583 142.478 138.384 56.436
-941.999 128.47 19.7352 142.472 138.388 56.435
-941.408 129.277 19.7121 142.472 138.385 56.413
-940.816 130.083 19.6889 142.473 138.386 56.415
-940.225 130.889 19.6658 142.473 138.386 56.415
13
-965.2 97.4276 20.6639 142.49 138.36 56.442
-964.576 98.2087 20.6438 142.49 138.36 56.442
-963.952 98.9897 20.6236 142.49 138.36 56.442
-963.327 99.7708 20.6035 142.49 138.36 56.442
-962.703 100.552 20.5834 142.512 138.347 56.49
-962.079 101.333 20.5633 142.515 138.351 56.483
-961.455 102.114 20.5432 142.504 138.356 56.479
-960.831 102.895 20.5231 142.504 138.356 56.479
-960.207 103.676 20.503 142.495 138.359 56.471
-959.583 104.457 20.4829 142.496 138.355 56.455
-958.959 105.238 20.4627 142.499 138.352 56.448
-958.334 106.019 20.4426 142.499 138.352 56.448
-957.71 106.8 20.4225 142.502 138.353 56.452
-957.086 107.581 20.4024 142.502 138.353 56.452
-956.462 108.363 20.3823 142.499 138.356 56.457
-955.838 109.144 20.3622 142.493 138.36 56.463
-955.214 109.925 20.3421 142.493 138.36 56.463
-954.59 110.706 20.322 142.489 138.363 56.461
-953.966 111.487 20.3018 142.485 138.366 56.46
-953.341 112.268 20.2817 142.481 138.367 56.45
-952.717 113.049 20.2616 142.48 138.367 56.438
-952.093 113.83 20.2415 142.48 138.368 56.428
-951.469 114.611 20.2214 142.48 138.368 56.428
-950.845 115.392 20.2013 142.481 138.37 56.435
-950.221 116.173 20.1812 142.485 138.371 56.435
-949.597 116.954 20.1611 142.485 138.371 56.435
-948.973 117.735 20.1409 142.485 138.374 56.443
-948.349 118.516 20.1208 142.481 138.375 56.443
-947.724 119.298 20.1007 142.479 138.377 56.442
-947.1 120.079 20.0806 142.48 138.377 56.431
-946.476 120.86 20.0605 142.48 138.377 56.431
-945.852 121.641 20.0404 142.479 138.377 56.426
-945.228 122.422 20.0203 142.479 138.378 56.418
-944.604 123.203 20.0002 142.48 138.379 56.417
-943.98 123.984 19.98 142.48 138.379 56.417
-943.356 124.765 19.9599 142.478 138.382 56.429
-942.731 125.546 19.9398 142.481 138.382 56.433
-942.107 126.327 19.9197 142.48 138.383 56.434
-941.483 127.108 19.8996 142.48 138.383 56.434
-940.859 127.889 19.8795 142.473 138.387 56.437
-940.235 128.67 19.8594 142.47 138.386 56.417
-939.611 129.451 19.8393 142.47 138.386 56.412
-938.987 130.233 19.8191 142.47 138.386 56.412
-938.363 131.014 19.799 142.47 138.386 56.412
-937.738 131.795 19.7789 142.47 138.386 56.412
-937.114 132.576 19.7588 142.47 138.386 56.412
14
-967.905 94.4657 21.0442 142.49 138.361 56.441
-967.298 95.2603 21.0212 142.49 138.361 56.441
-966.692 96.0549 20.9981 142.49 138.361 56.441
-966.085 96.8496 20.9751 142.49 138.361 56.441
-965.478 97.6442 20.952 142.49 138.361 56.441
-964.872 98.4388 20.929 142.49 138.361 56.441
-964.265 99.2335 20.9059 142.49 138.361 56.441
-963.658 100.028 20.8829 142.49 138.361 56.441
-963.052 100.823 20.8598 142.515 138.347 56.492
-962.445 101.617 20.8368 142.515 138.351 56.483
-961.838 102.412 20.8137 142.507 138.355 56.484
-961.232 103.207 20.7907 142.495 138.359 56.474
-960.625 104.001 20.7676 142.494 138.357 56.461
-960.018 104.796 20.7446 142.496 138.354 56.452
-959.412 105.591 20.7215 142.496 138.354 56.452
-958.805 106.385 20.6985 142.501 138.352 56.45
-958.198 107.18 20.6754 142.501 138.352 56.45
-957.592 107.974 20.6524 142.502 138.354 56.455
-956.985 108.769 20.6293 142.5 138.356 56.461
-956.378 109.564 20.6063 142.493 138.361 56.464
-955.772 110.358 20.5832 142.493 138.361 56.464
-955.165 111.153 20.5602 142.488 138.364 56.462
-954.558 111.948 20.5371 142.481 138.367 56.452
-953.952 112.742 20.5141 142.481 138.367 56.452
-953.345 113.537 20.491 142.478 138.367 56.436
-952.739 114.332 20.468 142.478 138.369 56.43
-952.132 115.126 20.4449 142.481 138.37 56.432
-951.525 115.921 20.4219 142.481 138.37 56.432
-950.919 116.715 20.3988 142.486 138.371 56.435
-950.312 117.51 20.3758 142.488 138.372 56.44
-949.705 118.305 20.3527 142.482 138.374 56.442
-949.099 119.099 20.3297 142.477 138.376 56.441
-948.492 119.894 20.3066 142.476 138.377 56.437
-947.885 120.689 20.2836 142.478 138.378 56.429
-947.279 121.483 20.2605 142.478 138.378 56.429
-946.672 122.278 20.2375 142.479 138.379 56.426
-946.065 123.072 20.2144 142.483 138.377 56.417
-945.459 123.867 20.1914 142.481 138.38 56.424
-944.852 124.662 20.1683 142.478 138.381 56.43
-944.245 125.456 20.1453 142.478 138.381 56.43
-943.639 126.251 20.1222 142.479 138.382 56.431
-943.032 127.046 20.0992 142.478 138.383 56.431
-942.425 127.84 20.0761 142.472 138.387 56.436
-941.819 128.635 20.0531 142.469 138.387 56.419
-941.212 129.43 20.03 142.469 138.387 56.419
-940.606 130.224 20.007 142.472 138.386 56.414
15
-966.889 95.0455 21.1643 142.492 138.36 56.441
-966.284 95.8413 21.1392 142.492 138.36 56.441
-965.679 96.6372 21.1141 142.492 138.36 56.441
-965.074 97.433 21.0891 142.492 138.36 56.441
-964.469 98.2289 21.064 142.492 138.36 56.441
-963.864 99.0247 21.039 142.492 138.36 56.441
-963.259 99.8206 21.0139 142.492 138.36 56.441
-962.654 100.616 20.9888 142.514 138.348 56.492
-962.049 101.412 20.9638 142.514 138.352 56.484
-961.444 102.208 20.9387 142.505 138.357 56.484
-960.839 103.004 20.9136 142.493 138.36 56.474
-960.234 103.8 20.8886 142.493 138.357 56.46
-959.629 104.596 20.8635 142.493 138.357 56.46
-959.024 105.392 20.8385 142.497 138.353 56.45
-958.419 106.187 20.8134 142.5 138.352 56.449
-957.814 106.983 20.7883 142.5 138.352 56.449
-957.209 107.779 20.7633 142.501 138.353 56.455
-956.604 108.575 20.7382 142.499 138.357 56.46
-955.999 109.371 20.7131 142.493 138.361 56.466
-955.394 110.167 20.6881 142.489 138.363 56.463
-954.789 110.963 20.663 142.484 138.366 56.46
-954.184 111.758 20.638 142.484 138.366 56.46
-953.579 112.554 20.6129 142.479 138.367 56.452
-952.974 113.35 20.5878 142.477 138.367 56.436
-952.369 114.146 20.5628 142.48 138.368 56.428
-951.764 114.942 20.5377 142.482 138.368 56.432
-951.159 115.738 20.5127 142.485 138.371 56.436
-950.555 116.534 20.4876 142.485 138.371 56.436
-949.95 117.329 20.4625 142.487 138.373 56.439
-949.345 118.125 20.4375 142.482 138.374 56.441
-948.74 118.921 20.4124 142.475 138.377 56.44
-948.135 119.717 20.3873 142.476 138.377 56.432
-947.53 120.513 20.3623 142.476 138.377 56.432
-946.925 121.309 20.3372 142.479 138.377 56.428
-946.32 122.105 20.3122 142.481 138.378 56.422
-945.715 122.9 20.2871 142.482 138.378 56.417
-945.11 123.696 20.262 142.482 138.378 56.417
-944.505 124.492 20.237 142.477 138.382 56.427
-943.9 125.288 20.2119 142.478 138.383 56.43
-943.295 126.084 20.1868 142.478 138.383 56.43
-942.69 126.88 20.1618 142.478 138.384 56.434
-942.085 127.676 20.1367 142.474 138.387 56.437
-941.48 128.471 20.1117 142.469 138.388 56.423
-940.875 129.267 20.0866 142.47 138.386 56.412
-940.27 130.063 20.0615 142.47 138.386 56.412
-939.665 130.859 20.0365 142.47 138.386 56.412
16
-966.312 94.218 20.5118 142.491 138.359 56.441
-965.722 95.0247 20.486 142.491 138.359 56.441
-965.131 95.8313 20.4601 142.491 138.359 56.441
-964.541 96.6379 20.4343 142.491 138.359 56.441
-963.95 97.4445 20.4085 142.491 138.359 56.441
-963.36 98.2512 20.3826 142.491 138.359 56.441
-962.769 99.0578 20.3568 142.491 138.359 56.441
-962.179 99.8644 20.331 142.491 138.359 56.441
-961.588 100.671 20.3051 142.514 138.349 56.493
-960.998 101.478 20.2793 142.52 138.351 56.489
-960.407 102.284 20.2535 142.508 138.356 56.484
-959.817 103.091 20.2276 142.498 138.359 56.477
-959.226 103.898 20.2018 142.494 138.358 56.463
-958.636 104.704 20.176 142.497 138.355 56.455
-958.045 105.511 20.1501 142.497 138.355 56.455
-957.455 106.317 20.1243 142.499 138.352 56.447
-956.864 107.124 20.0985 142.5 138.353 56.453
-956.274 107.931 20.0726 142.5 138.353 56.453
-955.683 108.737 20.0468 142.5 138.356 56.459
-955.093 109.544 20.021 142.493 138.361 56.465
-954.502 110.35 19.9951 142.493 138.361 56.465
-953.912 111.157 19.9693 142.489 138.365 56.462
-953.321 111.964 19.9435 142.481 138.367 56.454
-952.731 112.77 19.9176 142.477 138.367 56.442
-952.14 113.577 19.8918 142.477 138.368 56.431
-951.55 114.384 19.866 142.477 138.368 56.431
-950.959 115.19 19.8401 142.482 138.368 56.432
-950.369 115.997 19.8143 142.487 138.371 56.437
-949.778 116.803 19.7885 142.487 138.371 56.437
-949.188 117.61 19.7626 142.488 138.372 56.44
-948.597 118.417 19.7368 142.481 138.375 56.441
-948.007 119.223 19.711 142.474 138.378 56.439
-947.416 120.03 19.6851 142.474 138.378 56.434
-946.826 120.837 19.6593 142.477 138.378 56.426
-946.235 121.643 19.6335 142.477 138.378 56.426
-945.645 122.45 19.6076 142.48 138.379 56.425
-945.054 123.256 19.5818 142.484 138.377 56.417
-944.464 124.063 19.556 142.48 138.38 56.427
-943.873 124.87 19.5301 142.478 138.383 56.432
-943.283 125.676 19.5043 142.478 138.383 56.432
-942.692 126.483 19.4785 142.479 138.382 56.431
-942.102 127.29 19.4526 142.477 138.385 56.435
-941.511 128.096 19.4268 142.47 138.389 56.432
-940.921 128.903 19.401 142.47 138.389 56.432
-940.33 129.709 19.3751 142.47 138.386 56.411
-939.74 130.516 19.3493 142.47 138.386 56.411
17
-966.152 96.6257 20.4026 142.482 138.362 56.44
-965.551 97.425 20.3892 142.482 138.362 56.44
-964.95 98.2243 20.3758 142.482 138.362 56.44
-964.349 99.0236 20.3624 142.482 138.362 56.44
-963.749 99.8229 20.349 142.482 138.362 56.44
-963.148 100.622 20.3356 142.505 138.351 56.495
-962.547 101.421 20.3222 142.522 138.352 56.497
-961.946 102.221 20.3087 142.508 138.357 56.488
-961.345 103.02 20.2953 142.508 138.357 56.488
-960.745 103.819 20.2819 142.5 138.355 56.473
-960.144 104.619 20.2685 142.501 138.353 56.465
-959.543 105.418 20.2551 142.499 138.352 56.459
-958.942 106.217 20.2417 142.499 138.352 56.459
-958.341 107.017 20.2283 142.499 138.351 56.455
-957.741 107.816 20.2148 142.501 138.355 56.459
-957.14 108.615 20.2014 142.497 138.36 56.462
-956.539 109.414 20.188 142.489 138.364 56.459
-955.938 110.214 20.1746 142.484 138.367 56.455
-955.337 111.013 20.1612 142.484 138.367 56.455
-954.737 111.812 20.1478 142.474 138.37 56.451
-954.136 112.612 20.1344 142.474 138.368 56.442
-953.535 113.411 20.1209 142.485 138.366 56.44
-952.934 114.21 20.1075 142.485 138.366 56.44
-952.334 115.009 20.0941 142.491 138.365 56.438
-951.733 115.809 20.0807 142.488 138.369 56.443
-951.132 116.608 20.0673 142.484 138.372 56.435
-950.531 117.407 20.0539 142.475 138.377 56.435
-949.93 118.207 20.0405 142.468 138.378 56.431
-949.33 119.006 20.027 142.47 138.378 56.432
-948.729 119.805 20.0136 142.47 138.378 56.432
-948.128 120.605 20.0002 142.484 138.376 56.433
-947.527 121.404 19.9868 142.488 138.374 56.433
-946.926 122.203 19.9734 142.488 138.375 56.428
-946.326 123.002 19.96 142.488 138.375 56.428
-945.725 123.802 19.9465 142.484 138.376 56.423
-945.124 124.601 19.9331 142.477 138.379 56.425
-944.523 125.4 19.9197 142.476 138.382 56.427
-943.922 126.2 19.9063 142.481 138.38 56.425
-943.322 126.999 19.8929 142.481 138.383 56.43
-942.721 127.798 19.8795 142.477 138.388 56.435
-942.12 128.597 19.8661 142.477 138.388 56.435
-941.519 129.397 19.8526 142.469 138.388 56.414
-940.918 130.196 19.8392 142.47 138.387 56.414
-940.318 130.995 19.8258 142.47 138.387 56.414
-939.717 131.795 19.8124 142.47 138.387 56.414
-939.116 132.594 19.799 142.47 138.387 56.414
18
-965.682 94.9322 21.3869 142.486 138.362 56.442
-965.09 95.7372 21.3633 142.486 138.362 56.442
-964.497 96.5422 21.3397 142.486 138.362 56.442
-963.904 97.3472 21.3161 142.486 138.362 56.442
-963.311 98.1523 21.2925 142.486 138.362 56.442
-962.719 98.9573 21.2689 142.486 138.362 56.442
-962.126 99.7623 21.2453 142.507 138.351 56.502
-961.533 100.567 21.2217 142.523 138.351 56.498
-960.94 101.372 21.1981 142.514 138.355 56.49
-960.347 102.177 21.1745 142.514 138.355 56.49
-959.755 102.982 21.1509 142.502 138.358 56.48
-959.162 103.787 21.1273 142.495 138.356 56.464
-958.569 104.592 21.1037 142.499 138.356 56.462
-957.976 105.397 21.0801 142.498 138.354 56.457
-957.384 106.202 21.0565 142.498 138.354 56.457
-956.791 107.007 21.0329 142.499 138.355 56.462
-956.198 107.812 21.0093 142.5 138.357 56.467
-955.605 108.618 20.9857 142.5 138.357 56.467
-955.012 109.423 20.9621 142.496 138.359 56.467
-954.42 110.228 20.9385 142.492 138.362 56.462
-953.827 111.033 20.9149 142.485 138.366 56.458
-953.234 111.838 20.8913 142.48 138.366 56.446
-952.641 112.643 20.8677 142.48 138.366 56.446
-952.049 113.448 20.8441 142.48 138.367 56.438
-951.456 114.253 20.8205 142.481 138.369 56.437
-950.863 115.058 20.7969 142.481 138.371 56.442
-950.27 115.863 20.7733 142.481 138.371 56.442
-949.677 116.668 20.7497 142.487 138.371 56.441
-949.085 117.473 20.7261 142.484 138.375 56.446
-948.492 118.278 20.7025 142.479 138.376 56.439
-947.899 119.083 20.6789 142.479 138.376 56.439
-947.306 119.888 20.6553 142.478 138.377 56.433
-946.714 120.693 20.6317 142.479 138.378 56.429
-946.121 121.498 20.6081 142.479 138.377 56.425
-945.528 122.303 20.5845 142.482 138.377 56.419
-944.935 123.108 20.5609 142.482 138.377 56.419
-944.342 123.913 20.5372 142.48 138.379 56.425
-943.75 124.718 20.5136 142.48 138.382 56.433
-943.157 125.523 20.49 142.479 138.382 56.431
-942.564 126.328 20.4664 142.479 138.382 56.431
-941.971 127.133 20.4428 142.475 138.384 56.43
-941.379 127.938 20.4192 142.469 138.387 56.425
-940.786 128.743 20.3956 142.469 138.385 56.41
-940.193 129.548 20.372 142.472 138.385 56.419
-939.6 130.353 20.3484 142.472 138.385 56.419
-939.007 131.158 20.3248 142.472 138.385 56.419
19
-968.126 93.6692 20.5808 142.486 138.362 56.442
-967.524 94.4674 20.5621 142.486 138.362 56.442
-966.922 95.2657 20.5434 142.486 138.362 56.442
-966.32 96.0639 20.5247 142.486 138.362 56.442
-965.718 96.8622 20.5059 142.486 138.362 56.442
-965.116 97.6604 20.4872 142.486 138.362 56.442
-964.514 98.4586 20.4685 142.486 138.362 56.442
-963.912 99.2569 20.4498 142.486 138.362 56.442
-963.31 100.055 20.4311 142.486 138.362 56.442
-962.708 100.853 20.4124 142.51 138.349 56.489
-962.106 101.652 20.3936 142.526 138.35 56.491
-961.504 102.45 20.3749 142.511 138.355 56.482
-960.901 103.248 20.3562 142.502 138.357 56.472
-960.299 104.046 20.3375 142.499 138.354 56.459
-959.697 104.845 20.3188 142.499 138.354 56.459
-959.095 105.643 20.3001 142.503 138.353 56.458
-958.493 106.441 20.2813 142.501 138.352 56.456
-957.891 107.239 20.2626 142.501 138.352 56.456
-957.289 108.038 20.2439 142.501 138.354 56.46
-956.687 108.836 20.2252 142.501 138.354 56.46
-956.085 109.634 20.2065 142.498 138.358 56.465
-955.483 110.432 20.1878 142.492 138.361 56.461
-954.881 111.23 20.1691 142.487 138.364 56.457
-954.279 112.029 20.1503 142.487 138.364 56.457
-953.677 112.827 20.1316 142.481 138.366 56.446
-953.075 113.625 20.1129 142.481 138.367 56.438
-952.473 114.423 20.0942 142.481 138.368 56.433
-951.871 115.222 20.0755 142.481 138.368 56.433
-951.269 116.02 20.0568 142.482 138.37 56.44
-950.667 116.818 20.038 142.485 138.371 56.438
-950.065 117.616 20.0193 142.486 138.373 56.442
-949.463 118.415 20.0006 142.483 138.374 56.442
-948.861 119.213 19.9819 142.481 138.377 56.44
-948.258 120.011 19.9632 142.481 138.377 56.44
-947.656 120.809 19.9445 142.479 138.377 56.43
-947.054 121.608 19.9257 142.479 138.377 56.425
-946.452 122.406 19.907 142.479 138.377 56.419
-945.85 123.204 19.8883 142.481 138.377 56.421
-945.248 124.002 19.8696 142.481 138.377 56.421
-944.646 124.801 19.8509 142.48 138.381 56.433
-944.044 125.599 19.8322 142.481 138.382 56.432
-943.442 126.397 19.8135 142.481 138.382 56.432
-942.84 127.195 19.7947 142.48 138.382 56.429
-942.238 127.994 19.776 142.472 138.385 56.427
-941.636 128.792 19.7573 142.466 138.387 56.416
-941.034 129.59 19.7386 142.467 138.386 56.411
20
-965.499 93.6909 20.7849 142.487 138.36 56.439
-964.885 94.4797 20.758 142.487 138.36 56.439
-964.271 95.2685 20.7311 142.487 138.36 56.439
-963.657 96.0573 20.7042 142.487 138.36 56.439
-963.043 96.8461 20.6773 142.487 138.36 56.439
-962.429 97.6349 20.6504 142.487 138.36 56.439
-961.815 98.4237 20.6235 142.487 138.36 56.439
-961.201 99.2125 20.5966 142.487 138.36 56.439
-960.587 100.001 20.5697 142.508 138.351 56.49
-959.973 100.79 20.5428 142.523 138.354 56.494
-959.359 101.579 20.5159 142.508 138.359 56.487
-958.745 102.368 20.489 142.508 138.359 56.487
-958.13 103.156 20.4621 142.499 138.359 56.476
-957.516 103.945 20.4352 142.498 138.356 56.463
-956.902 104.734 20.4084 142.504 138.352 56.456
-956.288 105.523 20.3815 142.504 138.352 56.456
-955.674 106.312 20.3546 142.502 138.351 56.452
-955.06 107.1 20.3277 142.503 138.353 56.458
-954.446 107.889 20.3008 142.503 138.353 56.458
-953.832 108.678 20.2739 142.501 138.356 56.463
-953.218 109.467 20.247 142.495 138.359 56.464
-952.604 110.256 20.2201 142.489 138.364 56.463
-951.99 111.044 20.1932 142.483 138.368 56.462
-951.376 111.833 20.1663 142.48 138.368 56.449
-950.762 112.622 20.1394 142.48 138.368 56.449
-950.148 113.411 20.1125 142.479 138.368 56.437
-949.533 114.199 20.0856 142.483 138.367 56.433
-948.919 114.988 20.0587 142.483 138.367 56.433
-948.305 115.777 20.0319 142.485 138.37 56.436
-947.691 116.566 20.005 142.488 138.371 56.439
-947.077 117.355 19.9781 142.485 138.374 56.446
-946.463 118.143 19.9512 142.479 138.376 56.443
-945.849 118.932 19.9243 142.479 138.376 56.443
-945.235 119.721 19.8974 142.477 138.378 56.441
-944.621 120.51 19.8705 142.477 138.378 56.431
-944.007 121.299 19.8436 142.478 138.377 56.425
-943.393 122.087 19.8167 142.48 138.377 56.414
-942.779 122.876 19.7898 142.48 138.377 56.414
-942.165 123.665 19.7629 142.481 138.379 56.424
-941.551 124.454 19.736 142.481 138.381 56.433
-940.936 125.243 19.7091 142.481 138.381 56.433
-940.322 126.031 19.6822 142.481 138.381 56.432
-939.708 126.82 19.6554 142.474 138.385 56.432
-939.094 127.609 19.6285 142.474 138.385 56.432
-938.48 128.398 19.6016 142.467 138.388 56.426
-937.866 129.187 19.5747 142.468 138.386 56.411
21
-965.181 93.5008 21.6481 142.489 138.361 56.442
-964.582 94.3011 21.6264 142.489 138.361 56.442
-963.983 95.1015 21.6047 142.489 138.361 56.442
-963.384 95.9018 21.583 142.489 138.361 56.442
-962.784 96.7021 21.5613 142.489 138.361 56.442
-962.185 97.5024 21.5396 142.489 138.361 56.442
-961.586 98.3028 21.5179 142.489 138.361 56.442
-960.987 99.1031 21.4962 142.489 138.361 56.442
-960.388 99.9034 21.4745 142.508 138.351 56.49
-959.789 100.704 21.4528 142.523 138.351 56.488
-959.189 101.504 21.4311 142.511 138.356 56.484
-958.59 102.304 21.4093 142.499 138.358 56.472
-957.991 103.105 21.3876 142.497 138.355 56.461
-957.392 103.905 21.3659 142.501 138.353 56.459
-956.793 104.705 21.3442 142.501 138.353 56.459
-956.194 105.506 21.3225 142.502 138.351 56.453
-955.594 106.306 21.3008 142.501 138.353 56.46
-954.995 107.106 21.2791 142.501 138.353 56.46
-954.396 107.907 21.2574 142.501 138.355 56.464
-953.797 108.707 21.2357 142.495 138.359 56.466
-953.198 109.507 21.214 142.488 138.363 56.46
-952.598 110.308 21.1923 142.488 138.363 56.46
-951.999 111.108 21.1706 142.484 138.365 56.457
-951.4 111.908 21.1489 142.48 138.367 56.448
-950.801 112.709 21.1271 142.481 138.367 56.438
-950.202 113.509 21.1054 142.482 138.368 56.435
-949.603 114.309 21.0837 142.482 138.368 56.435
-949.003 115.11 21.062 142.483 138.37 56.439
-948.404 115.91 21.0403 142.486 138.371 56.44
-947.805 116.71 21.0186 142.483 138.374 56.445
-947.206 117.511 20.9969 142.483 138.374 56.445
-946.607 118.311 20.9752 142.479 138.376 56.439
-946.008 119.111 20.9535 142.479 138.376 56.439
-945.408 119.912 20.9318 142.48 138.378 56.43
-944.809 120.712 20.9101 142.48 138.377 56.426
-944.21 121.512 20.8884 142.479 138.378 56.42
-943.611 122.313 20.8667 142.479 138.378 56.419
-943.012 123.113 20.845 142.479 138.378 56.419
-942.413 123.913 20.8232 142.478 138.38 56.431
-941.813 124.714 20.8015 142.481 138.381 56.431
-941.214 125.514 20.7798 142.481 138.381 56.431
-940.615 126.314 20.7581 142.478 138.383 56.432
-940.016 127.115 20.7364 142.471 138.386 56.426
-939.417 127.915 20.7147 142.471 138.386 56.426
-938.818 128.715 20.693 142.468 138.386 56.41
-938.218 129.515 20.6713 142.468 138.386 56.41
22
-965.704 95.3803 20.0838 142.487 138.362 56.444
-965.102 96.1783 20.0622 142.487 138.362 56.444
-964.5 96.9763 20.0406 142.487 138.362 56.444
-963.897 97.7743 20.019 142.487 138.362 56.444
-963.295 98.5723 19.9974 142.487 138.362 56.444
-962.693 99.3703 19.9758 142.487 138.362 56.444
-962.091 100.168 19.9542 142.509 138.349 56.487
-961.488 100.966 19.9326 142.509 138.349 56.487
-960.886 101.764 19.911 142.525 138.349 56.486
-960.284 102.562 19.8894 142.51 138.356 56.478
-959.681 103.36 19.8678 142.499 138.357 56.469
-959.079 104.158 19.8462 142.498 138.356 56.462
-958.477 104.956 19.8246 142.498 138.356 56.462
-957.875 105.754 19.803 142.499 138.355 56.461
-957.272 106.552 19.7814 142.499 138.354 56.461
-956.67 107.35 19.7599 142.499 138.354 56.461
-956.068 108.148 19.7383 142.501 138.354 56.461
-955.466 108.946 19.7167 142.499 138.356 56.462
-954.863 109.744 19.6951 142.499 138.356 56.462
-954.261 110.542 19.6735 142.493 138.359 56.456
-953.659 111.34 19.6519 142.488 138.363 56.455
-953.056 112.138 19.6303 142.483 138.367 56.45
-952.454 112.936 19.6087 142.481 138.368 56.443
-951.852 113.734 19.5871 142.479 138.369 56.441
-951.25 114.532 19.5655 142.479 138.369 56.441
-950.647 115.33 19.5439 142.482 138.369 56.442
-950.045 116.128 19.5223 142.484 138.371 56.442
-949.443 116.926 19.5007 142.489 138.37 56.438
-948.841 117.724 19.4791 142.489 138.37 56.438
-948.238 118.522 19.4575 142.486 138.373 56.441
-947.636 119.32 19.4359 142.482 138.375 56.437
-947.034 120.118 19.4143 142.481 138.377 56.434
-946.431 120.916 19.3927 142.48 138.377 56.429
-945.829 121.714 19.3711 142.478 138.379 56.427
-945.227 122.512 19.3495 142.478 138.379 56.427
-944.625 123.31 19.3279 142.48 138.378 56.423
-944.022 124.108 19.3063 142.48 138.38 56.43
-943.42 124.906 19.2847 142.482 138.382 56.434
-942.818 125.704 19.2632 142.484 138.381 56.431
-942.216 126.502 19.2416 142.484 138.381 56.431
-941.613 127.3 19.22 142.48 138.382 56.427
-941.011 128.098 19.1984 142.471 138.385 56.425
-940.409 128.896 19.1768 142.468 138.385 56.411
-939.806 129.694 19.1552 142.468 138.385 56.411
-939.204 130.492 19.1336 142.473 138.386 56.423
-938.602 131.29 19.112 142.473 138.386 56.423
23
-965.047 94.1014 20.0687 142.485 138.362 56.44
-964.442 94.8973 20.0471 142.485 138.362 56.44
-963.837 95.6931 20.0255 142.485 138.362 56.44
-963.232 96.489 20.004 142.485 138.362 56.44
-962.627 97.2848 19.9824 142.485 138.362 56.44
-962.022 98.0807 19.9608 142.485 138.362 56.44
-961.417 98.8766 19.9392 142.485 138.362 56.44
-960.811 99.6724 19.9177 142.485 138.362 56.44
-960.206 100.468 19.8961 142.51 138.349 56.488
-959.601 101.264 19.8745 142.526 138.349 56.488
-958.996 102.06 19.8529 142.517 138.354 56.484
-958.391 102.856 19.8314 142.506 138.357 56.478
-957.786 103.652 19.8098 142.5 138.357 56.468
-957.181 104.448 19.7882 142.498 138.357 56.463
-956.576 105.243 19.7666 142.499 138.355 56.46
-955.971 106.039 19.7451 142.499 138.355 56.46
-955.366 106.835 19.7235 142.498 138.354 56.461
-954.761 107.631 19.7019 142.498 138.354 56.461
-954.155 108.427 19.6803 142.501 138.355 56.463
-953.55 109.223 19.6588 142.497 138.357 56.46
-952.945 110.019 19.6372 142.494 138.36 56.459
-952.34 110.815 19.6156 142.488 138.364 56.457
-951.735 111.61 19.594 142.488 138.364 56.457
-951.13 112.406 19.5724 142.482 138.367 56.452
-950.525 113.202 19.5509 142.48 138.368 56.444
-949.92 113.998 19.5293 142.48 138.369 56.44
-949.315 114.794 19.5077 142.479 138.369 56.439
-948.71 115.59 19.4861 142.482 138.371 56.439
-948.105 116.386 19.4646 142.482 138.371 56.439
-947.499 117.181 19.443 142.489 138.37 56.438
-946.894 117.977 19.4214 142.486 138.373 56.442
-946.289 118.773 19.3998 142.482 138.375 56.439
-945.684 119.569 19.3783 142.481 138.376 56.437
-945.079 120.365 19.3567 142.48 138.377 56.431
-944.474 121.161 19.3351 142.48 138.377 56.431
-943.869 121.957 19.3135 142.478 138.378 56.427
-943.264 122.752 19.292 142.479 138.377 56.42
-942.659 123.548 19.2704 142.479 138.378 56.424
-942.054 124.344 19.2488 142.482 138.38 56.433
-941.448 125.14 19.2272 142.482 138.38 56.433
-940.843 125.936 19.2057 142.485 138.38 56.432
-940.238 126.732 19.1841 142.481 138.382 56.429
-939.633 127.528 19.1625 142.471 138.386 56.424
-939.028 128.323 19.1409 142.471 138.386 56.424
-938.423 129.119 19.1193 142.468 138.385 56.412
-937.818 129.915 19.0978 142.468 138.385 56.412
24
-965.021 95.774 20.2284 142.488 138.361 56.443
-964.416 96.5698 20.2034 142.488 138.361 56.443
-963.811 97.3656 20.1784 142.488 138.361 56.443
-963.206 98.1615 20.1534 142.488 138.361 56.443
-962.601 98.9573 20.1284 142.488 138.361 56.443
-961.996 99.7531 20.1035 142.488 138.361 56.443
-961.391 100.549 20.0785 142.516 138.349 56.488
-960.786 101.345 20.0535 142.523 138.352 56.49
-960.181 102.141 20.0285 142.506 138.357 56.479
-959.576 102.936 20.0035 142.506 138.357 56.479
-958.971 103.732 19.9785 142.496 138.355 56.461
-958.366 104.528 19.9535 142.499 138.354 56.457
-957.761 105.324 19.9286 142.499 138.354 56.457
-957.156 106.12 19.9036 142.502 138.352 56.454
-956.551 106.916 19.8786 142.5 138.353 56.459
-955.946 107.712 19.8536 142.5 138.353 56.459
-955.341 108.507 19.8286 142.501 138.356 56.463
-954.736 109.303 19.8036 142.496 138.358 56.466
-954.131 110.099 19.7786 142.496 138.358 56.466
-953.526 110.895 19.7537 142.49 138.362 56.461
-952.921 111.691 19.7287 142.482 138.366 56.456
-952.316 112.487 19.7037 142.48 138.367 56.448
-951.711 113.282 19.6787 142.479 138.367 56.435
-951.106 114.078 19.6537 142.479 138.367 56.435
-950.501 114.874 19.6287 142.48 138.369 56.433
-949.896 115.67 19.6038 142.483 138.37 56.439
-949.291 116.466 19.5788 142.483 138.37 56.439
-948.686 117.262 19.5538 142.487 138.372 56.44
-948.081 118.057 19.5288 142.484 138.374 56.445
-947.476 118.853 19.5038 142.48 138.375 56.442
-946.871 119.649 19.4788 142.479 138.377 56.438
-946.266 120.445 19.4538 142.479 138.377 56.43
-945.661 121.241 19.4289 142.479 138.376 56.426
-945.056 122.037 19.4039 142.477 138.378 56.42
-944.451 122.832 19.3789 142.48 138.378 56.418
-943.846 123.628 19.3539 142.48 138.378 56.418
-943.241 124.424 19.3289 142.479 138.38 56.429
-942.636 125.22 19.3039 142.48 138.381 56.433
-942.031 126.016 19.2789 142.481 138.381 56.433
-941.426 126.812 19.254 142.481 138.381 56.433
-940.821 127.607 19.229 142.477 138.384 56.43
-940.216 128.403 19.204 142.469 138.386 56.422
-939.611 129.199 19.179 142.468 138.385 56.408
-939.006 129.995 19.154 142.468 138.385 56.408
-938.401 130.791 19.129 142.468 138.385 56.408
-937.796 131.587 19.104 142.468 138.385 56.408
25
-966.535 95.447 21.1499 142.488 138.362 56.443
-965.927 96.241 21.126 142.488 138.362 56.443
-965.32 97.035 21.1022 142.488 138.362 56.443
-964.712 97.8289 21.0783 142.488 138.362 56.443
-964.105 98.6229 21.0544 142.488 138.362 56.443
-963.497 99.4169 21.0305 142.488 138.362 56.443
-962.89 100.211 21.0066 142.509 138.35 56.489
-962.283 101.005 20.9827 142.525 138.35 56.489
-961.675 101.799 20.9588 142.509 138.355 56.48
-961.068 102.593 20.935 142.509 138.355 56.48
-960.46 103.387 20.9111 142.499 138.356 56.467
-959.853 104.181 20.8872 142.497 138.354 56.456
-959.245 104.975 20.8633 142.502 138.353 56.457
-958.638 105.769 20.8394 142.502 138.353 56.457
-958.03 106.563 20.8155 142.5 138.353 56.459
-957.423 107.357 20.7916 142.5 138.353 56.459
-956.815 108.151 20.7678 142.501 138.356 56.464
-956.208 108.945 20.7439 142.501 138.356 56.464
-955.6 109.739 20.72 142.494 138.359 56.46
-954.993 110.533 20.6961 142.489 138.363 56.458
-954.386 111.327 20.6722 142.484 138.365 56.454
-953.778 112.121 20.6483 142.481 138.366 56.447
-953.171 112.915 20.6244 142.481 138.366 56.447
-952.563 113.709 20.6006 142.48 138.367 56.437
-951.956 114.503 20.5767 142.482 138.368 56.437
-951.348 115.297 20.5528 142.482 138.368 56.437
-950.741 116.091 20.5289 142.484 138.37 56.441
-950.133 116.885 20.505 142.486 138.371 56.441
-949.526 117.679 20.4811 142.484 138.373 56.444
-948.918 118.473 20.4572 142.48 138.375 56.438
-948.311 119.267 20.4334 142.48 138.375 56.438
-947.703 120.061 20.4095 142.479 138.377 56.434
-947.096 120.855 20.3856 142.479 138.377 56.428
-946.489 121.649 20.3617 142.478 138.378 56.423
-945.881 122.443 20.3378 142.478 138.378 56.423
-945.274 123.237 20.3139 142.479 138.378 56.418
-944.666 124.031 20.29 142.479 138.38 56.43
-944.059 124.825 20.2662 142.482 138.381 56.432
-943.451 125.619 20.2423 142.482 138.381 56.432
-942.844 126.413 20.2184 142.482 138.381 56.431
-942.236 127.207 20.1945 142.475 138.385 56.429
-941.629 128.001 20.1706 142.469 138.387 56.422
-941.021 128.795 20.1467 142.469 138.387 56.422
-940.414 129.589 20.1228 142.468 138.386 56.411
-939.806 130.383 20.099 142.468 138.386 56.411
-939.199 131.177 20.0751 142.468 138.386 56.411
26
-967.16 94.8133 20.8847 142.49 138.36 56.442
-966.552 95.6069 20.8608 142.49 138.36 56.442
-965.944 96.4006 20.8368 142.49 138.36 56.442
-965.336 97.1942 20.8129 142.49 138.36 56.442
-964.728 97.9879 20.7889 142.49 138.36 56.442
-964.12 98.7815 20.765 142.49 138.36 56.442
-963.512 99.5752 20.741 142.49 138.36 56.442
-962.904 100.369 20.7171 142.519 138.344 56.488
-962.296 101.162 20.6931 142.514 138.35 56.48
-961.688 101.956 20.6692 142.514 138.35 56.48
-961.081 102.75 20.6452 142.504 138.355 56.479
-960.473 103.543 20.6213 142.493 138.359 56.471
-959.865 104.337 20.5973 142.494 138.355 56.453
-959.257 105.131 20.5734 142.499 138.352 56.448
-958.649 105.924 20.5494 142.499 138.352 56.448
-958.041 106.718 20.5255 142.502 138.351 56.448
-957.433 107.512 20.5015 142.502 138.353 56.453
-956.825 108.305 20.4776 142.502 138.353 56.453
-956.217 109.099 20.4536 142.499 138.356 56.461
-955.609 109.893 20.4297 142.493 138.36 56.466
-955.002 110.686 20.4057 142.493 138.36 56.466
-954.394 111.48 20.3818 142.488 138.364 56.46
-953.786 112.274 20.3578 142.482 138.366 56.454
-953.178 113.067 20.3339 142.478 138.367 56.443
-952.57 113.861 20.3099 142.478 138.367 56.432
-951.962 114.655 20.286 142.48 138.369 56.427
-951.354 115.448 20.262 142.482 138.371 56.434
-950.746 116.242 20.2381 142.486 138.372 56.436
-950.138 117.035 20.2142 142.486 138.372 56.436
-949.53 117.829 20.1902 142.482 138.375 56.442
-948.922 118.623 20.1663 142.479 138.375 56.441
-948.315 119.416 20.1423 142.478 138.377 56.441
-947.707 120.21 20.1184 142.479 138.377 56.431
-947.099 121.004 20.0944 142.479 138.377 56.431
-946.491 121.797 20.0705 142.481 138.376 56.426
-945.883 122.591 20.0465 142.484 138.377 56.415
-945.275 123.385 20.0226 142.482 138.379 56.419
-944.667 124.178 19.9986 142.477 138.382 56.427
-944.059 124.972 19.9747 142.477 138.382 56.427
-943.451 125.766 19.9507 142.478 138.383 56.429
-942.843 126.559 19.9268 142.478 138.383 56.431
-942.236 127.353 19.9028 142.478 138.383 56.431
-941.628 128.147 19.8789 142.472 138.388 56.436
-941.02 128.94 19.8549 142.47 138.387 56.419
-940.412 129.734 19.831 142.471 138.387 56.413
-939.804 130.528 19.807 142.471 138.387 56.413
27
-966.123 94.0669 20.5942 142.486 138.362 56.442
-965.527 94.8693 20.5698 142.486 138.362 56.442
-964.93 95.6716 20.5453 142.486 138.362 56.442
-964.334 96.4739 20.5209 142.486 138.362 56.442
-963.738 97.2763 20.4964 142.486 138.362 56.442
-963.141 98.0786 20.472 142.486 138.362 56.442
-962.545 98.881 20.4476 142.486 138.362 56.442
-961.949 99.6833 20.4231 142.486 138.362 56.442
-961.352 100.486 20.3987 142.512 138.347 56.488
-960.756 101.288 20.3743 142.526 138.348 56.488
-960.16 102.09 20.3498 142.511 138.354 56.482
-959.563 102.893 20.3254 142.498 138.356 56.468
-958.967 103.695 20.3009 142.498 138.356 56.468
-958.37 104.497 20.2765 142.499 138.355 56.459
-957.774 105.3 20.2521 142.499 138.354 56.455
-957.178 106.102 20.2276 142.499 138.354 56.453
-956.581 106.904 20.2032 142.499 138.354 56.453
-955.985 107.707 20.1788 142.501 138.355 56.455
-955.389 108.509 20.1543 142.502 138.356 56.461
-954.792 109.311 20.1299 142.502 138.356 56.461
-954.196 110.114 20.1054 142.495 138.359 56.459
-953.6 110.916 20.081 142.491 138.361 56.457
-953.003 111.718 20.0566 142.487 138.364 56.457
-952.407 112.521 20.0321 142.484 138.366 56.449
-951.81 113.323 20.0077 142.483 138.366 56.442
-951.214 114.125 19.9833 142.483 138.368 56.436
-950.618 114.928 19.9588 142.482 138.368 56.436
-950.021 115.73 19.9344 142.483 138.371 56.435
-949.425 116.532 19.9099 142.483 138.371 56.435
-948.829 117.335 19.8855 142.487 138.373 56.438
-948.232 118.137 19.8611 142.483 138.375 56.443
-947.636 118.94 19.8366 142.48 138.376 56.439
-947.04 119.742 19.8122 142.48 138.377 56.436
-946.443 120.544 19.7878 142.48 138.377 56.43
-945.847 121.347 19.7633 142.48 138.377 56.43
-945.25 122.149 19.7389 142.48 138.378 56.427
-944.654 122.951 19.7144 142.482 138.377 56.417
-944.058 123.754 19.69 142.48 138.38 56.426
-943.461 124.556 19.6656 142.479 138.381 56.431
-942.865 125.358 19.6411 142.479 138.381 56.431
-942.269 126.161 19.6167 142.481 138.381 56.43
-941.672 126.963 19.5923 142.48 138.382 56.431
-941.076 127.765 19.5678 142.473 138.386 56.431
-940.48 128.568 19.5434 142.468 138.386 56.418
-939.883 129.37 19.5189 142.469 138.386 56.413
-939.287 130.172 19.4945 142.469 138.386 56.413
28
-963.622 95.3655 20.7408 142.485 138.362 56.441
-963.021 96.1645 20.7152 142.485 138.362 56.441
-962.421 96.9635 20.6896 142.485 138.362 56.441
-961.82 97.7624 20.664 142.485 138.362 56.441
-961.219 98.5614 20.6384 142.485 138.362 56.441
-960.618 99.3603 20.6128 142.485 138.362 56.441
-960.017 100.159 20.5872 142.512 138.348 56.489
-959.416 100.958 20.5616 142.525 138.35 56.489
-958.816 101.757 20.536 142.509 138.355 56.482
-958.215 102.556 20.5104 142.5 138.357 56.472
-957.614 103.355 20.4848 142.5 138.357 56.472
-957.013 104.154 20.4592 142.499 138.355 56.46
-956.412 104.953 20.4336 142.501 138.354 56.455
-955.811 105.752 20.408 142.501 138.354 56.455
-955.211 106.551 20.3823 142.501 138.353 56.453
-954.61 107.35 20.3567 142.504 138.355 56.462
-954.009 108.149 20.3311 142.504 138.355 56.462
-953.408 108.948 20.3055 142.502 138.357 56.463
-952.807 109.747 20.2799 142.495 138.36 56.464
-952.206 110.546 20.2543 142.488 138.365 56.461
-951.605 111.345 20.2287 142.488 138.365 56.461
-951.005 112.144 20.2031 142.485 138.366 56.453
-950.404 112.943 20.1775 142.483 138.367 56.441
-949.803 113.742 20.1519 142.483 138.368 56.434
-949.202 114.541 20.1263 142.483 138.368 56.434
-948.601 115.339 20.1007 142.483 138.37 56.439
-948 116.138 20.0751 142.486 138.371 56.436
-947.4 116.937 20.0495 142.486 138.371 56.436
-946.799 117.736 20.0239 142.484 138.375 56.445
-946.198 118.535 19.9983 142.479 138.377 56.442
-945.597 119.334 19.9727 142.48 138.377 56.436
-944.996 120.133 19.9471 142.48 138.377 56.436
-944.395 120.932 19.9215 142.482 138.377 56.43
-943.795 121.731 19.8959 142.483 138.377 56.425
-943.194 122.53 19.8703 142.482 138.376 56.416
-942.593 123.329 19.8447 142.48 138.379 56.426
-941.992 124.128 19.8191 142.48 138.379 56.426
-941.391 124.927 19.7935 142.48 138.382 56.431
-940.79 125.726 19.7679 142.481 138.382 56.429
-940.189 126.525 19.7423 142.481 138.382 56.429
-939.589 127.324 19.7167 142.477 138.385 56.433
-938.988 128.123 19.6911 142.469 138.387 56.426
-938.387 128.922 19.6655 142.469 138.384 56.41
-937.786 129.721 19.6398 142.469 138.384 56.41
-937.185 130.52 19.6142 142.469 138.384 56.41
-936.584 131.319 19.5886 142.469 138.384 56.41
29
-967.343 92.6889 20.0596 142.486 138.362 56.44
-966.738 93.485 20.0409 142.486 138.362 56.44
-966.133 94.281 20.0222 142.486 138.362 56.44
-965.528 95.0771 20.0034 142.486 138.362 56.44
-964.923 95.8732 19.9847 142.486 138.362 56.44
-964.318 96.6693 19.966 142.486 138.362 56.44
-963.713 97.4653 19.9472 142.486 138.362 56.44
-963.108 98.2614 19.9285 142.486 138.362 56.44
-962.503 99.0575 19.9097 142.486 138.362 56.44
-961.898 99.8535 19.891 142.486 138.362 56.44
-961.294 100.65 19.8723 142.51 138.349 56.489
-960.689 101.446 19.8535 142.526 138.351 56.492
-960.084 102.242 19.8348 142.509 138.356 56.485
-959.479 103.038 19.8161 142.509 138.356 56.485
-958.874 103.834 19.7973 142.5 138.356 56.47
-958.269 104.63 19.7786 142.5 138.354 56.461
-957.664 105.426 19.7599 142.503 138.353 56.458
-957.059 106.222 19.7411 142.503 138.353 56.458
-956.454 107.018 19.7224 142.502 138.353 56.454
-955.849 107.814 19.7037 142.503 138.355 56.46
-955.244 108.61 19.6849 142.503 138.355 56.46
-954.639 109.406 19.6662 142.502 138.357 56.464
-954.035 110.202 19.6475 142.494 138.361 56.463
-953.43 110.999 19.6287 142.488 138.364 56.46
-952.825 111.795 19.61 142.483 138.367 56.457
-952.22 112.591 19.5913 142.483 138.367 56.457
-951.615 113.387 19.5725 142.483 138.367 56.443
-951.01 114.183 19.5538 142.484 138.367 56.434
-950.405 114.979 19.5351 142.484 138.367 56.434
-949.8 115.775 19.5163 142.485 138.368 56.437
-949.195 116.571 19.4976 142.485 138.37 56.435
-948.59 117.367 19.4789 142.486 138.373 56.443
-947.985 118.163 19.4601 142.481 138.375 56.442
-947.381 118.959 19.4414 142.481 138.375 56.442
-946.776 119.755 19.4227 142.479 138.377 56.44
-946.171 120.551 19.4039 142.479 138.377 56.432
-945.566 121.347 19.3852 142.481 138.376 56.427
-944.961 122.144 19.3665 142.481 138.376 56.42
-944.356 122.94 19.3477 142.481 138.376 56.42
-943.751 123.736 19.329 142.482 138.377 56.419
-943.146 124.532 19.3103 142.479 138.38 56.43
-942.541 125.328 19.2915 142.481 138.381 56.429
-941.936 126.124 19.2728 142.481 138.381 56.429
-941.331 126.92 19.254 142.48 138.382 56.43
-940.726 127.716 19.2353 142.475 138.386 56.432
-940.122 128.512 19.2166 142.468 138.387 56.423
30
-965.523 94.9215 20.3179 142.486 138.362 56.44
-964.927 95.7241 20.2961 142.486 138.362 56.44
-964.331 96.5268 20.2742 142.486 138.362 56.44
-963.735 97.3295 20.2524 142.486 138.362 56.44
-963.139 98.1321 20.2306 142.486 138.362 56.44
-962.543 98.9348 20.2088 142.486 138.362 56.44
-961.947 99.7375 20.1869 142.486 138.362 56.44
-961.351 100.54 20.1651 142.51 138.35 56.491
-960.755 101.343 20.1433 142.526 138.351 56.495
-960.159 102.145 20.1215 142.514 138.355 56.487
-959.563 102.948 20.0996 142.504 138.357 56.478
-958.967 103.751 20.0778 142.504 138.357 56.478
-958.371 104.553 20.056 142.499 138.355 56.462
-957.775 105.356 20.0342 142.501 138.353 56.458
-957.179 106.159 20.0123 142.501 138.352 56.45
-956.583 106.961 19.9905 142.501 138.352 56.45
-955.987 107.764 19.9687 142.502 138.353 56.458
-955.391 108.567 19.9468 142.503 138.355 56.463
-954.795 109.369 19.925 142.497 138.358 56.463
-954.199 110.172 19.9032 142.497 138.358 56.463
-953.603 110.975 19.8814 142.49 138.362 56.461
-953.007 111.777 19.8595 142.485 138.366 56.46
-952.411 112.58 19.8377 142.483 138.367 56.447
-951.815 113.383 19.8159 142.481 138.368 56.439
-951.219 114.185 19.7941 142.481 138.368 56.439
-950.623 114.988 19.7722 142.482 138.369 56.436
-950.027 115.791 19.7504 142.482 138.371 56.437
-949.431 116.593 19.7286 142.486 138.372 56.437
-948.835 117.396 19.7068 142.486 138.372 56.437
-948.238 118.199 19.6849 142.484 138.374 56.446
-947.642 119.001 19.6631 142.48 138.377 56.443
-947.046 119.804 19.6413 142.479 138.378 56.439
-946.45 120.607 19.6194 142.479 138.378 56.431
-945.854 121.409 19.5976 142.479 138.378 56.431
-945.258 122.212 19.5758 142.481 138.377 56.427
-944.662 123.015 19.554 142.481 138.377 56.415
-944.066 123.817 19.5321 142.478 138.379 56.421
-943.47 124.62 19.5103 142.478 138.38 56.428
-942.874 125.423 19.4885 142.478 138.38 56.428
-942.278 126.225 19.4667 142.481 138.381 56.43
-941.682 127.028 19.4448 142.479 138.383 56.432
-941.086 127.831 19.423 142.471 138.387 56.433
-940.49 128.633 19.4012 142.471 138.387 56.433
-939.894 129.436 19.3794 142.467 138.386 56.412
-939.298 130.239 19.3575 142.467 138.386 56.412
-938.702 131.041 19.3357 142.467 138.386 56.412
31
-965.097 92.9875 19.2624 142.486 138.362 56.441
-964.502 93.791 19.2457 142.486 138.362 56.441
-963.907 94.5944 19.2289 142.486 138.362 56.441
-963.311 95.3979 19.2121 142.486 138.362 56.441
-962.716 96.2014 19.1954 142.486 138.362 56.441
-962.121 97.0048 19.1786 142.486 138.362 56.441
-961.526 97.8083 19.1618 142.486 138.362 56.441
-960.931 98.6118 19.1451 142.486 138.362 56.441
-960.336 99.4152 19.1283 142.486 138.362 56.441
-959.741 100.219 19.1115 142.511 138.35 56.492
-959.146 101.022 19.0948 142.511 138.35 56.492
-958.551 101.826 19.078 142.513 138.356 56.484
-957.955 102.629 19.0613 142.513 138.356 56.484
-957.36 103.433 19.0445 142.503 138.357 56.475
-956.765 104.236 19.0277 142.498 138.356 56.464
-956.17 105.04 19.011 142.5 138.356 56.465
-955.575 105.843 18.9942 142.5 138.356 56.465
-954.98 106.646 18.9774 142.498 138.354 56.458
-954.385 107.45 18.9607 142.5 138.354 56.463
-953.79 108.253 18.9439 142.5 138.354 56.463
-953.195 109.057 18.9271 142.501 138.356 56.465
-952.599 109.86 18.9104 142.496 138.357 56.46
-952.004 110.664 18.8936 142.491 138.361 56.457
-951.409 111.467 18.8768 142.485 138.365 56.456
-950.814 112.271 18.8601 142.485 138.365 56.456
-950.219 113.074 18.8433 142.483 138.367 56.448
-949.624 113.878 18.8265 142.48 138.369 56.438
-949.029 114.681 18.8098 142.48 138.369 56.438
-948.434 115.485 18.793 142.479 138.371 56.441
-947.839 116.288 18.7763 142.479 138.371 56.441
-947.244 117.092 18.7595 142.485 138.372 56.439
-946.648 117.895 18.7427 142.484 138.374 56.442
-946.053 118.698 18.726 142.48 138.376 56.436
-945.458 119.502 18.7092 142.48 138.376 56.436
-944.863 120.305 18.6924 142.481 138.377 56.433
-944.268 121.109 18.6757 142.481 138.377 56.43
-943.673 121.912 18.6589 142.48 138.377 56.428
-943.078 122.716 18.6421 142.48 138.377 56.421
-942.483 123.519 18.6254 142.48 138.377 56.421
-941.888 124.323 18.6086 142.479 138.379 56.428
-941.292 125.126 18.5918 142.481 138.381 56.433
-940.697 125.93 18.5751 142.482 138.381 56.429
-940.102 126.733 18.5583 142.479 138.382 56.428
-939.507 127.537 18.5416 142.479 138.382 56.428
-938.912 128.34 18.5248 142.472 138.385 56.426
-938.317 129.144 18.508 142.467 138.386 56.413
