1
-774.81 349.25 -103.264 86.095 130.634 120.423
-775.559 349.913 -103.262 86.095 130.634 120.423
-776.308 350.576 -103.259 86.095 130.634 120.423
-777.056 351.239 -103.257 86.095 130.634 120.423
-777.805 351.902 -103.255 86.095 130.634 120.423
-778.554 352.565 -103.253 86.095 130.634 120.423
-779.302 353.227 -103.25 86.095 130.634 120.423
-780.051 353.89 -103.248 86.095 130.634 120.423
-780.8 354.553 -103.246 86.095 130.634 120.423
-781.548 355.216 -103.244 86.095 130.634 120.423
-782.297 355.879 -103.241 86.095 130.634 120.423
-783.046 356.542 -103.239 86.095 130.634 120.423
-783.794 357.205 -103.237 86.095 130.634 120.423
-784.543 357.868 -103.235 86.095 130.634 120.423
-785.292 358.531 -103.232 86.191 130.604 120.496
-786.04 359.194 -103.23 86.191 130.604 120.496
-786.789 359.857 -103.228 86.277 130.562 120.55
-787.538 360.52 -103.225 86.362 130.519 120.602
-788.286 361.183 -103.223 86.362 130.519 120.602
-789.035 361.846 -103.221 86.537 130.44 120.716
-789.783 362.509 -103.219 86.537 130.44 120.716
-790.532 363.172 -103.216 86.537 130.44 120.716
-791.281 363.835 -103.214 86.537 130.44 120.716
-792.029 364.498 -103.212 86.537 130.44 120.716
-792.778 365.161 -103.21 86.537 130.44 120.716
-793.527 365.824 -103.207 86.537 130.44 120.716
-794.275 366.487 -103.205 86.537 130.44 120.716
-795.024 367.15 -103.203 86.537 130.44 120.716
-795.773 367.812 -103.2 86.537 130.44 120.716
-796.521 368.475 -103.198 86.537 130.44 120.716
-797.27 369.138 -103.196 86.537 130.44 120.716
-798.019 369.801 -103.194 86.537 130.44 120.716
-798.767 370.464 -103.191 87.932 129.791 121.611
-799.516 371.127 -103.189 87.932 129.791 121.611
-800.265 371.79 -103.187 87.932 129.791 121.611
-801.013 372.453 -103.185 87.932 129.791 121.611
-801.762 373.116 -103.182 87.932 129.791 121.611
-802.511 373.779 -103.18 87.932 129.791 121.611
-803.259 374.442 -103.178 87.932 129.791 121.611
-804.008 375.105 -103.176 87.932 129.791 121.611
-804.757 375.768 -103.173 87.932 129.791 121.611
-805.505 376.431 -103.171 87.932 129.791 121.611
-806.254 377.094 -103.169 87.932 129.791 121.611
-807.003 377.757 -103.166 88.02 129.751 121.668
-807.751 378.42 -103.164 88.02 129.751 121.668
-808.5 379.083 -103.162 88.117 129.703 121.728
-809.249 379.746 -103.16 88.117 129.703 121.728
-809.997 380.409 -103.157 88.214 129.658 121.791
-810.746 381.072 -103.155 88.298 129.619 121.846
-811.495 381.735 -103.153 88.393 129.575 121.908
-812.243 382.397 -103.151 88.393 129.575 121.908
-812.992 383.06 -103.148 88.466 129.54 121.954
-813.741 383.723 -103.146 88.551 129.497 122.007
-814.489 384.386 -103.144 88.638 129.455 122.064
-815.238 385.049 -103.142 88.638 129.455 122.064
-815.986 385.712 -103.139 88.734 129.409 122.127
-816.735 386.375 -103.137 88.818 129.369 122.18
-817.484 387.038 -103.135 88.818 129.369 122.18
-818.232 387.701 -103.132 88.913 129.324 122.243
-818.981 388.364 -103.13 88.999 129.282 122.296
-819.73 389.027 -103.128 88.999 129.282 122.296
-820.478 389.69 -103.126 89.084 129.238 122.346
-821.227 390.353 -103.123 89.158 129.199 122.389
-821.976 391.016 -103.121 89.232 129.164 122.44
-822.724 391.679 -103.119 89.232 129.164 122.44
-823.473 392.342 -103.117 89.306 129.129 122.486
-824.222 393.005 -103.114 89.387 129.089 122.539
-824.97 393.668 -103.112 89.461 129.052 122.582
-825.719 394.331 -103.11 89.461 129.052 122.582
-826.468 394.994 -103.108 89.556 129.005 122.644
-827.216 395.657 -103.105 89.63 128.967 122.69
-827.965 396.32 -103.103 89.735 128.915 122.754
-828.714 396.982 -103.101 89.735 128.915 122.754
-829.462 397.645 -103.098 89.807 128.879 122.799
-830.211 398.308 -103.096 89.88 128.845 122.851
-830.96 398.971 -103.094 89.953 128.808 122.895
-831.708 399.634 -103.092 89.953 128.808 122.895
-832.457 400.297 -103.089 90.038 128.763 122.946
-833.206 400.96 -103.087 90.11 128.723 122.982
-833.954 401.623 -103.085 90.201 128.679 123.045
-834.703 402.286 -103.083 90.201 128.679 123.045
-835.452 402.949 -103.08 90.282 128.64 123.095
-836.2 403.612 -103.078 90.35 128.605 123.139
-836.949 404.275 -103.076 90.35 128.605 123.139
-837.698 404.938 -103.074 90.35 128.605 123.139
-838.446 405.601 -103.071 90.35 128.605 123.139
-839.195 406.264 -103.069 90.35 128.605 123.139
-839.943 406.927 -103.067 90.35 128.605 123.139
-840.692 407.59 -103.064 90.35 128.605 123.139
-841.441 408.253 -103.062 90.35 128.605 123.139
-842.189 408.916 -103.06 90.35 128.605 123.139
-842.938 409.579 -103.058 90.35 128.605 123.139
-843.687 410.242 -103.055 90.35 128.605 123.139
-844.435 410.905 -103.053 90.35 128.605 123.139
-845.184 411.567 -103.051 90.35 128.605 123.139
-845.933 412.23 -103.049 90.35 128.605 123.139
-846.681 412.893 -103.046 90.35 128.605 123.139
-847.43 413.556 -103.044 90.35 128.605 123.139
-848.179 414.219 -103.042 90.35 128.605 123.139
-848.927 414.882 -103.04 90.35 128.605 123.139
-849.676 415.545 -103.037 90.35 128.605 123.139
2
-775.876 349.694 -103.722 86.095 130.634 120.423
-776.643 350.336 -103.72 86.095 130.634 120.423
-777.409 350.978 -103.717 86.095 130.634 120.423
-778.176 351.62 -103.715 86.095 130.634 120.423
-778.943 352.261 -103.713 86.095 130.634 120.423
-779.71 352.903 -103.71 86.095 130.634 120.423
-780.477 353.545 -103.708 86.095 130.634 120.423
-781.244 354.187 -103.706 86.095 130.634 120.423
-782.011 354.829 -103.703 86.095 130.634 120.423
-782.777 355.47 -103.701 86.095 130.634 120.423
-783.544 356.112 -103.699 86.095 130.634 120.423
-784.311 356.754 -103.696 86.095 130.634 120.423
-785.078 357.396 -103.694 86.095 130.634 120.423
-785.845 358.038 -103.692 86.176 130.611 120.485
-786.612 358.679 -103.69 86.247 130.577 120.531
-787.379 359.321 -103.687 86.327 130.537 120.579
-788.146 359.963 -103.685 86.327 130.537 120.579
-788.912 360.605 -103.683 86.423 130.491 120.642
-789.679 361.247 -103.68 86.495 130.459 120.687
-790.446 361.888 -103.678 86.495 130.459 120.687
-791.213 362.53 -103.676 86.623 130.403 120.771
-791.98 363.172 -103.673 86.698 130.369 120.82
-792.747 363.814 -103.671 86.698 130.369 120.82
-793.514 364.456 -103.669 86.698 130.369 120.82
-794.28 365.097 -103.667 86.698 130.369 120.82
-795.047 365.739 -103.664 86.698 130.369 120.82
-795.814 366.381 -103.662 86.698 130.369 120.82
-796.581 367.023 -103.66 86.698 130.369 120.82
-797.348 367.665 -103.657 86.698 130.369 120.82
-798.115 368.307 -103.655 86.698 130.369 120.82
-798.882 368.948 -103.653 86.698 130.369 120.82
-799.648 369.59 -103.65 87.932 129.792 121.611
-800.415 370.232 -103.648 87.932 129.792 121.611
-801.182 370.874 -103.646 87.932 129.792 121.611
-801.949 371.516 -103.644 87.932 129.792 121.611
-802.716 372.157 -103.641 87.932 129.792 121.611
-803.483 372.799 -103.639 87.932 129.792 121.611
-804.25 373.441 -103.637 87.932 129.792 121.611
-805.016 374.083 -103.634 87.932 129.792 121.611
-805.783 374.725 -103.632 87.932 129.792 121.611
-806.55 375.366 -103.63 87.932 129.792 121.611
-807.317 376.008 -103.627 87.932 129.792 121.611
-808.084 376.65 -103.625 88.052 129.734 121.686
-808.851 377.292 -103.623 88.052 129.734 121.686
-809.618 377.934 -103.621 88.127 129.697 121.735
-810.385 378.575 -103.618 88.214 129.658 121.79
-811.151 379.217 -103.616 88.287 129.624 121.839
-811.918 379.859 -103.614 88.287 129.624 121.839
-812.685 380.501 -103.611 88.371 129.585 121.895
-813.452 381.143 -103.609 88.455 129.545 121.947
-814.219 381.785 -103.607 88.455 129.545 121.947
-814.986 382.426 -103.604 88.552 129.497 122.009
-815.753 383.068 -103.602 88.638 129.454 122.064
-816.519 383.71 -103.6 88.638 129.454 122.064
-817.286 384.352 -103.597 88.735 129.409 122.129
-818.053 384.994 -103.595 88.808 129.374 122.174
-818.82 385.635 -103.593 88.893 129.334 122.231
-819.587 386.277 -103.591 88.893 129.334 122.231
-820.354 386.919 -103.588 88.977 129.293 122.283
-821.121 387.561 -103.586 89.074 129.244 122.341
-821.887 388.203 -103.584 89.074 129.244 122.341
-822.654 388.844 -103.581 89.168 129.194 122.396
-823.421 389.486 -103.579 89.242 129.159 122.446
-824.188 390.128 -103.577 89.316 129.125 122.493
-824.955 390.77 -103.574 89.387 129.089 122.538
-825.722 391.412 -103.572 89.387 129.089 122.538
-826.489 392.053 -103.57 89.46 129.053 122.582
-827.255 392.695 -103.568 89.545 129.009 122.635
-828.022 393.337 -103.565 89.619 128.972 122.682
-828.789 393.979 -103.563 89.619 128.972 122.682
-829.556 394.621 -103.561 89.715 128.925 122.743
-830.323 395.262 -103.558 89.787 128.889 122.787
-831.09 395.904 -103.556 89.86 128.855 122.836
-831.857 396.546 -103.554 89.944 128.812 122.886
-832.624 397.188 -103.551 89.944 128.812 122.886
-833.39 397.83 -103.549 90.027 128.768 122.936
-834.157 398.472 -103.547 90.101 128.728 122.976
-834.924 399.113 -103.545 90.183 128.688 123.03
-835.691 399.755 -103.542 90.183 128.688 123.03
-836.458 400.397 -103.54 90.265 128.649 123.084
-837.225 401.039 -103.538 90.344 128.61 123.137
-837.992 401.681 -103.535 90.344 128.61 123.137
-838.758 402.322 -103.533 90.344 128.61 123.137
-839.525 402.964 -103.531 90.344 128.61 123.137
-840.292 403.606 -103.528 90.344 128.61 123.137
-841.059 404.248 -103.526 90.344 128.61 123.137
-841.826 404.89 -103.524 90.344 128.61 123.137
-842.593 405.531 -103.522 90.344 128.61 123.137
-843.36 406.173 -103.519 90.344 128.61 123.137
-844.126 406.815 -103.517 90.344 128.61 123.137
-844.893 407.457 -103.515 90.344 128.61 123.137
-845.66 408.099 -103.512 90.344 128.61 123.137
-846.427 408.74 -103.51 90.344 128.61 123.137
-847.194 409.382 -103.508 90.344 128.61 123.137
-847.961 410.024 -103.505 90.344 128.61 123.137
-848.728 410.666 -103.503 90.344 128.61 123.137
-849.494 411.308 -103.501 90.344 128.61 123.137
-850.261 411.95 -103.498 90.344 128.61 123.137
-851.028 412.591 -103.496 90.344 128.61 123.137
-851.795 413.233 -103.494 90.344 128.61 123.137
-852.562 413.875 -103.492 90.344 128.61 123.137
3
-777.554 348.074 -103.803 86.095 130.634 120.423
-778.319 348.717 -103.801 86.095 130.634 120.423
-779.085 349.36 -103.799 86.095 130.634 120.423
-779.851 350.003 -103.797 86.095 130.634 120.423
-780.617 350.646 -103.796 86.095 130.634 120.423
-781.383 351.289 -103.794 86.095 130.634 120.423
-782.149 351.932 -103.792 86.095 130.634 120.423
-782.915 352.575 -103.79 86.095 130.634 120.423
-783.68 353.218 -103.788 86.095 130.634 120.423
-784.446 353.861 -103.786 86.095 130.634 120.423
-785.212 354.504 -103.784 86.095 130.634 120.423
-785.978 355.148 -103.782 86.095 130.634 120.423
-786.744 355.791 -103.78 86.177 130.611 120.485
-787.51 356.434 -103.778 86.249 130.577 120.533
-788.276 357.077 -103.776 86.319 130.541 120.575
-789.041 357.72 -103.774 86.319 130.541 120.575
-789.807 358.363 -103.772 86.421 130.491 120.64
-790.573 359.006 -103.77 86.504 130.454 120.694
-791.339 359.649 -103.768 86.578 130.422 120.743
-792.105 360.292 -103.766 86.578 130.422 120.743
-792.871 360.935 -103.764 86.664 130.383 120.797
-793.637 361.578 -103.762 86.739 130.349 120.845
-794.402 362.221 -103.76 86.739 130.349 120.845
-795.168 362.864 -103.758 86.739 130.349 120.845
-795.934 363.507 -103.756 86.739 130.349 120.845
-796.7 364.15 -103.754 86.739 130.349 120.845
-797.466 364.793 -103.752 86.739 130.349 120.845
-798.232 365.436 -103.75 86.739 130.349 120.845
-798.997 366.079 -103.748 86.739 130.349 120.845
-799.763 366.722 -103.746 86.739 130.349 120.845
-800.529 367.365 -103.744 86.739 130.349 120.845
-801.295 368.008 -103.742 86.739 130.349 120.845
-802.061 368.651 -103.74 88.062 129.729 121.693
-802.827 369.294 -103.738 88.062 129.729 121.693
-803.593 369.937 -103.736 88.062 129.729 121.693
-804.358 370.58 -103.735 88.062 129.729 121.693
-805.124 371.223 -103.733 88.062 129.729 121.693
-805.89 371.866 -103.731 88.062 129.729 121.693
-806.656 372.509 -103.729 88.062 129.729 121.693
-807.422 373.152 -103.727 88.062 129.729 121.693
-808.188 373.795 -103.725 88.062 129.729 121.693
-808.954 374.438 -103.723 88.062 129.729 121.693
-809.719 375.081 -103.721 88.062 129.729 121.693
-810.485 375.724 -103.719 88.148 129.687 121.748
-811.251 376.367 -103.717 88.148 129.687 121.748
-812.017 377.01 -103.715 88.222 129.653 121.795
-812.783 377.653 -103.713 88.317 129.609 121.858
-813.549 378.296 -103.711 88.403 129.569 121.914
-814.315 378.939 -103.709 88.403 129.569 121.914
-815.08 379.582 -103.707 88.499 129.523 121.974
-815.846 380.225 -103.705 88.573 129.486 122.022
-816.612 380.868 -103.703 88.659 129.445 122.078
-817.378 381.511 -103.701 88.659 129.445 122.078
-818.144 382.154 -103.699 88.733 129.41 122.128
-818.91 382.797 -103.697 88.828 129.364 122.187
-819.676 383.44 -103.695 88.828 129.364 122.187
-820.441 384.083 -103.693 88.925 129.318 122.25
-821.207 384.726 -103.691 89 129.282 122.297
-821.973 385.369 -103.689 89.085 129.239 122.349
-822.739 386.012 -103.687 89.085 129.239 122.349
-823.505 386.655 -103.685 89.158 129.201 122.393
-824.271 387.298 -103.683 89.232 129.165 122.44
-825.037 387.941 -103.681 89.305 129.13 122.487
-825.802 388.584 -103.679 89.387 129.089 122.538
-826.568 389.227 -103.677 89.387 129.089 122.538
-827.334 389.87 -103.675 89.461 129.052 122.582
-828.1 390.513 -103.673 89.546 129.01 122.636
-828.866 391.156 -103.672 89.618 128.972 122.681
-829.632 391.799 -103.67 89.618 128.972 122.681
-830.397 392.442 -103.668 89.703 128.931 122.735
-831.163 393.085 -103.666 89.774 128.895 122.778
-831.929 393.728 -103.664 89.868 128.849 122.84
-832.695 394.371 -103.662 89.868 128.849 122.84
-833.461 395.014 -103.66 89.965 128.801 122.898
-834.227 395.657 -103.658 90.049 128.758 122.95
-834.993 396.3 -103.656 90.049 128.758 122.95
-835.758 396.943 -103.654 90.121 128.718 122.988
-836.524 397.586 -103.652 90.191 128.684 123.036
-837.29 398.229 -103.65 90.264 128.649 123.083
-838.056 398.872 -103.648 90.33 128.617 123.129
-838.822 399.515 -103.646 90.33 128.617 123.129
-839.588 400.158 -103.644 90.33 128.617 123.129
-840.354 400.801 -103.642 90.33 128.617 123.129
-841.119 401.444 -103.64 90.33 128.617 123.129
-841.885 402.087 -103.638 90.33 128.617 123.129
-842.651 402.73 -103.636 90.33 128.617 123.129
-843.417 403.373 -103.634 90.33 128.617 123.129
-844.183 404.016 -103.632 90.33 128.617 123.129
-844.949 404.659 -103.63 90.33 128.617 123.129
-845.715 405.302 -103.628 90.33 128.617 123.129
-846.48 405.945 -103.626 90.33 128.617 123.129
-847.246 406.588 -103.624 90.33 128.617 123.129
-848.012 407.231 -103.622 90.33 128.617 123.129
-848.778 407.874 -103.62 90.33 128.617 123.129
-849.544 408.517 -103.618 90.33 128.617 123.129
-850.31 409.161 -103.616 90.33 128.617 123.129
-851.076 409.804 -103.614 90.33 128.617 123.129
-851.841 410.447 -103.612 90.33 128.617 123.129
-852.607 411.09 -103.61 90.33 128.617 123.129
-853.373 411.733 -103.609 90.33 128.617 123.129
-854.139 412.376 -103.607 90.33 128.617 123.129
4
-777.266 346.207 -103.193 86.095 130.633 120.423
-778.048 346.83 -103.186 86.095 130.633 120.423
-778.83 347.454 -103.179 86.095 130.633 120.423
-779.611 348.077 -103.173 86.095 130.633 120.423
-780.393 348.701 -103.166 86.095 130.633 120.423
-781.175 349.324 -103.159 86.095 130.633 120.423
-781.957 349.948 -103.152 86.095 130.633 120.423
-782.738 350.572 -103.145 86.095 130.633 120.423
-783.52 351.195 -103.139 86.095 130.633 120.423
-784.302 351.819 -103.132 86.095 130.633 120.423
-785.084 352.442 -103.125 86.095 130.633 120.423
-785.865 353.066 -103.118 86.095 130.633 120.423
-786.647 353.689 -103.111 86.095 130.633 120.423
-787.429 354.313 -103.105 86.177 130.613 120.486
-788.21 354.937 -103.098 86.255 130.573 120.535
-788.992 355.56 -103.091 86.336 130.532 120.584
-789.774 356.184 -103.084 86.413 130.494 120.633
-790.556 356.807 -103.077 86.413 130.494 120.633
-791.337 357.431 -103.071 86.496 130.459 120.688
-792.119 358.054 -103.064 86.581 130.422 120.746
-792.901 358.678 -103.057 86.581 130.422 120.746
-793.683 359.302 -103.05 86.581 130.422 120.746
-794.464 359.925 -103.044 86.581 130.422 120.746
-795.246 360.549 -103.037 86.581 130.422 120.746
-796.028 361.172 -103.03 86.581 130.422 120.746
-796.81 361.796 -103.023 86.581 130.422 120.746
-797.591 362.419 -103.016 86.581 130.422 120.746
-798.373 363.043 -103.01 86.581 130.422 120.746
-799.155 363.667 -103.003 86.581 130.422 120.746
-799.937 364.29 -102.996 86.581 130.422 120.746
-800.718 364.914 -102.989 86.581 130.422 120.746
-801.5 365.537 -102.982 86.581 130.422 120.746
-802.282 366.161 -102.976 88.108 129.708 121.724
-803.063 366.784 -102.969 88.108 129.708 121.724
-803.845 367.408 -102.962 88.108 129.708 121.724
-804.627 368.032 -102.955 88.108 129.708 121.724
-805.409 368.655 -102.948 88.108 129.708 121.724
-806.19 369.279 -102.942 88.108 129.708 121.724
-806.972 369.902 -102.935 88.108 129.708 121.724
-807.754 370.526 -102.928 88.108 129.708 121.724
-808.536 371.149 -102.921 88.108 129.708 121.724
-809.317 371.773 -102.915 88.108 129.708 121.724
-810.099 372.397 -102.908 88.108 129.708 121.724
-810.881 373.02 -102.901 88.108 129.708 121.724
-811.663 373.644 -102.894 88.108 129.708 121.724
-812.444 374.267 -102.887 88.227 129.652 121.8
-813.226 374.891 -102.881 88.301 129.617 121.848
-814.008 375.514 -102.874 88.377 129.582 121.898
-814.79 376.138 -102.867 88.377 129.582 121.898
-815.571 376.762 -102.86 88.461 129.541 121.951
-816.353 377.385 -102.853 88.537 129.505 122
-817.135 378.009 -102.847 88.64 129.455 122.069
-817.916 378.632 -102.84 88.64 129.455 122.069
-818.698 379.256 -102.833 88.724 129.415 122.123
-819.48 379.879 -102.826 88.808 129.376 122.176
-820.262 380.503 -102.819 88.808 129.376 122.176
-821.043 381.127 -102.813 88.892 129.336 122.229
-821.825 381.75 -102.806 88.984 129.288 122.287
-822.607 382.374 -102.799 89.067 129.246 122.337
-823.389 382.997 -102.792 89.067 129.246 122.337
-824.17 383.621 -102.785 89.141 129.209 122.382
-824.952 384.244 -102.779 89.224 129.169 122.436
-825.734 384.868 -102.772 89.308 129.13 122.49
-826.516 385.492 -102.765 89.308 129.13 122.49
-827.297 386.115 -102.758 89.399 129.084 122.545
-828.079 386.739 -102.752 89.472 129.047 122.591
-828.861 387.362 -102.745 89.554 129.004 122.643
-829.643 387.986 -102.738 89.628 128.969 122.691
-830.424 388.609 -102.731 89.628 128.969 122.691
-831.206 389.233 -102.724 89.72 128.923 122.746
-831.988 389.857 -102.718 89.801 128.883 122.796
-832.77 390.48 -102.711 89.874 128.846 122.846
-833.551 391.104 -102.704 89.874 128.846 122.846
-834.333 391.727 -102.697 89.957 128.802 122.893
-835.115 392.351 -102.69 90.04 128.759 122.943
-835.896 392.974 -102.684 90.04 128.759 122.943
-836.678 393.598 -102.677 90.151 128.705 123.01
-837.46 394.222 -102.67 90.237 128.663 123.066
-838.242 394.845 -102.663 90.237 128.663 123.066
-839.023 395.469 -102.656 90.316 128.623 123.118
-839.805 396.092 -102.65 90.38 128.586 123.153
-840.587 396.716 -102.643 90.38 128.586 123.153
-841.369 397.339 -102.636 90.38 128.586 123.153
-842.15 397.963 -102.629 90.38 128.586 123.153
-842.932 398.586 -102.623 90.38 128.586 123.153
-843.714 399.21 -102.616 90.38 128.586 123.153
-844.496 399.834 -102.609 90.38 128.586 123.153
-845.277 400.457 -102.602 90.38 128.586 123.153
-846.059 401.081 -102.595 90.38 128.586 123.153
-846.841 401.704 -102.589 90.38 128.586 123.153
-847.623 402.328 -102.582 90.38 128.586 123.153
-848.404 402.951 -102.575 90.38 128.586 123.153
-849.186 403.575 -102.568 90.38 128.586 123.153
-849.968 404.199 -102.561 90.38 128.586 123.153
-850.749 404.822 -102.555 90.38 128.586 123.153
-851.531 405.446 -102.548 90.38 128.586 123.153
-852.313 406.069 -102.541 90.38 128.586 123.153
-853.095 406.693 -102.534 90.38 128.586 123.153
-853.876 407.316 -102.527 90.38 128.586 123.153
-854.658 407.94 -102.521 90.38 128.586 123.153
-855.44 408.564 -102.514 90.38 128.586 123.153
5
-776.726 347.363 -104.269 86.09 130.635 120.415
-777.496 348.002 -104.263 86.09 130.635 120.415
-778.265 348.64 -104.257 86.09 130.635 120.415
-779.035 349.279 -104.251 86.09 130.635 120.415
-779.804 349.917 -104.246 86.09 130.635 120.415
-780.574 350.556 -104.24 86.09 130.635 120.415
-781.343 351.195 -104.234 86.09 130.635 120.415
-782.113 351.833 -104.228 86.09 130.635 120.415
-782.882 352.472 -104.223 86.09 130.635 120.415
-783.652 353.111 -104.217 86.09 130.635 120.415
-784.421 353.749 -104.211 86.09 130.635 120.415
-785.191 354.388 -104.205 86.09 130.635 120.415
-785.96 355.027 -104.2 86.09 130.635 120.415
-786.729 355.665 -104.194 86.182 130.608 120.491
-787.499 356.304 -104.188 86.182 130.608 120.491
-788.268 356.942 -104.182 86.258 130.57 120.535
-789.038 357.581 -104.177 86.336 130.532 120.581
-789.807 358.22 -104.171 86.418 130.493 120.635
-790.577 358.858 -104.165 86.503 130.456 120.69
-791.346 359.497 -104.159 86.503 130.456 120.69
-792.116 360.136 -104.154 86.597 130.415 120.754
-792.885 360.774 -104.148 86.597 130.415 120.754
-793.655 361.413 -104.142 86.597 130.415 120.754
-794.424 362.052 -104.136 86.597 130.415 120.754
-795.194 362.69 -104.131 86.597 130.415 120.754
-795.963 363.329 -104.125 86.597 130.415 120.754
-796.733 363.968 -104.119 86.597 130.415 120.754
-797.502 364.606 -104.114 86.597 130.415 120.754
-798.272 365.245 -104.108 86.597 130.415 120.754
-799.041 365.883 -104.102 86.597 130.415 120.754
-799.811 366.522 -104.096 86.597 130.415 120.754
-800.58 367.161 -104.091 87.867 129.82 121.567
-801.35 367.799 -104.085 87.867 129.82 121.567
-802.119 368.438 -104.079 87.867 129.82 121.567
-802.889 369.077 -104.073 87.867 129.82 121.567
-803.658 369.715 -104.068 87.867 129.82 121.567
-804.428 370.354 -104.062 87.867 129.82 121.567
-805.197 370.993 -104.056 87.867 129.82 121.567
-805.967 371.631 -104.05 87.867 129.82 121.567
-806.736 372.27 -104.045 87.867 129.82 121.567
-807.506 372.908 -104.039 87.867 129.82 121.567
-808.275 373.547 -104.033 87.867 129.82 121.567
-809.045 374.186 -104.027 87.867 129.82 121.567
-809.814 374.824 -104.022 88.131 129.696 121.73
-810.584 375.463 -104.016 88.131 129.696 121.73
-811.353 376.102 -104.01 88.131 129.696 121.73
-812.123 376.74 -104.004 88.22 129.654 121.789
-812.892 377.379 -103.999 88.306 129.612 121.848
-813.661 378.018 -103.993 88.4 129.569 121.911
-814.431 378.656 -103.987 88.4 129.569 121.911
-815.2 379.295 -103.981 88.467 129.536 121.952
-815.97 379.933 -103.976 88.558 129.495 122.014
-816.739 380.572 -103.97 88.637 129.458 122.068
-817.509 381.211 -103.964 88.637 129.458 122.068
-818.278 381.849 -103.958 88.719 129.419 122.123
-819.048 382.488 -103.953 88.797 129.382 122.177
-819.817 383.127 -103.947 88.888 129.339 122.24
-820.587 383.765 -103.941 88.888 129.339 122.24
-821.356 384.404 -103.935 88.973 129.296 122.29
-822.126 385.043 -103.93 89.042 129.262 122.33
-822.895 385.681 -103.924 89.109 129.227 122.365
-823.665 386.32 -103.918 89.212 129.178 122.432
-824.434 386.958 -103.913 89.212 129.178 122.432
-825.204 387.597 -103.907 89.29 129.139 122.482
-825.973 388.236 -103.901 89.357 129.105 122.524
-826.743 388.874 -103.895 89.428 129.067 122.564
-827.512 389.513 -103.89 89.495 129.033 122.604
-828.282 390.152 -103.884 89.495 129.033 122.604
-829.051 390.79 -103.878 89.574 128.995 122.651
-829.821 391.429 -103.872 89.651 128.957 122.697
-830.59 392.068 -103.867 89.722 128.921 122.739
-831.36 392.706 -103.861 89.807 128.878 122.792
-832.129 393.345 -103.855 89.807 128.878 122.792
-832.899 393.983 -103.849 89.878 128.842 122.842
-833.668 394.622 -103.844 89.963 128.798 122.892
-834.438 395.261 -103.838 90.041 128.76 122.939
-835.207 395.899 -103.832 90.119 128.721 122.984
-835.977 396.538 -103.826 90.119 128.721 122.984
-836.746 397.177 -103.821 90.2 128.683 123.039
-837.516 397.815 -103.815 90.277 128.644 123.094
-838.285 398.454 -103.809 90.351 128.604 123.14
-839.055 399.093 -103.803 90.351 128.604 123.14
-839.824 399.731 -103.798 90.351 128.604 123.14
-840.593 400.37 -103.792 90.351 128.604 123.14
-841.363 401.009 -103.786 90.351 128.604 123.14
-842.132 401.647 -103.78 90.351 128.604 123.14
-842.902 402.286 -103.775 90.351 128.604 123.14
-843.671 402.924 -103.769 90.351 128.604 123.14
-844.441 403.563 -103.763 90.351 128.604 123.14
-845.21 404.202 -103.757 90.351 128.604 123.14
-845.98 404.84 -103.752 90.351 128.604 123.14
-846.749 405.479 -103.746 90.351 128.604 123.14
-847.519 406.118 -103.74 90.351 128.604 123.14
-848.288 406.756 -103.734 90.351 128.604 123.14
-849.058 407.395 -103.729 90.351 128.604 123.14
-849.827 408.034 -103.723 90.351 128.604 123.14
-850.597 408.672 -103.717 90.351 128.604 123.14
-851.366 409.311 -103.712 90.351 128.604 123.14
-852.136 409.949 -103.706 90.351 128.604 123.14
-852.905 410.588 -103.7 90.351 128.604 123.14
-853.675 411.227 -103.694 90.351 128.604 123.14
6
-776.124 349.411 -103.803 86.09 130.635 120.416
-776.888 350.056 -103.802 86.09 130.635 120.416
-777.653 350.701 -103.801 86.09 130.635 120.416
-778.417 351.346 -103.799 86.09 130.635 120.416
-779.181 351.991 -103.798 86.09 130.635 120.416
-779.945 352.636 -103.797 86.09 130.635 120.416
-780.709 353.281 -103.796 86.09 130.635 120.416
-781.473 353.927 -103.795 86.09 130.635 120.416
-782.237 354.572 -103.793 86.09 130.635 120.416
-783.001 355.217 -103.792 86.09 130.635 120.416
-783.765 355.862 -103.791 86.09 130.635 120.416
-784.529 356.507 -103.79 86.09 130.635 120.416
-785.293 357.152 -103.789 86.09 130.635 120.416
-786.057 357.797 -103.787 86.174 130.611 120.484
-786.822 358.442 -103.786 86.247 130.577 120.53
-787.586 359.087 -103.785 86.328 130.535 120.576
-788.35 359.733 -103.784 86.328 130.535 120.576
-789.114 360.378 -103.783 86.418 130.492 120.634
-789.878 361.023 -103.781 86.513 130.451 120.696
-790.642 361.668 -103.78 86.597 130.416 120.754
-791.406 362.313 -103.779 86.597 130.416 120.754
-792.17 362.958 -103.778 86.597 130.416 120.754
-792.934 363.603 -103.776 86.597 130.416 120.754
-793.698 364.248 -103.775 86.597 130.416 120.754
-794.462 364.893 -103.774 86.597 130.416 120.754
-795.226 365.539 -103.773 86.597 130.416 120.754
-795.991 366.184 -103.772 86.597 130.416 120.754
-796.755 366.829 -103.77 86.597 130.416 120.754
-797.519 367.474 -103.769 86.597 130.416 120.754
-798.283 368.119 -103.768 86.597 130.416 120.754
-799.047 368.764 -103.767 86.597 130.416 120.754
-799.811 369.409 -103.766 88.007 129.754 121.652
-800.575 370.054 -103.764 88.007 129.754 121.652
-801.339 370.7 -103.763 88.007 129.754 121.652
-802.103 371.345 -103.762 88.007 129.754 121.652
-802.867 371.99 -103.761 88.007 129.754 121.652
-803.631 372.635 -103.76 88.007 129.754 121.652
-804.396 373.28 -103.758 88.007 129.754 121.652
-805.16 373.925 -103.757 88.007 129.754 121.652
-805.924 374.57 -103.756 88.007 129.754 121.652
-806.688 375.215 -103.755 88.007 129.754 121.652
-807.452 375.86 -103.754 88.007 129.754 121.652
-808.216 376.506 -103.752 88.007 129.754 121.652
-808.98 377.151 -103.751 88.084 129.717 121.697
-809.744 377.796 -103.75 88.167 129.678 121.752
-810.508 378.441 -103.749 88.167 129.678 121.752
-811.272 379.086 -103.747 88.245 129.64 121.804
-812.036 379.731 -103.746 88.314 129.607 121.853
-812.8 380.376 -103.745 88.39 129.573 121.905
-813.565 381.021 -103.744 88.467 129.536 121.953
-814.329 381.666 -103.743 88.467 129.536 121.953
-815.093 382.312 -103.741 88.548 129.498 122.007
-815.857 382.957 -103.74 88.627 129.462 122.061
-816.621 383.602 -103.739 88.701 129.427 122.111
-817.385 384.247 -103.738 88.789 129.386 122.172
-818.149 384.892 -103.737 88.789 129.386 122.172
-818.913 385.537 -103.735 88.878 129.344 122.235
-819.677 386.182 -103.734 88.953 129.306 122.28
-820.441 386.827 -103.733 89.021 129.272 122.321
-821.205 387.473 -103.732 89.021 129.272 122.321
-821.969 388.118 -103.731 89.089 129.237 122.356
-822.734 388.763 -103.729 89.157 129.205 122.398
-823.498 389.408 -103.728 89.246 129.161 122.454
-824.262 390.053 -103.727 89.315 129.127 122.498
-825.026 390.698 -103.726 89.392 129.086 122.544
-825.79 391.343 -103.725 89.392 129.086 122.544
-826.554 391.988 -103.723 89.475 129.042 122.591
-827.318 392.633 -103.722 89.544 129.008 122.631
-828.082 393.279 -103.721 89.622 128.971 122.678
-828.846 393.924 -103.72 89.622 128.971 122.678
-829.61 394.569 -103.718 89.705 128.93 122.728
-830.374 395.214 -103.717 89.773 128.895 122.768
-831.138 395.859 -103.716 89.841 128.86 122.815
-831.903 396.504 -103.715 89.914 128.822 122.863
-832.667 397.149 -103.714 90.001 128.779 122.914
-833.431 397.794 -103.712 90.001 128.779 122.914
-834.195 398.439 -103.711 90.08 128.74 122.96
-834.959 399.085 -103.71 90.147 128.708 123
-835.723 399.73 -103.709 90.216 128.675 123.05
-836.487 400.375 -103.708 90.3 128.633 123.111
-837.251 401.02 -103.706 90.3 128.633 123.111
-838.015 401.665 -103.705 90.362 128.596 123.149
-838.779 402.31 -103.704 90.362 128.596 123.149
-839.543 402.955 -103.703 90.362 128.596 123.149
-840.307 403.6 -103.702 90.362 128.596 123.149
-841.072 404.246 -103.7 90.362 128.596 123.149
-841.836 404.891 -103.699 90.362 128.596 123.149
-842.6 405.536 -103.698 90.362 128.596 123.149
-843.364 406.181 -103.697 90.362 128.596 123.149
-844.128 406.826 -103.696 90.362 128.596 123.149
-844.892 407.471 -103.694 90.362 128.596 123.149
-845.656 408.116 -103.693 90.362 128.596 123.149
-846.42 408.761 -103.692 90.362 128.596 123.149
-847.184 409.406 -103.691 90.362 128.596 123.149
-847.948 410.052 -103.69 90.362 128.596 123.149
-848.712 410.697 -103.688 90.362 128.596 123.149
-849.477 411.342 -103.687 90.362 128.596 123.149
-850.241 411.987 -103.686 90.362 128.596 123.149
-851.005 412.632 -103.685 90.362 128.596 123.149
-851.769 413.277 -103.683 90.362 128.596 123.149
-852.533 413.922 -103.682 90.362 128.596 123.149
7
-775.135 347.956 -104.128 86.09 130.634 120.415
-775.903 348.597 -104.127 86.09 130.634 120.415
-776.671 349.237 -104.125 86.09 130.634 120.415
-777.439 349.878 -104.123 86.09 130.634 120.415
-778.207 350.518 -104.121 86.09 130.634 120.415
-778.975 351.159 -104.119 86.09 130.634 120.415
-779.743 351.799 -104.118 86.09 130.634 120.415
-780.511 352.44 -104.116 86.09 130.634 120.415
-781.279 353.08 -104.114 86.09 130.634 120.415
-782.047 353.721 -104.112 86.09 130.634 120.415
-782.815 354.361 -104.111 86.09 130.634 120.415
-783.583 355.002 -104.109 86.09 130.634 120.415
-784.351 355.642 -104.107 86.09 130.634 120.415
-785.119 356.283 -104.105 86.09 130.634 120.415
-785.886 356.923 -104.103 86.175 130.612 120.484
-786.654 357.563 -104.102 86.175 130.612 120.484
-787.422 358.204 -104.1 86.247 130.577 120.53
-788.19 358.844 -104.098 86.32 130.539 120.571
-788.958 359.485 -104.096 86.39 130.505 120.616
-789.726 360.125 -104.095 86.465 130.472 120.662
-790.494 360.766 -104.093 86.551 130.436 120.723
-791.262 361.406 -104.091 86.551 130.436 120.723
-792.03 362.047 -104.089 86.551 130.436 120.723
-792.798 362.687 -104.088 86.551 130.436 120.723
-793.566 363.328 -104.086 86.551 130.436 120.723
-794.334 363.968 -104.084 86.551 130.436 120.723
-795.102 364.609 -104.082 86.551 130.436 120.723
-795.87 365.249 -104.08 86.551 130.436 120.723
-796.638 365.89 -104.079 86.551 130.436 120.723
-797.406 366.53 -104.077 86.551 130.436 120.723
-798.174 367.171 -104.075 87.684 129.906 121.451
-798.942 367.811 -104.073 87.684 129.906 121.451
-799.71 368.452 -104.072 87.684 129.906 121.451
-800.478 369.092 -104.07 87.684 129.906 121.451
-801.246 369.733 -104.068 87.684 129.906 121.451
-802.014 370.373 -104.066 87.684 129.906 121.451
-802.782 371.014 -104.064 87.684 129.906 121.451
-803.55 371.654 -104.063 87.684 129.906 121.451
-804.318 372.295 -104.061 87.684 129.906 121.451
-805.086 372.935 -104.059 87.684 129.906 121.451
-805.854 373.576 -104.057 87.684 129.906 121.451
-806.622 374.216 -104.056 87.904 129.8 121.587
-807.39 374.857 -104.054 87.904 129.8 121.587
-808.158 375.497 -104.052 87.904 129.8 121.587
-808.926 376.138 -104.05 88.063 129.726 121.684
-809.694 376.778 -104.048 88.063 129.726 121.684
-810.462 377.418 -104.047 88.139 129.691 121.734
-811.229 378.059 -104.045 88.236 129.645 121.798
-811.997 378.699 -104.043 88.236 129.645 121.798
-812.765 379.34 -104.041 88.314 129.608 121.854
-813.533 379.98 -104.04 88.408 129.564 121.916
-814.301 380.621 -104.038 88.488 129.528 121.969
-815.069 381.261 -104.036 88.488 129.528 121.969
-815.837 381.902 -104.034 88.567 129.49 122.02
-816.605 382.542 -104.033 88.637 129.458 122.068
-817.373 383.183 -104.031 88.719 129.419 122.124
-818.141 383.823 -104.029 88.799 129.382 122.18
-818.909 384.464 -104.027 88.799 129.382 122.18
-819.677 385.104 -104.025 88.888 129.339 122.24
-820.445 385.745 -104.024 88.954 129.306 122.281
-821.213 386.385 -104.022 89.022 129.272 122.322
-821.981 387.026 -104.02 89.099 129.233 122.362
-822.749 387.666 -104.018 89.175 129.196 122.409
-823.517 388.307 -104.017 89.175 129.196 122.409
-824.285 388.947 -104.015 89.251 129.161 122.455
-825.053 389.588 -104.013 89.323 129.123 122.503
-825.821 390.228 -104.011 89.401 129.081 122.548
-826.589 390.869 -104.009 89.476 129.042 122.591
-827.357 391.509 -104.008 89.476 129.042 122.591
-828.125 392.15 -104.006 89.574 128.993 122.649
-828.893 392.79 -104.004 89.652 128.957 122.694
-829.661 393.431 -104.002 89.723 128.922 122.739
-830.429 394.071 -104.001 89.723 128.922 122.739
-831.197 394.712 -103.999 89.79 128.887 122.78
-831.965 395.352 -103.997 89.877 128.841 122.841
-832.733 395.993 -103.995 89.951 128.802 122.883
-833.501 396.633 -103.994 89.951 128.802 122.883
-834.269 397.273 -103.992 90.03 128.764 122.932
-835.037 397.914 -103.99 90.108 128.726 122.974
-835.805 398.554 -103.988 90.191 128.688 123.033
-836.572 399.195 -103.986 90.262 128.653 123.083
-837.34 399.835 -103.985 90.262 128.653 123.083
-838.108 400.476 -103.983 90.331 128.615 123.133
-838.876 401.116 -103.981 90.396 128.578 123.171
-839.644 401.757 -103.979 90.396 128.578 123.171
-840.412 402.397 -103.978 90.396 128.578 123.171
-841.18 403.038 -103.976 90.396 128.578 123.171
-841.948 403.678 -103.974 90.396 128.578 123.171
-842.716 404.319 -103.972 90.396 128.578 123.171
-843.484 404.959 -103.97 90.396 128.578 123.171
-844.252 405.6 -103.969 90.396 128.578 123.171
-845.02 406.24 -103.967 90.396 128.578 123.171
-845.788 406.881 -103.965 90.396 128.578 123.171
-846.556 407.521 -103.963 90.396 128.578 123.171
-847.324 408.162 -103.962 90.396 128.578 123.171
-848.092 408.802 -103.96 90.396 128.578 123.171
-848.86 409.443 -103.958 90.396 128.578 123.171
-849.628 410.083 -103.956 90.396 128.578 123.171
-850.396 410.724 -103.954 90.396 128.578 123.171
-851.164 411.364 -103.953 90.396 128.578 123.171
-851.932 412.005 -103.951 90.396 128.578 123.171
8
-773.743 349.982 -103.608 86.093 130.634 120.419
-774.505 350.629 -103.603 86.093 130.634 120.419
-775.267 351.277 -103.598 86.093 130.634 120.419
-776.029 351.924 -103.594 86.093 130.634 120.419
-776.791 352.571 -103.589 86.093 130.634 120.419
-777.553 353.219 -103.584 86.093 130.634 120.419
-778.316 353.866 -103.579 86.093 130.634 120.419
-779.078 354.513 -103.575 86.093 130.634 120.419
-779.84 355.161 -103.57 86.093 130.634 120.419
-780.602 355.808 -103.565 86.093 130.634 120.419
-781.364 356.456 -103.561 86.093 130.634 120.419
-782.126 357.103 -103.556 86.093 130.634 120.419
-782.889 357.75 -103.551 86.093 130.634 120.419
-783.651 358.398 -103.546 86.093 130.634 120.419
-784.413 359.045 -103.542 86.093 130.634 120.419
-785.175 359.693 -103.537 86.176 130.61 120.485
-785.937 360.34 -103.532 86.256 130.573 120.536
-786.699 360.987 -103.527 86.346 130.527 120.588
-787.461 361.635 -103.523 86.346 130.527 120.588
-788.224 362.282 -103.518 86.434 130.485 120.647
-788.986 362.93 -103.513 86.528 130.444 120.708
-789.748 363.577 -103.509 86.614 130.408 120.767
-790.51 364.224 -103.504 86.614 130.408 120.767
-791.272 364.872 -103.499 86.614 130.408 120.767
-792.034 365.519 -103.494 86.614 130.408 120.767
-792.796 366.167 -103.49 86.614 130.408 120.767
-793.559 366.814 -103.485 86.614 130.408 120.767
-794.321 367.461 -103.48 86.614 130.408 120.767
-795.083 368.109 -103.476 86.614 130.408 120.767
-795.845 368.756 -103.471 86.614 130.408 120.767
-796.607 369.403 -103.466 86.614 130.408 120.767
-797.369 370.051 -103.461 86.614 130.408 120.767
-798.131 370.698 -103.457 86.614 130.408 120.767
-798.894 371.346 -103.452 86.614 130.408 120.767
-799.656 371.993 -103.447 88.031 129.743 121.669
-800.418 372.64 -103.443 88.031 129.743 121.669
-801.18 373.288 -103.438 88.031 129.743 121.669
-801.942 373.935 -103.433 88.031 129.743 121.669
-802.704 374.583 -103.428 88.031 129.743 121.669
-803.466 375.23 -103.424 88.031 129.743 121.669
-804.229 375.877 -103.419 88.031 129.743 121.669
-804.991 376.525 -103.414 88.031 129.743 121.669
-805.753 377.172 -103.41 88.031 129.743 121.669
-806.515 377.82 -103.405 88.031 129.743 121.669
-807.277 378.467 -103.4 88.031 129.743 121.669
-808.039 379.114 -103.395 88.031 129.743 121.669
-808.801 379.762 -103.391 88.128 129.695 121.731
-809.564 380.409 -103.386 88.223 129.652 121.793
-810.326 381.057 -103.381 88.223 129.652 121.793
-811.088 381.704 -103.377 88.296 129.618 121.843
-811.85 382.351 -103.372 88.38 129.579 121.898
-812.612 382.999 -103.367 88.465 129.538 121.953
-813.374 383.646 -103.362 88.465 129.538 121.953
-814.136 384.293 -103.358 88.552 129.495 122.007
-814.899 384.941 -103.353 88.64 129.454 122.068
-815.661 385.588 -103.348 88.735 129.409 122.132
-816.423 386.236 -103.343 88.735 129.409 122.132
-817.185 386.883 -103.339 88.809 129.375 122.181
-817.947 387.53 -103.334 88.893 129.335 122.236
-818.709 388.178 -103.329 88.968 129.299 122.283
-819.471 388.825 -103.325 88.968 129.299 122.283
-820.234 389.473 -103.32 89.065 129.249 122.341
-820.996 390.12 -103.315 89.065 129.249 122.341
-821.758 390.767 -103.31 89.181 129.19 122.41
-822.52 391.415 -103.306 89.275 129.145 122.47
-823.282 392.062 -103.301 89.275 129.145 122.47
-824.044 392.71 -103.296 89.355 129.105 122.519
-824.806 393.357 -103.292 89.427 129.068 122.561
-825.569 394.004 -103.287 89.5 129.031 122.606
-826.331 394.652 -103.282 89.576 128.992 122.652
-827.093 395.299 -103.277 89.576 128.992 122.652
-827.855 395.947 -103.273 89.662 128.95 122.703
-828.617 396.594 -103.268 89.745 128.909 122.757
-829.379 397.241 -103.263 89.817 128.874 122.802
-830.141 397.889 -103.259 89.817 128.874 122.802
-830.904 398.536 -103.254 89.91 128.828 122.865
-831.666 399.183 -103.249 90.015 128.773 122.926
-832.428 399.831 -103.244 90.015 128.773 122.926
-833.19 400.478 -103.24 90.09 128.734 122.967
-833.952 401.126 -103.235 90.163 128.698 123.016
-834.714 401.773 -103.23 90.23 128.666 123.06
-835.476 402.42 -103.226 90.23 128.666 123.06
-836.239 403.068 -103.221 90.315 128.625 123.12
-837.001 403.715 -103.216 90.398 128.579 123.166
-837.763 404.363 -103.211 90.398 128.579 123.166
-838.525 405.01 -103.207 90.398 128.579 123.166
-839.287 405.657 -103.202 90.398 128.579 123.166
-840.049 406.305 -103.197 90.398 128.579 123.166
-840.811 406.952 -103.193 90.398 128.579 123.166
-841.574 407.6 -103.188 90.398 128.579 123.166
-842.336 408.247 -103.183 90.398 128.579 123.166
-843.098 408.894 -103.178 90.398 128.579 123.166
-843.86 409.542 -103.174 90.398 128.579 123.166
-844.622 410.189 -103.169 90.398 128.579 123.166
-845.384 410.836 -103.164 90.398 128.579 123.166
-846.146 411.484 -103.159 90.398 128.579 123.166
-846.909 412.131 -103.155 90.398 128.579 123.166
-847.671 412.779 -103.15 90.398 128.579 123.166
-848.433 413.426 -103.145 90.398 128.579 123.166
-849.195 414.073 -103.141 90.398 128.579 123.166
-849.957 414.721 -103.136 90.398 128.579 123.166
9
-774.951 350.306 -103.278 86.094 130.633 120.419
-775.716 350.95 -103.275 86.094 130.633 120.419
-776.481 351.594 -103.271 86.094 130.633 120.419
-777.245 352.239 -103.268 86.094 130.633 120.419
-778.01 352.883 -103.265 86.094 130.633 120.419
-778.775 353.527 -103.262 86.094 130.633 120.419
-779.54 354.172 -103.259 86.094 130.633 120.419
-780.304 354.816 -103.256 86.094 130.633 120.419
-781.069 355.46 -103.253 86.094 130.633 120.419
-781.834 356.105 -103.25 86.094 130.633 120.419
-782.599 356.749 -103.246 86.094 130.633 120.419
-783.363 357.393 -103.243 86.094 130.633 120.419
-784.128 358.037 -103.24 86.094 130.633 120.419
-784.893 358.682 -103.237 86.181 130.609 120.488
-785.658 359.326 -103.234 86.181 130.609 120.488
-786.422 359.97 -103.231 86.255 130.573 120.536
-787.187 360.615 -103.228 86.327 130.536 120.578
-787.952 361.259 -103.225 86.412 130.496 120.635
-788.717 361.903 -103.222 86.482 130.463 120.678
-789.482 362.548 -103.218 86.557 130.431 120.729
-790.246 363.192 -103.215 86.557 130.431 120.729
-791.011 363.836 -103.212 86.643 130.393 120.785
-791.776 364.481 -103.209 86.643 130.393 120.785
-792.541 365.125 -103.206 86.643 130.393 120.785
-793.305 365.769 -103.203 86.643 130.393 120.785
-794.07 366.413 -103.2 86.643 130.393 120.785
-794.835 367.058 -103.197 86.643 130.393 120.785
-795.6 367.702 -103.193 86.643 130.393 120.785
-796.364 368.346 -103.19 86.643 130.393 120.785
-797.129 368.991 -103.187 86.643 130.393 120.785
-797.894 369.635 -103.184 86.643 130.393 120.785
-798.659 370.279 -103.181 86.643 130.393 120.785
-799.423 370.924 -103.178 87.986 129.764 121.641
-800.188 371.568 -103.175 87.986 129.764 121.641
-800.953 372.212 -103.172 87.986 129.764 121.641
-801.718 372.857 -103.168 87.986 129.764 121.641
-802.482 373.501 -103.165 87.986 129.764 121.641
-803.247 374.145 -103.162 87.986 129.764 121.641
-804.012 374.789 -103.159 87.986 129.764 121.641
-804.777 375.434 -103.156 87.986 129.764 121.641
-805.542 376.078 -103.153 87.986 129.764 121.641
-806.306 376.722 -103.15 87.986 129.764 121.641
-807.071 377.367 -103.147 87.986 129.764 121.641
-807.836 378.011 -103.143 88.062 129.728 121.69
-808.601 378.655 -103.14 88.062 129.728 121.69
-809.365 379.3 -103.137 88.137 129.692 121.736
-810.13 379.944 -103.134 88.234 129.647 121.799
-810.895 380.588 -103.131 88.317 129.609 121.855
-811.66 381.233 -103.128 88.317 129.609 121.855
-812.424 381.877 -103.125 88.413 129.565 121.918
-813.189 382.521 -103.122 88.486 129.529 121.965
-813.954 383.165 -103.118 88.562 129.492 122.014
-814.719 383.81 -103.115 88.562 129.492 122.014
-815.483 384.454 -103.112 88.681 129.435 122.096
-816.248 385.098 -103.109 88.755 129.399 122.144
-817.013 385.743 -103.106 88.755 129.399 122.144
-817.778 386.387 -103.103 88.839 129.36 122.201
-818.542 387.031 -103.1 88.915 129.325 122.252
-819.307 387.676 -103.097 88.915 129.325 122.252
-820.072 388.32 -103.093 89.022 129.272 122.315
-820.837 388.964 -103.09 89.106 129.228 122.364
-821.601 389.609 -103.087 89.106 129.228 122.364
-822.366 390.253 -103.084 89.191 129.185 122.417
-823.131 390.897 -103.081 89.296 129.135 122.483
-823.896 391.541 -103.078 89.296 129.135 122.483
-824.661 392.186 -103.075 89.388 129.089 122.539
-825.425 392.83 -103.072 89.471 129.047 122.587
-826.19 393.474 -103.068 89.545 129.01 122.633
-826.955 394.119 -103.065 89.545 129.01 122.633
-827.72 394.763 -103.062 89.64 128.961 122.691
-828.484 395.407 -103.059 89.733 128.914 122.749
-829.249 396.052 -103.056 89.733 128.914 122.749
-830.014 396.696 -103.053 89.836 128.863 122.814
-830.779 397.34 -103.05 89.911 128.827 122.863
-831.543 397.984 -103.047 89.911 128.827 122.863
-832.308 398.629 -103.043 89.994 128.784 122.913
-833.073 399.273 -103.04 90.089 128.734 122.967
-833.838 399.917 -103.037 90.089 128.734 122.967
-834.602 400.562 -103.034 90.162 128.698 123.015
-835.367 401.206 -103.031 90.247 128.657 123.071
-836.132 401.85 -103.028 90.331 128.617 123.13
-836.897 402.495 -103.025 90.331 128.617 123.13
-837.661 403.139 -103.022 90.331 128.617 123.13
-838.426 403.783 -103.018 90.331 128.617 123.13
-839.191 404.428 -103.015 90.331 128.617 123.13
-839.956 405.072 -103.012 90.331 128.617 123.13
-840.721 405.716 -103.009 90.331 128.617 123.13
-841.485 406.36 -103.006 90.331 128.617 123.13
-842.25 407.005 -103.003 90.331 128.617 123.13
-843.015 407.649 -103 90.331 128.617 123.13
-843.78 408.293 -102.997 90.331 128.617 123.13
-844.544 408.938 -102.993 90.331 128.617 123.13
-845.309 409.582 -102.99 90.331 128.617 123.13
-846.074 410.226 -102.987 90.331 128.617 123.13
-846.839 410.871 -102.984 90.331 128.617 123.13
-847.603 411.515 -102.981 90.331 128.617 123.13
-848.368 412.159 -102.978 90.331 128.617 123.13
-849.133 412.804 -102.975 90.331 128.617 123.13
-849.898 413.448 -102.972 90.331 128.617 123.13
-850.662 414.092 -102.968 90.331 128.617 123.13
-851.427 414.736 -102.965 90.331 128.617 123.13
10
-777.083 349.184 -102.462 86.094 130.634 120.419
-777.851 349.824 -102.454 86.094 130.634 120.419
-778.619 350.464 -102.446 86.094 130.634 120.419
-779.387 351.104 -102.437 86.094 130.634 120.419
-780.156 351.744 -102.429 86.094 130.634 120.419
-780.924 352.384 -102.421 86.094 130.634 120.419
-781.692 353.024 -102.413 86.094 130.634 120.419
-782.46 353.664 -102.405 86.094 130.634 120.419
-783.229 354.304 -102.397 86.094 130.634 120.419
-783.997 354.944 -102.389 86.094 130.634 120.419
-784.765 355.585 -102.38 86.094 130.634 120.419
-785.533 356.225 -102.372 86.175 130.61 120.485
-786.302 356.865 -102.364 86.175 130.61 120.485
-787.07 357.505 -102.356 86.248 130.576 120.531
-787.838 358.145 -102.348 86.327 130.537 120.578
-788.606 358.785 -102.34 86.412 130.495 120.633
-789.375 359.425 -102.331 86.482 130.462 120.677
-790.143 360.065 -102.323 86.482 130.462 120.677
-790.911 360.705 -102.315 86.58 130.421 120.744
-791.679 361.346 -102.307 86.58 130.421 120.744
-792.448 361.986 -102.299 86.58 130.421 120.744
-793.216 362.626 -102.291 86.58 130.421 120.744
-793.984 363.266 -102.283 86.58 130.421 120.744
-794.752 363.906 -102.274 86.58 130.421 120.744
-795.521 364.546 -102.266 86.58 130.421 120.744
-796.289 365.186 -102.258 86.58 130.421 120.744
-797.057 365.826 -102.25 86.58 130.421 120.744
-797.825 366.466 -102.242 86.58 130.421 120.744
-798.594 367.107 -102.234 86.58 130.421 120.744
-799.362 367.747 -102.226 86.58 130.421 120.744
-800.13 368.387 -102.217 87.998 129.76 121.648
-800.898 369.027 -102.209 87.998 129.76 121.648
-801.666 369.667 -102.201 87.998 129.76 121.648
-802.435 370.307 -102.193 87.998 129.76 121.648
-803.203 370.947 -102.185 87.998 129.76 121.648
-803.971 371.587 -102.177 87.998 129.76 121.648
-804.739 372.227 -102.169 87.998 129.76 121.648
-805.508 372.868 -102.16 87.998 129.76 121.648
-806.276 373.508 -102.152 87.998 129.76 121.648
-807.044 374.148 -102.144 87.998 129.76 121.648
-807.812 374.788 -102.136 87.998 129.76 121.648
-808.581 375.428 -102.128 87.998 129.76 121.648
-809.349 376.068 -102.12 88.181 129.672 121.766
-810.117 376.708 -102.112 88.181 129.672 121.766
-810.885 377.348 -102.103 88.255 129.638 121.813
-811.654 377.988 -102.095 88.255 129.638 121.813
-812.422 378.628 -102.087 88.327 129.604 121.861
-813.19 379.269 -102.079 88.402 129.569 121.911
-813.958 379.909 -102.071 88.508 129.517 121.98
-814.727 380.549 -102.063 88.508 129.517 121.98
-815.495 381.189 -102.055 88.604 129.47 122.044
-816.263 381.829 -102.046 88.681 129.434 122.096
-817.031 382.469 -102.038 88.755 129.4 122.145
-817.8 383.109 -102.03 88.755 129.4 122.145
-818.568 383.749 -102.022 88.873 129.345 122.223
-819.336 384.389 -102.014 88.873 129.345 122.223
-820.104 385.03 -102.006 88.97 129.299 122.286
-820.873 385.67 -101.997 89.044 129.261 122.33
-821.641 386.31 -101.989 89.117 129.222 122.371
-822.409 386.95 -101.981 89.191 129.185 122.417
-823.177 387.59 -101.973 89.191 129.185 122.417
-823.945 388.23 -101.965 89.284 129.139 122.475
-824.714 388.87 -101.957 89.366 129.1 122.526
-825.482 389.51 -101.949 89.438 129.063 122.567
-826.25 390.15 -101.94 89.438 129.063 122.567
-827.018 390.791 -101.932 89.522 129.02 122.618
-827.787 391.431 -101.924 89.597 128.982 122.664
-828.555 392.071 -101.916 89.671 128.945 122.709
-829.323 392.711 -101.908 89.753 128.903 122.76
-830.091 393.351 -101.9 89.753 128.903 122.76
-830.86 393.991 -101.892 89.837 128.863 122.814
-831.628 394.631 -101.883 89.921 128.823 122.87
-832.396 395.271 -101.875 89.921 128.823 122.87
-833.164 395.911 -101.867 90.016 128.774 122.927
-833.933 396.552 -101.859 90.101 128.728 122.974
-834.701 397.192 -101.851 90.101 128.728 122.974
-835.469 397.832 -101.843 90.191 128.684 123.035
-836.237 398.472 -101.835 90.264 128.649 123.083
-837.006 399.112 -101.826 90.343 128.611 123.138
-837.774 399.752 -101.818 90.343 128.611 123.138
-838.542 400.392 -101.81 90.343 128.611 123.138
-839.31 401.032 -101.802 90.343 128.611 123.138
-840.079 401.672 -101.794 90.343 128.611 123.138
-840.847 402.312 -101.786 90.343 128.611 123.138
-841.615 402.953 -101.778 90.343 128.611 123.138
-842.383 403.593 -101.769 90.343 128.611 123.138
-843.152 404.233 -101.761 90.343 128.611 123.138
-843.92 404.873 -101.753 90.343 128.611 123.138
-844.688 405.513 -101.745 90.343 128.611 123.138
-845.456 406.153 -101.737 90.343 128.611 123.138
-846.224 406.793 -101.729 90.343 128.611 123.138
-846.993 407.433 -101.72 90.343 128.611 123.138
-847.761 408.073 -101.712 90.343 128.611 123.138
-848.529 408.714 -101.704 90.343 128.611 123.138
-849.297 409.354 -101.696 90.343 128.611 123.138
-850.066 409.994 -101.688 90.343 128.611 123.138
-850.834 410.634 -101.68 90.343 128.611 123.138
-851.602 411.274 -101.672 90.343 128.611 123.138
-852.37 411.914 -101.663 90.343 128.611 123.138
-853.139 412.554 -101.655 90.343 128.611 123.138
-853.907 413.194 -101.647 90.343 128.611 123.138
11
-777.223 348.645 -101.973 86.095 130.634 120.421
-777.983 349.295 -101.973 86.095 130.634 120.421
-778.743 349.944 -101.972 86.095 130.634 120.421
-779.503 350.594 -101.972 86.095 130.634 120.421
-780.264 351.244 -101.971 86.095 130.634 120.421
-781.024 351.893 -101.971 86.095 130.634 120.421
-781.784 352.543 -101.97 86.095 130.634 120.421
-782.544 353.192 -101.969 86.095 130.634 120.421
-783.305 353.842 -101.969 86.095 130.634 120.421
-784.065 354.492 -101.968 86.095 130.634 120.421
-784.825 355.141 -101.968 86.095 130.634 120.421
-785.586 355.791 -101.967 86.178 130.612 120.488
-786.346 356.44 -101.967 86.178 130.612 120.488
-787.106 357.09 -101.966 86.256 130.571 120.534
-787.866 357.74 -101.966 86.328 130.534 120.579
-788.627 358.389 -101.965 86.405 130.498 120.629
-789.387 359.039 -101.965 86.487 130.464 120.683
-790.147 359.688 -101.964 86.57 130.427 120.738
-790.907 360.338 -101.963 86.57 130.427 120.738
-791.668 360.988 -101.963 86.57 130.427 120.738
-792.428 361.637 -101.962 86.57 130.427 120.738
-793.188 362.287 -101.962 86.57 130.427 120.738
-793.949 362.936 -101.961 86.57 130.427 120.738
-794.709 363.586 -101.961 86.57 130.427 120.738
-795.469 364.236 -101.96 86.57 130.427 120.738
-796.229 364.885 -101.96 86.57 130.427 120.738
-796.99 365.535 -101.959 86.57 130.427 120.738
-797.75 366.184 -101.959 86.57 130.427 120.738
-798.51 366.834 -101.958 86.57 130.427 120.738
-799.27 367.484 -101.958 86.57 130.427 120.738
-800.031 368.133 -101.957 86.57 130.427 120.738
-800.791 368.783 -101.956 88.231 129.651 121.8
-801.551 369.433 -101.956 88.231 129.651 121.8
-802.312 370.082 -101.955 88.231 129.651 121.8
-803.072 370.732 -101.955 88.231 129.651 121.8
-803.832 371.381 -101.954 88.231 129.651 121.8
-804.592 372.031 -101.954 88.231 129.651 121.8
-805.353 372.681 -101.953 88.231 129.651 121.8
-806.113 373.33 -101.953 88.231 129.651 121.8
-806.873 373.98 -101.952 88.231 129.651 121.8
-807.633 374.629 -101.952 88.231 129.651 121.8
-808.394 375.279 -101.951 88.231 129.651 121.8
-809.154 375.929 -101.951 88.231 129.651 121.8
-809.914 376.578 -101.95 88.231 129.651 121.8
-810.675 377.228 -101.949 88.231 129.651 121.8
-811.435 377.877 -101.949 88.303 129.617 121.848
-812.195 378.527 -101.948 88.374 129.583 121.895
-812.955 379.177 -101.948 88.374 129.583 121.895
-813.716 379.826 -101.947 88.451 129.544 121.944
-814.476 380.476 -101.947 88.53 129.507 121.996
-815.236 381.125 -101.946 88.603 129.473 122.045
-815.996 381.775 -101.946 88.695 129.43 122.106
-816.757 382.425 -101.945 88.695 129.43 122.106
-817.517 383.074 -101.945 88.776 129.393 122.158
-818.277 383.724 -101.944 88.862 129.35 122.213
-819.038 384.373 -101.943 88.931 129.314 122.257
-819.798 385.023 -101.943 88.931 129.314 122.257
-820.558 385.673 -101.942 89.001 129.279 122.3
-821.318 386.322 -101.942 89.073 129.242 122.34
-822.079 386.972 -101.941 89.154 129.204 122.392
-822.839 387.621 -101.941 89.227 129.17 122.44
-823.599 388.271 -101.94 89.227 129.17 122.44
-824.359 388.921 -101.94 89.312 129.127 122.493
-825.12 389.57 -101.939 89.38 129.091 122.535
-825.88 390.22 -101.939 89.449 129.055 122.577
-826.64 390.87 -101.938 89.528 129.017 122.626
-827.4 391.519 -101.938 89.616 128.974 122.681
-828.161 392.169 -101.937 89.616 128.974 122.681
-828.921 392.818 -101.936 89.688 128.939 122.724
-829.681 393.468 -101.936 89.757 128.904 122.764
-830.442 394.118 -101.935 89.834 128.864 122.815
-831.202 394.767 -101.935 89.906 128.829 122.863
-831.962 395.417 -101.934 89.906 128.829 122.863
-832.722 396.066 -101.934 89.984 128.789 122.909
-833.483 396.716 -101.933 90.056 128.754 122.951
-834.243 397.366 -101.933 90.126 128.718 122.993
-835.003 398.015 -101.932 90.197 128.684 123.041
-835.763 398.665 -101.932 90.197 128.684 123.041
-836.524 399.314 -101.931 90.279 128.642 123.096
-837.284 399.964 -101.931 90.344 128.608 123.138
-838.044 400.614 -101.93 90.409 128.574 123.178
-838.805 401.263 -101.929 90.409 128.574 123.178
-839.565 401.913 -101.929 90.409 128.574 123.178
-840.325 402.562 -101.928 90.409 128.574 123.178
-841.085 403.212 -101.928 90.409 128.574 123.178
-841.846 403.862 -101.927 90.409 128.574 123.178
-842.606 404.511 -101.927 90.409 128.574 123.178
-843.366 405.161 -101.926 90.409 128.574 123.178
-844.126 405.81 -101.926 90.409 128.574 123.178
-844.887 406.46 -101.925 90.409 128.574 123.178
-845.647 407.11 -101.925 90.409 128.574 123.178
-846.407 407.759 -101.924 90.409 128.574 123.178
-847.168 408.409 -101.923 90.409 128.574 123.178
-847.928 409.058 -101.923 90.409 128.574 123.178
-848.688 409.708 -101.922 90.409 128.574 123.178
-849.448 410.358 -101.922 90.409 128.574 123.178
-850.209 411.007 -101.921 90.409 128.574 123.178
-850.969 411.657 -101.921 90.409 128.574 123.178
-851.729 412.306 -101.92 90.409 128.574 123.178
-852.489 412.956 -101.92 90.409 128.574 123.178
-853.25 413.606 -101.919 90.409 128.574 123.178
12
-771.353 348.295 -102.952 86.093 130.633 120.418
-772.128 348.928 -102.949 86.093 130.633 120.418
-772.902 349.561 -102.945 86.093 130.633 120.418
-773.676 350.194 -102.942 86.093 130.633 120.418
-774.451 350.827 -102.939 86.093 130.633 120.418
-775.225 351.459 -102.935 86.093 130.633 120.418
-775.999 352.092 -102.932 86.093 130.633 120.418
-776.774 352.725 -102.929 86.093 130.633 120.418
-777.548 353.358 -102.925 86.093 130.633 120.418
-778.322 353.991 -102.922 86.093 130.633 120.418
-779.096 354.623 -102.919 86.093 130.633 120.418
-779.871 355.256 -102.915 86.093 130.633 120.418
-780.645 355.889 -102.912 86.093 130.633 120.418
-781.419 356.522 -102.909 86.093 130.633 120.418
-782.194 357.155 -102.905 86.093 130.633 120.418
-782.968 357.787 -102.902 86.093 130.633 120.418
-783.742 358.42 -102.899 86.093 130.633 120.418
-784.517 359.053 -102.896 86.179 130.611 120.486
-785.291 359.686 -102.892 86.179 130.611 120.486
-786.065 360.319 -102.889 86.25 130.575 120.532
-786.839 360.951 -102.886 86.329 130.534 120.58
-787.614 361.584 -102.882 86.406 130.498 120.629
-788.388 362.217 -102.879 86.479 130.467 120.678
-789.162 362.85 -102.876 86.57 130.427 120.736
-789.937 363.483 -102.872 86.57 130.427 120.736
-790.711 364.115 -102.869 86.643 130.393 120.784
-791.485 364.748 -102.866 86.643 130.393 120.784
-792.26 365.381 -102.862 86.643 130.393 120.784
-793.034 366.014 -102.859 86.643 130.393 120.784
-793.808 366.647 -102.856 86.643 130.393 120.784
-794.583 367.28 -102.853 86.643 130.393 120.784
-795.357 367.912 -102.849 86.643 130.393 120.784
-796.131 368.545 -102.846 86.643 130.393 120.784
-796.905 369.178 -102.843 86.643 130.393 120.784
-797.68 369.811 -102.839 86.643 130.393 120.784
-798.454 370.444 -102.836 86.643 130.393 120.784
-799.228 371.076 -102.833 87.963 129.774 121.626
-800.003 371.709 -102.829 87.963 129.774 121.626
-800.777 372.342 -102.826 87.963 129.774 121.626
-801.551 372.975 -102.823 87.963 129.774 121.626
-802.326 373.608 -102.819 87.963 129.774 121.626
-803.1 374.24 -102.816 87.963 129.774 121.626
-803.874 374.873 -102.813 87.963 129.774 121.626
-804.648 375.506 -102.81 87.963 129.774 121.626
-805.423 376.139 -102.806 87.963 129.774 121.626
-806.197 376.772 -102.803 87.963 129.774 121.626
-806.971 377.404 -102.8 87.963 129.774 121.626
-807.746 378.037 -102.796 87.963 129.774 121.626
-808.52 378.67 -102.793 88.207 129.663 121.783
-809.294 379.303 -102.79 88.207 129.663 121.783
-810.069 379.936 -102.786 88.207 129.663 121.783
-810.843 380.568 -102.783 88.287 129.625 121.837
-811.617 381.201 -102.78 88.357 129.59 121.883
-812.391 381.834 -102.776 88.435 129.552 121.934
-813.166 382.467 -102.773 88.435 129.552 121.934
-813.94 383.1 -102.77 88.522 129.51 121.991
-814.714 383.732 -102.766 88.595 129.476 122.039
-815.489 384.365 -102.763 88.679 129.438 122.096
-816.263 384.998 -102.76 88.759 129.4 122.148
-817.037 385.631 -102.757 88.759 129.4 122.148
-817.812 386.264 -102.753 88.861 129.35 122.214
-818.586 386.897 -102.75 88.931 129.314 122.259
-819.36 387.529 -102.747 89.009 129.275 122.306
-820.135 388.162 -102.743 89.009 129.275 122.306
-820.909 388.795 -102.74 89.097 129.231 122.357
-821.683 389.428 -102.737 89.196 129.186 122.421
-822.457 390.061 -102.733 89.196 129.186 122.421
-823.232 390.693 -102.73 89.266 129.151 122.464
-824.006 391.326 -102.727 89.334 129.115 122.506
-824.78 391.959 -102.723 89.417 129.072 122.557
-825.555 392.592 -102.72 89.495 129.032 122.603
-826.329 393.225 -102.717 89.495 129.032 122.603
-827.103 393.857 -102.714 89.568 128.996 122.65
-827.878 394.49 -102.71 89.642 128.962 122.694
-828.652 395.123 -102.707 89.712 128.927 122.737
-829.426 395.756 -102.704 89.797 128.884 122.789
-830.2 396.389 -102.7 89.797 128.884 122.789
-830.975 397.021 -102.697 89.866 128.849 122.836
-831.749 397.654 -102.694 89.937 128.812 122.879
-832.523 398.287 -102.69 90.017 128.774 122.929
-833.298 398.92 -102.687 90.094 128.734 122.972
-834.072 399.553 -102.684 90.094 128.734 122.972
-834.846 400.185 -102.68 90.181 128.691 123.03
-835.621 400.818 -102.677 90.263 128.65 123.085
-836.395 401.451 -102.674 90.263 128.65 123.085
-837.169 402.084 -102.67 90.404 128.577 123.174
-837.944 402.717 -102.667 90.404 128.577 123.174
-838.718 403.349 -102.664 90.404 128.577 123.174
-839.492 403.982 -102.661 90.404 128.577 123.174
-840.266 404.615 -102.657 90.404 128.577 123.174
-841.041 405.248 -102.654 90.404 128.577 123.174
-841.815 405.881 -102.651 90.404 128.577 123.174
-842.589 406.513 -102.647 90.404 128.577 123.174
-843.364 407.146 -102.644 90.404 128.577 123.174
-844.138 407.779 -102.641 90.404 128.577 123.174
-844.912 408.412 -102.637 90.404 128.577 123.174
-845.687 409.045 -102.634 90.404 128.577 123.174
-846.461 409.678 -102.631 90.404 128.577 123.174
-847.235 410.31 -102.627 90.404 128.577 123.174
-848.009 410.943 -102.624 90.404 128.577 123.174
-848.784 411.576 -102.621 90.404 128.577 123.174
13
-775.81 351.536 -102.864 86.095 130.633 120.423
-776.585 352.169 -102.86 86.095 130.633 120.423
-777.359 352.802 -102.857 86.095 130.633 120.423
-778.133 353.435 -102.853 86.095 130.633 120.423
-778.908 354.067 -102.85 86.095 130.633 120.423
-779.682 354.7 -102.846 86.095 130.633 120.423
-780.456 355.333 -102.842 86.095 130.633 120.423
-781.23 355.966 -102.839 86.095 130.633 120.423
-782.005 356.599 -102.835 86.095 130.633 120.423
-782.779 357.232 -102.832 86.095 130.633 120.423
-783.553 357.864 -102.828 86.095 130.633 120.423
-784.328 358.497 -102.825 86.095 130.633 120.423
-785.102 359.13 -102.821 86.197 130.603 120.501
-785.876 359.763 -102.817 86.278 130.562 120.55
-786.65 360.396 -102.814 86.278 130.562 120.55
-787.425 361.028 -102.81 86.353 130.524 120.595
-788.199 361.661 -102.807 86.421 130.491 120.641
-788.973 362.294 -102.803 86.493 130.458 120.686
-789.748 362.927 -102.799 86.567 130.427 120.737
-790.522 363.56 -102.796 86.644 130.394 120.785
-791.296 364.193 -102.792 86.644 130.394 120.785
-792.07 364.825 -102.789 86.644 130.394 120.785
-792.845 365.458 -102.785 86.644 130.394 120.785
-793.619 366.091 -102.781 86.644 130.394 120.785
-794.393 366.724 -102.778 86.644 130.394 120.785
-795.168 367.357 -102.774 86.644 130.394 120.785
-795.942 367.99 -102.771 86.644 130.394 120.785
-796.716 368.622 -102.767 86.644 130.394 120.785
-797.49 369.255 -102.763 86.644 130.394 120.785
-798.265 369.888 -102.76 86.644 130.394 120.785
-799.039 370.521 -102.756 87.978 129.771 121.641
-799.813 371.154 -102.753 87.978 129.771 121.641
-800.588 371.787 -102.749 87.978 129.771 121.641
-801.362 372.419 -102.746 87.978 129.771 121.641
-802.136 373.052 -102.742 87.978 129.771 121.641
-802.91 373.685 -102.738 87.978 129.771 121.641
-803.685 374.318 -102.735 87.978 129.771 121.641
-804.459 374.951 -102.731 87.978 129.771 121.641
-805.233 375.583 -102.728 87.978 129.771 121.641
-806.008 376.216 -102.724 87.978 129.771 121.641
-806.782 376.849 -102.72 87.978 129.771 121.641
-807.556 377.482 -102.717 87.978 129.771 121.641
-808.33 378.115 -102.713 87.978 129.771 121.641
-809.105 378.748 -102.71 88.221 129.653 121.797
-809.879 379.38 -102.706 88.221 129.653 121.797
-810.653 380.013 -102.702 88.306 129.614 121.851
-811.428 380.646 -102.699 88.306 129.614 121.851
-812.202 381.279 -102.695 88.403 129.569 121.914
-812.976 381.912 -102.692 88.488 129.528 121.968
-813.75 382.545 -102.688 88.488 129.528 121.968
-814.525 383.177 -102.684 88.594 129.476 122.035
-815.299 383.81 -102.681 88.68 129.435 122.093
-816.073 384.443 -102.677 88.68 129.435 122.093
-816.848 385.076 -102.674 88.765 129.394 122.148
-817.622 385.709 -102.67 88.86 129.349 122.208
-818.396 386.342 -102.667 88.86 129.349 122.208
-819.17 386.974 -102.663 88.936 129.313 122.256
-819.945 387.607 -102.659 89.022 129.271 122.31
-820.719 388.24 -102.656 89.116 129.222 122.363
-821.493 388.873 -102.652 89.116 129.222 122.363
-822.268 389.506 -102.649 89.21 129.175 122.426
-823.042 390.139 -102.645 89.294 129.134 122.478
-823.816 390.771 -102.641 89.294 129.134 122.478
-824.59 391.404 -102.638 89.366 129.1 122.525
-825.365 392.037 -102.634 89.45 129.058 122.576
-826.139 392.67 -102.631 89.535 129.016 122.63
-826.913 393.303 -102.627 89.535 129.016 122.63
-827.688 393.935 -102.623 89.618 128.973 122.683
-828.462 394.568 -102.62 89.693 128.936 122.728
-829.236 395.201 -102.616 89.764 128.9 122.773
-830.01 395.834 -102.613 89.838 128.864 122.82
-830.785 396.467 -102.609 89.838 128.864 122.82
-831.559 397.1 -102.605 89.933 128.817 122.879
-832.333 397.732 -102.602 90.017 128.774 122.931
-833.108 398.365 -102.598 90.017 128.774 122.931
-833.882 398.998 -102.595 90.101 128.729 122.976
-834.656 399.631 -102.591 90.181 128.689 123.03
-835.43 400.264 -102.588 90.263 128.649 123.082
-836.205 400.897 -102.584 90.263 128.649 123.082
-836.979 401.529 -102.58 90.337 128.613 123.132
-837.753 402.162 -102.577 90.337 128.613 123.132
-838.528 402.795 -102.573 90.337 128.613 123.132
-839.302 403.428 -102.57 90.337 128.613 123.132
-840.076 404.061 -102.566 90.337 128.613 123.132
-840.85 404.694 -102.562 90.337 128.613 123.132
-841.625 405.326 -102.559 90.337 128.613 123.132
-842.399 405.959 -102.555 90.337 128.613 123.132
-843.173 406.592 -102.552 90.337 128.613 123.132
-843.948 407.225 -102.548 90.337 128.613 123.132
-844.722 407.858 -102.544 90.337 128.613 123.132
-845.496 408.49 -102.541 90.337 128.613 123.132
-846.27 409.123 -102.537 90.337 128.613 123.132
-847.045 409.756 -102.534 90.337 128.613 123.132
-847.819 410.389 -102.53 90.337 128.613 123.132
-848.593 411.022 -102.526 90.337 128.613 123.132
-849.368 411.655 -102.523 90.337 128.613 123.132
-850.142 412.287 -102.519 90.337 128.613 123.132
-850.916 412.92 -102.516 90.337 128.613 123.132
-851.69 413.553 -102.512 90.337 128.613 123.132
-852.465 414.186 -102.509 90.337 128.613 123.132
-853.239 414.819 -102.505 90.337 128.613 123.132
