1
-1185.86 74.2558 70.4616 122.571 129.255 59.272
-1185.59 75.2175 70.4352 122.571 129.255 59.272
-1185.31 76.1792 70.4089 122.571 129.255 59.272
-1185.04 77.1409 70.3825 122.571 129.255 59.272
-1184.77 78.1027 70.3562 122.571 129.255 59.272
-1184.5 79.0644 70.3298 122.571 129.255 59.272
-1184.22 80.0261 70.3035 122.571 129.255 59.272
-1183.95 80.9878 70.2771 122.571 129.255 59.272
-1183.68 81.9495 70.2508 122.571 129.255 59.272
-1183.4 82.9112 70.2244 122.571 129.255 59.272
-1183.13 83.8729 70.1981 122.571 129.255 59.272
-1182.86 84.8346 70.1717 122.571 129.255 59.272
-1182.59 85.7963 70.1454 122.571 129.255 59.272
-1182.31 86.758 70.119 122.571 129.255 59.272
-1182.04 87.7198 70.0927 122.571 129.255 59.272
-1181.77 88.6815 70.0664 122.571 129.255 59.272
-1181.5 89.6432 70.04 122.571 129.255 59.272
-1181.22 90.6049 70.0137 122.571 129.255 59.272
-1180.95 91.5666 69.9873 122.571 129.255 59.272
-1180.68 92.5283 69.961 122.571 129.255 59.272
-1180.4 93.49 69.9346 122.571 129.255 59.272
-1180.13 94.4517 69.9083 122.61 129.257 59.301
-1179.86 95.4134 69.8819 122.61 129.257 59.301
-1179.59 96.3751 69.8556 122.61 129.252 59.301
-1179.31 97.3369 69.8292 122.61 129.25 59.307
-1179.04 98.2986 69.8029 122.609 129.25 59.308
-1178.77 99.2603 69.7765 122.609 129.25 59.308
-1178.49 100.222 69.7502 122.61 129.254 59.312
-1178.22 101.184 69.7238 122.609 129.257 59.313
-1177.95 102.145 69.6975 122.608 129.258 59.314
-1177.68 103.107 69.6711 122.61 129.258 59.316
-1177.4 104.069 69.6448 122.61 129.257 59.314
-1177.13 105.031 69.6184 122.61 129.257 59.314
-1176.86 105.992 69.5921 122.612 129.255 59.312
-1176.58 106.954 69.5657 122.611 129.255 59.308
-1176.31 107.916 69.5394 122.61 129.254 59.306
-1176.04 108.877 69.5131 122.61 129.254 59.306
-1175.77 109.839 69.4867 122.611 129.254 59.302
-1175.49 110.801 69.4604 122.61 129.254 59.299
-1175.22 111.763 69.434 122.612 129.254 59.298
-1174.95 112.724 69.4077 122.609 129.254 59.295
-1174.68 113.686 69.3813 122.609 129.254 59.295
-1174.4 114.648 69.355 122.602 129.252 59.291
-1174.13 115.609 69.3286 122.603 129.252 59.29
-1173.86 116.571 69.3023 122.603 129.252 59.29
-1173.58 117.533 69.2759 122.603 129.252 59.29
2
-1181.03 76.7717 67.2634 122.581 129.255 59.288
-1180.76 77.7348 67.2404 122.581 129.255 59.288
-1180.49 78.6978 67.2173 122.581 129.255 59.288
-1180.22 79.6608 67.1942 122.581 129.255 59.288
-1179.95 80.6239 67.1711 122.581 129.255 59.288
-1179.69 81.5869 67.1481 122.581 129.255 59.288
-1179.42 82.5499 67.125 122.581 129.255 59.288
-1179.15 83.5129 67.1019 122.581 129.255 59.288
-1178.88 84.476 67.0788 122.608 129.254 59.313
-1178.61 85.439 67.0558 122.613 129.253 59.324
-1178.34 86.402 67.0327 122.613 129.253 59.324
-1178.08 87.3651 67.0096 122.612 129.251 59.328
-1177.81 88.3281 66.9865 122.612 129.248 59.329
-1177.54 89.2911 66.9635 122.613 129.25 59.331
-1177.27 90.2542 66.9404 122.614 129.255 59.334
-1177 91.2172 66.9173 122.611 129.257 59.335
-1176.73 92.1802 66.8942 122.611 129.257 59.335
-1176.46 93.1432 66.8712 122.608 129.257 59.334
-1176.2 94.1063 66.8481 122.607 129.256 59.332
-1175.93 95.0693 66.825 122.607 129.256 59.328
-1175.66 96.0323 66.8019 122.611 129.256 59.324
-1175.39 96.9954 66.7789 122.611 129.256 59.324
-1175.12 97.9584 66.7558 122.611 129.255 59.319
-1174.85 98.9214 66.7327 122.61 129.253 59.315
-1174.59 99.8845 66.7096 122.61 129.253 59.313
-1174.32 100.847 66.6866 122.611 129.255 59.31
-1174.05 101.811 66.6635 122.611 129.255 59.31
-1173.78 102.774 66.6404 122.61 129.255 59.305
-1173.51 103.737 66.6173 122.611 129.253 59.303
-1173.24 104.7 66.5943 122.611 129.253 59.303
-1172.98 105.663 66.5712 122.613 129.256 59.304
-1172.71 106.626 66.5481 122.616 129.256 59.306
-1172.44 107.589 66.525 122.616 129.256 59.306
-1172.17 108.552 66.502 122.614 129.256 59.305
-1171.9 109.515 66.4789 122.61 129.257 59.305
-1171.63 110.478 66.4558 122.608 129.26 59.307
-1171.36 111.441 66.4327 122.608 129.26 59.307
-1171.1 112.404 66.4097 122.606 129.26 59.304
-1170.83 113.367 66.3866 122.612 129.257 59.3
-1170.56 114.33 66.3635 122.612 129.257 59.3
-1170.29 115.293 66.3404 122.612 129.257 59.3
-1170.02 116.256 66.3174 122.612 129.257 59.3
-1169.75 117.219 66.2943 122.612 129.257 59.3
-1169.49 118.182 66.2712 122.612 129.257 59.3
-1169.22 119.145 66.2481 122.612 129.257 59.3
-1168.95 120.108 66.2251 122.612 129.257 59.3
3
-1169.99 119.78 65.886 127.14 131.218 62.232
-1170.26 118.819 65.9248 127.14 131.218 62.232
-1170.53 117.857 65.9636 127.14 131.218 62.232
-1170.8 116.895 66.0024 127.14 131.218 62.232
-1171.08 115.934 66.0412 127.14 131.218 62.232
-1171.35 114.972 66.08 127.14 131.218 62.232
-1171.62 114.01 66.1188 127.17 131.223 62.266
-1171.89 113.048 66.1576 127.19 131.216 62.27
-1172.16 112.087 66.1964 127.196 131.21 62.269
-1172.43 111.125 66.2352 127.197 131.207 62.266
-1172.7 110.163 66.2741 127.197 131.209 62.267
-1172.97 109.202 66.3129 127.194 131.213 62.268
-1173.25 108.24 66.3517 127.194 131.213 62.268
-1173.52 107.278 66.3905 127.189 131.214 62.266
-1173.79 106.317 66.4293 127.187 131.214 62.264
-1174.06 105.355 66.4681 127.19 131.216 62.267
-1174.33 104.393 66.5069 127.19 131.216 62.267
-1174.6 103.431 66.5457 127.189 131.217 62.268
-1174.87 102.47 66.5845 127.19 131.215 62.268
-1175.15 101.508 66.6233 127.19 131.213 62.267
-1175.42 100.546 66.6621 127.19 131.213 62.267
-1175.69 99.5845 66.7009 127.189 131.212 62.267
-1175.96 98.6228 66.7397 127.185 131.211 62.267
-1176.23 97.6611 66.7785 127.182 131.212 62.267
-1176.5 96.6994 66.8173 127.181 131.215 62.268
-1176.77 95.7377 66.8562 127.182 131.217 62.268
-1177.04 94.776 66.895 127.182 131.217 62.268
-1177.32 93.8143 66.9338 127.182 131.218 62.266
-1177.59 92.8526 66.9726 127.182 131.216 62.264
-1177.86 91.8909 67.0114 127.183 131.215 62.265
-1178.13 90.9292 67.0502 127.183 131.215 62.265
-1178.4 89.9674 67.089 127.18 131.214 62.264
-1178.67 89.0057 67.1278 127.181 131.213 62.26
-1178.94 88.044 67.1666 127.184 131.214 62.264
-1179.21 87.0823 67.2054 127.185 131.214 62.264
-1179.49 86.1206 67.2442 127.186 131.213 62.264
-1179.76 85.1589 67.283 127.186 131.213 62.264
-1180.03 84.1972 67.3218 127.192 131.215 62.267
-1180.3 83.2355 67.3606 127.193 131.217 62.27
-1180.57 82.2738 67.3994 127.193 131.217 62.27
-1180.84 81.3121 67.4382 127.193 131.217 62.27
-1181.11 80.3503 67.4771 127.193 131.217 62.27
-1181.39 79.3886 67.5159 127.193 131.217 62.27
-1181.66 78.4269 67.5547 127.193 131.217 62.27
-1181.93 77.4652 67.5935 127.193 131.217 62.27
-1182.2 76.5035 67.6323 127.193 131.217 62.27
4
-1182.9 76.8598 67.9809 127.152 131.216 62.258
-1182.63 77.8196 67.9281 127.152 131.216 62.258
-1182.35 78.7794 67.8752 127.152 131.216 62.258
-1182.08 79.7393 67.8224 127.152 131.216 62.258
-1181.8 80.6991 67.7696 127.152 131.216 62.258
-1181.52 81.659 67.7167 127.152 131.216 62.258
-1181.25 82.6188 67.6639 127.152 131.216 62.258
-1180.97 83.5786 67.6111 127.168 131.219 62.287
-1180.7 84.5385 67.5582 127.155 131.215 62.288
-1180.42 85.4983 67.5054 127.146 131.214 62.286
-1180.15 86.4582 67.4526 127.139 131.211 62.283
-1179.87 87.418 67.3997 127.136 131.209 62.279
-1179.6 88.3779 67.3469 127.136 131.209 62.279
-1179.32 89.3377 67.2941 127.137 131.211 62.274
-1179.04 90.2975 67.2412 127.138 131.213 62.274
-1178.77 91.2574 67.1884 127.134 131.214 62.271
-1178.49 92.2172 67.1356 127.134 131.214 62.271
-1178.22 93.1771 67.0827 127.133 131.212 62.266
-1177.94 94.1369 67.0299 127.136 131.212 62.266
-1177.67 95.0967 66.9771 127.136 131.212 62.266
-1177.39 96.0566 66.9242 127.138 131.211 62.266
-1177.12 97.0164 66.8714 127.138 131.211 62.268
-1176.84 97.9763 66.8185 127.138 131.211 62.268
-1176.56 98.9361 66.7657 127.134 131.212 62.269
-1176.29 99.896 66.7129 127.134 131.215 62.271
-1176.01 100.856 66.66 127.135 131.216 62.272
-1175.74 101.816 66.6072 127.135 131.216 62.271
-1175.46 102.775 66.5544 127.135 131.216 62.271
-1175.19 103.735 66.5015 127.139 131.214 62.271
-1174.91 104.695 66.4487 127.142 131.213 62.271
-1174.64 105.655 66.3959 127.141 131.212 62.272
-1174.36 106.615 66.343 127.141 131.212 62.272
-1174.09 107.575 66.2902 127.135 131.212 62.27
-1173.81 108.535 66.2374 127.133 131.214 62.269
-1173.53 109.494 66.1845 127.133 131.214 62.269
-1173.26 110.454 66.1317 127.134 131.215 62.27
-1172.98 111.414 66.0789 127.131 131.216 62.268
-1172.71 112.374 66.026 127.128 131.216 62.266
-1172.43 113.334 65.9732 127.128 131.214 62.264
-1172.16 114.294 65.9204 127.128 131.214 62.264
-1171.88 115.253 65.8675 127.128 131.214 62.264
-1171.61 116.213 65.8147 127.128 131.214 62.264
-1171.33 117.173 65.7618 127.128 131.214 62.264
-1171.05 118.133 65.709 127.128 131.214 62.264
-1170.78 119.093 65.6562 127.128 131.214 62.264
-1170.5 120.053 65.6033 127.128 131.214 62.264
5
-1183.35 76.6688 67.9148 127.152 131.216 62.257
-1183.07 77.6293 67.8713 127.152 131.216 62.257
-1182.8 78.5898 67.8278 127.152 131.216 62.257
-1182.53 79.5503 67.7843 127.152 131.216 62.257
-1182.25 80.5108 67.7408 127.152 131.216 62.257
-1181.98 81.4714 67.6973 127.152 131.216 62.257
-1181.7 82.4319 67.6538 127.152 131.216 62.257
-1181.43 83.3924 67.6103 127.167 131.219 62.287
-1181.15 84.3529 67.5668 127.154 131.215 62.288
-1180.88 85.3134 67.5232 127.143 131.214 62.287
-1180.6 86.2739 67.4797 127.143 131.214 62.287
-1180.33 87.2344 67.4362 127.134 131.212 62.282
-1180.05 88.1949 67.3927 127.132 131.209 62.275
-1179.78 89.1555 67.3492 127.134 131.21 62.269
-1179.5 90.116 67.3057 127.134 131.211 62.268
-1179.23 91.0765 67.2622 127.134 131.213 62.27
-1178.95 92.037 67.2187 127.129 131.213 62.267
-1178.68 92.9975 67.1752 127.129 131.213 62.267
-1178.4 93.958 67.1317 127.13 131.211 62.264
-1178.13 94.9185 67.0882 127.13 131.211 62.264
-1177.85 95.879 67.0446 127.134 131.21 62.262
-1177.58 96.8396 67.0011 127.135 131.21 62.263
-1177.3 97.8001 66.9576 127.135 131.21 62.263
-1177.03 98.7606 66.9141 127.133 131.21 62.264
-1176.75 99.7211 66.8706 127.129 131.211 62.264
-1176.48 100.682 66.8271 127.129 131.214 62.266
-1176.2 101.642 66.7836 127.131 131.216 62.268
-1175.93 102.603 66.7401 127.131 131.216 62.268
-1175.65 103.563 66.6966 127.132 131.215 62.267
-1175.38 104.524 66.6531 127.136 131.213 62.267
-1175.11 105.484 66.6095 127.139 131.211 62.268
-1174.83 106.445 66.566 127.137 131.21 62.267
-1174.56 107.405 66.5225 127.134 131.209 62.265
-1174.28 108.366 66.479 127.132 131.209 62.266
-1174.01 109.326 66.4355 127.131 131.211 62.265
-1173.73 110.287 66.392 127.131 131.213 62.267
-1173.46 111.247 66.3485 127.129 131.214 62.267
-1173.18 112.208 66.305 127.129 131.214 62.267
-1172.91 113.168 66.2615 127.13 131.215 62.269
-1172.63 114.129 66.218 127.132 131.215 62.27
-1172.36 115.089 66.1744 127.13 131.213 62.268
-1172.08 116.05 66.1309 127.126 131.214 62.266
-1171.81 117.01 66.0874 127.126 131.214 62.266
-1171.53 117.971 66.0439 127.123 131.214 62.269
-1171.26 118.931 66.0004 127.122 131.212 62.268
-1170.98 119.892 65.9569 127.129 131.209 62.266
6
-1183.21 76.8343 67.482 127.135 131.219 62.257
-1182.93 77.7954 67.454 127.135 131.219 62.257
-1182.66 78.7566 67.4261 127.135 131.219 62.257
-1182.38 79.7177 67.3982 127.135 131.219 62.257
-1182.11 80.6789 67.3703 127.135 131.219 62.257
-1181.84 81.64 67.3424 127.135 131.219 62.257
-1181.56 82.6012 67.3144 127.135 131.219 62.257
-1181.29 83.5623 67.2865 127.135 131.219 62.257
-1181.01 84.5235 67.2586 127.135 131.219 62.257
-1180.74 85.4846 67.2307 127.135 131.219 62.257
-1180.46 86.4458 67.2028 127.135 131.219 62.257
-1180.19 87.4069 67.1748 127.135 131.219 62.257
-1179.91 88.3681 67.1469 127.135 131.219 62.257
-1179.64 89.3292 67.119 127.135 131.219 62.257
-1179.36 90.2903 67.0911 127.135 131.219 62.257
-1179.09 91.2515 67.0631 127.135 131.219 62.257
-1178.81 92.2126 67.0352 127.135 131.219 62.257
-1178.54 93.1738 67.0073 127.135 131.219 62.257
-1178.27 94.1349 66.9794 127.135 131.219 62.257
-1177.99 95.0961 66.9515 127.135 131.219 62.257
-1177.72 96.0572 66.9235 127.135 131.219 62.257
-1177.44 97.0184 66.8956 127.157 131.222 62.289
-1177.17 97.9795 66.8677 127.146 131.219 62.289
-1176.89 98.9407 66.8398 127.146 131.219 62.289
-1176.62 99.9018 66.8119 127.139 131.219 62.288
-1176.34 100.863 66.7839 127.133 131.216 62.28
-1176.07 101.824 66.756 127.131 131.217 62.278
-1175.79 102.785 66.7281 127.136 131.219 62.279
-1175.52 103.746 66.7002 127.136 131.219 62.279
-1175.24 104.708 66.6723 127.138 131.219 62.278
-1174.97 105.669 66.6443 127.134 131.217 62.273
-1174.7 106.63 66.6164 127.135 131.216 62.273
-1174.42 107.591 66.5885 127.135 131.216 62.273
-1174.15 108.552 66.5606 127.134 131.215 62.271
-1173.87 109.513 66.5326 127.133 131.213 62.268
-1173.6 110.474 66.5047 127.133 131.213 62.268
-1173.32 111.436 66.4768 127.134 131.214 62.269
-1173.05 112.397 66.4489 127.132 131.214 62.267
-1172.77 113.358 66.421 127.132 131.214 62.267
-1172.5 114.319 66.393 127.132 131.213 62.266
-1172.22 115.28 66.3651 127.131 131.213 62.266
-1171.95 116.241 66.3372 127.128 131.214 62.267
-1171.67 117.202 66.3093 127.124 131.213 62.267
-1171.4 118.164 66.2814 127.121 131.21 62.266
-1171.13 119.125 66.2534 127.121 131.21 62.266
-1170.85 120.086 66.2255 127.129 131.207 62.263
7
-1183.35 77.0911 67.4085 127.137 131.221 62.26
-1183.07 78.0508 67.3812 127.137 131.221 62.26
-1182.79 79.0105 67.354 127.137 131.221 62.26
-1182.51 79.9703 67.3267 127.137 131.221 62.26
-1182.23 80.93 67.2995 127.137 131.221 62.26
-1181.95 81.8898 67.2723 127.137 131.221 62.26
-1181.67 82.8495 67.245 127.137 131.221 62.26
-1181.39 83.8092 67.2178 127.137 131.221 62.26
-1181.11 84.769 67.1905 127.137 131.221 62.26
-1180.83 85.7287 67.1633 127.137 131.221 62.26
-1180.55 86.6885 67.136 127.137 131.221 62.26
-1180.28 87.6482 67.1088 127.137 131.221 62.26
-1180 88.6079 67.0815 127.137 131.221 62.26
-1179.72 89.5677 67.0543 127.137 131.221 62.26
-1179.44 90.5274 67.027 127.137 131.221 62.26
-1179.16 91.4871 66.9998 127.137 131.221 62.26
-1178.88 92.4469 66.9725 127.137 131.221 62.26
-1178.6 93.4066 66.9453 127.137 131.221 62.26
-1178.32 94.3664 66.918 127.137 131.221 62.26
-1178.04 95.3261 66.8908 127.137 131.221 62.26
-1177.76 96.2858 66.8635 127.137 131.221 62.26
-1177.48 97.2456 66.8363 127.147 131.22 62.281
-1177.2 98.2053 66.809 127.141 131.218 62.283
-1176.92 99.1651 66.7818 127.136 131.217 62.284
-1176.64 100.125 66.7546 127.136 131.217 62.284
-1176.36 101.085 66.7273 127.132 131.217 62.28
-1176.08 102.044 66.7001 127.133 131.22 62.28
-1175.8 103.004 66.6728 127.133 131.219 62.278
-1175.52 103.964 66.6456 127.133 131.219 62.278
-1175.24 104.923 66.6183 127.132 131.216 62.275
-1174.96 105.883 66.5911 127.131 131.215 62.272
-1174.68 106.843 66.5638 127.134 131.215 62.273
-1174.4 107.803 66.5366 127.134 131.215 62.273
-1174.12 108.762 66.5093 127.131 131.215 62.27
-1173.84 109.722 66.4821 127.128 131.215 62.268
-1173.57 110.682 66.4548 127.128 131.215 62.268
-1173.29 111.642 66.4276 127.13 131.216 62.271
-1173.01 112.601 66.4003 127.132 131.214 62.269
-1172.73 113.561 66.3731 127.133 131.213 62.27
-1172.45 114.521 66.3458 127.133 131.211 62.272
-1172.17 115.481 66.3186 127.133 131.211 62.272
-1171.89 116.44 66.2914 127.132 131.212 62.274
-1171.61 117.4 66.2641 127.13 131.213 62.274
-1171.33 118.36 66.2369 127.127 131.213 62.274
-1171.05 119.32 66.2096 127.127 131.211 62.269
-1170.77 120.279 66.1824 127.127 131.211 62.269
8
-1183.21 77.064 67.2541 127.137 131.218 62.26
-1182.94 78.0254 67.2319 127.137 131.218 62.26
-1182.67 78.9867 67.2098 127.137 131.218 62.26
-1182.39 79.948 67.1876 127.137 131.218 62.26
-1182.12 80.9094 67.1654 127.137 131.218 62.26
-1181.84 81.8707 67.1433 127.137 131.218 62.26
-1181.57 82.832 67.1211 127.137 131.218 62.26
-1181.29 83.7934 67.099 127.137 131.218 62.26
-1181.02 84.7547 67.0768 127.137 131.218 62.26
-1180.74 85.716 67.0546 127.137 131.218 62.26
-1180.47 86.6774 67.0325 127.137 131.218 62.26
-1180.2 87.6387 67.0103 127.137 131.218 62.26
-1179.92 88.6 66.9881 127.137 131.218 62.26
-1179.65 89.5614 66.966 127.137 131.218 62.26
-1179.37 90.5227 66.9438 127.137 131.218 62.26
-1179.1 91.484 66.9216 127.137 131.218 62.26
-1178.82 92.4454 66.8995 127.137 131.218 62.26
-1178.55 93.4067 66.8773 127.137 131.218 62.26
-1178.27 94.368 66.8551 127.137 131.218 62.26
-1178 95.3294 66.833 127.137 131.218 62.26
-1177.72 96.2907 66.8108 127.137 131.218 62.26
-1177.45 97.252 66.7886 127.139 131.219 62.274
-1177.18 98.2134 66.7665 127.135 131.218 62.277
-1176.9 99.1747 66.7443 127.136 131.222 62.283
-1176.63 100.136 66.7221 127.135 131.219 62.28
-1176.35 101.097 66.7 127.135 131.219 62.28
-1176.08 102.059 66.6778 127.133 131.218 62.276
-1175.8 103.02 66.6556 127.13 131.217 62.273
-1175.53 103.981 66.6335 127.132 131.218 62.274
-1175.25 104.943 66.6113 127.132 131.216 62.271
-1174.98 105.904 66.5892 127.131 131.216 62.27
-1174.71 106.865 66.567 127.129 131.216 62.27
-1174.43 107.827 66.5448 127.132 131.214 62.269
-1174.16 108.788 66.5227 127.132 131.214 62.269
-1173.88 109.749 66.5005 127.134 131.214 62.267
-1173.61 110.711 66.4783 127.129 131.214 62.267
-1173.33 111.672 66.4562 127.132 131.212 62.271
-1173.06 112.633 66.434 127.131 131.212 62.268
-1172.78 113.595 66.4118 127.134 131.214 62.271
-1172.51 114.556 66.3897 127.13 131.213 62.271
-1172.23 115.517 66.3675 127.128 131.212 62.271
-1171.96 116.479 66.3453 127.128 131.212 62.271
-1171.69 117.44 66.3232 127.131 131.213 62.272
-1171.41 118.401 66.301 127.133 131.212 62.273
-1171.14 119.363 66.2788 127.132 131.209 62.268
-1170.86 120.324 66.2567 127.129 131.21 62.267
9
-1183.29 76.7231 67.3504 127.138 131.22 62.259
-1183.02 77.6843 67.3247 127.138 131.22 62.259
-1182.74 78.6454 67.2991 127.138 131.22 62.259
-1182.47 79.6065 67.2734 127.138 131.22 62.259
-1182.19 80.5677 67.2477 127.138 131.22 62.259
-1181.92 81.5288 67.222 127.138 131.22 62.259
-1181.64 82.4899 67.1963 127.138 131.22 62.259
-1181.37 83.4511 67.1706 127.138 131.22 62.259
-1181.09 84.4122 67.145 127.138 131.22 62.259
-1180.82 85.3733 67.1193 127.138 131.22 62.259
-1180.54 86.3345 67.0936 127.138 131.22 62.259
-1180.27 87.2956 67.0679 127.138 131.22 62.259
-1179.99 88.2567 67.0422 127.138 131.22 62.259
-1179.72 89.2179 67.0165 127.138 131.22 62.259
-1179.44 90.179 66.9908 127.138 131.22 62.259
-1179.17 91.1401 66.9652 127.138 131.22 62.259
-1178.89 92.1013 66.9395 127.138 131.22 62.259
-1178.62 93.0624 66.9138 127.138 131.22 62.259
-1178.34 94.0235 66.8881 127.138 131.22 62.259
-1178.07 94.9847 66.8624 127.138 131.22 62.259
-1177.79 95.9458 66.8367 127.138 131.22 62.259
-1177.52 96.9069 66.8111 127.147 131.221 62.282
-1177.24 97.8681 66.7854 127.147 131.221 62.282
-1176.97 98.8292 66.7597 127.138 131.219 62.283
-1176.69 99.7904 66.734 127.135 131.218 62.284
-1176.42 100.751 66.7083 127.132 131.217 62.281
-1176.14 101.713 66.6826 127.134 131.22 62.281
-1175.87 102.674 66.657 127.134 131.22 62.281
-1175.6 103.635 66.6313 127.134 131.22 62.278
-1175.32 104.596 66.6056 127.134 131.217 62.277
-1175.05 105.557 66.5799 127.134 131.217 62.277
-1174.77 106.518 66.5542 127.134 131.215 62.273
-1174.5 107.479 66.5285 127.136 131.215 62.274
-1174.22 108.441 66.5028 127.133 131.216 62.272
-1173.95 109.402 66.4772 127.13 131.215 62.269
-1173.67 110.363 66.4515 127.129 131.216 62.269
-1173.4 111.324 66.4258 127.132 131.216 62.27
-1173.12 112.285 66.4001 127.132 131.216 62.27
-1172.85 113.246 66.3744 127.132 131.214 62.268
-1172.57 114.207 66.3487 127.133 131.212 62.269
-1172.3 115.169 66.3231 127.131 131.212 62.271
-1172.02 116.13 66.2974 127.131 131.212 62.271
-1171.75 117.091 66.2717 127.129 131.213 62.271
-1171.47 118.052 66.246 127.127 131.213 62.27
-1171.2 119.013 66.2203 127.123 131.211 62.269
-1170.92 119.974 66.1946 127.129 131.21 62.263
10
-1183.41 76.6971 67.3521 127.138 131.22 62.26
-1183.13 77.6574 67.3267 127.138 131.22 62.26
-1182.86 78.6176 67.3014 127.138 131.22 62.26
-1182.58 79.5779 67.276 127.138 131.22 62.26
-1182.3 80.5381 67.2506 127.138 131.22 62.26
-1182.02 81.4983 67.2252 127.138 131.22 62.26
-1181.74 82.4586 67.1998 127.138 131.22 62.26
-1181.47 83.4188 67.1744 127.138 131.22 62.26
-1181.19 84.379 67.149 127.138 131.22 62.26
-1180.91 85.3393 67.1236 127.138 131.22 62.26
-1180.63 86.2995 67.0983 127.138 131.22 62.26
-1180.35 87.2598 67.0729 127.138 131.22 62.26
-1180.08 88.22 67.0475 127.138 131.22 62.26
-1179.8 89.1802 67.0221 127.138 131.22 62.26
-1179.52 90.1405 66.9967 127.138 131.22 62.26
-1179.24 91.1007 66.9713 127.138 131.22 62.26
-1178.96 92.0609 66.9459 127.138 131.22 62.26
-1178.69 93.0212 66.9205 127.138 131.22 62.26
-1178.41 93.9814 66.8952 127.138 131.22 62.26
-1178.13 94.9417 66.8698 127.138 131.22 62.26
-1177.85 95.9019 66.8444 127.138 131.22 62.26
-1177.57 96.8621 66.819 127.149 131.22 62.282
-1177.3 97.8224 66.7936 127.149 131.22 62.282
-1177.02 98.7826 66.7682 127.141 131.219 62.283
-1176.74 99.7428 66.7428 127.136 131.218 62.285
-1176.46 100.703 66.7174 127.133 131.217 62.281
-1176.18 101.663 66.6921 127.134 131.219 62.281
-1175.91 102.624 66.6667 127.135 131.22 62.279
-1175.63 103.584 66.6413 127.135 131.22 62.279
-1175.35 104.544 66.6159 127.134 131.218 62.277
-1175.07 105.504 66.5905 127.133 131.216 62.273
-1174.79 106.464 66.5651 127.135 131.215 62.273
-1174.52 107.425 66.5397 127.135 131.215 62.273
-1174.24 108.385 66.5143 127.134 131.215 62.273
-1173.96 109.345 66.489 127.13 131.215 62.269
-1173.68 110.305 66.4636 127.128 131.216 62.267
-1173.4 111.266 66.4382 127.13 131.216 62.271
-1173.13 112.226 66.4128 127.131 131.215 62.269
-1172.85 113.186 66.3874 127.132 131.214 62.268
-1172.57 114.146 66.362 127.132 131.214 62.268
-1172.29 115.107 66.3366 127.132 131.212 62.271
-1172.01 116.067 66.3113 127.13 131.212 62.272
-1171.74 117.027 66.2859 127.129 131.213 62.272
-1171.46 117.987 66.2605 127.129 131.213 62.272
-1171.18 118.948 66.2351 127.125 131.211 62.27
-1170.9 119.908 66.2097 127.128 131.209 62.263
11
-1184.49 77.2993 68.2385 127.135 131.22 62.259
-1184.2 78.2554 68.2094 127.135 131.22 62.259
-1183.91 79.2114 68.1802 127.135 131.22 62.259
-1183.62 80.1675 68.1511 127.135 131.22 62.259
-1183.32 81.1236 68.1219 127.135 131.22 62.259
-1183.03 82.0797 68.0928 127.135 131.22 62.259
-1182.74 83.0357 68.0636 127.135 131.22 62.259
-1182.45 83.9918 68.0345 127.135 131.22 62.259
-1182.16 84.9479 68.0053 127.135 131.22 62.259
-1181.87 85.9039 67.9762 127.135 131.22 62.259
-1181.57 86.86 67.947 127.135 131.22 62.259
-1181.28 87.8161 67.9178 127.135 131.22 62.259
-1180.99 88.7722 67.8887 127.135 131.22 62.259
-1180.7 89.7282 67.8595 127.135 131.22 62.259
-1180.41 90.6843 67.8304 127.135 131.22 62.259
-1180.12 91.6404 67.8012 127.135 131.22 62.259
-1179.82 92.5964 67.7721 127.135 131.22 62.259
-1179.53 93.5525 67.7429 127.135 131.22 62.259
-1179.24 94.5086 67.7138 127.135 131.22 62.259
-1178.95 95.4647 67.6846 127.135 131.22 62.259
-1178.66 96.4207 67.6555 127.135 131.22 62.259
-1178.36 97.3768 67.6263 127.151 131.222 62.287
-1178.07 98.3329 67.5972 127.141 131.219 62.286
-1177.78 99.289 67.568 127.137 131.217 62.287
-1177.49 100.245 67.5389 127.133 131.216 62.281
-1177.2 101.201 67.5097 127.133 131.216 62.281
-1176.91 102.157 67.4806 127.134 131.219 62.28
-1176.61 103.113 67.4514 127.134 131.22 62.279
-1176.32 104.069 67.4222 127.133 131.219 62.276
-1176.03 105.025 67.3931 127.134 131.216 62.273
-1175.74 105.981 67.3639 127.132 131.215 62.271
-1175.45 106.938 67.3348 127.132 131.215 62.271
-1175.16 107.894 67.3056 127.136 131.215 62.272
-1174.86 108.85 67.2765 127.133 131.216 62.27
-1174.57 109.806 67.2473 127.129 131.216 62.267
-1174.28 110.762 67.2182 127.129 131.216 62.266
-1173.99 111.718 67.189 127.132 131.216 62.269
-1173.7 112.674 67.1599 127.132 131.216 62.269
-1173.41 113.63 67.1307 127.133 131.215 62.268
-1173.11 114.586 67.1016 127.132 131.213 62.272
-1172.82 115.542 67.0724 127.132 131.214 62.276
-1172.53 116.498 67.0433 127.132 131.214 62.276
-1172.24 117.454 67.0141 127.131 131.214 62.274
-1171.95 118.41 66.985 127.127 131.213 62.273
-1171.66 119.366 66.9558 127.127 131.21 62.266
-1171.36 120.323 66.9266 127.127 131.21 62.266
12
-1179.81 75.958 67.3748 127.136 131.219 62.259
-1179.54 76.9205 67.3553 127.136 131.219 62.259
-1179.27 77.883 67.3358 127.136 131.219 62.259
-1179 78.8456 67.3162 127.136 131.219 62.259
-1178.73 79.8081 67.2967 127.136 131.219 62.259
-1178.46 80.7706 67.2772 127.136 131.219 62.259
-1178.19 81.7331 67.2577 127.136 131.219 62.259
-1177.92 82.6956 67.2382 127.136 131.219 62.259
-1177.65 83.6581 67.2187 127.136 131.219 62.259
-1177.38 84.6206 67.1992 127.136 131.219 62.259
-1177.11 85.5832 67.1797 127.136 131.219 62.259
-1176.83 86.5457 67.1602 127.136 131.219 62.259
-1176.56 87.5082 67.1407 127.136 131.219 62.259
-1176.29 88.4707 67.1212 127.136 131.219 62.259
-1176.02 89.4332 67.1017 127.136 131.219 62.259
-1175.75 90.3957 67.0822 127.136 131.219 62.259
-1175.48 91.3583 67.0627 127.136 131.219 62.259
-1175.21 92.3208 67.0432 127.136 131.219 62.259
-1174.94 93.2833 67.0237 127.136 131.219 62.259
-1174.67 94.2458 67.0042 127.136 131.219 62.259
-1174.4 95.2083 66.9847 127.147 131.221 62.284
-1174.13 96.1708 66.9652 127.137 131.219 62.285
-1173.86 97.1333 66.9457 127.134 131.218 62.287
-1173.59 98.0959 66.9262 127.135 131.22 62.287
-1173.32 99.0584 66.9067 127.135 131.221 62.285
-1173.05 100.021 66.8872 127.135 131.221 62.285
-1172.78 100.983 66.8677 127.134 131.22 62.281
-1172.51 101.946 66.8482 127.135 131.216 62.277
-1172.24 102.908 66.8287 127.133 131.215 62.274
-1171.97 103.871 66.8091 127.13 131.217 62.272
-1171.69 104.833 66.7896 127.133 131.218 62.274
-1171.42 105.796 66.7701 127.132 131.217 62.272
-1171.15 106.759 66.7506 127.132 131.215 62.268
-1170.88 107.721 66.7311 127.131 131.214 62.267
-1170.61 108.684 66.7116 127.131 131.214 62.267
-1170.34 109.646 66.6921 127.133 131.215 62.272
-1170.07 110.609 66.6726 127.133 131.214 62.27
-1169.8 111.571 66.6531 127.131 131.214 62.268
-1169.53 112.534 66.6336 127.133 131.213 62.271
-1169.26 113.496 66.6141 127.131 131.214 62.271
-1168.99 114.459 66.5946 127.13 131.213 62.271
-1168.72 115.421 66.5751 127.132 131.212 62.272
-1168.45 116.384 66.5556 127.133 131.211 62.27
-1168.18 117.346 66.5361 127.133 131.211 62.27
-1167.91 118.309 66.5166 127.128 131.209 62.266
-1167.64 119.271 66.4971 127.128 131.209 62.266
13
-1179.43 74.952 67.4911 127.138 131.219 62.26
-1179.16 75.9145 67.4674 127.138 131.219 62.26
-1178.89 76.8771 67.4438 127.138 131.219 62.26
-1178.62 77.8396 67.4201 127.138 131.219 62.26
-1178.35 78.8021 67.3965 127.138 131.219 62.26
-1178.08 79.7646 67.3729 127.138 131.219 62.26
-1177.81 80.7272 67.3492 127.138 131.219 62.26
-1177.54 81.6897 67.3256 127.138 131.219 62.26
-1177.27 82.6522 67.3019 127.138 131.219 62.26
-1177 83.6148 67.2783 127.138 131.219 62.26
-1176.73 84.5773 67.2546 127.138 131.219 62.26
-1176.46 85.5398 67.231 127.138 131.219 62.26
-1176.19 86.5023 67.2074 127.138 131.219 62.26
-1175.92 87.4649 67.1837 127.138 131.219 62.26
-1175.65 88.4274 67.1601 127.138 131.219 62.26
-1175.38 89.3899 67.1364 127.138 131.219 62.26
-1175.11 90.3525 67.1128 127.138 131.219 62.26
-1174.84 91.315 67.0892 127.138 131.219 62.26
-1174.57 92.2775 67.0655 127.138 131.219 62.26
-1174.3 93.24 67.0419 127.138 131.219 62.26
-1174.03 94.2026 67.0182 127.138 131.219 62.26
-1173.76 95.1651 66.9946 127.136 131.219 62.281
-1173.49 96.1276 66.9709 127.136 131.219 62.281
-1173.22 97.0901 66.9473 127.133 131.217 62.283
-1172.95 98.0527 66.9237 127.136 131.219 62.285
-1172.68 99.0152 66.9 127.135 131.222 62.284
-1172.41 99.9777 66.8764 127.133 131.219 62.278
-1172.14 100.94 66.8527 127.133 131.219 62.278
-1171.87 101.903 66.8291 127.134 131.216 62.275
-1171.6 102.865 66.8054 127.132 131.216 62.272
-1171.33 103.828 66.7818 127.131 131.219 62.272
-1171.05 104.79 66.7582 127.131 131.218 62.271
-1170.78 105.753 66.7345 127.131 131.218 62.271
-1170.51 106.715 66.7109 127.13 131.216 62.268
-1170.24 107.678 66.6872 127.131 131.214 62.266
-1169.97 108.64 66.6636 127.132 131.215 62.269
-1169.7 109.603 66.6399 127.133 131.215 62.272
-1169.43 110.566 66.6163 127.133 131.214 62.268
-1169.16 111.528 66.5927 127.133 131.213 62.27
-1168.89 112.491 66.569 127.133 131.213 62.273
-1168.62 113.453 66.5454 127.133 131.213 62.273
-1168.35 114.416 66.5217 127.131 131.213 62.272
-1168.08 115.378 66.4981 127.131 131.213 62.273
-1167.81 116.341 66.4744 127.132 131.211 62.269
-1167.54 117.303 66.4508 127.131 131.209 62.265
-1167.27 118.266 66.4272 127.131 131.209 62.265
