1
-762.736 907.321 38.5132 174.918 126.734 101.759
-763.375 906.552 38.5239 174.918 126.734 101.759
-764.014 905.783 38.5345 174.918 126.734 101.759
-764.654 905.014 38.5452 174.899 126.731 101.725
-765.293 904.245 38.5558 174.899 126.729 101.721
-765.932 903.476 38.5665 174.899 126.729 101.721
-766.572 902.707 38.5771 174.902 126.728 101.725
-767.211 901.939 38.5878 174.91 126.727 101.731
-767.85 901.17 38.5984 174.921 126.726 101.738
-768.49 900.401 38.609 174.921 126.726 101.738
-769.129 899.632 38.6197 174.924 126.724 101.741
-769.768 898.863 38.6303 174.92 126.724 101.741
-770.408 898.094 38.641 174.916 126.724 101.739
-771.047 897.325 38.6516 174.916 126.724 101.739
-771.686 896.556 38.6623 174.914 126.725 101.74
-772.326 895.788 38.6729 174.916 126.726 101.741
-772.965 895.019 38.6836 174.916 126.728 101.745
-773.604 894.25 38.6942 174.921 126.73 101.749
-774.244 893.481 38.7049 174.921 126.73 101.749
-774.883 892.712 38.7155 174.925 126.732 101.752
-775.522 891.943 38.7261 174.925 126.732 101.754
-776.161 891.174 38.7368 174.923 126.732 101.752
-776.801 890.406 38.7474 174.921 126.73 101.754
-777.44 889.637 38.7581 174.921 126.73 101.754
-778.079 888.868 38.7687 174.92 126.729 101.752
-778.719 888.099 38.7794 174.918 126.728 101.749
-779.358 887.33 38.79 174.915 126.728 101.747
-779.997 886.561 38.8007 174.915 126.728 101.747
-780.637 885.792 38.8113 174.913 126.729 101.746
-781.276 885.024 38.822 174.914 126.731 101.746
-781.915 884.255 38.8326 174.915 126.732 101.747
-782.555 883.486 38.8432 174.918 126.733 101.749
-783.194 882.717 38.8539 174.921 126.733 101.749
-783.833 881.948 38.8645 174.921 126.733 101.749
-784.473 881.179 38.8752 174.921 126.733 101.751
-785.112 880.41 38.8858 174.918 126.733 101.75
-785.751 879.642 38.8965 174.918 126.733 101.75
-786.391 878.873 38.9071 174.917 126.732 101.747
-787.03 878.104 38.9178 174.919 126.731 101.745
-787.669 877.335 38.9284 174.921 126.731 101.745
-788.309 876.566 38.9391 174.923 126.732 101.746
-788.948 875.797 38.9497 174.922 126.732 101.746
-789.587 875.028 38.9604 174.922 126.732 101.746
-790.227 874.26 38.971 174.923 126.731 101.747
-790.866 873.491 38.9816 174.923 126.731 101.747
-791.505 872.722 38.9923 174.923 126.73 101.751
-792.145 871.953 39.0029 174.923 126.73 101.753
-792.784 871.184 39.0136 174.924 126.731 101.754
-793.423 870.415 39.0242 174.922 126.73 101.752
-794.063 869.646 39.0349 174.92 126.73 101.751
-794.702 868.877 39.0455 174.92 126.73 101.751
-795.341 868.109 39.0562 174.917 126.729 101.747
-795.981 867.34 39.0668 174.915 126.728 101.746
-796.62 866.571 39.0775 174.914 126.728 101.745
-797.259 865.802 39.0881 174.915 126.728 101.742
-797.899 865.033 39.0987 174.915 126.728 101.742
-798.538 864.264 39.1094 174.915 126.73 101.741
-799.177 863.495 39.12 174.917 126.732 101.745
-799.817 862.727 39.1307 174.917 126.732 101.745
-800.456 861.958 39.1413 174.918 126.733 101.745
-801.095 861.189 39.152 174.92 126.734 101.745
-801.735 860.42 39.1626 174.923 126.736 101.745
-802.374 859.651 39.1733 174.923 126.736 101.745
-803.013 858.882 39.1839 174.924 126.736 101.745
-803.653 858.113 39.1946 174.923 126.734 101.744
-804.292 857.345 39.2052 174.918 126.731 101.743
-804.931 856.576 39.2158 174.918 126.731 101.743
-805.571 855.807 39.2265 174.916 126.728 101.742
-806.21 855.038 39.2371 174.916 126.727 101.741
-806.849 854.269 39.2478 174.917 126.726 101.742
-807.489 853.5 39.2584 174.918 126.727 101.745
-808.128 852.731 39.2691 174.918 126.727 101.747
-808.767 851.963 39.2797 174.918 126.726 101.749
-809.407 851.194 39.2904 174.918 126.726 101.749
-810.046 850.425 39.301 174.92 126.727 101.751
-810.685 849.656 39.3117 174.92 126.729 101.749
-811.324 848.887 39.3223 174.92 126.729 101.749
-811.964 848.118 39.333 174.921 126.73 101.75
-812.603 847.349 39.3436 174.923 126.732 101.75
-813.242 846.58 39.3542 174.923 126.733 101.75
-813.882 845.812 39.3649 174.922 126.734 101.749
-814.521 845.043 39.3755 174.922 126.734 101.749
-815.16 844.274 39.3862 174.921 126.735 101.746
-815.8 843.505 39.3968 174.92 126.734 101.749
-816.439 842.736 39.4075 174.92 126.734 101.749
-817.078 841.967 39.4181 174.919 126.734 101.748
-817.718 841.198 39.4288 174.918 126.732 101.75
-818.357 840.43 39.4394 174.918 126.731 101.751
-818.996 839.661 39.4501 174.916 126.731 101.75
-819.636 838.892 39.4607 174.916 126.731 101.75
-820.275 838.123 39.4713 174.914 126.731 101.75
-820.914 837.354 39.482 174.915 126.73 101.748
-821.554 836.585 39.4926 174.917 126.73 101.748
-822.193 835.816 39.5033 174.92 126.73 101.748
-822.832 835.048 39.5139 174.92 126.73 101.748
-823.472 834.279 39.5246 174.922 126.73 101.749
-824.111 833.51 39.5352 174.92 126.73 101.749
-824.75 832.741 39.5459 174.92 126.731 101.75
-825.39 831.972 39.5565 174.92 126.732 101.749
-826.029 831.203 39.5672 174.92 126.732 101.749
-826.668 830.434 39.5778 174.923 126.733 101.75
-827.308 829.666 39.5885 174.927 126.734 101.753
-827.947 828.897 39.5991 174.929 126.731 101.756
-828.586 828.128 39.6097 174.929 126.731 101.756
-829.226 827.359 39.6204 174.929 126.731 101.756
-829.865 826.59 39.631 174.929 126.731 101.756
-830.504 825.821 39.6417 174.929 126.731 101.756
-831.144 825.052 39.6523 174.929 126.731 101.756
-831.783 824.284 39.663 174.929 126.731 101.756
-832.422 823.515 39.6736 174.929 126.731 101.756
-833.062 822.746 39.6843 174.929 126.731 101.756
-833.701 821.977 39.6949 174.929 126.731 101.756
-834.34 821.208 39.7056 174.929 126.731 101.756
-834.98 820.439 39.7162 174.929 126.731 101.756
-835.619 819.67 39.7268 174.929 126.731 101.756
-836.258 818.901 39.7375 174.929 126.731 101.756
2
-754.501 919.638 38.3207 174.919 126.734 101.76
-755.152 918.878 38.3327 174.919 126.734 101.76
-755.802 918.119 38.3447 174.919 126.734 101.76
-756.452 917.359 38.3566 174.919 126.734 101.76
-757.103 916.6 38.3686 174.919 126.734 101.76
-757.753 915.84 38.3806 174.919 126.734 101.76
-758.404 915.081 38.3926 174.919 126.734 101.76
-759.054 914.321 38.4046 174.919 126.734 101.76
-759.705 913.562 38.4166 174.919 126.734 101.76
-760.355 912.802 38.4286 174.919 126.734 101.76
-761.005 912.043 38.4405 174.919 126.734 101.76
-761.656 911.283 38.4525 174.919 126.734 101.76
-762.306 910.524 38.4645 174.919 126.734 101.76
-762.957 909.765 38.4765 174.919 126.734 101.76
-763.607 909.005 38.4885 174.919 126.734 101.76
-764.258 908.246 38.5005 174.919 126.734 101.76
-764.908 907.486 38.5125 174.919 126.734 101.76
-765.559 906.727 38.5245 174.919 126.734 101.76
-766.209 905.967 38.5364 174.919 126.734 101.76
-766.859 905.208 38.5484 174.898 126.733 101.726
-767.51 904.448 38.5604 174.898 126.729 101.721
-768.16 903.689 38.5724 174.901 126.728 101.724
-768.811 902.929 38.5844 174.909 126.728 101.73
-769.461 902.17 38.5964 174.909 126.728 101.73
-770.112 901.41 38.6084 174.924 126.726 101.738
-770.762 900.651 38.6203 174.924 126.726 101.738
-771.412 899.891 38.6323 174.925 126.726 101.741
-772.063 899.132 38.6443 174.921 126.726 101.742
-772.713 898.372 38.6563 174.914 126.724 101.738
-773.364 897.613 38.6683 174.913 126.725 101.739
-774.014 896.854 38.6803 174.913 126.725 101.739
-774.665 896.094 38.6923 174.913 126.727 101.74
-775.315 895.335 38.7042 174.916 126.728 101.745
-775.965 894.575 38.7162 174.919 126.729 101.749
-776.616 893.816 38.7282 174.923 126.731 101.752
-777.266 893.056 38.7402 174.923 126.731 101.752
-777.917 892.297 38.7522 174.924 126.732 101.753
-778.567 891.537 38.7642 174.923 126.731 101.752
-779.218 890.778 38.7762 174.921 126.73 101.754
-779.868 890.018 38.7882 174.92 126.729 101.753
-780.518 889.259 38.8001 174.919 126.728 101.75
-781.169 888.499 38.8121 174.919 126.728 101.75
-781.819 887.74 38.8241 174.917 126.728 101.747
-782.47 886.98 38.8361 174.917 126.728 101.747
-783.12 886.221 38.8481 174.914 126.729 101.745
-783.771 885.461 38.8601 174.916 126.731 101.745
-784.421 884.702 38.8721 174.917 126.732 101.746
-785.071 883.943 38.884 174.917 126.732 101.746
-785.722 883.183 38.896 174.92 126.733 101.748
-786.372 882.424 38.908 174.922 126.733 101.75
-787.023 881.664 38.92 174.92 126.733 101.751
-787.673 880.905 38.932 174.918 126.732 101.748
-788.324 880.145 38.944 174.918 126.732 101.748
-788.974 879.386 38.956 174.917 126.731 101.747
-789.624 878.626 38.968 174.919 126.731 101.745
-790.275 877.867 38.9799 174.919 126.731 101.745
-790.925 877.107 38.9919 174.921 126.732 101.746
-791.576 876.348 39.0039 174.921 126.732 101.746
-792.226 875.588 39.0159 174.919 126.731 101.746
-792.877 874.829 39.0279 174.92 126.73 101.747
-793.527 874.069 39.0399 174.92 126.73 101.749
-794.178 873.31 39.0519 174.921 126.73 101.751
-794.828 872.55 39.0638 174.923 126.731 101.754
-795.478 871.791 39.0758 174.923 126.731 101.754
-796.129 871.032 39.0878 174.923 126.731 101.754
-796.779 870.272 39.0998 174.922 126.73 101.752
-797.43 869.513 39.1118 174.921 126.731 101.751
-798.08 868.753 39.1238 174.919 126.73 101.748
-798.731 867.994 39.1358 174.919 126.73 101.748
-799.381 867.234 39.1477 174.916 126.728 101.747
-800.031 866.475 39.1597 174.917 126.728 101.744
-800.682 865.715 39.1717 174.916 126.729 101.745
-801.332 864.956 39.1837 174.916 126.729 101.745
-801.983 864.196 39.1957 174.916 126.73 101.745
-802.633 863.437 39.2077 174.916 126.731 101.746
-803.284 862.677 39.2197 174.916 126.731 101.746
-803.934 861.918 39.2317 174.918 126.732 101.747
-804.584 861.158 39.2436 174.921 126.735 101.746
-805.235 860.399 39.2556 174.922 126.735 101.745
-805.885 859.639 39.2676 174.923 126.735 101.745
-806.536 858.88 39.2796 174.923 126.735 101.745
-807.186 858.121 39.2916 174.92 126.733 101.745
-807.837 857.361 39.3036 174.917 126.73 101.744
-808.487 856.602 39.3156 174.916 126.729 101.742
-809.137 855.842 39.3275 174.917 126.728 101.742
-809.788 855.083 39.3395 174.917 126.727 101.743
-810.438 854.323 39.3515 174.917 126.727 101.743
-811.089 853.564 39.3635 174.918 126.728 101.745
-811.739 852.804 39.3755 174.918 126.728 101.747
-812.39 852.045 39.3875 174.918 126.728 101.747
-813.04 851.285 39.3995 174.918 126.728 101.748
-813.69 850.526 39.4114 174.92 126.728 101.75
-814.341 849.766 39.4234 174.92 126.729 101.75
-814.991 849.007 39.4354 174.922 126.73 101.75
-815.642 848.247 39.4474 174.923 126.732 101.752
-816.292 847.488 39.4594 174.923 126.732 101.752
-816.943 846.728 39.4714 174.923 126.732 101.75
-817.593 845.969 39.4834 174.923 126.734 101.749
-818.243 845.21 39.4954 174.92 126.733 101.746
-818.894 844.45 39.5073 174.921 126.733 101.75
-819.544 843.691 39.5193 174.921 126.733 101.75
-820.195 842.931 39.5313 174.921 126.733 101.75
-820.845 842.172 39.5433 174.919 126.732 101.751
-821.496 841.412 39.5553 174.92 126.732 101.752
-822.146 840.653 39.5673 174.918 126.731 101.751
-822.796 839.893 39.5793 174.918 126.731 101.751
-823.447 839.134 39.5912 174.915 126.731 101.749
-824.097 838.374 39.6032 174.916 126.732 101.748
-824.748 837.615 39.6152 174.917 126.731 101.747
-825.398 836.855 39.6272 174.92 126.731 101.748
-826.049 836.096 39.6392 174.92 126.731 101.748
-826.699 835.336 39.6512 174.922 126.732 101.749
-827.35 834.577 39.6632 174.92 126.731 101.75
-828 833.818 39.6752 174.92 126.731 101.75
-828.65 833.058 39.6871 174.919 126.732 101.751
-829.301 832.299 39.6991 174.919 126.732 101.75
3
-751.464 907.519 39.0046 174.919 126.734 101.761
-752.159 906.8 39.0111 174.919 126.734 101.761
-752.854 906.081 39.0177 174.919 126.734 101.761
-753.549 905.361 39.0242 174.919 126.734 101.761
-754.244 904.642 39.0308 174.919 126.734 101.761
-754.938 903.923 39.0373 174.919 126.734 101.761
-755.633 903.204 39.0438 174.896 126.733 101.724
-756.328 902.485 39.0504 174.896 126.729 101.718
-757.023 901.765 39.0569 174.898 126.727 101.72
-757.717 901.046 39.0635 174.898 126.727 101.72
-758.412 900.327 39.07 174.907 126.727 101.729
-759.107 899.608 39.0765 174.919 126.727 101.736
-759.802 898.889 39.0831 174.924 126.726 101.739
-760.497 898.169 39.0896 174.924 126.726 101.739
-761.191 897.45 39.0962 174.92 126.725 101.74
-761.886 896.731 39.1027 174.92 126.725 101.74
-762.581 896.012 39.1092 174.915 126.724 101.739
-763.276 895.293 39.1158 174.913 126.725 101.738
-763.97 894.573 39.1223 174.913 126.725 101.738
-764.665 893.854 39.1289 174.915 126.727 101.742
-765.36 893.135 39.1354 174.915 126.727 101.742
-766.055 892.416 39.1419 174.919 126.729 101.747
-766.75 891.697 39.1485 174.925 126.731 101.752
-767.444 890.977 39.155 174.925 126.731 101.752
-768.139 890.258 39.1616 174.926 126.732 101.754
-768.834 889.539 39.1681 174.924 126.731 101.753
-769.529 888.82 39.1747 174.923 126.73 101.754
-770.223 888.101 39.1812 174.92 126.729 101.753
-770.918 887.381 39.1877 174.92 126.729 101.753
-771.613 886.662 39.1943 174.918 126.728 101.749
-772.308 885.943 39.2008 174.915 126.728 101.747
-773.003 885.224 39.2074 174.915 126.728 101.747
-773.697 884.505 39.2139 174.914 126.728 101.747
-774.392 883.785 39.2204 174.915 126.73 101.746
-775.087 883.066 39.227 174.916 126.732 101.747
-775.782 882.347 39.2335 174.919 126.733 101.749
-776.476 881.628 39.2401 174.919 126.733 101.749
-777.171 880.909 39.2466 174.923 126.734 101.751
-777.866 880.189 39.2531 174.92 126.734 101.753
-778.561 879.47 39.2597 174.92 126.734 101.753
-779.255 878.751 39.2662 174.916 126.733 101.749
-779.95 878.032 39.2728 174.917 126.733 101.748
-780.645 877.313 39.2793 174.918 126.732 101.747
-781.34 876.593 39.2858 174.92 126.732 101.747
-782.035 875.874 39.2924 174.92 126.732 101.747
-782.729 875.155 39.2989 174.921 126.732 101.745
-783.424 874.436 39.3055 174.919 126.73 101.746
-784.119 873.717 39.312 174.919 126.73 101.746
-784.814 872.997 39.3185 174.919 126.73 101.748
-785.508 872.278 39.3251 174.921 126.73 101.75
-786.203 871.559 39.3316 174.922 126.729 101.751
-786.898 870.84 39.3382 174.922 126.729 101.751
-787.593 870.121 39.3447 174.922 126.731 101.752
-788.288 869.401 39.3513 174.923 126.731 101.753
-788.982 868.682 39.3578 174.922 126.729 101.754
-789.677 867.963 39.3643 174.92 126.73 101.751
-790.372 867.244 39.3709 174.92 126.73 101.751
-791.067 866.525 39.3774 174.918 126.729 101.748
-791.761 865.806 39.384 174.917 126.728 101.747
-792.456 865.086 39.3905 174.917 126.728 101.747
-793.151 864.367 39.397 174.916 126.728 101.746
-793.846 863.648 39.4036 174.916 126.73 101.743
-794.541 862.929 39.4101 174.916 126.73 101.743
-795.235 862.21 39.4167 174.915 126.731 101.745
-795.93 861.49 39.4232 174.916 126.731 101.746
-796.625 860.771 39.4297 174.917 126.733 101.746
-797.32 860.052 39.4363 174.917 126.733 101.746
-798.014 859.333 39.4428 174.922 126.735 101.746
-798.709 858.614 39.4494 174.923 126.735 101.746
-799.404 857.894 39.4559 174.923 126.735 101.746
-800.099 857.175 39.4624 174.923 126.735 101.747
-800.794 856.456 39.469 174.92 126.733 101.746
-801.488 855.737 39.4755 174.916 126.73 101.743
-802.183 855.018 39.4821 174.916 126.729 101.743
-802.878 854.298 39.4886 174.916 126.729 101.743
-803.573 853.579 39.4951 174.916 126.728 101.743
-804.267 852.86 39.5017 174.918 126.728 101.746
-804.962 852.141 39.5082 174.918 126.728 101.747
-805.657 851.422 39.5148 174.918 126.727 101.747
-806.352 850.702 39.5213 174.918 126.727 101.747
-807.047 849.983 39.5279 174.919 126.727 101.749
-807.741 849.264 39.5344 174.92 126.728 101.75
-808.436 848.545 39.5409 174.919 126.729 101.749
-809.131 847.826 39.5475 174.919 126.729 101.749
-809.826 847.106 39.554 174.922 126.731 101.751
-810.52 846.387 39.5606 174.923 126.732 101.752
-811.215 845.668 39.5671 174.923 126.733 101.749
-811.91 844.949 39.5736 174.923 126.735 101.749
-812.605 844.23 39.5802 174.923 126.735 101.749
-813.299 843.51 39.5867 174.922 126.734 101.749
-813.994 842.791 39.5933 174.921 126.733 101.751
-814.689 842.072 39.5998 174.921 126.733 101.751
-815.384 841.353 39.6063 174.918 126.733 101.751
-816.079 840.634 39.6129 174.917 126.732 101.751
-816.773 839.914 39.6194 174.917 126.732 101.751
-817.468 839.195 39.626 174.916 126.732 101.75
-818.163 838.476 39.6325 174.915 126.731 101.749
-818.858 837.757 39.639 174.915 126.731 101.749
-819.552 837.038 39.6456 174.916 126.731 101.748
-820.247 836.318 39.6521 174.918 126.731 101.748
-820.942 835.599 39.6587 174.921 126.731 101.748
-821.637 834.88 39.6652 174.921 126.731 101.748
-822.332 834.161 39.6718 174.921 126.731 101.748
-823.026 833.442 39.6783 174.92 126.731 101.751
-823.721 832.722 39.6848 174.92 126.731 101.751
-824.416 832.003 39.6914 174.92 126.732 101.749
-825.111 831.284 39.6979 174.92 126.732 101.751
-825.805 830.565 39.7045 174.923 126.732 101.752
-826.5 829.846 39.711 174.923 126.732 101.752
-827.195 829.126 39.7175 174.929 126.732 101.755
-827.89 828.407 39.7241 174.929 126.732 101.755
-828.585 827.688 39.7306 174.929 126.732 101.755
-829.279 826.969 39.7372 174.929 126.732 101.755
-829.974 826.25 39.7437 174.929 126.732 101.755
-830.669 825.53 39.7502 174.929 126.732 101.755
-831.364 824.811 39.7568 174.929 126.732 101.755
4
-742.889 908.95 39.014 174.919 126.734 101.761
-743.598 908.246 39.0215 174.919 126.734 101.761
-744.308 907.541 39.029 174.919 126.734 101.761
-745.017 906.836 39.0365 174.919 126.734 101.761
-745.727 906.132 39.044 174.919 126.734 101.761
-746.436 905.427 39.0515 174.919 126.734 101.761
-747.146 904.723 39.059 174.919 126.734 101.761
-747.855 904.018 39.0665 174.919 126.734 101.761
-748.565 903.313 39.074 174.919 126.734 101.761
-749.274 902.609 39.0815 174.919 126.734 101.761
-749.984 901.904 39.089 174.897 126.733 101.727
-750.693 901.199 39.0965 174.898 126.729 101.721
-751.403 900.495 39.104 174.898 126.729 101.721
-752.113 899.79 39.1115 174.899 126.728 101.723
-752.822 899.086 39.119 174.91 126.727 101.731
-753.532 898.381 39.1265 174.919 126.727 101.737
-754.241 897.676 39.134 174.919 126.727 101.737
-754.951 896.972 39.1415 174.923 126.725 101.738
-755.66 896.267 39.149 174.919 126.725 101.74
-756.37 895.562 39.1565 174.919 126.725 101.74
-757.079 894.858 39.164 174.914 126.723 101.737
-757.789 894.153 39.1715 174.912 126.724 101.737
-758.498 893.449 39.179 174.913 126.725 101.739
-759.208 892.744 39.1865 174.916 126.727 101.742
-759.917 892.039 39.1941 174.919 126.729 101.747
-760.627 891.335 39.2016 174.919 126.729 101.747
-761.337 890.63 39.2091 174.925 126.732 101.751
-762.046 889.925 39.2166 174.926 126.732 101.753
-762.756 889.221 39.2241 174.926 126.732 101.753
-763.465 888.516 39.2316 174.924 126.731 101.752
-764.175 887.812 39.2391 174.923 126.73 101.753
-764.884 887.107 39.2466 174.921 126.728 101.751
-765.594 886.402 39.2541 174.918 126.728 101.749
-766.303 885.698 39.2616 174.918 126.728 101.749
-767.013 884.993 39.2691 174.917 126.727 101.747
-767.722 884.288 39.2766 174.915 126.728 101.745
-768.432 883.584 39.2841 174.915 126.728 101.745
-769.141 882.879 39.2916 174.915 126.73 101.744
-769.851 882.175 39.2991 174.916 126.732 101.746
-770.561 881.47 39.3066 174.917 126.733 101.746
-771.27 880.765 39.3141 174.917 126.733 101.746
-771.98 880.061 39.3216 174.922 126.733 101.75
-772.689 879.356 39.3291 174.921 126.734 101.751
-773.399 878.651 39.3366 174.918 126.734 101.75
-774.108 877.947 39.3441 174.918 126.734 101.75
-774.818 877.242 39.3516 174.917 126.734 101.749
-775.527 876.538 39.3591 174.918 126.733 101.748
-776.237 875.833 39.3666 174.92 126.732 101.747
-776.946 875.128 39.3741 174.92 126.732 101.747
-777.656 874.424 39.3816 174.922 126.733 101.747
-778.366 873.719 39.3891 174.921 126.732 101.745
-779.075 873.014 39.3967 174.919 126.731 101.745
-779.785 872.31 39.4042 174.92 126.73 101.746
-780.494 871.605 39.4117 174.922 126.73 101.749
-781.204 870.901 39.4192 174.922 126.73 101.749
-781.913 870.196 39.4267 174.922 126.729 101.751
-782.623 869.491 39.4342 174.923 126.731 101.754
-783.332 868.787 39.4417 174.923 126.731 101.753
-784.042 868.082 39.4492 174.923 126.731 101.753
-784.751 867.377 39.4567 174.921 126.73 101.753
-785.461 866.673 39.4642 174.919 126.73 101.749
-786.17 865.968 39.4717 174.919 126.73 101.749
-786.88 865.264 39.4792 174.917 126.728 101.748
-787.59 864.559 39.4867 174.916 126.728 101.747
-788.299 863.854 39.4942 174.915 126.729 101.745
-789.009 863.15 39.5017 174.915 126.729 101.745
-789.718 862.445 39.5092 174.914 126.73 101.741
-790.428 861.74 39.5167 174.915 126.731 101.744
-791.137 861.036 39.5242 174.915 126.731 101.744
-791.847 860.331 39.5317 174.916 126.732 101.746
-792.556 859.627 39.5392 174.917 126.733 101.746
-793.266 858.922 39.5467 174.92 126.735 101.745
-793.975 858.217 39.5542 174.922 126.736 101.747
-794.685 857.513 39.5617 174.922 126.736 101.747
-795.394 856.808 39.5692 174.923 126.736 101.747
-796.104 856.103 39.5767 174.92 126.733 101.748
-796.814 855.399 39.5842 174.92 126.733 101.748
-797.523 854.694 39.5917 174.915 126.73 101.746
-798.233 853.99 39.5993 174.916 126.729 101.744
-798.942 853.285 39.6068 174.916 126.727 101.744
-799.652 852.58 39.6143 174.916 126.727 101.744
-800.361 851.876 39.6218 174.917 126.727 101.745
-801.071 851.171 39.6293 174.918 126.728 101.748
-801.78 850.466 39.6368 174.919 126.727 101.749
-802.49 849.762 39.6443 174.919 126.727 101.75
-803.199 849.057 39.6518 174.921 126.728 101.751
-803.909 848.353 39.6593 174.921 126.728 101.751
-804.618 847.648 39.6668 174.921 126.729 101.75
-805.328 846.943 39.6743 174.922 126.73 101.75
-806.038 846.239 39.6818 174.923 126.732 101.751
-806.747 845.534 39.6893 174.924 126.733 101.749
-807.457 844.829 39.6968 174.924 126.733 101.75
-808.166 844.125 39.7043 174.924 126.733 101.75
-808.876 843.42 39.7118 174.924 126.734 101.748
-809.585 842.716 39.7193 174.922 126.734 101.748
-810.295 842.011 39.7268 174.921 126.733 101.75
-811.004 841.306 39.7343 174.921 126.733 101.75
-811.714 840.602 39.7418 174.92 126.733 101.749
-812.423 839.897 39.7493 174.918 126.733 101.75
-813.133 839.192 39.7568 174.918 126.733 101.75
-813.842 838.488 39.7643 174.917 126.732 101.75
-814.552 837.783 39.7718 174.915 126.731 101.749
-815.262 837.079 39.7793 174.915 126.731 101.749
-815.971 836.374 39.7868 174.915 126.731 101.749
-816.681 835.669 39.7943 174.917 126.731 101.749
-817.39 834.965 39.8019 174.921 126.731 101.748
-818.1 834.26 39.8094 174.921 126.731 101.748
-818.809 833.555 39.8169 174.922 126.732 101.748
-819.519 832.851 39.8244 174.92 126.731 101.748
-820.228 832.146 39.8319 174.92 126.731 101.75
-820.938 831.442 39.8394 174.92 126.732 101.75
-821.647 830.737 39.8469 174.92 126.732 101.75
-822.357 830.032 39.8544 174.921 126.732 101.751
-823.066 829.328 39.8619 174.925 126.733 101.753
-823.776 828.623 39.8694 174.93 126.732 101.756
-824.486 827.918 39.8769 174.93 126.732 101.756
5
-758.841 908.242 39.9382 174.92 126.734 101.763
-759.483 907.476 39.9446 174.92 126.734 101.763
-760.126 906.71 39.951 174.92 126.734 101.763
-760.769 905.944 39.9575 174.92 126.734 101.763
-761.412 905.178 39.9639 174.92 126.734 101.763
-762.055 904.412 39.9703 174.896 126.732 101.723
-762.698 903.646 39.9768 174.896 126.729 101.721
-763.341 902.881 39.9832 174.901 126.728 101.726
-763.984 902.115 39.9896 174.901 126.728 101.726
-764.627 901.349 39.9961 174.912 126.727 101.734
-765.27 900.583 40.0025 174.923 126.725 101.738
-765.913 899.817 40.009 174.924 126.724 101.74
-766.556 899.051 40.0154 174.924 126.724 101.74
-767.199 898.285 40.0218 174.921 126.724 101.741
-767.842 897.519 40.0283 174.915 126.723 101.737
-768.485 896.753 40.0347 174.912 126.723 101.736
-769.128 895.988 40.0411 174.912 126.726 101.739
-769.771 895.222 40.0476 174.913 126.727 101.741
-770.413 894.456 40.054 174.913 126.727 101.741
-771.056 893.69 40.0605 174.916 126.73 101.745
-771.699 892.924 40.0669 174.922 126.731 101.749
-772.342 892.158 40.0733 174.924 126.732 101.75
-772.985 891.392 40.0798 174.924 126.732 101.753
-773.628 890.626 40.0862 174.922 126.731 101.752
-774.271 889.86 40.0926 174.922 126.731 101.752
-774.914 889.095 40.0991 174.919 126.729 101.751
-775.557 888.329 40.1055 174.919 126.729 101.751
-776.2 887.563 40.112 174.917 126.728 101.747
-776.843 886.797 40.1184 174.916 126.729 101.747
-777.486 886.031 40.1248 174.914 126.729 101.746
-778.129 885.265 40.1313 174.915 126.73 101.745
-778.772 884.499 40.1377 174.915 126.73 101.745
-779.415 883.733 40.1441 174.917 126.732 101.746
-780.058 882.967 40.1506 174.92 126.732 101.749
-780.701 882.202 40.157 174.923 126.733 101.75
-781.344 881.436 40.1634 174.923 126.733 101.751
-781.986 880.67 40.1699 174.92 126.733 101.752
-782.629 879.904 40.1763 174.918 126.732 101.75
-783.272 879.138 40.1828 174.917 126.732 101.747
-783.915 878.372 40.1892 174.917 126.732 101.747
-784.558 877.606 40.1956 174.918 126.731 101.746
-785.201 876.84 40.2021 174.92 126.731 101.746
-785.844 876.074 40.2085 174.92 126.731 101.746
-786.487 875.309 40.2149 174.92 126.731 101.745
-787.13 874.543 40.2214 174.919 126.73 101.747
-787.773 873.777 40.2278 174.92 126.73 101.747
-788.416 873.011 40.2343 174.92 126.731 101.748
-789.059 872.245 40.2407 174.922 126.732 101.752
-789.702 871.479 40.2471 174.922 126.732 101.752
-790.345 870.713 40.2536 174.923 126.733 101.753
-790.988 869.947 40.26 174.922 126.732 101.752
-791.631 869.181 40.2664 174.921 126.732 101.751
-792.274 868.416 40.2729 174.921 126.732 101.751
-792.916 867.65 40.2793 174.919 126.731 101.748
-793.559 866.884 40.2857 174.917 126.729 101.747
-794.202 866.118 40.2922 174.916 126.729 101.745
-794.845 865.352 40.2986 174.916 126.729 101.745
-795.488 864.586 40.3051 174.916 126.729 101.743
-796.131 863.82 40.3115 174.916 126.73 101.744
-796.774 863.054 40.3179 174.917 126.731 101.745
-797.417 862.288 40.3244 174.917 126.731 101.745
-798.06 861.523 40.3308 174.916 126.731 101.745
-798.703 860.757 40.3372 174.919 126.733 101.746
-799.346 859.991 40.3437 174.922 126.734 101.747
-799.989 859.225 40.3501 174.923 126.734 101.747
-800.632 858.459 40.3566 174.923 126.734 101.747
-801.275 857.693 40.363 174.923 126.733 101.748
-801.918 856.927 40.3694 174.92 126.732 101.747
-802.561 856.161 40.3759 174.917 126.729 101.746
-803.204 855.396 40.3823 174.917 126.729 101.744
-803.847 854.63 40.3887 174.916 126.728 101.743
-804.489 853.864 40.3952 174.916 126.728 101.743
-805.132 853.098 40.4016 174.918 126.728 101.745
-805.775 852.332 40.4081 174.918 126.729 101.748
-806.418 851.566 40.4145 174.919 126.729 101.749
-807.061 850.8 40.4209 174.92 126.728 101.75
-807.704 850.034 40.4274 174.92 126.728 101.75
-808.347 849.268 40.4338 174.92 126.73 101.75
-808.99 848.503 40.4402 174.919 126.731 101.749
-809.633 847.737 40.4467 174.919 126.731 101.749
-810.276 846.971 40.4531 174.921 126.733 101.75
-810.919 846.205 40.4595 174.922 126.733 101.75
-811.562 845.439 40.466 174.922 126.733 101.749
-812.205 844.673 40.4724 174.922 126.734 101.749
-812.848 843.907 40.4789 174.921 126.733 101.75
-813.491 843.141 40.4853 174.921 126.733 101.75
-814.134 842.375 40.4917 174.921 126.732 101.751
-814.777 841.61 40.4982 174.92 126.732 101.751
-815.419 840.844 40.5046 174.919 126.732 101.751
-816.062 840.078 40.511 174.92 126.732 101.751
-816.705 839.312 40.5175 174.92 126.732 101.751
-817.348 838.546 40.5239 174.918 126.731 101.751
-817.991 837.78 40.5304 174.917 126.731 101.749
-818.634 837.014 40.5368 174.919 126.731 101.749
-819.277 836.248 40.5432 174.919 126.731 101.749
-819.92 835.482 40.5497 174.92 126.731 101.748
-820.563 834.717 40.5561 174.921 126.731 101.748
-821.206 833.951 40.5625 174.922 126.731 101.748
-821.849 833.185 40.569 174.92 126.731 101.75
-822.492 832.419 40.5754 174.92 126.732 101.751
-823.135 831.653 40.5818 174.92 126.732 101.751
-823.778 830.887 40.5883 174.919 126.732 101.75
-824.421 830.121 40.5947 174.921 126.732 101.752
-825.064 829.355 40.6012 174.925 126.732 101.753
-825.707 828.589 40.6076 174.928 126.731 101.755
-826.35 827.824 40.614 174.928 126.731 101.755
-826.992 827.058 40.6205 174.928 126.731 101.755
-827.635 826.292 40.6269 174.928 126.731 101.755
-828.278 825.526 40.6333 174.928 126.731 101.755
-828.921 824.76 40.6398 174.928 126.731 101.755
-829.564 823.994 40.6462 174.928 126.731 101.755
-830.207 823.228 40.6527 174.928 126.731 101.755
-830.85 822.462 40.6591 174.928 126.731 101.755
-831.493 821.696 40.6655 174.928 126.731 101.755
-832.136 820.931 40.672 174.928 126.731 101.755
-832.779 820.165 40.6784 174.928 126.731 101.755
6
-758.032 908.791 38.7083 174.919 126.735 101.762
-758.694 908.041 38.72 174.919 126.735 101.762
-759.356 907.292 38.7317 174.919 126.735 101.762
-760.017 906.542 38.7433 174.919 126.735 101.762
-760.679 905.792 38.755 174.919 126.735 101.762
-761.341 905.043 38.7667 174.919 126.735 101.762
-762.002 904.293 38.7783 174.895 126.731 101.721
-762.664 903.543 38.79 174.896 126.729 101.72
-763.326 902.794 38.8016 174.896 126.729 101.72
-763.988 902.044 38.8133 174.9 126.728 101.725
-764.649 901.294 38.825 174.911 126.728 101.732
-765.311 900.545 38.8366 174.919 126.727 101.737
-765.973 899.795 38.8483 174.923 126.725 101.739
-766.634 899.045 38.86 174.923 126.725 101.739
-767.296 898.296 38.8716 174.921 126.725 101.74
-767.958 897.546 38.8833 174.915 126.724 101.737
-768.62 896.796 38.895 174.912 126.723 101.736
-769.281 896.047 38.9066 174.912 126.725 101.737
-769.943 895.297 38.9183 174.914 126.727 101.74
-770.605 894.547 38.93 174.914 126.727 101.74
-771.266 893.798 38.9416 174.919 126.729 101.748
-771.928 893.048 38.9533 174.925 126.732 101.752
-772.59 892.298 38.965 174.925 126.732 101.752
-773.252 891.549 38.9766 174.926 126.733 101.753
-773.913 890.799 38.9883 174.923 126.731 101.753
-774.575 890.049 38.9999 174.922 126.73 101.754
-775.237 889.3 39.0116 174.922 126.73 101.754
-775.899 888.55 39.0233 174.92 126.728 101.753
-776.56 887.8 39.0349 174.919 126.728 101.748
-777.222 887.051 39.0466 174.919 126.728 101.748
-777.884 886.301 39.0583 174.916 126.728 101.746
-778.545 885.551 39.0699 174.916 126.73 101.746
-779.207 884.802 39.0816 174.916 126.73 101.746
-779.869 884.052 39.0933 174.916 126.733 101.747
-780.531 883.302 39.1049 174.922 126.733 101.75
-781.192 882.553 39.1166 174.922 126.733 101.75
-781.854 881.803 39.1283 174.923 126.734 101.75
-782.516 881.053 39.1399 174.921 126.734 101.751
-783.177 880.304 39.1516 174.917 126.733 101.749
-783.839 879.554 39.1632 174.917 126.733 101.749
-784.501 878.804 39.1749 174.917 126.733 101.747
-785.163 878.055 39.1866 174.918 126.732 101.746
-785.824 877.305 39.1982 174.919 126.732 101.747
-786.486 876.556 39.2099 174.921 126.731 101.747
-787.148 875.806 39.2216 174.92 126.731 101.745
-787.809 875.056 39.2332 174.92 126.73 101.747
-788.471 874.307 39.2449 174.92 126.73 101.747
-789.133 873.557 39.2566 174.921 126.731 101.747
-789.795 872.807 39.2682 174.922 126.731 101.749
-790.456 872.058 39.2799 174.922 126.73 101.752
-791.118 871.308 39.2916 174.924 126.731 101.754
-791.78 870.558 39.3032 174.923 126.731 101.754
-792.441 869.809 39.3149 174.921 126.73 101.752
-793.103 869.059 39.3265 174.921 126.73 101.752
-793.765 868.309 39.3382 174.92 126.73 101.749
-794.427 867.56 39.3499 174.918 126.729 101.747
-795.088 866.81 39.3615 174.917 126.728 101.746
-795.75 866.06 39.3732 174.917 126.729 101.744
-796.412 865.311 39.3849 174.917 126.729 101.744
-797.073 864.561 39.3965 174.916 126.729 101.744
-797.735 863.811 39.4082 174.916 126.73 101.743
-798.397 863.062 39.4199 174.917 126.731 101.745
-799.059 862.312 39.4315 174.916 126.731 101.746
-799.72 861.562 39.4432 174.916 126.731 101.746
-800.382 860.813 39.4549 174.918 126.733 101.746
-801.044 860.063 39.4665 174.92 126.735 101.746
-801.705 859.313 39.4782 174.921 126.735 101.745
-802.367 858.564 39.4899 174.922 126.735 101.747
-803.029 857.814 39.5015 174.921 126.734 101.747
-803.691 857.064 39.5132 174.917 126.731 101.746
-804.352 856.315 39.5248 174.916 126.729 101.744
-805.014 855.565 39.5365 174.916 126.729 101.744
-805.676 854.815 39.5482 174.916 126.728 101.742
-806.337 854.066 39.5598 174.917 126.728 101.743
-806.999 853.316 39.5715 174.919 126.728 101.746
-807.661 852.566 39.5832 174.919 126.728 101.746
-808.323 851.817 39.5948 174.92 126.729 101.75
-808.984 851.067 39.6065 174.92 126.728 101.75
-809.646 850.317 39.6182 174.921 126.728 101.75
-810.308 849.568 39.6298 174.921 126.728 101.75
-810.969 848.818 39.6415 174.92 126.729 101.749
-811.631 848.068 39.6532 174.921 126.731 101.752
-812.293 847.319 39.6648 174.923 126.732 101.751
-812.955 846.569 39.6765 174.923 126.732 101.751
-813.616 845.819 39.6881 174.922 126.733 101.75
-814.278 845.07 39.6998 174.923 126.733 101.748
-814.94 844.32 39.7115 174.922 126.733 101.749
-815.602 843.57 39.7231 174.922 126.733 101.749
-816.263 842.821 39.7348 174.921 126.733 101.751
-816.925 842.071 39.7465 174.92 126.733 101.751
-817.587 841.321 39.7581 174.92 126.733 101.751
-818.248 840.572 39.7698 174.92 126.732 101.752
-818.91 839.822 39.7815 174.918 126.732 101.75
-819.572 839.072 39.7931 174.918 126.732 101.75
-820.234 838.323 39.8048 174.915 126.731 101.749
-820.895 837.573 39.8165 174.916 126.731 101.748
-821.557 836.823 39.8281 174.917 126.731 101.748
-822.219 836.074 39.8398 174.92 126.731 101.748
-822.88 835.324 39.8514 174.922 126.731 101.748
-823.542 834.574 39.8631 174.922 126.731 101.748
-824.204 833.825 39.8748 174.92 126.732 101.748
-824.866 833.075 39.8864 174.919 126.731 101.749
-825.527 832.325 39.8981 174.919 126.732 101.75
-826.189 831.576 39.9098 174.92 126.733 101.751
-826.851 830.826 39.9214 174.92 126.733 101.751
-827.512 830.076 39.9331 174.924 126.733 101.753
-828.174 829.327 39.9448 174.929 126.732 101.757
-828.836 828.577 39.9564 174.93 126.73 101.757
-829.498 827.827 39.9681 174.93 126.73 101.757
-830.159 827.078 39.9798 174.93 126.73 101.757
-830.821 826.328 39.9914 174.93 126.73 101.757
-831.483 825.578 40.0031 174.93 126.73 101.757
-832.144 824.829 40.0148 174.93 126.73 101.757
-832.806 824.079 40.0264 174.93 126.73 101.757
-833.468 823.329 40.0381 174.93 126.73 101.757
-834.13 822.58 40.0497 174.93 126.73 101.757
7
-760.497 910.77 38.615 174.919 126.734 101.761
-761.169 910.03 38.6338 174.919 126.734 101.761
-761.84 909.289 38.6526 174.919 126.734 101.761
-762.512 908.548 38.6713 174.919 126.734 101.761
-763.183 907.807 38.6901 174.919 126.734 101.761
-763.854 907.066 38.7089 174.919 126.734 101.761
-764.526 906.325 38.7276 174.919 126.734 101.761
-765.197 905.585 38.7464 174.919 126.734 101.761
-765.869 904.844 38.7652 174.895 126.734 101.724
-766.54 904.103 38.7839 174.896 126.729 101.72
-767.212 903.362 38.8027 174.898 126.728 101.722
-767.883 902.621 38.8215 174.908 126.727 101.73
-768.555 901.88 38.8402 174.92 126.727 101.737
-769.226 901.14 38.859 174.92 126.727 101.737
-769.897 900.399 38.8777 174.924 126.726 101.739
-770.569 899.658 38.8965 174.921 126.725 101.741
-771.24 898.917 38.9153 174.921 126.725 101.741
-771.912 898.176 38.934 174.916 126.725 101.739
-772.583 897.435 38.9528 174.913 126.724 101.738
-773.255 896.695 38.9716 174.914 126.726 101.739
-773.926 895.954 38.9903 174.915 126.727 101.741
-774.597 895.213 39.0091 174.915 126.727 101.741
-775.269 894.472 39.0279 174.92 126.729 101.747
-775.94 893.731 39.0466 174.925 126.731 101.75
-776.612 892.991 39.0654 174.927 126.733 101.752
-777.283 892.25 39.0841 174.927 126.733 101.752
-777.955 891.509 39.1029 174.926 126.732 101.753
-778.626 890.768 39.1217 174.924 126.73 101.754
-779.297 890.027 39.1404 174.921 126.729 101.752
-779.969 889.286 39.1592 174.919 126.728 101.75
-780.64 888.546 39.178 174.919 126.728 101.75
-781.312 887.805 39.1967 174.917 126.729 101.748
-781.983 887.064 39.2155 174.914 126.729 101.746
-782.655 886.323 39.2343 174.914 126.73 101.745
-783.326 885.582 39.253 174.914 126.732 101.745
-783.997 884.841 39.2718 174.914 126.732 101.745
-784.669 884.101 39.2906 174.916 126.732 101.747
-785.34 883.36 39.3093 174.921 126.733 101.749
-786.012 882.619 39.3281 174.922 126.733 101.752
-786.683 881.878 39.3468 174.922 126.733 101.752
-787.355 881.137 39.3656 174.919 126.734 101.751
-788.026 880.396 39.3844 174.917 126.734 101.748
-788.697 879.656 39.4031 174.918 126.733 101.748
-789.369 878.915 39.4219 174.918 126.733 101.748
-790.04 878.174 39.4407 174.92 126.732 101.747
-790.712 877.433 39.4594 174.921 126.732 101.746
-791.383 876.692 39.4782 174.921 126.732 101.746
-792.055 875.951 39.497 174.92 126.731 101.745
-792.726 875.211 39.5157 174.92 126.73 101.745
-793.398 874.47 39.5345 174.921 126.73 101.747
-794.069 873.729 39.5533 174.921 126.73 101.747
-794.74 872.988 39.572 174.923 126.73 101.752
-795.412 872.247 39.5908 174.923 126.73 101.754
-796.083 871.507 39.6095 174.924 126.73 101.754
-796.755 870.766 39.6283 174.924 126.73 101.754
-797.426 870.025 39.6471 174.922 126.73 101.754
-798.098 869.284 39.6658 174.92 126.73 101.75
-798.769 868.543 39.6846 174.918 126.729 101.748
-799.44 867.802 39.7034 174.918 126.729 101.748
-800.112 867.062 39.7221 174.916 126.728 101.747
-800.783 866.321 39.7409 174.916 126.729 101.747
-801.455 865.58 39.7597 174.916 126.729 101.745
-802.126 864.839 39.7784 174.916 126.731 101.743
-802.798 864.098 39.7972 174.916 126.731 101.743
-803.469 863.357 39.8159 174.915 126.732 101.744
-804.14 862.617 39.8347 174.917 126.732 101.745
-804.812 861.876 39.8535 174.919 126.734 101.744
-805.483 861.135 39.8722 174.922 126.736 101.746
-806.155 860.394 39.891 174.922 126.736 101.746
-806.826 859.653 39.9098 174.923 126.735 101.746
-807.498 858.912 39.9285 174.92 126.734 101.748
-808.169 858.172 39.9473 174.92 126.734 101.748
-808.84 857.431 39.9661 174.916 126.731 101.745
-809.512 856.69 39.9848 174.917 126.73 101.745
-810.183 855.949 40.0036 174.917 126.727 101.743
-810.855 855.208 40.0224 174.917 126.727 101.745
-811.526 854.467 40.0411 174.917 126.727 101.745
-812.198 853.727 40.0599 174.918 126.727 101.747
-812.869 852.986 40.0786 174.918 126.727 101.749
-813.54 852.245 40.0974 174.919 126.726 101.75
-814.212 851.504 40.1162 174.921 126.727 101.75
-814.883 850.763 40.1349 174.922 126.728 101.751
-815.555 850.023 40.1537 174.922 126.729 101.751
-816.226 849.282 40.1725 174.922 126.729 101.751
-816.898 848.541 40.1912 174.924 126.732 101.752
-817.569 847.8 40.21 174.923 126.733 101.75
-818.241 847.059 40.2288 174.922 126.733 101.749
-818.912 846.318 40.2475 174.922 126.733 101.749
-819.583 845.578 40.2663 174.922 126.735 101.748
-820.255 844.837 40.2851 174.922 126.733 101.75
-820.926 844.096 40.3038 174.922 126.733 101.752
-821.598 843.355 40.3226 174.922 126.733 101.752
-822.269 842.614 40.3413 174.92 126.733 101.752
-822.941 841.873 40.3601 174.919 126.733 101.752
-823.612 841.133 40.3789 174.917 126.732 101.75
-824.283 840.392 40.3976 174.915 126.732 101.749
-824.955 839.651 40.4164 174.915 126.732 101.749
-825.626 838.91 40.4352 174.915 126.732 101.748
-826.298 838.169 40.4539 174.918 126.731 101.748
-826.969 837.428 40.4727 174.918 126.731 101.748
-827.641 836.688 40.4915 174.921 126.731 101.748
-828.312 835.947 40.5102 174.922 126.732 101.749
-828.983 835.206 40.529 174.922 126.732 101.749
-829.655 834.465 40.5477 174.921 126.731 101.751
-830.326 833.724 40.5665 174.921 126.732 101.75
-830.998 832.983 40.5853 174.922 126.732 101.751
-831.669 832.243 40.604 174.922 126.732 101.751
-832.341 831.502 40.6228 174.924 126.733 101.752
-833.012 830.761 40.6416 174.928 126.733 101.753
-833.683 830.02 40.6603 174.929 126.731 101.754
-834.355 829.279 40.6791 174.929 126.731 101.754
-835.026 828.538 40.6979 174.929 126.731 101.754
-835.698 827.798 40.7166 174.929 126.731 101.754
-836.369 827.057 40.7354 174.929 126.731 101.754
-837.041 826.316 40.7542 174.929 126.731 101.754
-837.712 825.575 40.7729 174.929 126.731 101.754
8
-756.369 905.179 39.8754 174.919 126.733 101.759
-757.019 904.42 39.8832 174.919 126.733 101.759
-757.67 903.66 39.8911 174.896 126.731 101.723
-758.32 902.9 39.8989 174.896 126.731 101.723
-758.97 902.141 39.9067 174.896 126.728 101.722
-759.621 901.381 39.9146 174.903 126.727 101.728
-760.271 900.621 39.9224 174.915 126.727 101.736
-760.921 899.862 39.9303 174.915 126.727 101.736
-761.571 899.102 39.9381 174.922 126.726 101.738
-762.222 898.342 39.946 174.924 126.726 101.741
-762.872 897.583 39.9538 174.922 126.725 101.742
-763.522 896.823 39.9617 174.918 126.724 101.74
-764.173 896.064 39.9695 174.915 126.723 101.738
-764.823 895.304 39.9773 174.915 126.723 101.738
-765.473 894.544 39.9852 174.915 126.726 101.74
-766.123 893.785 39.993 174.916 126.728 101.742
-766.774 893.025 40.0009 174.92 126.73 101.746
-767.424 892.265 40.0087 174.925 126.732 101.75
-768.074 891.506 40.0166 174.925 126.732 101.75
-768.725 890.746 40.0244 174.926 126.734 101.752
-769.375 889.986 40.0322 174.926 126.733 101.751
-770.025 889.227 40.0401 174.923 126.73 101.753
-770.675 888.467 40.0479 174.923 126.73 101.753
-771.326 887.707 40.0558 174.92 126.728 101.75
-771.976 886.948 40.0636 174.919 126.727 101.747
-772.626 886.188 40.0715 174.917 126.728 101.747
-773.277 885.428 40.0793 174.915 126.728 101.745
-773.927 884.669 40.0872 174.915 126.728 101.745
-774.577 883.909 40.095 174.915 126.731 101.744
-775.227 883.15 40.1028 174.915 126.731 101.744
-775.878 882.39 40.1107 174.918 126.732 101.748
-776.528 881.63 40.1185 174.921 126.733 101.748
-777.178 880.871 40.1264 174.922 126.733 101.751
-777.829 880.111 40.1342 174.921 126.733 101.752
-778.479 879.351 40.1421 174.921 126.733 101.752
-779.129 878.592 40.1499 174.919 126.733 101.749
-779.78 877.832 40.1577 174.919 126.732 101.747
-780.43 877.072 40.1656 174.921 126.731 101.746
-781.08 876.313 40.1734 174.921 126.731 101.746
-781.73 875.553 40.1813 174.922 126.731 101.744
-782.381 874.793 40.1891 174.92 126.731 101.745
-783.031 874.034 40.197 174.92 126.731 101.745
-783.681 873.274 40.2048 174.92 126.73 101.745
-784.332 872.514 40.2127 174.921 126.73 101.746
-784.982 871.755 40.2205 174.922 126.73 101.749
-785.632 870.995 40.2283 174.923 126.73 101.753
-786.282 870.236 40.2362 174.923 126.731 101.755
-786.933 869.476 40.244 174.923 126.731 101.755
-787.583 868.716 40.2519 174.921 126.73 101.752
-788.233 867.957 40.2597 174.92 126.731 101.75
-788.884 867.197 40.2676 174.92 126.731 101.75
-789.534 866.437 40.2754 174.917 126.729 101.748
-790.184 865.678 40.2833 174.916 126.729 101.746
-790.834 864.918 40.2911 174.916 126.729 101.746
-791.485 864.158 40.2989 174.915 126.729 101.744
-792.135 863.399 40.3068 174.915 126.73 101.742
-792.785 862.639 40.3146 174.917 126.731 101.746
-793.436 861.879 40.3225 174.917 126.731 101.746
-794.086 861.12 40.3303 174.918 126.732 101.747
-794.736 860.36 40.3382 174.919 126.732 101.748
-795.386 859.601 40.346 174.921 126.734 101.746
-796.037 858.841 40.3538 174.923 126.736 101.745
-796.687 858.081 40.3617 174.923 126.736 101.745
-797.337 857.322 40.3695 174.923 126.735 101.747
-797.988 856.562 40.3774 174.92 126.733 101.747
-798.638 855.802 40.3852 174.917 126.729 101.744
-799.288 855.043 40.3931 174.917 126.729 101.744
-799.939 854.283 40.4009 174.916 126.728 101.744
-800.589 853.523 40.4088 174.916 126.727 101.743
-801.239 852.764 40.4166 174.917 126.727 101.744
-801.889 852.004 40.4244 174.918 126.728 101.747
-802.54 851.244 40.4323 174.918 126.728 101.749
-803.19 850.485 40.4401 174.919 126.727 101.75
-803.84 849.725 40.448 174.919 126.727 101.75
-804.491 848.965 40.4558 174.92 126.728 101.75
-805.141 848.206 40.4637 174.921 126.729 101.75
-805.791 847.446 40.4715 174.921 126.73 101.751
-806.441 846.687 40.4794 174.923 126.733 101.751
-807.092 845.927 40.4872 174.923 126.733 101.751
-807.742 845.167 40.495 174.922 126.734 101.749
-808.392 844.408 40.5029 174.923 126.735 101.749
-809.043 843.648 40.5107 174.921 126.735 101.746
-809.693 842.888 40.5186 174.921 126.733 101.748
-810.343 842.129 40.5264 174.921 126.733 101.748
-810.993 841.369 40.5343 174.92 126.733 101.75
-811.644 840.609 40.5421 174.919 126.732 101.751
-812.294 839.85 40.5499 174.919 126.732 101.751
-812.944 839.09 40.5578 174.919 126.732 101.751
-813.595 838.33 40.5656 174.918 126.732 101.75
-814.245 837.571 40.5735 174.916 126.731 101.75
-814.895 836.811 40.5813 174.916 126.731 101.749
-815.545 836.052 40.5892 174.918 126.73 101.75
-816.196 835.292 40.597 174.919 126.73 101.748
-816.846 834.532 40.6049 174.921 126.73 101.748
-817.496 833.773 40.6127 174.922 126.731 101.747
-818.147 833.013 40.6205 174.922 126.731 101.747
-818.797 832.253 40.6284 174.92 126.731 101.75
-819.447 831.494 40.6362 174.92 126.732 101.749
-820.098 830.734 40.6441 174.92 126.733 101.749
-820.748 829.974 40.6519 174.92 126.733 101.749
-821.398 829.215 40.6598 174.923 126.733 101.75
-822.048 828.455 40.6676 174.928 126.733 101.754
-822.699 827.695 40.6755 174.928 126.733 101.754
-823.349 826.936 40.6833 174.928 126.733 101.754
-823.999 826.176 40.6911 174.928 126.733 101.754
-824.65 825.416 40.699 174.928 126.733 101.754
-825.3 824.657 40.7068 174.928 126.733 101.754
-825.95 823.897 40.7147 174.928 126.733 101.754
-826.6 823.138 40.7225 174.928 126.733 101.754
-827.251 822.378 40.7304 174.928 126.733 101.754
-827.901 821.618 40.7382 174.928 126.733 101.754
-828.551 820.859 40.746 174.928 126.733 101.754
-829.202 820.099 40.7539 174.928 126.733 101.754
-829.852 819.339 40.7617 174.928 126.733 101.754
-830.502 818.58 40.7696 174.928 126.733 101.754
-831.152 817.82 40.7774 174.928 126.733 101.754
9
-756.958 908.405 38.4788 174.919 126.733 101.759
-757.581 907.624 38.4894 174.919 126.733 101.759
-758.205 906.842 38.5 174.919 126.733 101.759
-758.828 906.06 38.5105 174.919 126.733 101.759
-759.452 905.278 38.5211 174.919 126.733 101.759
-760.075 904.497 38.5317 174.919 126.733 101.759
-760.698 903.715 38.5422 174.898 126.733 101.728
-761.322 902.933 38.5528 174.898 126.73 101.723
-761.945 902.151 38.5634 174.903 126.728 101.728
-762.569 901.369 38.5739 174.903 126.728 101.728
-763.192 900.588 38.5845 174.915 126.727 101.735
-763.816 899.806 38.595 174.915 126.727 101.735
-764.439 899.024 38.6056 174.924 126.725 101.738
-765.063 898.242 38.6162 174.921 126.725 101.739
-765.686 897.461 38.6267 174.917 126.723 101.737
-766.31 896.679 38.6373 174.917 126.723 101.737
-766.933 895.897 38.6479 174.913 126.723 101.735
-767.557 895.115 38.6584 174.914 126.725 101.736
-768.18 894.333 38.669 174.915 126.727 101.739
-768.804 893.552 38.6796 174.92 126.73 101.746
-769.427 892.77 38.6901 174.924 126.732 101.749
-770.05 891.988 38.7007 174.926 126.734 101.75
-770.674 891.206 38.7113 174.926 126.734 101.751
-771.297 890.425 38.7218 174.926 126.734 101.751
-771.921 889.643 38.7324 174.924 126.732 101.752
-772.544 888.861 38.7429 174.922 126.73 101.752
-773.168 888.079 38.7535 174.92 126.729 101.75
-773.791 887.297 38.7641 174.918 126.728 101.748
-774.415 886.516 38.7746 174.916 126.728 101.745
-775.038 885.734 38.7852 174.913 126.728 101.744
-775.662 884.952 38.7958 174.913 126.728 101.744
-776.285 884.17 38.8063 174.914 126.73 101.743
-776.909 883.389 38.8169 174.914 126.731 101.744
-777.532 882.607 38.8275 174.92 126.732 101.749
-778.156 881.825 38.838 174.92 126.732 101.749
-778.779 881.043 38.8486 174.922 126.734 101.749
-779.402 880.261 38.8592 174.92 126.734 101.752
-780.026 879.48 38.8697 174.92 126.734 101.752
-780.649 878.698 38.8803 174.918 126.734 101.749
-781.273 877.916 38.8908 174.919 126.732 101.746
-781.896 877.134 38.9014 174.921 126.732 101.748
-782.52 876.353 38.912 174.921 126.732 101.748
-783.143 875.571 38.9225 174.922 126.731 101.745
-783.767 874.789 38.9331 174.921 126.731 101.744
-784.39 874.007 38.9437 174.92 126.73 101.744
-785.014 873.225 38.9542 174.92 126.73 101.746
-785.637 872.444 38.9648 174.922 126.73 101.749
-786.261 871.662 38.9754 174.921 126.73 101.751
-786.884 870.88 38.9859 174.921 126.73 101.751
-787.508 870.098 38.9965 174.922 126.731 101.753
-788.131 869.317 39.0071 174.922 126.731 101.753
-788.754 868.535 39.0176 174.921 126.73 101.752
-789.378 867.753 39.0282 174.921 126.73 101.752
-790.001 866.971 39.0387 174.918 126.73 101.748
-790.625 866.189 39.0493 174.916 126.729 101.747
-791.248 865.408 39.0599 174.915 126.729 101.746
-791.872 864.626 39.0704 174.915 126.729 101.746
-792.495 863.844 39.081 174.915 126.729 101.744
-793.119 863.062 39.0916 174.915 126.731 101.743
-793.742 862.28 39.1021 174.916 126.732 101.746
-794.366 861.499 39.1127 174.916 126.732 101.746
-794.989 860.717 39.1233 174.917 126.732 101.746
-795.613 859.935 39.1338 174.918 126.733 101.746
-796.236 859.153 39.1444 174.923 126.735 101.747
-796.859 858.372 39.155 174.924 126.735 101.747
-797.483 857.59 39.1655 174.924 126.735 101.747
-798.106 856.808 39.1761 174.923 126.734 101.748
-798.73 856.026 39.1866 174.919 126.731 101.746
-799.353 855.244 39.1972 174.916 126.729 101.744
-799.977 854.463 39.2078 174.916 126.728 101.744
-800.6 853.681 39.2183 174.916 126.728 101.744
-801.224 852.899 39.2289 174.916 126.727 101.742
-801.847 852.117 39.2395 174.917 126.727 101.745
-802.471 851.336 39.25 174.918 126.728 101.748
-803.094 850.554 39.2606 174.918 126.727 101.749
-803.718 849.772 39.2712 174.918 126.727 101.749
-804.341 848.99 39.2817 174.919 126.728 101.749
-804.965 848.208 39.2923 174.92 126.729 101.749
-805.588 847.427 39.3029 174.92 126.729 101.749
-806.211 846.645 39.3134 174.921 126.731 101.75
-806.835 845.863 39.324 174.922 126.734 101.75
-807.458 845.081 39.3345 174.922 126.733 101.748
-808.082 844.3 39.3451 174.922 126.733 101.748
-808.705 843.518 39.3557 174.923 126.735 101.748
-809.329 842.736 39.3662 174.922 126.734 101.749
-809.952 841.954 39.3768 174.921 126.734 101.751
-810.576 841.172 39.3874 174.921 126.734 101.751
-811.199 840.391 39.3979 174.92 126.733 101.75
-811.823 839.609 39.4085 174.917 126.732 101.751
-812.446 838.827 39.4191 174.917 126.732 101.75
-813.07 838.045 39.4296 174.916 126.731 101.751
-813.693 837.264 39.4402 174.916 126.731 101.751
-814.317 836.482 39.4508 174.915 126.731 101.75
-814.94 835.7 39.4613 174.917 126.73 101.749
-815.563 834.918 39.4719 174.918 126.73 101.749
-816.187 834.136 39.4824 174.921 126.73 101.748
-816.81 833.355 39.493 174.922 126.731 101.748
-817.434 832.573 39.5036 174.921 126.731 101.749
-818.057 831.791 39.5141 174.92 126.731 101.75
-818.681 831.009 39.5247 174.92 126.731 101.75
-819.304 830.228 39.5353 174.921 126.733 101.75
-819.928 829.446 39.5458 174.923 126.733 101.752
-820.551 828.664 39.5564 174.926 126.733 101.754
-821.175 827.882 39.567 174.93 126.733 101.755
-821.798 827.1 39.5775 174.93 126.733 101.755
-822.422 826.319 39.5881 174.93 126.733 101.755
-823.045 825.537 39.5987 174.93 126.733 101.755
-823.669 824.755 39.6092 174.93 126.733 101.755
-824.292 823.973 39.6198 174.93 126.733 101.755
-824.915 823.192 39.6303 174.93 126.733 101.755
-825.539 822.41 39.6409 174.93 126.733 101.755
-826.162 821.628 39.6515 174.93 126.733 101.755
-826.786 820.846 39.662 174.93 126.733 101.755
-827.409 820.064 39.6726 174.93 126.733 101.755
-828.033 819.283 39.6832 174.93 126.733 101.755
-828.656 818.501 39.6937 174.93 126.733 101.755
