1
-494.978 781.718 97.8786 -129.913 107.737 -87.197
-495.881 782.146 97.8849 -129.913 107.737 -87.197
-496.785 782.575 97.8912 -129.913 107.737 -87.197
-497.688 783.004 97.8974 -129.913 107.737 -87.197
-498.592 783.433 97.9037 -129.913 107.737 -87.197
-499.495 783.861 97.91 -129.913 107.737 -87.197
-500.398 784.29 97.9162 -129.913 107.737 -87.197
-501.302 784.719 97.9225 -129.913 107.737 -87.197
-502.205 785.147 97.9288 -129.971 107.705 -87.19
-503.109 785.576 97.9351 -129.971 107.705 -87.19
-504.012 786.005 97.9413 -129.997 107.701 -87.154
-504.916 786.434 97.9476 -130.026 107.695 -87.127
-505.819 786.862 97.9539 -130.052 107.687 -87.095
-506.722 787.291 97.9601 -130.052 107.687 -87.095
-507.626 787.72 97.9664 -130.117 107.672 -87.047
-508.529 788.148 97.9727 -130.117 107.672 -87.047
-509.433 788.577 97.979 -130.117 107.672 -87.047
-510.336 789.006 97.9852 -130.147 107.666 -87.021
-511.24 789.435 97.9915 -130.173 107.661 -86.997
-512.143 789.863 97.9978 -130.197 107.66 -86.984
-513.046 790.292 98.004 -130.197 107.66 -86.984
-513.95 790.721 98.0103 -130.233 107.658 -86.954
-514.853 791.149 98.0166 -130.255 107.649 -86.905
-515.757 791.578 98.0229 -130.255 107.649 -86.905
-516.66 792.007 98.0291 -130.279 107.64 -86.873
-517.563 792.436 98.0354 -130.309 107.63 -86.844
-518.467 792.864 98.0417 -130.309 107.63 -86.844
-519.37 793.293 98.0479 -130.336 107.621 -86.816
-520.274 793.722 98.0542 -130.363 107.614 -86.793
-521.177 794.15 98.0605 -130.393 107.609 -86.774
-522.081 794.579 98.0668 -130.393 107.609 -86.774
-522.984 795.008 98.073 -130.393 107.609 -86.774
-523.887 795.437 98.0793 -130.461 107.592 -86.707
-524.791 795.865 98.0856 -130.461 107.592 -86.707
-525.694 796.294 98.0918 -130.481 107.588 -86.692
-526.598 796.723 98.0981 -130.514 107.581 -86.662
-527.501 797.151 98.1044 -130.535 107.576 -86.639
-528.404 797.58 98.1107 -130.535 107.576 -86.639
-529.308 798.009 98.1169 -130.559 107.57 -86.612
-530.211 798.438 98.1232 -130.585 107.563 -86.582
-531.115 798.866 98.1295 -130.608 107.559 -86.568
-532.018 799.295 98.1357 -130.608 107.559 -86.568
-532.922 799.724 98.142 -130.64 107.551 -86.533
-533.825 800.152 98.1483 -130.675 107.541 -86.489
-534.728 800.581 98.1546 -130.675 107.541 -86.489
-535.632 801.01 98.1608 -130.7 107.535 -86.47
-536.535 801.439 98.1671 -130.721 107.529 -86.456
-537.439 801.867 98.1734 -130.747 107.522 -86.435
-538.342 802.296 98.1796 -130.768 107.517 -86.412
-539.246 802.725 98.1859 -130.797 107.511 -86.386
-540.149 803.153 98.1922 -130.797 107.511 -86.386
-541.052 803.582 98.1985 -130.828 107.506 -86.373
-541.956 804.011 98.2047 -130.828 107.506 -86.373
-542.859 804.44 98.211 -130.856 107.5 -86.342
-543.763 804.868 98.2173 -130.885 107.488 -86.299
-544.666 805.297 98.2235 -130.913 107.481 -86.275
-545.569 805.726 98.2298 -130.913 107.481 -86.275
-546.473 806.154 98.2361 -130.945 107.476 -86.249
-547.376 806.583 98.2424 -130.966 107.47 -86.225
-548.28 807.012 98.2486 -130.966 107.47 -86.225
-549.183 807.441 98.2549 -131.003 107.463 -86.193
-550.087 807.869 98.2612 -131.024 107.46 -86.189
-550.99 808.298 98.2674 -131.047 107.456 -86.166
-551.893 808.727 98.2737 -131.047 107.456 -86.166
-552.797 809.155 98.28 -131.075 107.447 -86.127
-553.7 809.584 98.2863 -131.103 107.438 -86.093
-554.604 810.013 98.2925 -131.129 107.434 -86.075
-555.507 810.441 98.2988 -131.157 107.427 -86.053
-556.41 810.87 98.3051 -131.157 107.427 -86.053
-557.314 811.299 98.3113 -131.179 107.421 -86.031
-558.217 811.728 98.3176 -131.205 107.413 -86.006
-559.121 812.156 98.3239 -131.233 107.409 -85.989
-560.024 812.585 98.3302 -131.256 107.405 -85.968
-560.928 813.014 98.3364 -131.279 107.399 -85.941
-561.831 813.442 98.3427 -131.279 107.399 -85.941
-562.734 813.871 98.349 -131.314 107.388 -85.9
-563.638 814.3 98.3552 -131.314 107.388 -85.9
-564.541 814.729 98.3615 -131.339 107.383 -85.879
-565.445 815.157 98.3678 -131.365 107.377 -85.859
-566.348 815.586 98.3741 -131.391 107.37 -85.827
-567.252 816.015 98.3803 -131.415 107.364 -85.799
-568.155 816.443 98.3866 -131.415 107.364 -85.799
-569.058 816.872 98.3929 -131.436 107.361 -85.788
-569.962 817.301 98.3991 -131.459 107.358 -85.771
-570.865 817.73 98.4054 -131.481 107.353 -85.749
-571.769 818.158 98.4117 -131.481 107.353 -85.749
-572.672 818.587 98.418 -131.541 107.334 -85.687
-573.575 819.016 98.4242 -131.541 107.334 -85.687
-574.479 819.444 98.4305 -131.571 107.327 -85.671
-575.382 819.873 98.4368 -131.591 107.321 -85.647
-576.286 820.302 98.443 -131.621 107.314 -85.613
-577.189 820.731 98.4493 -131.621 107.314 -85.613
-578.093 821.159 98.4556 -131.646 107.309 -85.595
-578.996 821.588 98.4619 -131.669 107.306 -85.577
-579.899 822.017 98.4681 -131.694 107.301 -85.552
-580.803 822.445 98.4744 -131.727 107.291 -85.506
-581.706 822.874 98.4807 -131.727 107.291 -85.506
-582.61 823.303 98.4869 -131.752 107.287 -85.49
-583.513 823.732 98.4932 -131.777 107.282 -85.47
-584.416 824.16 98.4995 -131.798 107.277 -85.45
-585.32 824.589 98.5058 -131.832 107.27 -85.422
-586.223 825.018 98.512 -131.832 107.27 -85.422
-587.127 825.446 98.5183 -131.86 107.263 -85.399
-588.03 825.875 98.5246 -131.86 107.263 -85.399
-588.934 826.304 98.5308 -131.891 107.256 -85.371
-589.837 826.733 98.5371 -131.925 107.248 -85.334
-590.74 827.161 98.5434 -131.925 107.248 -85.334
-591.644 827.59 98.5497 -131.958 107.24 -85.297
-592.547 828.019 98.5559 -131.958 107.24 -85.297
-593.451 828.447 98.5622 -131.983 107.234 -85.277
-594.354 828.876 98.5685 -132.01 107.228 -85.256
-595.258 829.305 98.5747 -132.034 107.221 -85.229
-596.161 829.734 98.581 -132.055 107.216 -85.208
-597.064 830.162 98.5873 -132.075 107.213 -85.194
-597.968 830.591 98.5936 -132.106 107.21 -85.173
-598.871 831.02 98.5998 -132.106 107.21 -85.173
-599.775 831.448 98.6061 -132.144 107.198 -85.128
-600.678 831.877 98.6124 -132.144 107.198 -85.128
-601.581 832.306 98.6186 -132.144 107.198 -85.128
-602.485 832.735 98.6249 -132.21 107.182 -85.077
-603.388 833.163 98.6312 -132.21 107.182 -85.077
-604.292 833.592 98.6375 -132.247 107.172 -85.034
-605.195 834.021 98.6437 -132.267 107.168 -85.014
-606.099 834.449 98.65 -132.267 107.168 -85.014
-607.002 834.878 98.6563 -132.294 107.163 -84.991
-607.905 835.307 98.6625 -132.323 107.157 -84.964
-608.809 835.736 98.6688 -132.345 107.151 -84.94
-609.712 836.164 98.6751 -132.345 107.151 -84.94
-610.616 836.593 98.6814 -132.38 107.145 -84.916
-611.519 837.022 98.6876 -132.409 107.144 -84.906
-612.422 837.45 98.6939 -132.44 107.141 -84.887
-613.326 837.879 98.7002 -132.47 107.138 -84.864
-614.229 838.308 98.7064 -132.47 107.138 -84.864
-615.133 838.737 98.7127 -132.55 107.136 -84.83
-616.036 839.165 98.719 -132.55 107.136 -84.83
-616.94 839.594 98.7253 -132.55 107.136 -84.83
-617.843 840.023 98.7315 -132.679 107.137 -84.808
-618.746 840.451 98.7378 -132.679 107.137 -84.808
-619.65 840.88 98.7441 -132.733 107.141 -84.799
-620.553 841.309 98.7503 -132.798 107.143 -84.787
-621.457 841.737 98.7566 -132.798 107.143 -84.787
-622.36 842.166 98.7629 -132.857 107.147 -84.779
-623.264 842.595 98.7692 -132.921 107.153 -84.774
-624.167 843.024 98.7754 -132.921 107.153 -84.774
-625.07 843.452 98.7817 -133.08 107.169 -84.76
-625.974 843.881 98.788 -133.08 107.169 -84.76
-626.877 844.31 98.7942 -133.08 107.169 -84.76
-627.781 844.738 98.8005 -133.146 107.173 -84.757
-628.684 845.167 98.8068 -133.202 107.174 -84.754
-629.587 845.596 98.8131 -133.272 107.177 -84.751
-630.491 846.025 98.8193 -133.351 107.183 -84.749
-631.394 846.453 98.8256 -133.351 107.183 -84.749
-632.298 846.882 98.8319 -133.408 107.187 -84.746
-633.201 847.311 98.8381 -133.471 107.192 -84.742
-634.105 847.739 98.8444 -133.558 107.202 -84.736
-635.008 848.168 98.8507 -133.558 107.202 -84.736
-635.911 848.597 98.857 -133.635 107.209 -84.729
-636.815 849.026 98.8632 -133.7 107.215 -84.724
-637.718 849.454 98.8695 -133.767 107.221 -84.718
-638.622 849.883 98.8758 -133.767 107.221 -84.718
-639.525 850.312 98.8821 -133.832 107.226 -84.715
-640.428 850.74 98.8883 -133.906 107.232 -84.71
-641.332 851.169 98.8946 -133.971 107.239 -84.705
-642.235 851.598 98.9009 -134.025 107.243 -84.702
-643.139 852.027 98.9071 -134.025 107.243 -84.702
-644.042 852.455 98.9134 -134.103 107.25 -84.7
-644.946 852.884 98.9197 -134.16 107.254 -84.695
-645.849 853.313 98.926 -134.229 107.257 -84.687
-646.752 853.741 98.9322 -134.295 107.262 -84.68
-647.656 854.17 98.9385 -134.351 107.266 -84.678
-648.559 854.599 98.9448 -134.351 107.266 -84.678
-649.463 855.028 98.951 -134.417 107.274 -84.673
-650.366 855.456 98.9573 -134.481 107.281 -84.671
-651.269 855.885 98.9636 -134.545 107.287 -84.666
-652.173 856.314 98.9699 -134.545 107.287 -84.666
-653.076 856.742 98.9761 -134.631 107.295 -84.661
-653.98 857.171 98.9824 -134.697 107.302 -84.66
-654.883 857.6 98.9887 -134.697 107.302 -84.66
-655.787 858.029 98.9949 -134.785 107.31 -84.654
-656.69 858.457 99.0012 -134.841 107.315 -84.651
-657.593 858.886 99.0075 -134.917 107.32 -84.644
-658.497 859.315 99.0138 -134.917 107.32 -84.644
-659.4 859.743 99.02 -134.974 107.324 -84.639
-660.304 860.172 99.0263 -135.03 107.33 -84.637
-661.207 860.601 99.0326 -135.085 107.335 -84.635
-662.111 861.03 99.0388 -135.141 107.341 -84.633
-663.014 861.458 99.0451 -135.217 107.349 -84.628
-663.917 861.887 99.0514 -135.283 107.354 -84.624
-664.821 862.316 99.0577 -135.283 107.354 -84.624
-665.724 862.744 99.0639 -135.368 107.364 -84.622
-666.628 863.173 99.0702 -135.368 107.364 -84.622
-667.531 863.602 99.0765 -135.466 107.372 -84.62
-668.434 864.031 99.0827 -135.532 107.379 -84.616
-669.338 864.459 99.089 -135.532 107.379 -84.616
-670.241 864.888 99.0953 -135.599 107.385 -84.612
-671.145 865.317 99.1016 -135.654 107.39 -84.611
-672.048 865.745 99.1078 -135.73 107.396 -84.603
-672.952 866.174 99.1141 -135.73 107.396 -84.603
-673.855 866.603 99.1204 -135.872 107.409 -84.589
-674.758 867.032 99.1266 -135.872 107.409 -84.589
-675.662 867.46 99.1329 -135.939 107.416 -84.584
-676.565 867.889 99.1392 -136.005 107.423 -84.581
-677.469 868.318 99.1455 -136.005 107.423 -84.581
-678.372 868.746 99.1517 -136.072 107.429 -84.58
-679.275 869.175 99.158 -136.129 107.434 -84.577
-680.179 869.604 99.1643 -136.237 107.443 -84.569
-681.082 870.033 99.1705 -136.237 107.443 -84.569
-681.986 870.461 99.1768 -136.301 107.45 -84.566
-682.889 870.89 99.1831 -136.388 107.461 -84.565
-683.793 871.319 99.1894 -136.388 107.461 -84.565
-684.696 871.747 99.1956 -136.454 107.467 -84.562
-685.599 872.176 99.2019 -136.454 107.467 -84.562
-686.503 872.605 99.2082 -136.522 107.475 -84.557
-687.406 873.034 99.2144 -136.588 107.479 -84.553
-688.31 873.462 99.2207 -136.654 107.486 -84.546
-689.213 873.891 99.227 -136.719 107.491 -84.54
-690.117 874.32 99.2333 -136.719 107.491 -84.54
-691.02 874.748 99.2395 -136.793 107.5 -84.534
-691.923 875.177 99.2458 -136.868 107.508 -84.529
-692.827 875.606 99.2521 -136.868 107.508 -84.529
-693.73 876.034 99.2583 -136.933 107.515 -84.525
-694.634 876.463 99.2646 -137.011 107.522 -84.523
-695.537 876.892 99.2709 -137.011 107.522 -84.523
-696.44 877.321 99.2772 -137.1 107.53 -84.52
-697.344 877.749 99.2834 -137.165 107.537 -84.52
-698.247 878.178 99.2897 -137.231 107.544 -84.515
-699.151 878.607 99.296 -137.296 107.553 -84.508
-700.054 879.035 99.3022 -137.363 107.561 -84.506
-700.958 879.464 99.3085 -137.363 107.561 -84.506
-701.861 879.893 99.3148 -137.429 107.57 -84.506
-702.764 880.322 99.3211 -137.484 107.575 -84.503
-703.668 880.75 99.3273 -137.55 107.58 -84.497
-704.571 881.179 99.3336 -137.627 107.589 -84.493
-705.475 881.608 99.3399 -137.627 107.589 -84.493
-706.378 882.036 99.3461 -137.627 107.589 -84.493
-707.281 882.465 99.3524 -137.788 107.607 -84.481
-708.185 882.894 99.3587 -137.788 107.607 -84.481
-709.088 883.323 99.365 -137.844 107.614 -84.48
-709.992 883.751 99.3712 -137.844 107.614 -84.48
-710.895 884.18 99.3775 -137.922 107.623 -84.48
-711.799 884.609 99.3838 -137.989 107.628 -84.479
-712.702 885.037 99.39 -138.056 107.634 -84.475
-713.605 885.466 99.3963 -138.124 107.64 -84.472
-714.509 885.895 99.4026 -138.124 107.64 -84.472
-715.412 886.324 99.4089 -138.19 107.648 -84.467
-716.316 886.752 99.4151 -138.256 107.654 -84.462
-717.219 887.181 99.4214 -138.322 107.66 -84.46
-718.123 887.61 99.4277 -138.398 107.671 -84.458
-719.026 888.038 99.4339 -138.398 107.671 -84.458
-719.929 888.467 99.4402 -138.453 107.677 -84.455
-720.833 888.896 99.4465 -138.529 107.685 -84.448
-721.736 889.325 99.4528 -138.529 107.685 -84.448
-722.64 889.753 99.459 -138.595 107.693 -84.442
-723.543 890.182 99.4653 -138.669 107.701 -84.436
-724.446 890.611 99.4716 -138.669 107.701 -84.436
-725.35 891.039 99.4778 -138.79 107.713 -84.43
-726.253 891.468 99.4841 -138.869 107.722 -84.426
-727.157 891.897 99.4904 -138.869 107.722 -84.426
-728.06 892.326 99.4967 -138.926 107.729 -84.427
-728.964 892.754 99.5029 -139.005 107.738 -84.423
-729.867 893.183 99.5092 -139.005 107.738 -84.423
-730.77 893.612 99.5155 -139.005 107.738 -84.423
-731.674 894.04 99.5217 -139.199 107.758 -84.41
-732.577 894.469 99.528 -139.199 107.758 -84.41
-733.481 894.898 99.5343 -139.199 107.758 -84.41
-734.384 895.327 99.5406 -139.264 107.767 -84.411
-735.287 895.755 99.5468 -139.364 107.779 -84.409
-736.191 896.184 99.5531 -139.42 107.786 -84.407
-737.094 896.613 99.5594 -139.42 107.786 -84.407
-737.998 897.041 99.5656 -139.485 107.793 -84.403
-738.901 897.47 99.5719 -139.54 107.798 -84.399
-739.805 897.899 99.5782 -139.604 107.807 -84.394
-740.708 898.328 99.5845 -139.604 107.807 -84.394
-741.611 898.756 99.5907 -139.726 107.822 -84.391
-742.515 899.185 99.597 -139.726 107.822 -84.391
-743.418 899.614 99.6033 -139.803 107.83 -84.386
-744.322 900.042 99.6095 -139.803 107.83 -84.386
-745.225 900.471 99.6158 -139.925 107.841 -84.378
-746.129 900.9 99.6221 -140.001 107.849 -84.37
-747.032 901.329 99.6284 -140.001 107.849 -84.37
-747.935 901.757 99.6346 -140.001 107.849 -84.37
-748.839 902.186 99.6409 -140.14 107.867 -84.358
-749.742 902.615 99.6472 -140.14 107.867 -84.358
-750.646 903.043 99.6534 -140.229 107.879 -84.354
-751.549 903.472 99.6597 -140.229 107.879 -84.354
-752.452 903.901 99.666 -140.298 107.887 -84.352
-753.356 904.33 99.6723 -140.398 107.899 -84.348
-754.259 904.758 99.6785 -140.398 107.899 -84.348
-755.163 905.187 99.6848 -140.484 107.907 -84.345
-756.066 905.616 99.6911 -140.484 107.907 -84.345
-756.97 906.044 99.6973 -140.558 107.918 -84.342
-757.873 906.473 99.7036 -140.558 107.918 -84.342
-758.776 906.902 99.7099 -140.624 107.926 -84.341
-759.68 907.331 99.7162 -140.815 107.95 -84.337
-760.583 907.759 99.7224 -140.815 107.95 -84.337
-761.487 908.188 99.7287 -140.888 107.958 -84.332
-762.39 908.617 99.735 -140.888 107.958 -84.332
-763.293 909.045 99.7412 -140.946 107.962 -84.328
-764.197 909.474 99.7475 -141.015 107.969 -84.319
-765.1 909.903 99.7538 -141.073 107.975 -84.316
-766.004 910.331 99.7601 -141.073 107.975 -84.316
-766.907 910.76 99.7663 -141.073 107.975 -84.316
-767.811 911.189 99.7726 -141.073 107.975 -84.316
-768.714 911.618 99.7789 -141.073 107.975 -84.316
-769.617 912.046 99.7851 -141.073 107.975 -84.316
-770.521 912.475 99.7914 -141.073 107.975 -84.316
-771.424 912.904 99.7977 -141.073 107.975 -84.316
-772.328 913.332 99.804 -141.073 107.975 -84.316
-773.231 913.761 99.8102 -141.073 107.975 -84.316
-774.135 914.19 99.8165 -141.073 107.975 -84.316
-775.038 914.619 99.8228 -141.073 107.975 -84.316
-775.941 915.047 99.829 -141.073 107.975 -84.316
-776.845 915.476 99.8353 -141.073 107.975 -84.316
-777.748 915.905 99.8416 -141.073 107.975 -84.316
-778.652 916.333 99.8479 -141.073 107.975 -84.316
-779.555 916.762 99.8541 -141.073 107.975 -84.316
-780.458 917.191 99.8604 -141.073 107.975 -84.316
-781.362 917.62 99.8667 -141.073 107.975 -84.316
-782.265 918.048 99.8729 -141.073 107.975 -84.316
-783.169 918.477 99.8792 -141.073 107.975 -84.316
-784.072 918.906 99.8855 -141.073 107.975 -84.316
-784.976 919.334 99.8918 -141.073 107.975 -84.316
-785.879 919.763 99.898 -141.073 107.975 -84.316
-786.782 920.192 99.9043 -141.073 107.975 -84.316
-787.686 920.621 99.9106 -141.073 107.975 -84.316
-788.589 921.049 99.9168 -141.073 107.975 -84.316
-789.493 921.478 99.9231 -141.073 107.975 -84.316
-790.396 921.907 99.9294 -141.073 107.975 -84.316
-791.299 922.335 99.9357 -141.073 107.975 -84.316
-792.203 922.764 99.9419 -141.073 107.975 -84.316
-793.106 923.193 99.9482 -141.073 107.975 -84.316
-794.01 923.622 99.9545 -141.073 107.975 -84.316
-794.913 924.05 99.9607 -141.073 107.975 -84.316
-795.817 924.479 99.967 -141.073 107.975 -84.316
-796.72 924.908 99.9733 -141.073 107.975 -84.316
-797.623 925.336 99.9796 -141.073 107.975 -84.316
-798.527 925.765 99.9858 -141.073 107.975 -84.316
-799.43 926.194 99.9921 -141.073 107.975 -84.316
-800.334 926.623 99.9984 -141.073 107.975 -84.316
-801.237 927.051 100.005 -141.073 107.975 -84.316
-802.141 927.48 100.011 -141.073 107.975 -84.316
-803.044 927.909 100.017 -141.073 107.975 -84.316
-803.947 928.337 100.023 -141.073 107.975 -84.316
-804.851 928.766 100.03 -141.073 107.975 -84.316
-805.754 929.195 100.036 -141.073 107.975 -84.316
-806.658 929.624 100.042 -141.073 107.975 -84.316
-807.561 930.052 100.049 -141.073 107.975 -84.316
-808.464 930.481 100.055 -141.073 107.975 -84.316
-809.368 930.91 100.061 -141.073 107.975 -84.316
-810.271 931.338 100.067 -141.073 107.975 -84.316
-811.175 931.767 100.074 -141.073 107.975 -84.316
-812.078 932.196 100.08 -141.073 107.975 -84.316
-812.982 932.625 100.086 -141.073 107.975 -84.316
-813.885 933.053 100.092 -141.073 107.975 -84.316
-814.788 933.482 100.099 -141.073 107.975 -84.316
-815.692 933.911 100.105 -141.073 107.975 -84.316
-816.595 934.339 100.111 -141.073 107.975 -84.316
-817.499 934.768 100.118 -141.073 107.975 -84.316
-818.402 935.197 100.124 -141.073 107.975 -84.316
-819.305 935.626 100.13 -141.073 107.975 -84.316
-820.209 936.054 100.136 -141.073 107.975 -84.316
-821.112 936.483 100.143 -141.073 107.975 -84.316
-822.016 936.912 100.149 -141.073 107.975 -84.316
-822.919 937.34 100.155 -141.073 107.975 -84.316
-823.823 937.769 100.161 -141.073 107.975 -84.316
-824.726 938.198 100.168 -141.073 107.975 -84.316
-825.629 938.627 100.174 -141.073 107.975 -84.316
-826.533 939.055 100.18 -141.073 107.975 -84.316
-827.436 939.484 100.187 -141.073 107.975 -84.316
-828.34 939.913 100.193 -141.073 107.975 -84.316
-829.243 940.341 100.199 -141.073 107.975 -84.316
2
-1183.34 70.976 61.5413 108.426 115.522 3.959
-1183.37 70.9512 60.542 108.426 115.522 3.959
-1183.4 70.9264 59.5427 108.426 115.522 3.959
-1183.43 70.9016 58.5434 108.426 115.522 3.959
-1183.45 70.8768 57.5441 108.426 115.522 3.959
-1183.48 70.852 56.5447 108.426 115.522 3.959
-1183.51 70.8272 55.5454 108.426 115.522 3.959
-1183.54 70.8023 54.5461 108.426 115.522 3.959
-1183.56 70.7775 53.5468 108.426 115.522 3.959
-1183.59 70.7527 52.5475 108.426 115.522 3.959
-1183.62 70.7279 51.5482 108.426 115.522 3.959
-1183.65 70.7031 50.5489 108.426 115.522 3.959
-1183.67 70.6783 49.5496 108.426 115.522 3.959
-1183.7 70.6535 48.5502 108.426 115.522 3.959
-1183.73 70.6287 47.5509 108.426 115.522 3.959
-1183.76 70.6038 46.5516 108.426 115.522 3.959
-1183.78 70.579 45.5523 108.452 115.609 3.98
-1183.81 70.5542 44.553 108.461 115.7 3.993
-1183.84 70.5294 43.5537 108.461 115.7 3.993
-1183.87 70.5046 42.5544 108.468 115.788 4.001
-1183.89 70.4798 41.5551 108.47 115.879 4.006
-1183.92 70.455 40.5557 108.473 115.969 4.011
-1183.95 70.4302 39.5564 108.473 115.969 4.011
-1183.98 70.4054 38.5571 108.48 116.068 4.017
-1184 70.3805 37.5578 108.487 116.165 4.017
-1184.03 70.3557 36.5585 108.491 116.245 4.017
-1184.06 70.3309 35.5592 108.491 116.245 4.017
-1184.09 70.3061 34.5599 108.498 116.34 4.019
-1184.11 70.2813 33.5606 108.506 116.448 4.018
-1184.14 70.2565 32.5612 108.506 116.448 4.018
-1184.17 70.2317 31.5619 108.516 116.544 4.017
-1184.2 70.2069 30.5626 108.523 116.638 4.018
-1184.22 70.182 29.5633 108.53 116.733 4.021
-1184.25 70.1572 28.564 108.53 116.733 4.021
-1184.28 70.1324 27.5647 108.54 116.844 4.025
-1184.31 70.1076 26.5654 108.547 116.953 4.026
-1184.33 70.0828 25.5661 108.547 116.953 4.026
-1184.36 70.058 24.5667 108.556 117.062 4.029
-1184.39 70.0332 23.5674 108.561 117.156 4.029
-1184.42 70.0084 22.5681 108.561 117.156 4.029
-1184.44 69.9836 21.5688 108.567 117.252 4.031
-1184.47 69.9587 20.5695 108.573 117.335 4.035
-1184.5 69.9339 19.5702 108.576 117.417 4.038
-1184.53 69.9091 18.5709 108.583 117.499 4.042
-1184.55 69.8843 17.5716 108.583 117.499 4.042
-1184.58 69.8595 16.5722 108.59 117.582 4.046
-1184.61 69.8347 15.5729 108.602 117.691 4.051
-1184.64 69.8099 14.5736 108.602 117.691 4.051
-1184.66 69.7851 13.5743 108.617 117.854 4.057
-1184.69 69.7602 12.575 108.617 117.854 4.057
-1184.72 69.7354 11.5757 108.621 117.936 4.059
-1184.75 69.7106 10.5764 108.626 118.018 4.063
-1184.78 69.6858 9.57705 108.631 118.113 4.065
-1184.8 69.661 8.57774 108.631 118.113 4.065
-1184.83 69.6362 7.57843 108.64 118.221 4.069
-1184.86 69.6114 6.57912 108.647 118.303 4.072
-1184.89 69.5866 5.5798 108.654 118.385 4.073
-1184.91 69.5618 4.58049 108.661 118.466 4.078
-1184.94 69.5369 3.58118 108.661 118.466 4.078
-1184.97 69.5121 2.58187 108.666 118.547 4.081
-1185 69.4873 1.58255 108.672 118.644 4.084
-1185.02 69.4625 0.58324 108.677 118.726 4.088
-1185.05 69.4377 -0.416072 108.682 118.807 4.091
-1185.08 69.4129 -1.41538 108.682 118.807 4.091
-1185.11 69.3881 -2.4147 108.691 118.902 4.095
-1185.13 69.3633 -3.41401 108.701 119.011 4.1
-1185.16 69.3384 -4.41332 108.701 119.011 4.1
-1185.19 69.3136 -5.41263 108.71 119.105 4.103
-1185.22 69.2888 -6.41195 108.718 119.215 4.11
-1185.24 69.264 -7.41126 108.718 119.215 4.11
-1185.27 69.2392 -8.41057 108.724 119.311 4.113
-1185.3 69.2144 -9.40988 108.731 119.406 4.116
-1185.33 69.1896 -10.4092 108.736 119.502 4.122
-1185.35 69.1648 -11.4085 108.736 119.502 4.122
-1185.38 69.14 -12.4078 108.742 119.582 4.124
-1185.41 69.1151 -13.4071 108.752 119.677 4.124
-1185.44 69.0903 -14.4064 108.757 119.758 4.126
-1185.46 69.0655 -15.4058 108.763 119.84 4.131
-1185.49 69.0407 -16.4051 108.763 119.84 4.131
-1185.52 69.0159 -17.4044 108.773 119.952 4.134
-1185.55 68.9911 -18.4037 108.781 120.048 4.135
-1185.57 68.9663 -19.403 108.781 120.048 4.135
-1185.6 68.9415 -20.4023 108.792 120.144 4.141
-1185.63 68.9166 -21.4016 108.799 120.224 4.143
-1185.66 68.8918 -22.4009 108.805 120.305 4.147
-1185.68 68.867 -23.4003 108.805 120.305 4.147
-1185.71 68.8422 -24.3996 108.812 120.399 4.152
-1185.74 68.8174 -25.3989 108.819 120.495 4.157
-1185.77 68.7926 -26.3982 108.827 120.606 4.163
-1185.79 68.7678 -27.3975 108.827 120.606 4.163
-1185.82 68.743 -28.3968 108.833 120.701 4.166
-1185.85 68.7182 -29.3961 108.841 120.796 4.169
-1185.88 68.6933 -30.3954 108.841 120.796 4.169
-1185.9 68.6685 -31.3948 108.848 120.877 4.172
-1185.93 68.6437 -32.3941 108.855 120.958 4.176
-1185.96 68.6189 -33.3934 108.863 121.067 4.179
-1185.99 68.5941 -34.3927 108.863 121.067 4.179
-1186.01 68.5693 -35.392 108.869 121.149 4.184
-1186.04 68.5445 -36.3913 108.877 121.258 4.188
-1186.07 68.5197 -37.3906 108.877 121.258 4.188
-1186.1 68.4948 -38.3899 108.885 121.366 4.192
-1186.12 68.47 -39.3893 108.897 121.474 4.197
-1186.15 68.4452 -40.3886 108.897 121.474 4.197
-1186.18 68.4204 -41.3879 108.909 121.582 4.201
-1186.21 68.3956 -42.3872 108.919 121.693 4.209
-1186.24 68.3708 -43.3865 108.919 121.693 4.209
-1186.26 68.346 -44.3858 108.925 121.775 4.213
-1186.29 68.3212 -45.3851 108.932 121.883 4.219
-1186.32 68.2964 -46.3844 108.932 121.883 4.219
-1186.35 68.2715 -47.3838 108.939 121.964 4.223
-1186.37 68.2467 -48.3831 108.946 122.045 4.227
-1186.4 68.2219 -49.3824 108.953 122.126 4.234
-1186.43 68.1971 -50.3817 108.96 122.222 4.238
-1186.46 68.1723 -51.381 108.96 122.222 4.238
-1186.48 68.1475 -52.3803 108.967 122.318 4.24
-1186.51 68.1227 -53.3796 108.973 122.401 4.245
-1186.54 68.0979 -54.3789 108.979 122.482 4.245
-1186.57 68.0731 -55.3783 108.985 122.563 4.245
-1186.59 68.0482 -56.3776 108.985 122.563 4.245
-1186.62 68.0234 -57.3769 108.994 122.672 4.248
-1186.65 67.9986 -58.3762 109.003 122.753 4.251
-1186.68 67.9738 -59.3755 109.011 122.848 4.254
-1186.7 67.949 -60.3748 109.011 122.848 4.254
-1186.73 67.9242 -61.3741 109.018 122.944 4.259
-1186.76 67.8994 -62.3734 109.023 123.038 4.261
-1186.79 67.8746 -63.3728 109.032 123.117 4.267
-1186.81 67.8497 -64.3721 109.032 123.117 4.267
-1186.84 67.8249 -65.3714 109.042 123.214 4.271
-1186.87 67.8001 -66.3707 109.05 123.31 4.274
-1186.9 67.7753 -67.37 109.058 123.391 4.279
-1186.92 67.7505 -68.3693 109.058 123.391 4.279
-1186.95 67.7257 -69.3686 109.058 123.391 4.279
-1186.98 67.7009 -70.3679 109.058 123.391 4.279
-1187.01 67.6761 -71.3673 109.058 123.391 4.279
-1187.03 67.6513 -72.3666 109.058 123.391 4.279
-1187.06 67.6264 -73.3659 109.058 123.391 4.279
-1187.09 67.6016 -74.3652 109.058 123.391 4.279
-1187.12 67.5768 -75.3645 109.058 123.391 4.279
-1187.14 67.552 -76.3638 109.058 123.391 4.279
-1187.17 67.5272 -77.3631 109.058 123.391 4.279
-1187.2 67.5024 -78.3624 109.058 123.391 4.279
-1187.23 67.4776 -79.3618 109.058 123.391 4.279
-1187.25 67.4528 -80.3611 109.058 123.391 4.279
-1187.28 67.4279 -81.3604 109.058 123.391 4.279
-1187.31 67.4031 -82.3597 109.058 123.391 4.279
-1187.34 67.3783 -83.359 109.058 123.391 4.279
-1187.36 67.3535 -84.3583 109.058 123.391 4.279
-1187.39 67.3287 -85.3576 109.058 123.391 4.279
-1187.42 67.3039 -86.3569 109.058 123.391 4.279
-1187.45 67.2791 -87.3563 109.058 123.391 4.279
-1187.47 67.2543 -88.3556 109.058 123.391 4.279
-1187.5 67.2295 -89.3549 109.058 123.391 4.279
-1187.53 67.2046 -90.3542 109.058 123.391 4.279
-1187.56 67.1798 -91.3535 109.058 123.391 4.279
-1187.58 67.155 -92.3528 109.058 123.391 4.279
-1187.61 67.1302 -93.3521 109.058 123.391 4.279
3
-1184.4 70.9867 62.3924 108.428 115.521 3.96
-1184.43 70.9604 61.393 108.428 115.521 3.96
-1184.45 70.9342 60.3937 108.428 115.521 3.96
-1184.47 70.9079 59.3943 108.428 115.521 3.96
-1184.5 70.8816 58.3949 108.428 115.521 3.96
-1184.52 70.8553 57.3956 108.428 115.521 3.96
-1184.55 70.829 56.3962 108.428 115.521 3.96
-1184.57 70.8028 55.3968 108.428 115.521 3.96
-1184.59 70.7765 54.3975 108.428 115.521 3.96
-1184.62 70.7502 53.3981 108.428 115.521 3.96
-1184.64 70.7239 52.3987 108.428 115.521 3.96
-1184.67 70.6977 51.3994 108.428 115.521 3.96
-1184.69 70.6714 50.4 108.428 115.521 3.96
-1184.71 70.6451 49.4006 108.428 115.521 3.96
-1184.74 70.6188 48.4012 108.428 115.521 3.96
-1184.76 70.5925 47.4019 108.428 115.521 3.96
-1184.78 70.5663 46.4025 108.428 115.521 3.96
-1184.81 70.54 45.4031 108.454 115.606 3.984
-1184.83 70.5137 44.4038 108.465 115.706 3.999
-1184.86 70.4874 43.4044 108.465 115.706 3.999
-1184.88 70.4612 42.405 108.467 115.783 4.006
-1184.9 70.4349 41.4057 108.468 115.861 4.012
-1184.93 70.4086 40.4063 108.47 115.947 4.014
-1184.95 70.3823 39.4069 108.472 116.025 4.018
-1184.98 70.356 38.4076 108.477 116.112 4.02
-1185 70.3298 37.4082 108.482 116.197 4.021
-1185.02 70.3035 36.4088 108.482 116.197 4.021
-1185.05 70.2772 35.4095 108.491 116.291 4.024
-1185.07 70.2509 34.4101 108.499 116.375 4.025
-1185.1 70.2246 33.4107 108.51 116.481 4.024
-1185.12 70.1984 32.4114 108.51 116.481 4.024
-1185.14 70.1721 31.412 108.519 116.587 4.022
-1185.17 70.1458 30.4126 108.523 116.672 4.022
-1185.19 70.1195 29.4132 108.523 116.672 4.022
-1185.22 70.0933 28.4139 108.532 116.799 4.023
-1185.24 70.067 27.4145 108.54 116.874 4.022
-1185.26 70.0407 26.4151 108.547 116.957 4.022
-1185.29 70.0144 25.4158 108.547 116.957 4.022
-1185.31 69.9881 24.4164 108.557 117.074 4.026
-1185.33 69.9619 23.417 108.563 117.17 4.03
-1185.36 69.9356 22.4177 108.563 117.17 4.03
-1185.38 69.9093 21.4183 108.57 117.266 4.034
-1185.41 69.883 20.4189 108.576 117.372 4.038
-1185.43 69.8568 19.4196 108.576 117.372 4.038
-1185.45 69.8305 18.4202 108.583 117.467 4.042
-1185.48 69.8042 17.4208 108.589 117.562 4.045
-1185.5 69.7779 16.4215 108.595 117.658 4.05
-1185.53 69.7516 15.4221 108.595 117.658 4.05
-1185.55 69.7254 14.4227 108.603 117.745 4.054
-1185.57 69.6991 13.4234 108.609 117.831 4.058
-1185.6 69.6728 12.424 108.617 117.938 4.061
-1185.62 69.6465 11.4246 108.617 117.938 4.061
-1185.65 69.6203 10.4252 108.624 118.033 4.064
-1185.67 69.594 9.42588 108.63 118.115 4.065
-1185.69 69.5677 8.42651 108.637 118.198 4.067
-1185.72 69.5414 7.42714 108.637 118.198 4.067
-1185.74 69.5151 6.42777 108.645 118.284 4.07
-1185.77 69.4889 5.42841 108.652 118.379 4.073
-1185.79 69.4626 4.42904 108.659 118.485 4.078
-1185.81 69.4363 3.42967 108.659 118.485 4.078
-1185.84 69.41 2.4303 108.664 118.56 4.081
-1185.86 69.3838 1.43093 108.673 118.647 4.084
-1185.89 69.3575 0.431563 108.679 118.732 4.087
-1185.91 69.3312 -0.567805 108.679 118.732 4.087
-1185.93 69.3049 -1.56717 108.686 118.835 4.091
-1185.96 69.2786 -2.56654 108.693 118.918 4.094
-1185.98 69.2524 -3.56591 108.7 119.014 4.099
-1186 69.2261 -4.56528 108.7 119.014 4.099
-1186.03 69.1998 -5.56465 108.71 119.12 4.105
-1186.05 69.1735 -6.56402 108.717 119.205 4.108
-1186.08 69.1473 -7.56338 108.724 119.28 4.111
-1186.1 69.121 -8.56275 108.73 119.364 4.116
-1186.12 69.0947 -9.56212 108.73 119.364 4.116
-1186.15 69.0684 -10.5615 108.737 119.47 4.124
-1186.17 69.0421 -11.5609 108.743 119.554 4.126
-1186.2 69.0159 -12.5602 108.751 119.639 4.126
-1186.22 68.9896 -13.5596 108.751 119.639 4.126
-1186.24 68.9633 -14.559 108.758 119.724 4.128
-1186.27 68.937 -15.5583 108.764 119.81 4.131
-1186.29 68.9107 -16.5577 108.768 119.894 4.133
-1186.32 68.8845 -17.5571 108.775 119.979 4.134
-1186.34 68.8582 -18.5564 108.775 119.979 4.134
-1186.36 68.8319 -19.5558 108.785 120.075 4.134
-1186.39 68.8056 -20.5552 108.796 120.182 4.14
-1186.41 68.7794 -21.5545 108.796 120.182 4.14
-1186.44 68.7531 -22.5539 108.805 120.309 4.147
-1186.46 68.7268 -23.5533 108.805 120.309 4.147
-1186.48 68.7005 -24.5526 108.812 120.416 4.153
-1186.51 68.6742 -25.552 108.818 120.511 4.157
-1186.53 68.648 -26.5514 108.824 120.594 4.16
-1186.55 68.6217 -27.5508 108.824 120.594 4.16
-1186.58 68.5954 -28.5501 108.83 120.679 4.164
-1186.6 68.5691 -29.5495 108.836 120.762 4.168
-1186.63 68.5429 -30.5489 108.846 120.858 4.173
-1186.65 68.5166 -31.5482 108.854 120.945 4.178
-1186.67 68.4903 -32.5476 108.854 120.945 4.178
-1186.7 68.464 -33.547 108.862 121.05 4.181
-1186.72 68.4377 -34.5463 108.868 121.134 4.185
-1186.75 68.4115 -35.5457 108.868 121.134 4.185
-1186.77 68.3852 -36.5451 108.874 121.217 4.188
-1186.79 68.3589 -37.5444 108.884 121.321 4.19
-1186.82 68.3326 -38.5438 108.892 121.406 4.194
-1186.84 68.3064 -39.5432 108.892 121.406 4.194
-1186.87 68.2801 -40.5425 108.902 121.512 4.199
-1186.89 68.2538 -41.5419 108.91 121.597 4.203
-1186.91 68.2275 -42.5413 108.916 121.684 4.209
-1186.94 68.2012 -43.5406 108.916 121.684 4.209
-1186.96 68.175 -44.54 108.924 121.779 4.214
-1186.99 68.1487 -45.5394 108.934 121.873 4.218
-1187.01 68.1224 -46.5388 108.942 121.978 4.225
-1187.03 68.0961 -47.5381 108.942 121.978 4.225
-1187.06 68.0699 -48.5375 108.948 122.062 4.231
-1187.08 68.0436 -49.5369 108.953 122.158 4.238
-1187.11 68.0173 -50.5362 108.958 122.243 4.239
-1187.13 67.991 -51.5356 108.958 122.243 4.239
-1187.15 67.9647 -52.535 108.966 122.339 4.239
-1187.18 67.9385 -53.5343 108.973 122.425 4.243
-1187.2 67.9122 -54.5337 108.979 122.508 4.242
-1187.22 67.8859 -55.5331 108.987 122.583 4.243
-1187.25 67.8596 -56.5324 108.987 122.583 4.243
-1187.27 67.8333 -57.5318 108.995 122.668 4.241
-1187.3 67.8071 -58.5312 109.002 122.773 4.246
-1187.32 67.7808 -59.5305 109.002 122.773 4.246
-1187.34 67.7545 -60.5299 109.009 122.868 4.25
-1187.37 67.7282 -61.5293 109.016 122.974 4.256
-1187.39 67.702 -62.5286 109.016 122.974 4.256
-1187.42 67.6757 -63.528 109.027 123.079 4.26
-1187.44 67.6494 -64.5274 109.039 123.185 4.267
-1187.46 67.6231 -65.5267 109.039 123.185 4.267
-1187.49 67.5968 -66.5261 109.047 123.281 4.27
-1187.51 67.5706 -67.5255 109.053 123.365 4.274
-1187.54 67.5443 -68.5249 109.053 123.365 4.274
-1187.56 67.518 -69.5242 109.053 123.365 4.274
-1187.58 67.4917 -70.5236 109.053 123.365 4.274
-1187.61 67.4655 -71.523 109.053 123.365 4.274
-1187.63 67.4392 -72.5223 109.053 123.365 4.274
-1187.66 67.4129 -73.5217 109.053 123.365 4.274
-1187.68 67.3866 -74.5211 109.053 123.365 4.274
-1187.7 67.3603 -75.5204 109.053 123.365 4.274
-1187.73 67.3341 -76.5198 109.053 123.365 4.274
-1187.75 67.3078 -77.5192 109.053 123.365 4.274
-1187.77 67.2815 -78.5185 109.053 123.365 4.274
-1187.8 67.2552 -79.5179 109.053 123.365 4.274
-1187.82 67.229 -80.5173 109.053 123.365 4.274
-1187.85 67.2027 -81.5166 109.053 123.365 4.274
-1187.87 67.1764 -82.516 109.053 123.365 4.274
-1187.89 67.1501 -83.5154 109.053 123.365 4.274
-1187.92 67.1238 -84.5147 109.053 123.365 4.274
-1187.94 67.0976 -85.5141 109.053 123.365 4.274
-1187.97 67.0713 -86.5135 109.053 123.365 4.274
-1187.99 67.045 -87.5129 109.053 123.365 4.274
-1188.01 67.0187 -88.5122 109.053 123.365 4.274
-1188.04 66.9925 -89.5116 109.053 123.365 4.274
-1188.06 66.9662 -90.511 109.053 123.365 4.274
-1188.09 66.9399 -91.5103 109.053 123.365 4.274
-1188.11 66.9136 -92.5097 109.053 123.365 4.274
4
-1180.48 69.7921 61.1416 108.426 115.52 3.96
-1180.5 69.769 60.1422 108.426 115.52 3.96
-1180.52 69.7458 59.1427 108.426 115.52 3.96
-1180.55 69.7227 58.1433 108.426 115.52 3.96
-1180.57 69.6996 57.1438 108.426 115.52 3.96
-1180.59 69.6764 56.1443 108.426 115.52 3.96
-1180.62 69.6533 55.1449 108.426 115.52 3.96
-1180.64 69.6302 54.1454 108.426 115.52 3.96
-1180.66 69.607 53.146 108.426 115.52 3.96
-1180.69 69.5839 52.1465 108.426 115.52 3.96
-1180.71 69.5608 51.1471 108.426 115.52 3.96
-1180.73 69.5376 50.1476 108.426 115.52 3.96
-1180.76 69.5145 49.1482 108.426 115.52 3.96
-1180.78 69.4914 48.1487 108.426 115.52 3.96
-1180.8 69.4682 47.1492 108.426 115.52 3.96
-1180.83 69.4451 46.1498 108.454 115.606 3.981
-1180.85 69.422 45.1503 108.461 115.685 3.993
-1180.88 69.3988 44.1509 108.464 115.766 4.002
-1180.9 69.3757 43.1514 108.464 115.858 4.008
-1180.92 69.3526 42.152 108.464 115.858 4.008
-1180.95 69.3294 41.1525 108.463 115.943 4.011
-1180.97 69.3063 40.153 108.471 116.054 4.017
-1180.99 69.2832 39.1536 108.471 116.054 4.017
-1181.02 69.26 38.1541 108.479 116.153 4.021
-1181.04 69.2369 37.1547 108.486 116.234 4.021
-1181.06 69.2138 36.1552 108.494 116.318 4.023
-1181.09 69.1906 35.1558 108.503 116.409 4.019
-1181.11 69.1675 34.1563 108.503 116.409 4.019
-1181.13 69.1444 33.1569 108.508 116.485 4.015
-1181.16 69.1212 32.1574 108.511 116.575 4.015
-1181.18 69.0981 31.1579 108.518 116.665 4.016
-1181.2 69.075 30.1585 108.527 116.757 4.019
-1181.23 69.0518 29.159 108.527 116.757 4.019
-1181.25 69.0287 28.1596 108.534 116.848 4.023
-1181.27 69.0056 27.1601 108.541 116.924 4.024
-1181.3 68.9824 26.1607 108.548 117.007 4.026
-1181.32 68.9593 25.1612 108.555 117.083 4.027
-1181.35 68.9362 24.1617 108.561 117.174 4.028
-1181.37 68.913 23.1623 108.561 117.174 4.028
-1181.39 68.8899 22.1628 108.565 117.256 4.031
-1181.42 68.8668 21.1634 108.57 117.346 4.035
-1181.44 68.8436 20.1639 108.578 117.429 4.04
-1181.46 68.8205 19.1645 108.586 117.528 4.045
-1181.49 68.7974 18.165 108.586 117.528 4.045
-1181.51 68.7742 17.1656 108.592 117.604 4.047
-1181.53 68.7511 16.1661 108.601 117.69 4.053
-1181.56 68.728 15.1666 108.609 117.781 4.056
-1181.58 68.7048 14.1672 108.614 117.863 4.057
-1181.6 68.6817 13.1677 108.614 117.863 4.057
-1181.63 68.6586 12.1683 108.617 117.946 4.06
-1181.65 68.6354 11.1688 108.624 118.043 4.064
-1181.67 68.6123 10.1694 108.632 118.119 4.066
-1181.7 68.5892 9.16991 108.639 118.208 4.069
-1181.72 68.566 8.17045 108.639 118.208 4.069
-1181.74 68.5429 7.171 108.644 118.292 4.073
-1181.77 68.5198 6.17154 108.652 118.377 4.076
-1181.79 68.4966 5.17208 108.66 118.469 4.081
-1181.82 68.4735 4.17263 108.666 118.544 4.083
-1181.84 68.4504 3.17317 108.666 118.544 4.083
-1181.86 68.4272 2.17372 108.67 118.627 4.085
-1181.89 68.4041 1.17426 108.675 118.725 4.089
-1181.91 68.381 0.174803 108.683 118.816 4.092
-1181.93 68.3578 -0.824653 108.69 118.892 4.096
-1181.96 68.3347 -1.82411 108.69 118.892 4.096
-1181.98 68.3116 -2.82356 108.696 118.974 4.099
-1182 68.2884 -3.82302 108.702 119.056 4.103
-1182.03 68.2653 -4.82248 108.71 119.133 4.108
-1182.05 68.2422 -5.82193 108.717 119.217 4.112
-1182.07 68.219 -6.82139 108.724 119.307 4.113
-1182.1 68.1959 -7.82085 108.724 119.307 4.113
-1182.12 68.1728 -8.8203 108.729 119.391 4.118
-1182.14 68.1496 -9.81976 108.734 119.481 4.121
-1182.17 68.1265 -10.8192 108.742 119.557 4.123
-1182.19 68.1034 -11.8187 108.752 119.663 4.125
-1182.21 68.0802 -12.8181 108.752 119.663 4.125
-1182.24 68.0571 -13.8176 108.758 119.76 4.126
-1182.26 68.034 -14.817 108.763 119.836 4.131
-1182.29 68.0108 -15.8165 108.768 119.912 4.133
-1182.31 67.9877 -16.816 108.776 119.988 4.134
-1182.33 67.9646 -17.8154 108.784 120.065 4.136
-1182.36 67.9414 -18.8149 108.784 120.065 4.136
-1182.38 67.9183 -19.8143 108.792 120.171 4.139
-1182.4 67.8952 -20.8138 108.799 120.246 4.142
-1182.43 67.872 -21.8132 108.807 120.343 4.148
-1182.45 67.8489 -22.8127 108.807 120.343 4.148
-1182.47 67.8258 -23.8121 108.813 120.426 4.153
-1182.5 67.8026 -24.8116 108.818 120.524 4.158
-1182.52 67.7795 -25.8111 108.823 120.607 4.162
-1182.54 67.7564 -26.8105 108.828 120.684 4.164
-1182.57 67.7332 -27.81 108.828 120.684 4.164
-1182.59 67.7101 -28.8094 108.835 120.76 4.166
-1182.61 67.687 -29.8089 108.844 120.843 4.17
-1182.64 67.6638 -30.8083 108.85 120.926 4.175
-1182.66 67.6407 -31.8078 108.859 121.018 4.179
-1182.68 67.6176 -32.8072 108.859 121.018 4.179
-1182.71 67.5944 -33.8067 108.863 121.099 4.181
-1182.73 67.5713 -34.8062 108.869 121.189 4.185
-1182.76 67.5482 -35.8056 108.879 121.273 4.186
-1182.78 67.525 -36.8051 108.885 121.356 4.19
-1182.8 67.5019 -37.8045 108.885 121.356 4.19
-1182.83 67.4787 -38.804 108.893 121.447 4.195
-1182.85 67.4556 -39.8034 108.902 121.523 4.198
-1182.87 67.4325 -40.8029 108.91 121.607 4.203
-1182.9 67.4093 -41.8024 108.914 121.69 4.208
-1182.92 67.3862 -42.8018 108.92 121.781 4.213
-1182.94 67.3631 -43.8013 108.92 121.781 4.213
-1182.97 67.3399 -44.8007 108.929 121.872 4.217
-1182.99 67.3168 -45.8002 108.938 121.955 4.222
-1183.01 67.2937 -46.7996 108.947 122.045 4.228
-1183.04 67.2705 -47.7991 108.947 122.045 4.228
-1183.06 67.2474 -48.7985 108.953 122.142 4.235
-1183.08 67.2243 -49.798 108.961 122.234 4.241
-1183.11 67.2011 -50.7975 108.968 122.317 4.241
-1183.13 67.178 -51.7969 108.968 122.317 4.241
-1183.15 67.1549 -52.7964 108.975 122.409 4.246
-1183.18 67.1317 -53.7958 108.982 122.492 4.245
-1183.2 67.1086 -54.7953 108.991 122.576 4.246
-1183.23 67.0855 -55.7947 108.998 122.666 4.246
-1183.25 67.0623 -56.7942 108.998 122.666 4.246
-1183.27 67.0392 -57.7937 109.004 122.755 4.25
-1183.3 67.0161 -58.7931 109.009 122.837 4.25
-1183.32 66.9929 -59.7926 109.014 122.92 4.254
-1183.34 66.9698 -60.792 109.02 122.997 4.257
-1183.37 66.9467 -61.7915 109.027 123.073 4.26
-1183.39 66.9235 -62.7909 109.027 123.073 4.26
-1183.41 66.9004 -63.7904 109.034 123.149 4.264
-1183.44 66.8773 -64.7898 109.043 123.233 4.267
-1183.46 66.8541 -65.7893 109.052 123.313 4.272
-1183.48 66.831 -66.7888 109.056 123.394 4.277
-1183.51 66.8079 -67.7882 109.056 123.394 4.277
-1183.53 66.7847 -68.7877 109.056 123.394 4.277
-1183.55 66.7616 -69.7871 109.056 123.394 4.277
-1183.58 66.7385 -70.7866 109.056 123.394 4.277
-1183.6 66.7153 -71.786 109.056 123.394 4.277
-1183.62 66.6922 -72.7855 109.056 123.394 4.277
-1183.65 66.6691 -73.7849 109.056 123.394 4.277
-1183.67 66.6459 -74.7844 109.056 123.394 4.277
-1183.7 66.6228 -75.7839 109.056 123.394 4.277
-1183.72 66.5997 -76.7833 109.056 123.394 4.277
-1183.74 66.5765 -77.7828 109.056 123.394 4.277
-1183.77 66.5534 -78.7822 109.056 123.394 4.277
-1183.79 66.5303 -79.7817 109.056 123.394 4.277
-1183.81 66.5071 -80.7811 109.056 123.394 4.277
-1183.84 66.484 -81.7806 109.056 123.394 4.277
-1183.86 66.4609 -82.7801 109.056 123.394 4.277
-1183.88 66.4377 -83.7795 109.056 123.394 4.277
-1183.91 66.4146 -84.779 109.056 123.394 4.277
-1183.93 66.3915 -85.7784 109.056 123.394 4.277
-1183.95 66.3683 -86.7779 109.056 123.394 4.277
-1183.98 66.3452 -87.7773 109.056 123.394 4.277
-1184 66.3221 -88.7768 109.056 123.394 4.277
-1184.02 66.2989 -89.7762 109.056 123.394 4.277
-1184.05 66.2758 -90.7757 109.056 123.394 4.277
-1184.07 66.2527 -91.7752 109.056 123.394 4.277
-1184.09 66.2295 -92.7746 109.056 123.394 4.277
-1184.12 66.2064 -93.7741 109.056 123.394 4.277
5
-1179.33 68.3225 60.9741 108.427 115.52 3.96
-1179.35 68.2996 59.9747 108.427 115.52 3.96
-1179.38 68.2766 58.9752 108.427 115.52 3.96
-1179.4 68.2537 57.9758 108.427 115.52 3.96
-1179.42 68.2307 56.9763 108.427 115.52 3.96
-1179.45 68.2078 55.9768 108.427 115.52 3.96
-1179.47 68.1848 54.9774 108.427 115.52 3.96
-1179.49 68.1619 53.9779 108.427 115.52 3.96
-1179.52 68.1389 52.9785 108.427 115.52 3.96
-1179.54 68.116 51.979 108.427 115.52 3.96
-1179.57 68.093 50.9796 108.427 115.52 3.96
-1179.59 68.0701 49.9801 108.427 115.52 3.96
-1179.61 68.0471 48.9807 108.427 115.52 3.96
-1179.64 68.0242 47.9812 108.427 115.52 3.96
-1179.66 68.0012 46.9817 108.453 115.597 3.977
-1179.68 67.9783 45.9823 108.461 115.692 3.988
-1179.71 67.9553 44.9828 108.463 115.774 3.996
-1179.73 67.9324 43.9834 108.464 115.851 4.001
-1179.76 67.9094 42.9839 108.464 115.851 4.001
-1179.78 67.8865 41.9845 108.465 115.928 4.003
-1179.8 67.8635 40.985 108.469 116.014 4.007
-1179.83 67.8406 39.9856 108.476 116.1 4.01
-1179.85 67.8176 38.9861 108.484 116.196 4.011
-1179.87 67.7947 37.9866 108.484 116.196 4.011
-1179.9 67.7718 36.9872 108.494 116.287 4.014
-1179.92 67.7488 35.9877 108.502 116.378 4.014
-1179.94 67.7259 34.9883 108.508 116.454 4.011
-1179.97 67.7029 33.9888 108.512 116.53 4.01
-1179.99 67.68 32.9894 108.512 116.53 4.01
-1180.02 67.657 31.9899 108.516 116.627 4.013
-1180.04 67.6341 30.9904 108.527 116.726 4.016
-1180.06 67.6111 29.991 108.535 116.817 4.019
-1180.09 67.5882 28.9915 108.541 116.901 4.023
-1180.11 67.5652 27.9921 108.541 116.901 4.023
-1180.13 67.5423 26.9926 108.549 116.992 4.026
-1180.16 67.5193 25.9932 108.556 117.09 4.028
-1180.18 67.4964 24.9937 108.562 117.173 4.029
-1180.21 67.4734 23.9943 108.562 117.173 4.029
-1180.23 67.4505 22.9948 108.564 117.256 4.031
-1180.25 67.4275 21.9953 108.57 117.346 4.035
-1180.28 67.4046 20.9959 108.578 117.43 4.039
-1180.3 67.3816 19.9964 108.584 117.513 4.044
-1180.32 67.3587 18.997 108.584 117.513 4.044
-1180.35 67.3357 17.9975 108.591 117.605 4.047
-1180.37 67.3128 16.9981 108.6 117.69 4.051
-1180.39 67.2898 15.9986 108.607 117.781 4.055
-1180.42 67.2669 14.9992 108.614 117.857 4.057
-1180.44 67.2439 13.9997 108.614 117.857 4.057
-1180.47 67.221 13.0002 108.618 117.94 4.059
-1180.49 67.198 12.0008 108.622 118.022 4.063
-1180.51 67.1751 11.0013 108.631 118.105 4.065
-1180.54 67.1521 10.0019 108.638 118.186 4.066
-1180.56 67.1292 9.00241 108.644 118.285 4.072
-1180.58 67.1062 8.00296 108.644 118.285 4.072
-1180.61 67.0833 7.0035 108.651 118.37 4.075
-1180.63 67.0603 6.00405 108.661 118.462 4.08
-1180.66 67.0374 5.00459 108.667 118.552 4.083
-1180.68 67.0145 4.00513 108.667 118.552 4.083
-1180.7 66.9915 3.00568 108.671 118.633 4.085
-1180.73 66.9686 2.00622 108.676 118.717 4.089
-1180.75 66.9456 1.00677 108.681 118.8 4.09
-1180.77 66.9227 0.00731024 108.69 118.899 4.096
-1180.8 66.8997 -0.992146 108.69 118.899 4.096
-1180.82 66.8768 -1.9916 108.697 118.981 4.1
-1180.84 66.8538 -2.99106 108.703 119.056 4.102
-1180.87 66.8309 -3.99051 108.711 119.141 4.107
-1180.89 66.8079 -4.98997 108.718 119.231 4.111
-1180.92 66.785 -5.98943 108.726 119.307 4.114
-1180.94 66.762 -6.98888 108.73 119.391 4.116
-1180.96 66.7391 -7.98834 108.73 119.391 4.116
-1180.99 66.7161 -8.98779 108.734 119.466 4.12
-1181.01 66.6932 -9.98725 108.741 119.549 4.122
-1181.03 66.6702 -10.9867 108.749 119.632 4.123
-1181.06 66.6473 -11.9862 108.754 119.715 4.125
-1181.08 66.6243 -12.9856 108.76 119.791 4.128
-1181.11 66.6014 -13.9851 108.76 119.791 4.128
-1181.13 66.5784 -14.9845 108.766 119.874 4.131
-1181.15 66.5555 -15.984 108.773 119.957 4.132
-1181.18 66.5325 -16.9834 108.781 120.043 4.135
-1181.2 66.5096 -17.9829 108.786 120.118 4.137
-1181.22 66.4866 -18.9824 108.794 120.209 4.142
-1181.25 66.4637 -19.9818 108.794 120.209 4.142
-1181.27 66.4407 -20.9813 108.801 120.284 4.146
-1181.29 66.4178 -21.9807 108.808 120.366 4.149
-1181.32 66.3948 -22.9802 108.814 120.457 4.155
-1181.34 66.3719 -23.9796 108.82 120.547 4.159
-1181.37 66.3489 -24.9791 108.82 120.547 4.159
-1181.39 66.326 -25.9785 108.825 120.63 4.163
-1181.41 66.303 -26.978 108.831 120.722 4.166
-1181.44 66.2801 -27.9775 108.84 120.798 4.169
-1181.46 66.2571 -28.9769 108.847 120.873 4.173
-1181.48 66.2342 -29.9764 108.854 120.949 4.177
-1181.51 66.2113 -30.9758 108.86 121.025 4.179
-1181.53 66.1883 -31.9753 108.86 121.025 4.179
-1181.56 66.1654 -32.9747 108.864 121.121 4.181
-1181.58 66.1424 -33.9742 108.871 121.204 4.185
-1181.6 66.1195 -34.9737 108.879 121.28 4.188
-1181.63 66.0965 -35.9731 108.887 121.371 4.192
-1181.65 66.0736 -36.9726 108.887 121.371 4.192
-1181.67 66.0506 -37.972 108.895 121.461 4.195
-1181.7 66.0277 -38.9715 108.903 121.537 4.199
-1181.72 66.0047 -39.9709 108.912 121.629 4.205
-1181.74 65.9818 -40.9704 108.916 121.712 4.208
-1181.77 65.9588 -41.9698 108.924 121.803 4.214
-1181.79 65.9359 -42.9693 108.924 121.803 4.214
-1181.82 65.9129 -43.9688 108.933 121.902 4.22
-1181.84 65.89 -44.9682 108.942 121.986 4.225
-1181.86 65.867 -45.9677 108.949 122.075 4.231
-1181.89 65.8441 -46.9671 108.949 122.075 4.231
-1181.91 65.8211 -47.9666 108.955 122.166 4.239
-1181.93 65.7982 -48.966 108.961 122.243 4.24
-1181.96 65.7752 -49.9655 108.967 122.319 4.242
-1181.98 65.7523 -50.9649 108.972 122.394 4.246
-1182.01 65.7293 -51.9644 108.979 122.471 4.246
-1182.03 65.7064 -52.9639 108.987 122.547 4.247
-1182.05 65.6834 -53.9633 108.987 122.547 4.247
-1182.08 65.6605 -54.9628 108.993 122.622 4.249
-1182.1 65.6375 -55.9622 109 122.711 4.251
-1182.12 65.6146 -56.9617 109.006 122.8 4.251
-1182.15 65.5916 -57.9611 109.012 122.891 4.255
-1182.17 65.5687 -58.9606 109.012 122.891 4.255
-1182.19 65.5457 -59.9601 109.017 122.982 4.257
-1182.22 65.5228 -60.9595 109.026 123.073 4.261
-1182.24 65.4998 -61.959 109.036 123.157 4.265
-1182.27 65.4769 -62.9584 109.036 123.157 4.265
-1182.29 65.4539 -63.9579 109.045 123.24 4.268
-1182.31 65.431 -64.9573 109.053 123.319 4.274
-1182.34 65.4081 -65.9568 109.057 123.41 4.279
-1182.36 65.3851 -66.9562 109.057 123.41 4.279
-1182.38 65.3622 -67.9557 109.057 123.41 4.279
-1182.41 65.3392 -68.9552 109.057 123.41 4.279
-1182.43 65.3163 -69.9546 109.057 123.41 4.279
-1182.46 65.2933 -70.9541 109.057 123.41 4.279
-1182.48 65.2704 -71.9535 109.057 123.41 4.279
-1182.5 65.2474 -72.953 109.057 123.41 4.279
-1182.53 65.2245 -73.9524 109.057 123.41 4.279
-1182.55 65.2015 -74.9519 109.057 123.41 4.279
-1182.57 65.1786 -75.9513 109.057 123.41 4.279
-1182.6 65.1556 -76.9508 109.057 123.41 4.279
-1182.62 65.1327 -77.9503 109.057 123.41 4.279
-1182.64 65.1097 -78.9497 109.057 123.41 4.279
-1182.67 65.0868 -79.9492 109.057 123.41 4.279
-1182.69 65.0638 -80.9486 109.057 123.41 4.279
-1182.72 65.0409 -81.9481 109.057 123.41 4.279
-1182.74 65.0179 -82.9475 109.057 123.41 4.279
-1182.76 64.995 -83.947 109.057 123.41 4.279
-1182.79 64.972 -84.9465 109.057 123.41 4.279
-1182.81 64.9491 -85.9459 109.057 123.41 4.279
-1182.83 64.9261 -86.9454 109.057 123.41 4.279
-1182.86 64.9032 -87.9448 109.057 123.41 4.279
-1182.88 64.8802 -88.9443 109.057 123.41 4.279
-1182.91 64.8573 -89.9437 109.057 123.41 4.279
-1182.93 64.8343 -90.9432 109.057 123.41 4.279
-1182.95 64.8114 -91.9426 109.057 123.41 4.279
-1182.98 64.7884 -92.9421 109.057 123.41 4.279
-1183 64.7655 -93.9416 109.057 123.41 4.279
