1
-737.917 540.9 30.6831 -151.71 138.744 -113.2
-738.886 541.149 30.6925 -151.71 138.744 -113.2
-739.854 541.399 30.702 -151.71 138.744 -113.2
-740.822 541.648 30.7114 -151.71 138.744 -113.2
-741.791 541.897 30.7208 -151.71 138.744 -113.2
-742.759 542.146 30.7303 -151.71 138.744 -113.2
-743.728 542.395 30.7397 -151.71 138.744 -113.2
-744.696 542.645 30.7491 -151.71 138.744 -113.2
-745.664 542.894 30.7586 -151.71 138.744 -113.2
-746.633 543.143 30.768 -151.71 138.744 -113.2
-747.601 543.392 30.7774 -151.71 138.744 -113.2
-748.57 543.641 30.7869 -151.71 138.744 -113.2
-749.538 543.891 30.7963 -151.71 138.744 -113.2
-750.506 544.14 30.8057 -151.71 138.744 -113.2
-751.475 544.389 30.8152 -151.716 138.743 -113.21
-752.443 544.638 30.8246 -151.718 138.741 -113.21
-753.412 544.887 30.834 -151.719 138.741 -113.202
-754.38 545.137 30.8434 -151.716 138.739 -113.191
-755.348 545.386 30.8529 -151.716 138.739 -113.191
-756.317 545.635 30.8623 -151.71 138.737 -113.182
-757.285 545.884 30.8717 -151.705 138.738 -113.177
-758.254 546.133 30.8812 -151.707 138.737 -113.176
-759.222 546.383 30.8906 -151.707 138.737 -113.176
-760.191 546.632 30.9 -151.711 138.736 -113.178
-761.159 546.881 30.9095 -151.715 138.736 -113.18
-762.127 547.13 30.9189 -151.717 138.735 -113.179
-763.096 547.379 30.9283 -151.716 138.734 -113.179
-764.064 547.629 30.9378 -151.714 138.733 -113.179
-765.033 547.878 30.9472 -151.714 138.733 -113.179
-766.001 548.127 30.9566 -151.714 138.733 -113.179
-766.969 548.376 30.966 -151.715 138.733 -113.181
-767.938 548.625 30.9755 -151.716 138.734 -113.178
-768.906 548.875 30.9849 -151.716 138.734 -113.178
-769.875 549.124 30.9943 -151.715 138.736 -113.176
-770.843 549.373 31.0038 -151.71 138.734 -113.172
-771.811 549.622 31.0132 -151.706 138.733 -113.169
-772.78 549.871 31.0226 -151.706 138.733 -113.168
-773.748 550.121 31.0321 -151.706 138.733 -113.168
-774.717 550.37 31.0415 -151.708 138.733 -113.167
-775.685 550.619 31.0509 -151.711 138.732 -113.17
-776.653 550.868 31.0604 -151.713 138.732 -113.169
-777.622 551.117 31.0698 -151.713 138.732 -113.169
-778.59 551.367 31.0792 -151.715 138.732 -113.169
-779.559 551.616 31.0887 -151.714 138.732 -113.168
-780.527 551.865 31.0981 -151.711 138.732 -113.165
-781.495 552.114 31.1075 -151.707 138.732 -113.161
-782.464 552.363 31.1169 -151.707 138.732 -113.161
-783.432 552.613 31.1264 -151.708 138.733 -113.16
-784.401 552.862 31.1358 -151.711 138.733 -113.16
-785.369 553.111 31.1452 -151.714 138.733 -113.161
-786.337 553.36 31.1547 -151.714 138.733 -113.161
-787.306 553.609 31.1641 -151.714 138.731 -113.158
-788.274 553.859 31.1735 -151.713 138.73 -113.157
-789.243 554.108 31.183 -151.713 138.73 -113.157
-790.211 554.357 31.1924 -151.71 138.729 -113.156
-791.18 554.606 31.2018 -151.711 138.729 -113.156
-792.148 554.855 31.2113 -151.71 138.729 -113.153
-793.116 555.105 31.2207 -151.71 138.728 -113.152
-794.085 555.354 31.2301 -151.713 138.727 -113.152
-795.053 555.603 31.2395 -151.713 138.727 -113.152
-796.022 555.852 31.249 -151.711 138.728 -113.15
-796.99 556.101 31.2584 -151.711 138.729 -113.149
-797.958 556.351 31.2678 -151.71 138.73 -113.147
-798.927 556.6 31.2773 -151.71 138.73 -113.147
-799.895 556.849 31.2867 -151.71 138.73 -113.146
-800.864 557.098 31.2961 -151.709 138.73 -113.145
-801.832 557.347 31.3056 -151.708 138.728 -113.141
-802.8 557.597 31.315 -151.708 138.728 -113.141
-803.769 557.846 31.3244 -151.706 138.726 -113.139
-804.737 558.095 31.3339 -151.708 138.726 -113.143
-805.706 558.344 31.3433 -151.711 138.727 -113.145
-806.674 558.593 31.3527 -151.714 138.728 -113.148
-807.642 558.843 31.3622 -151.714 138.728 -113.148
-808.611 559.092 31.3716 -151.716 138.728 -113.149
-809.579 559.341 31.381 -151.716 138.728 -113.148
-810.548 559.59 31.3904 -151.713 138.727 -113.143
-811.516 559.839 31.3999 -151.713 138.726 -113.141
-812.484 560.089 31.4093 -151.713 138.726 -113.141
-813.453 560.338 31.4187 -151.717 138.722 -113.139
-814.421 560.587 31.4282 -151.72 138.722 -113.137
-815.39 560.836 31.4376 -151.72 138.722 -113.137
-816.358 561.085 31.447 -151.72 138.722 -113.137
-817.326 561.335 31.4565 -151.72 138.722 -113.137
-818.295 561.584 31.4659 -151.72 138.722 -113.137
-819.263 561.833 31.4753 -151.72 138.722 -113.137
-820.232 562.082 31.4848 -151.72 138.722 -113.137
-821.2 562.331 31.4942 -151.72 138.722 -113.137
-822.168 562.581 31.5036 -151.72 138.722 -113.137
-823.137 562.83 31.513 -151.72 138.722 -113.137
-824.105 563.079 31.5225 -151.72 138.722 -113.137
-825.074 563.328 31.5319 -151.72 138.722 -113.137
-826.042 563.577 31.5413 -151.72 138.722 -113.137
-827.011 563.827 31.5508 -151.72 138.722 -113.137
-827.979 564.076 31.5602 -151.72 138.722 -113.137
-828.947 564.325 31.5696 -151.72 138.722 -113.137
-829.916 564.574 31.5791 -151.72 138.722 -113.137
2
-737.918 537.986 30.2221 -151.704 138.736 -113.172
-738.884 538.243 30.2318 -151.704 138.736 -113.172
-739.851 538.5 30.2414 -151.704 138.736 -113.172
-740.817 538.757 30.2511 -151.704 138.736 -113.172
-741.783 539.014 30.2607 -151.704 138.736 -113.172
-742.75 539.271 30.2704 -151.704 138.736 -113.172
-743.716 539.528 30.28 -151.704 138.736 -113.172
-744.683 539.785 30.2897 -151.704 138.736 -113.172
-745.649 540.042 30.2993 -151.704 138.736 -113.172
-746.615 540.299 30.309 -151.704 138.736 -113.172
-747.582 540.556 30.3186 -151.704 138.736 -113.172
-748.548 540.814 30.3283 -151.704 138.736 -113.172
-749.514 541.071 30.3379 -151.704 138.736 -113.172
-750.481 541.328 30.3476 -151.706 138.744 -113.184
-751.447 541.585 30.3572 -151.708 138.744 -113.197
-752.413 541.842 30.3669 -151.708 138.744 -113.197
-753.38 542.099 30.3766 -151.715 138.745 -113.209
-754.346 542.356 30.3862 -151.717 138.742 -113.211
-755.312 542.613 30.3959 -151.717 138.742 -113.211
-756.279 542.87 30.4055 -151.715 138.741 -113.201
-757.245 543.127 30.4152 -151.712 138.74 -113.194
-758.211 543.384 30.4248 -151.707 138.738 -113.183
-759.178 543.642 30.4345 -151.706 138.739 -113.181
-760.144 543.899 30.4441 -151.706 138.739 -113.181
-761.11 544.156 30.4538 -151.708 138.739 -113.182
-762.077 544.413 30.4634 -151.712 138.738 -113.183
-763.043 544.67 30.4731 -151.715 138.737 -113.185
-764.009 544.927 30.4827 -151.718 138.736 -113.184
-764.976 545.184 30.4924 -151.718 138.736 -113.184
-765.942 545.441 30.502 -151.718 138.734 -113.185
-766.908 545.698 30.5117 -151.716 138.735 -113.183
-767.875 545.955 30.5214 -151.716 138.735 -113.183
-768.841 546.212 30.531 -151.716 138.735 -113.183
-769.807 546.47 30.5407 -151.718 138.735 -113.184
-770.774 546.727 30.5503 -151.718 138.735 -113.184
-771.74 546.984 30.56 -151.716 138.735 -113.18
-772.706 547.241 30.5696 -151.712 138.734 -113.176
-773.673 547.498 30.5793 -151.708 138.733 -113.172
-774.639 547.755 30.5889 -151.707 138.733 -113.172
-775.605 548.012 30.5986 -151.707 138.733 -113.172
-776.572 548.269 30.6082 -151.706 138.733 -113.17
-777.538 548.526 30.6179 -151.708 138.733 -113.17
-778.504 548.783 30.6275 -151.711 138.732 -113.169
-779.471 549.04 30.6372 -151.711 138.732 -113.169
-780.437 549.298 30.6468 -151.712 138.732 -113.17
-781.403 549.555 30.6565 -151.712 138.732 -113.168
-782.37 549.812 30.6662 -151.708 138.732 -113.163
-783.336 550.069 30.6758 -151.708 138.732 -113.163
-784.302 550.326 30.6855 -151.706 138.733 -113.16
-785.269 550.583 30.6951 -151.707 138.734 -113.159
-786.235 550.84 30.7048 -151.709 138.735 -113.159
-787.201 551.097 30.7144 -151.712 138.733 -113.158
-788.168 551.354 30.7241 -151.712 138.733 -113.158
-789.134 551.611 30.7337 -151.715 138.731 -113.158
-790.1 551.868 30.7434 -151.716 138.73 -113.157
-791.067 552.126 30.753 -151.716 138.73 -113.157
-792.033 552.383 30.7627 -151.713 138.729 -113.155
-792.999 552.64 30.7723 -151.713 138.729 -113.155
-793.966 552.897 30.782 -151.713 138.729 -113.153
-794.932 553.154 30.7916 -151.711 138.728 -113.15
-795.898 553.411 30.8013 -151.713 138.726 -113.149
-796.865 553.668 30.8109 -151.713 138.726 -113.147
-797.831 553.925 30.8206 -151.713 138.726 -113.147
-798.797 554.182 30.8303 -151.711 138.728 -113.144
-799.764 554.439 30.8399 -151.711 138.728 -113.144
-800.73 554.697 30.8496 -151.709 138.728 -113.142
-801.696 554.954 30.8592 -151.708 138.728 -113.141
-802.663 555.211 30.8689 -151.708 138.728 -113.141
-803.629 555.468 30.8785 -151.706 138.727 -113.137
-804.595 555.725 30.8882 -151.705 138.725 -113.136
-805.562 555.982 30.8978 -151.705 138.725 -113.137
-806.528 556.239 30.9075 -151.705 138.725 -113.137
-807.495 556.496 30.9171 -151.709 138.726 -113.142
-808.461 556.753 30.9268 -151.712 138.727 -113.142
-809.427 557.01 30.9364 -151.714 138.728 -113.147
-810.394 557.267 30.9461 -151.714 138.728 -113.147
-811.36 557.525 30.9557 -151.714 138.728 -113.145
-812.326 557.782 30.9654 -151.714 138.729 -113.143
-813.293 558.039 30.9751 -151.714 138.727 -113.142
-814.259 558.296 30.9847 -151.714 138.727 -113.142
-815.225 558.553 30.9944 -151.719 138.724 -113.14
-816.192 558.81 31.004 -151.722 138.722 -113.14
-817.158 559.067 31.0137 -151.724 138.723 -113.14
-818.124 559.324 31.0233 -151.724 138.723 -113.14
-819.091 559.581 31.033 -151.724 138.723 -113.14
-820.057 559.838 31.0426 -151.724 138.723 -113.14
-821.023 560.095 31.0523 -151.724 138.723 -113.14
-821.99 560.353 31.0619 -151.724 138.723 -113.14
-822.956 560.61 31.0716 -151.724 138.723 -113.14
-823.922 560.867 31.0812 -151.724 138.723 -113.14
-824.889 561.124 31.0909 -151.724 138.723 -113.14
-825.855 561.381 31.1005 -151.724 138.723 -113.14
-826.821 561.638 31.1102 -151.724 138.723 -113.14
-827.788 561.895 31.1199 -151.724 138.723 -113.14
-828.754 562.152 31.1295 -151.724 138.723 -113.14
-829.72 562.409 31.1392 -151.724 138.723 -113.14
3
-739.782 530.324 30.4335 -151.702 138.725 -113.139
-740.75 530.575 30.4517 -151.702 138.725 -113.139
-741.718 530.826 30.4699 -151.702 138.725 -113.139
-742.686 531.077 30.488 -151.702 138.725 -113.139
-743.654 531.327 30.5062 -151.702 138.725 -113.139
-744.622 531.578 30.5244 -151.702 138.725 -113.139
-745.59 531.829 30.5425 -151.702 138.725 -113.139
-746.557 532.08 30.5607 -151.702 138.725 -113.139
-747.525 532.331 30.5788 -151.702 138.725 -113.139
-748.493 532.582 30.597 -151.702 138.725 -113.139
-749.461 532.832 30.6152 -151.702 138.725 -113.139
-750.429 533.083 30.6333 -151.702 138.725 -113.139
-751.397 533.334 30.6515 -151.702 138.725 -113.139
-752.365 533.585 30.6697 -151.702 138.725 -113.139
-753.332 533.836 30.6878 -151.702 138.725 -113.139
-754.3 534.087 30.706 -151.702 138.725 -113.139
-755.268 534.337 30.7242 -151.702 138.725 -113.139
-756.236 534.588 30.7423 -151.702 138.725 -113.139
-757.204 534.839 30.7605 -151.702 138.725 -113.139
-758.172 535.09 30.7787 -151.702 138.725 -113.139
-759.14 535.341 30.7968 -151.702 138.725 -113.139
-760.108 535.592 30.815 -151.702 138.725 -113.139
-761.075 535.842 30.8332 -151.702 138.725 -113.139
-762.043 536.093 30.8513 -151.702 138.725 -113.139
-763.011 536.344 30.8695 -151.702 138.725 -113.139
-763.979 536.595 30.8877 -151.702 138.725 -113.139
-764.947 536.846 30.9058 -151.702 138.725 -113.139
-765.915 537.097 30.924 -151.702 138.725 -113.139
-766.883 537.347 30.9422 -151.702 138.725 -113.139
-767.85 537.598 30.9603 -151.702 138.725 -113.139
-768.818 537.849 30.9785 -151.707 138.734 -113.147
-769.786 538.1 30.9967 -151.706 138.735 -113.157
-770.754 538.351 31.0148 -151.713 138.733 -113.165
-771.722 538.602 31.033 -151.713 138.733 -113.165
-772.69 538.852 31.0512 -151.713 138.728 -113.162
-773.658 539.103 31.0693 -151.713 138.727 -113.156
-774.625 539.354 31.0875 -151.717 138.728 -113.157
-775.593 539.605 31.1057 -151.717 138.73 -113.156
-776.561 539.856 31.1238 -151.717 138.73 -113.156
-777.529 540.107 31.142 -151.714 138.729 -113.15
-778.497 540.357 31.1602 -151.716 138.728 -113.148
-779.465 540.608 31.1783 -151.718 138.727 -113.146
-780.433 540.859 31.1965 -151.718 138.727 -113.146
-781.4 541.11 31.2147 -151.717 138.726 -113.142
-782.368 541.361 31.2328 -151.715 138.724 -113.141
-783.336 541.612 31.251 -151.714 138.722 -113.138
-784.304 541.863 31.2691 -151.714 138.722 -113.141
-785.272 542.113 31.2873 -151.715 138.723 -113.141
-786.24 542.364 31.3055 -151.715 138.723 -113.141
-787.208 542.615 31.3236 -151.716 138.724 -113.143
-788.175 542.866 31.3418 -151.717 138.725 -113.147
-789.143 543.117 31.36 -151.715 138.725 -113.147
-790.111 543.368 31.3781 -151.713 138.727 -113.146
-791.079 543.618 31.3963 -151.713 138.727 -113.146
-792.047 543.869 31.4145 -151.711 138.726 -113.141
-793.015 544.12 31.4326 -151.71 138.723 -113.138
-793.983 544.371 31.4508 -151.709 138.722 -113.136
-794.95 544.622 31.469 -151.71 138.723 -113.136
-795.918 544.873 31.4871 -151.71 138.723 -113.136
-796.886 545.123 31.5053 -151.71 138.723 -113.137
-797.854 545.374 31.5235 -151.71 138.723 -113.141
-798.822 545.625 31.5416 -151.712 138.724 -113.143
-799.79 545.876 31.5598 -151.711 138.726 -113.142
-800.758 546.127 31.578 -151.713 138.726 -113.143
-801.725 546.378 31.5961 -151.713 138.726 -113.143
-802.693 546.628 31.6143 -151.713 138.726 -113.141
-803.661 546.879 31.6325 -151.713 138.725 -113.138
-804.629 547.13 31.6506 -151.714 138.725 -113.136
-805.597 547.381 31.6688 -151.712 138.726 -113.137
-806.565 547.632 31.687 -151.712 138.726 -113.137
-807.533 547.883 31.7051 -151.71 138.727 -113.135
-808.5 548.133 31.7233 -151.71 138.726 -113.133
-809.468 548.384 31.7415 -151.711 138.727 -113.135
-810.436 548.635 31.7596 -151.712 138.727 -113.138
-811.404 548.886 31.7778 -151.713 138.725 -113.135
-812.372 549.137 31.796 -151.713 138.725 -113.135
-813.34 549.388 31.8141 -151.716 138.723 -113.135
-814.308 549.638 31.8323 -151.716 138.722 -113.133
-815.275 549.889 31.8505 -151.716 138.722 -113.133
-816.243 550.14 31.8686 -151.714 138.722 -113.132
-817.211 550.391 31.8868 -151.711 138.722 -113.128
-818.179 550.642 31.905 -151.711 138.722 -113.128
-819.147 550.893 31.9231 -151.71 138.723 -113.131
-820.115 551.143 31.9413 -151.715 138.723 -113.134
-821.083 551.394 31.9595 -151.718 138.721 -113.133
-822.05 551.645 31.9776 -151.721 138.721 -113.137
-823.018 551.896 31.9958 -151.721 138.721 -113.135
-823.986 552.147 32.0139 -151.721 138.721 -113.135
-824.954 552.398 32.0321 -151.721 138.721 -113.135
-825.922 552.648 32.0503 -151.721 138.721 -113.135
-826.89 552.899 32.0684 -151.721 138.721 -113.135
-827.858 553.15 32.0866 -151.721 138.721 -113.135
-828.826 553.401 32.1048 -151.721 138.721 -113.135
-829.793 553.652 32.1229 -151.721 138.721 -113.135
-830.761 553.903 32.1411 -151.721 138.721 -113.135
-831.729 554.153 32.1593 -151.721 138.721 -113.135
4
-739.508 537.066 29.476 -151.702 138.726 -113.138
-740.48 537.298 29.4886 -151.702 138.726 -113.138
-741.453 537.531 29.5012 -151.702 138.726 -113.138
-742.425 537.763 29.5137 -151.702 138.726 -113.138
-743.398 537.995 29.5263 -151.702 138.726 -113.138
-744.371 538.227 29.5388 -151.702 138.726 -113.138
-745.343 538.459 29.5514 -151.702 138.726 -113.138
-746.316 538.692 29.564 -151.702 138.726 -113.138
-747.288 538.924 29.5765 -151.702 138.726 -113.138
-748.261 539.156 29.5891 -151.702 138.726 -113.138
-749.233 539.388 29.6017 -151.702 138.726 -113.138
-750.206 539.62 29.6142 -151.702 138.726 -113.138
-751.179 539.852 29.6268 -151.702 138.726 -113.138
-752.151 540.085 29.6394 -151.702 138.726 -113.138
-753.124 540.317 29.6519 -151.702 138.726 -113.138
-754.096 540.549 29.6645 -151.702 138.726 -113.138
-755.069 540.781 29.6771 -151.702 138.726 -113.138
-756.042 541.013 29.6896 -151.702 138.726 -113.138
-757.014 541.246 29.7022 -151.702 138.726 -113.138
-757.987 541.478 29.7148 -151.702 138.726 -113.138
-758.959 541.71 29.7273 -151.702 138.726 -113.138
-759.932 541.942 29.7399 -151.702 138.726 -113.138
-760.905 542.174 29.7525 -151.702 138.726 -113.138
-761.877 542.407 29.765 -151.702 138.726 -113.138
-762.85 542.639 29.7776 -151.702 138.726 -113.138
-763.822 542.871 29.7902 -151.699 138.731 -113.145
-764.795 543.103 29.8027 -151.699 138.731 -113.145
-765.767 543.335 29.8153 -151.707 138.733 -113.161
-766.74 543.567 29.8278 -151.707 138.733 -113.161
-767.713 543.8 29.8404 -151.714 138.73 -113.168
-768.685 544.032 29.853 -151.713 138.728 -113.159
-769.658 544.264 29.8655 -151.712 138.729 -113.158
-770.63 544.496 29.8781 -151.714 138.731 -113.155
-771.603 544.728 29.8907 -151.714 138.731 -113.155
-772.576 544.961 29.9032 -151.709 138.729 -113.148
-773.548 545.193 29.9158 -151.709 138.728 -113.144
-774.521 545.425 29.9284 -151.714 138.726 -113.143
-775.493 545.657 29.9409 -151.714 138.726 -113.143
-776.466 545.889 29.9535 -151.715 138.724 -113.138
-777.439 546.122 29.9661 -151.714 138.723 -113.139
-778.411 546.354 29.9786 -151.715 138.722 -113.139
-779.384 546.586 29.9912 -151.718 138.721 -113.141
-780.356 546.818 30.0038 -151.718 138.721 -113.141
-781.329 547.05 30.0163 -151.717 138.721 -113.141
-782.302 547.282 30.0289 -151.719 138.722 -113.145
-783.274 547.515 30.0415 -151.719 138.724 -113.147
-784.247 547.747 30.054 -151.719 138.724 -113.147
-785.219 547.979 30.0666 -151.718 138.724 -113.147
-786.192 548.211 30.0791 -151.714 138.725 -113.145
-787.164 548.443 30.0917 -151.714 138.726 -113.141
-788.137 548.676 30.1043 -151.714 138.726 -113.141
-789.11 548.908 30.1168 -151.714 138.725 -113.14
-790.082 549.14 30.1294 -151.713 138.724 -113.139
-791.055 549.372 30.142 -151.714 138.724 -113.139
-792.027 549.604 30.1545 -151.714 138.724 -113.138
-793 549.837 30.1671 -151.713 138.724 -113.143
-793.973 550.069 30.1797 -151.713 138.724 -113.143
-794.945 550.301 30.1922 -151.713 138.725 -113.143
-795.918 550.533 30.2048 -151.713 138.725 -113.143
-796.89 550.765 30.2174 -151.713 138.727 -113.146
-797.863 550.998 30.2299 -151.713 138.726 -113.143
-798.836 551.23 30.2425 -151.713 138.726 -113.143
-799.808 551.462 30.2551 -151.713 138.725 -113.134
-800.781 551.694 30.2676 -151.713 138.725 -113.134
-801.753 551.926 30.2802 -151.711 138.726 -113.133
-802.726 552.158 30.2928 -151.709 138.726 -113.134
-803.698 552.391 30.3053 -151.709 138.726 -113.134
-804.671 552.623 30.3179 -151.709 138.726 -113.132
-805.644 552.855 30.3304 -151.71 138.726 -113.134
-806.616 553.087 30.343 -151.712 138.726 -113.136
-807.589 553.319 30.3556 -151.712 138.726 -113.136
-808.561 553.552 30.3681 -151.714 138.725 -113.135
-809.534 553.784 30.3807 -151.716 138.723 -113.133
-810.507 554.016 30.3933 -151.716 138.722 -113.133
-811.479 554.248 30.4058 -151.716 138.722 -113.133
-812.452 554.48 30.4184 -151.717 138.722 -113.132
-813.424 554.713 30.431 -151.715 138.722 -113.13
-814.397 554.945 30.4435 -151.715 138.722 -113.13
-815.37 555.177 30.4561 -151.714 138.724 -113.134
-816.342 555.409 30.4687 -151.719 138.723 -113.135
-817.315 555.641 30.4812 -151.721 138.722 -113.138
-818.287 555.873 30.4938 -151.721 138.722 -113.138
-819.26 556.106 30.5064 -151.723 138.721 -113.139
-820.233 556.338 30.5189 -151.724 138.721 -113.137
-821.205 556.57 30.5315 -151.724 138.721 -113.137
-822.178 556.802 30.5441 -151.724 138.721 -113.137
-823.15 557.034 30.5566 -151.724 138.721 -113.137
-824.123 557.267 30.5692 -151.724 138.721 -113.137
-825.095 557.499 30.5818 -151.724 138.721 -113.137
-826.068 557.731 30.5943 -151.724 138.721 -113.137
-827.041 557.963 30.6069 -151.724 138.721 -113.137
-828.013 558.195 30.6194 -151.724 138.721 -113.137
-828.986 558.428 30.632 -151.724 138.721 -113.137
-829.958 558.66 30.6446 -151.724 138.721 -113.137
-830.931 558.892 30.6571 -151.724 138.721 -113.137
-831.904 559.124 30.6697 -151.724 138.721 -113.137
5
-735.337 536.899 29.7997 -151.702 138.726 -113.143
-736.314 537.111 29.8163 -151.702 138.726 -113.143
-737.291 537.324 29.8328 -151.702 138.726 -113.143
-738.268 537.537 29.8494 -151.702 138.726 -113.143
-739.245 537.75 29.866 -151.702 138.726 -113.143
-740.222 537.963 29.8825 -151.702 138.726 -113.143
-741.199 538.176 29.8991 -151.702 138.726 -113.143
-742.176 538.389 29.9157 -151.702 138.726 -113.143
-743.153 538.602 29.9322 -151.702 138.726 -113.143
-744.13 538.815 29.9488 -151.702 138.726 -113.143
-745.106 539.028 29.9654 -151.702 138.726 -113.143
-746.083 539.24 29.9819 -151.702 138.726 -113.143
-747.06 539.453 29.9985 -151.702 138.726 -113.143
-748.037 539.666 30.0151 -151.702 138.726 -113.143
-749.014 539.879 30.0317 -151.702 138.726 -113.143
-749.991 540.092 30.0482 -151.702 138.726 -113.143
-750.968 540.305 30.0648 -151.702 138.726 -113.143
-751.945 540.518 30.0814 -151.702 138.726 -113.143
-752.922 540.731 30.0979 -151.702 138.726 -113.143
-753.899 540.944 30.1145 -151.702 138.726 -113.143
-754.876 541.157 30.1311 -151.702 138.726 -113.143
-755.853 541.37 30.1476 -151.702 138.726 -113.143
-756.83 541.582 30.1642 -151.702 138.726 -113.143
-757.807 541.795 30.1808 -151.702 138.726 -113.143
-758.784 542.008 30.1974 -151.702 138.726 -113.143
-759.76 542.221 30.2139 -151.702 138.726 -113.143
-760.737 542.434 30.2305 -151.702 138.726 -113.143
-761.714 542.647 30.2471 -151.702 138.726 -113.143
-762.691 542.86 30.2636 -151.702 138.726 -113.143
-763.668 543.073 30.2802 -151.701 138.732 -113.141
-764.645 543.286 30.2968 -151.701 138.731 -113.151
-765.622 543.499 30.3133 -151.711 138.731 -113.162
-766.599 543.712 30.3299 -151.711 138.731 -113.162
-767.576 543.924 30.3465 -151.712 138.727 -113.16
-768.553 544.137 30.363 -151.712 138.727 -113.154
-769.53 544.35 30.3796 -151.712 138.727 -113.154
-770.507 544.563 30.3962 -151.716 138.729 -113.155
-771.484 544.776 30.4128 -151.712 138.729 -113.148
-772.461 544.989 30.4293 -151.709 138.728 -113.143
-773.438 545.202 30.4459 -151.709 138.728 -113.143
-774.414 545.415 30.4625 -151.713 138.727 -113.141
-775.391 545.628 30.479 -151.716 138.725 -113.138
-776.368 545.841 30.4956 -151.715 138.723 -113.135
-777.345 546.053 30.5122 -151.715 138.722 -113.136
-778.322 546.266 30.5287 -151.717 138.722 -113.137
-779.299 546.479 30.5453 -151.717 138.722 -113.137
-780.276 546.692 30.5619 -151.719 138.722 -113.141
-781.253 546.905 30.5785 -151.717 138.723 -113.139
-782.23 547.118 30.595 -151.717 138.723 -113.139
-783.207 547.331 30.6116 -151.718 138.724 -113.143
-784.184 547.544 30.6282 -151.717 138.725 -113.145
-785.161 547.757 30.6447 -151.715 138.725 -113.143
-786.138 547.97 30.6613 -151.715 138.725 -113.143
-787.115 548.183 30.6779 -151.713 138.725 -113.14
-788.092 548.395 30.6944 -151.711 138.724 -113.139
-789.068 548.608 30.711 -151.711 138.723 -113.137
-790.045 548.821 30.7276 -151.711 138.723 -113.137
-791.022 549.034 30.7441 -151.711 138.722 -113.137
-791.999 549.247 30.7607 -151.711 138.722 -113.136
-792.976 549.46 30.7773 -151.711 138.722 -113.136
-793.953 549.673 30.7939 -151.71 138.723 -113.14
-794.93 549.886 30.8104 -151.711 138.725 -113.142
-795.907 550.099 30.827 -151.711 138.725 -113.142
-796.884 550.312 30.8436 -151.711 138.726 -113.143
-797.861 550.525 30.8601 -151.712 138.726 -113.143
-798.838 550.737 30.8767 -151.712 138.726 -113.14
-799.815 550.95 30.8933 -151.712 138.726 -113.14
-800.792 551.163 30.9098 -151.713 138.726 -113.137
-801.769 551.376 30.9264 -151.713 138.726 -113.137
-802.745 551.589 30.943 -151.713 138.727 -113.14
-803.722 551.802 30.9596 -151.712 138.728 -113.138
-804.699 552.015 30.9761 -151.714 138.728 -113.141
-805.676 552.228 30.9927 -151.714 138.728 -113.141
-806.653 552.441 31.0093 -151.715 138.728 -113.142
-807.63 552.654 31.0258 -151.717 138.729 -113.144
-808.607 552.866 31.0424 -151.717 138.726 -113.143
-809.584 553.079 31.059 -151.717 138.724 -113.14
-810.561 553.292 31.0755 -151.717 138.722 -113.137
-811.538 553.505 31.0921 -151.717 138.722 -113.137
-812.515 553.718 31.1087 -151.716 138.722 -113.136
-813.492 553.931 31.1252 -151.713 138.722 -113.133
-814.469 554.144 31.1418 -151.713 138.722 -113.133
-815.446 554.357 31.1584 -151.71 138.723 -113.134
-816.423 554.57 31.175 -151.715 138.724 -113.138
-817.399 554.783 31.1915 -151.718 138.722 -113.136
-818.376 554.996 31.2081 -151.718 138.722 -113.136
-819.353 555.208 31.2247 -151.72 138.72 -113.138
-820.33 555.421 31.2412 -151.721 138.721 -113.137
-821.307 555.634 31.2578 -151.721 138.721 -113.137
-822.284 555.847 31.2744 -151.721 138.721 -113.137
-823.261 556.06 31.2909 -151.721 138.721 -113.137
-824.238 556.273 31.3075 -151.721 138.721 -113.137
-825.215 556.486 31.3241 -151.721 138.721 -113.137
-826.192 556.699 31.3407 -151.721 138.721 -113.137
-827.169 556.912 31.3572 -151.721 138.721 -113.137
-828.146 557.125 31.3738 -151.721 138.721 -113.137
6
-739.843 539.598 31.1588 -151.702 138.725 -113.139
-740.815 539.829 31.1714 -151.702 138.725 -113.139
-741.788 540.06 31.184 -151.702 138.725 -113.139
-742.761 540.291 31.1966 -151.702 138.725 -113.139
-743.734 540.522 31.2091 -151.702 138.725 -113.139
-744.707 540.753 31.2217 -151.702 138.725 -113.139
-745.68 540.985 31.2343 -151.702 138.725 -113.139
-746.653 541.216 31.2469 -151.702 138.725 -113.139
-747.625 541.447 31.2595 -151.702 138.725 -113.139
-748.598 541.678 31.2721 -151.702 138.725 -113.139
-749.571 541.909 31.2846 -151.702 138.725 -113.139
-750.544 542.14 31.2972 -151.702 138.725 -113.139
-751.517 542.371 31.3098 -151.702 138.725 -113.139
-752.49 542.602 31.3224 -151.702 138.725 -113.139
-753.463 542.833 31.335 -151.702 138.725 -113.139
-754.435 543.064 31.3475 -151.702 138.725 -113.139
-755.408 543.295 31.3601 -151.702 138.725 -113.139
-756.381 543.526 31.3727 -151.702 138.725 -113.139
-757.354 543.757 31.3853 -151.702 138.725 -113.139
-758.327 543.988 31.3979 -151.702 138.725 -113.139
-759.3 544.219 31.4105 -151.702 138.725 -113.139
-760.273 544.45 31.423 -151.702 138.725 -113.139
-761.246 544.681 31.4356 -151.702 138.725 -113.139
-762.218 544.912 31.4482 -151.7 138.731 -113.143
-763.191 545.143 31.4608 -151.704 138.732 -113.156
-764.164 545.374 31.4734 -151.714 138.732 -113.167
-765.137 545.605 31.4859 -151.717 138.729 -113.168
-766.11 545.836 31.4985 -151.716 138.729 -113.16
-767.083 546.067 31.5111 -151.716 138.729 -113.16
-768.056 546.298 31.5237 -151.717 138.729 -113.157
-769.028 546.529 31.5363 -151.713 138.73 -113.152
-770.001 546.76 31.5489 -151.713 138.73 -113.152
-770.974 546.991 31.5614 -151.709 138.728 -113.146
-771.947 547.222 31.574 -151.712 138.728 -113.145
-772.92 547.454 31.5866 -151.716 138.726 -113.142
-773.893 547.685 31.5992 -151.716 138.724 -113.141
-774.866 547.916 31.6118 -151.716 138.724 -113.141
-775.838 548.147 31.6244 -151.716 138.723 -113.142
-776.811 548.378 31.6369 -151.717 138.723 -113.142
-777.784 548.609 31.6495 -151.717 138.723 -113.143
-778.757 548.84 31.6621 -151.716 138.724 -113.143
-779.73 549.071 31.6747 -151.716 138.724 -113.143
-780.703 549.302 31.6873 -151.717 138.725 -113.146
-781.676 549.533 31.6998 -151.717 138.726 -113.148
-782.649 549.764 31.7124 -151.717 138.726 -113.148
-783.621 549.995 31.725 -151.713 138.726 -113.146
-784.594 550.226 31.7376 -151.71 138.726 -113.142
-785.567 550.457 31.7502 -151.709 138.725 -113.139
-786.54 550.688 31.7628 -151.711 138.723 -113.138
-787.513 550.919 31.7753 -151.711 138.723 -113.138
-788.486 551.15 31.7879 -151.712 138.723 -113.139
-789.459 551.381 31.8005 -151.712 138.723 -113.136
-790.431 551.612 31.8131 -151.712 138.723 -113.136
-791.404 551.843 31.8257 -151.711 138.724 -113.139
-792.377 552.074 31.8382 -151.712 138.724 -113.143
-793.35 552.305 31.8508 -151.712 138.724 -113.143
-794.323 552.536 31.8634 -151.712 138.726 -113.14
-795.296 552.767 31.876 -151.713 138.726 -113.143
-796.269 552.998 31.8886 -151.714 138.725 -113.14
-797.241 553.229 31.9012 -151.714 138.724 -113.135
-798.214 553.46 31.9137 -151.714 138.724 -113.135
-799.187 553.691 31.9263 -151.714 138.725 -113.136
-800.16 553.923 31.9389 -151.712 138.727 -113.136
-801.133 554.154 31.9515 -151.712 138.727 -113.136
-802.106 554.385 31.9641 -151.711 138.727 -113.134
-803.079 554.616 31.9766 -151.711 138.727 -113.134
-804.052 554.847 31.9892 -151.711 138.726 -113.135
-805.024 555.078 32.0018 -151.713 138.726 -113.136
-805.997 555.309 32.0144 -151.714 138.724 -113.135
-806.97 555.54 32.027 -151.716 138.722 -113.134
-807.943 555.771 32.0396 -151.715 138.722 -113.132
-808.916 556.002 32.0521 -151.715 138.722 -113.132
-809.889 556.233 32.0647 -151.714 138.722 -113.132
-810.862 556.464 32.0773 -151.713 138.723 -113.129
-811.834 556.695 32.0899 -151.711 138.724 -113.132
-812.807 556.926 32.1025 -151.713 138.724 -113.134
-813.78 557.157 32.115 -151.713 138.724 -113.134
-814.753 557.388 32.1276 -151.717 138.723 -113.135
-815.726 557.619 32.1402 -151.719 138.721 -113.135
-816.699 557.85 32.1528 -151.722 138.721 -113.137
-817.672 558.081 32.1654 -151.722 138.721 -113.137
-818.644 558.312 32.178 -151.722 138.721 -113.137
-819.617 558.543 32.1905 -151.722 138.721 -113.137
-820.59 558.774 32.2031 -151.722 138.721 -113.137
-821.563 559.005 32.2157 -151.722 138.721 -113.137
-822.536 559.236 32.2283 -151.722 138.721 -113.137
-823.509 559.467 32.2409 -151.722 138.721 -113.137
-824.482 559.698 32.2534 -151.722 138.721 -113.137
-825.455 559.929 32.266 -151.722 138.721 -113.137
-826.427 560.16 32.2786 -151.722 138.721 -113.137
-827.4 560.392 32.2912 -151.722 138.721 -113.137
-828.373 560.623 32.3038 -151.722 138.721 -113.137
-829.346 560.854 32.3164 -151.722 138.721 -113.137
-830.319 561.085 32.3289 -151.722 138.721 -113.137
-831.292 561.316 32.3415 -151.722 138.721 -113.137
-832.265 561.547 32.3541 -151.722 138.721 -113.137
7
-737.932 537.717 30.1852 -151.702 138.724 -113.14
-738.903 537.954 30.2055 -151.702 138.724 -113.14
-739.874 538.191 30.2259 -151.702 138.724 -113.14
-740.846 538.428 30.2463 -151.702 138.724 -113.14
-741.817 538.665 30.2667 -151.702 138.724 -113.14
-742.788 538.902 30.287 -151.702 138.724 -113.14
-743.759 539.139 30.3074 -151.702 138.724 -113.14
-744.731 539.376 30.3278 -151.702 138.724 -113.14
-745.702 539.613 30.3482 -151.702 138.724 -113.14
-746.673 539.85 30.3686 -151.702 138.724 -113.14
-747.645 540.087 30.3889 -151.702 138.724 -113.14
-748.616 540.325 30.4093 -151.702 138.724 -113.14
-749.587 540.562 30.4297 -151.702 138.724 -113.14
-750.558 540.799 30.4501 -151.702 138.724 -113.14
-751.53 541.036 30.4704 -151.702 138.724 -113.14
-752.501 541.273 30.4908 -151.702 138.724 -113.14
-753.472 541.51 30.5112 -151.702 138.724 -113.14
-754.443 541.747 30.5316 -151.702 138.724 -113.14
-755.415 541.984 30.552 -151.702 138.724 -113.14
-756.386 542.221 30.5723 -151.702 138.724 -113.14
-757.357 542.458 30.5927 -151.702 138.724 -113.14
-758.329 542.696 30.6131 -151.702 138.724 -113.14
-759.3 542.933 30.6335 -151.702 138.724 -113.14
-760.271 543.17 30.6539 -151.702 138.724 -113.14
-761.242 543.407 30.6742 -151.702 138.724 -113.14
-762.214 543.644 30.6946 -151.702 138.724 -113.14
-763.185 543.881 30.715 -151.701 138.732 -113.144
-764.156 544.118 30.7354 -151.703 138.731 -113.155
-765.127 544.355 30.7557 -151.714 138.732 -113.166
-766.099 544.592 30.7761 -151.714 138.732 -113.166
-767.07 544.829 30.7965 -151.716 138.729 -113.167
-768.041 545.066 30.8169 -151.715 138.728 -113.158
-769.013 545.304 30.8373 -151.717 138.729 -113.156
-769.984 545.541 30.8576 -151.713 138.729 -113.151
-770.955 545.778 30.878 -151.713 138.729 -113.151
-771.926 546.015 30.8984 -151.708 138.729 -113.142
-772.898 546.252 30.9188 -151.713 138.728 -113.143
-773.869 546.489 30.9391 -151.713 138.728 -113.143
-774.84 546.726 30.9595 -151.716 138.727 -113.141
-775.811 546.963 30.9799 -151.715 138.726 -113.142
-776.783 547.2 31.0003 -151.715 138.724 -113.14
-777.754 547.437 31.0207 -151.718 138.723 -113.141
-778.725 547.674 31.041 -151.718 138.722 -113.141
-779.697 547.912 31.0614 -151.718 138.722 -113.141
-780.668 548.149 31.0818 -151.716 138.723 -113.142
-781.639 548.386 31.1022 -151.718 138.725 -113.146
-782.61 548.623 31.1225 -151.717 138.726 -113.148
-783.582 548.86 31.1429 -151.717 138.726 -113.148
-784.553 549.097 31.1633 -151.713 138.726 -113.145
-785.524 549.334 31.1837 -151.71 138.725 -113.142
-786.495 549.571 31.2041 -151.71 138.725 -113.142
-787.467 549.808 31.2244 -151.708 138.724 -113.139
-788.438 550.045 31.2448 -151.71 138.723 -113.138
-789.409 550.282 31.2652 -151.71 138.722 -113.137
-790.381 550.52 31.2856 -151.71 138.722 -113.137
-791.352 550.757 31.3059 -151.71 138.723 -113.137
-792.323 550.994 31.3263 -151.711 138.723 -113.141
-793.294 551.231 31.3467 -151.711 138.723 -113.141
-794.266 551.468 31.3671 -151.711 138.725 -113.142
-795.237 551.705 31.3875 -151.712 138.726 -113.142
-796.208 551.942 31.4078 -151.712 138.726 -113.142
-797.179 552.179 31.4282 -151.712 138.725 -113.141
-798.151 552.416 31.4486 -151.713 138.725 -113.137
-799.122 552.653 31.469 -151.713 138.725 -113.137
-800.093 552.89 31.4893 -151.714 138.726 -113.137
-801.065 553.128 31.5097 -151.713 138.727 -113.137
-802.036 553.365 31.5301 -151.711 138.727 -113.135
-803.007 553.602 31.5505 -151.711 138.727 -113.135
-803.978 553.839 31.5709 -151.711 138.727 -113.134
-804.95 554.076 31.5912 -151.712 138.727 -113.137
-805.921 554.313 31.6116 -151.713 138.726 -113.136
-806.892 554.55 31.632 -151.714 138.724 -113.135
-807.863 554.787 31.6524 -151.714 138.724 -113.135
-808.835 555.024 31.6727 -151.715 138.723 -113.134
-809.806 555.261 31.6931 -151.715 138.722 -113.134
-810.777 555.499 31.7135 -151.714 138.723 -113.131
-811.749 555.736 31.7339 -151.71 138.723 -113.129
-812.72 555.973 31.7543 -151.71 138.723 -113.129
-813.691 556.21 31.7746 -151.711 138.723 -113.132
-814.662 556.447 31.795 -151.716 138.722 -113.134
-815.634 556.684 31.8154 -151.716 138.722 -113.134
-816.605 556.921 31.8358 -151.719 138.72 -113.134
-817.576 557.158 31.8562 -151.72 138.719 -113.135
-818.547 557.395 31.8765 -151.72 138.719 -113.135
-819.519 557.632 31.8969 -151.72 138.719 -113.135
-820.49 557.869 31.9173 -151.72 138.719 -113.135
-821.461 558.107 31.9377 -151.72 138.719 -113.135
-822.433 558.344 31.958 -151.72 138.719 -113.135
-823.404 558.581 31.9784 -151.72 138.719 -113.135
-824.375 558.818 31.9988 -151.72 138.719 -113.135
-825.346 559.055 32.0192 -151.72 138.719 -113.135
-826.318 559.292 32.0396 -151.72 138.719 -113.135
-827.289 559.529 32.0599 -151.72 138.719 -113.135
-828.26 559.766 32.0803 -151.72 138.719 -113.135
-829.231 560.003 32.1007 -151.72 138.719 -113.135
-830.203 560.24 32.1211 -151.72 138.719 -113.135
8
-737.102 538.664 29.9491 -151.704 138.724 -113.141
-738.077 538.888 29.963 -151.704 138.724 -113.141
-739.051 539.112 29.9768 -151.704 138.724 -113.141
-740.026 539.336 29.9907 -151.704 138.724 -113.141
-741 539.56 30.0045 -151.704 138.724 -113.141
-741.975 539.783 30.0184 -151.704 138.724 -113.141
-742.949 540.007 30.0322 -151.704 138.724 -113.141
-743.924 540.231 30.0461 -151.704 138.724 -113.141
-744.898 540.455 30.0599 -151.704 138.724 -113.141
-745.873 540.679 30.0738 -151.704 138.724 -113.141
-746.847 540.903 30.0877 -151.704 138.724 -113.141
-747.822 541.127 30.1015 -151.704 138.724 -113.141
-748.796 541.351 30.1154 -151.704 138.724 -113.141
-749.771 541.574 30.1292 -151.704 138.724 -113.141
-750.745 541.798 30.1431 -151.704 138.724 -113.141
-751.72 542.022 30.1569 -151.704 138.724 -113.141
-752.694 542.246 30.1708 -151.704 138.724 -113.141
-753.669 542.47 30.1846 -151.704 138.724 -113.141
-754.643 542.694 30.1985 -151.704 138.724 -113.141
-755.618 542.918 30.2124 -151.704 138.724 -113.141
-756.593 543.141 30.2262 -151.704 138.724 -113.141
-757.567 543.365 30.2401 -151.704 138.724 -113.141
-758.542 543.589 30.2539 -151.704 138.724 -113.141
-759.516 543.813 30.2678 -151.704 138.724 -113.141
-760.491 544.037 30.2816 -151.704 138.724 -113.141
-761.465 544.261 30.2955 -151.704 138.724 -113.141
-762.44 544.485 30.3093 -151.699 138.732 -113.145
-763.414 544.708 30.3232 -151.705 138.733 -113.158
-764.389 544.932 30.3371 -151.705 138.733 -113.158
-765.363 545.156 30.3509 -151.712 138.731 -113.164
-766.338 545.38 30.3648 -151.717 138.729 -113.167
-767.312 545.604 30.3786 -151.716 138.728 -113.157
-768.287 545.828 30.3925 -151.716 138.728 -113.157
-769.261 546.052 30.4063 -151.718 138.729 -113.156
-770.236 546.275 30.4202 -151.713 138.73 -113.152
-771.21 546.499 30.434 -151.708 138.729 -113.145
-772.185 546.723 30.4479 -151.711 138.729 -113.143
-773.159 546.947 30.4617 -151.714 138.728 -113.142
-774.134 547.171 30.4756 -151.714 138.728 -113.142
-775.108 547.395 30.4895 -151.715 138.727 -113.14
-776.083 547.619 30.5033 -151.715 138.724 -113.14
-777.057 547.843 30.5172 -151.717 138.724 -113.141
-778.032 548.066 30.531 -151.719 138.723 -113.143
-779.007 548.29 30.5449 -151.719 138.723 -113.143
-779.981 548.514 30.5587 -151.717 138.723 -113.142
-780.956 548.738 30.5726 -151.718 138.723 -113.144
-781.93 548.962 30.5864 -151.717 138.725 -113.146
-782.905 549.186 30.6003 -151.715 138.726 -113.146
-783.879 549.41 30.6142 -151.715 138.726 -113.146
-784.854 549.633 30.628 -151.712 138.726 -113.145
-785.828 549.857 30.6419 -151.71 138.726 -113.14
-786.803 550.081 30.6557 -151.709 138.724 -113.138
-787.777 550.305 30.6696 -151.71 138.722 -113.137
-788.752 550.529 30.6834 -151.71 138.722 -113.137
-789.726 550.753 30.6973 -151.71 138.722 -113.136
-790.701 550.977 30.7111 -151.71 138.722 -113.136
-791.675 551.2 30.725 -151.711 138.722 -113.14
-792.65 551.424 30.7389 -151.711 138.722 -113.14
-793.624 551.648 30.7527 -151.713 138.724 -113.142
-794.599 551.872 30.7666 -151.711 138.726 -113.141
-795.573 552.096 30.7804 -151.711 138.726 -113.141
-796.548 552.32 30.7943 -151.713 138.726 -113.143
-797.522 552.544 30.8081 -151.712 138.725 -113.138
-798.497 552.768 30.822 -151.713 138.725 -113.136
-799.471 552.991 30.8358 -151.715 138.726 -113.137
-800.446 553.215 30.8497 -151.715 138.726 -113.137
-801.421 553.439 30.8635 -151.713 138.728 -113.138
-802.395 553.663 30.8774 -151.711 138.728 -113.136
-803.37 553.887 30.8913 -151.71 138.727 -113.135
-804.344 554.111 30.9051 -151.71 138.727 -113.135
-805.319 554.335 30.919 -151.711 138.727 -113.136
-806.293 554.558 30.9328 -151.712 138.726 -113.137
-807.268 554.782 30.9467 -151.714 138.723 -113.135
-808.242 555.006 30.9605 -151.714 138.723 -113.135
-809.217 555.23 30.9744 -151.715 138.722 -113.134
-810.191 555.454 30.9882 -151.714 138.722 -113.132
-811.166 555.678 31.0021 -151.714 138.722 -113.132
-812.14 555.902 31.016 -151.713 138.723 -113.131
-813.115 556.125 31.0298 -151.71 138.723 -113.131
-814.089 556.349 31.0437 -151.71 138.723 -113.131
-815.064 556.573 31.0575 -151.716 138.723 -113.136
-816.038 556.797 31.0714 -151.719 138.721 -113.135
-817.013 557.021 31.0852 -151.72 138.719 -113.135
-817.987 557.245 31.0991 -151.72 138.719 -113.135
-818.962 557.469 31.1129 -151.719 138.72 -113.133
-819.936 557.692 31.1268 -151.719 138.72 -113.133
-820.911 557.916 31.1407 -151.719 138.72 -113.133
-821.885 558.14 31.1545 -151.719 138.72 -113.133
-822.86 558.364 31.1684 -151.719 138.72 -113.133
-823.835 558.588 31.1822 -151.719 138.72 -113.133
-824.809 558.812 31.1961 -151.719 138.72 -113.133
-825.784 559.036 31.2099 -151.719 138.72 -113.133
-826.758 559.26 31.2238 -151.719 138.72 -113.133
-827.733 559.483 31.2376 -151.719 138.72 -113.133
-828.707 559.707 31.2515 -151.719 138.72 -113.133
-829.682 559.931 31.2653 -151.719 138.72 -113.133
9
-739.771 540.859 31.1999 -151.705 138.726 -113.143
-740.745 541.086 31.2021 -151.705 138.726 -113.143
-741.719 541.313 31.2042 -151.705 138.726 -113.143
-742.693 541.54 31.2064 -151.705 138.726 -113.143
-743.667 541.767 31.2086 -151.705 138.726 -113.143
-744.641 541.994 31.2108 -151.705 138.726 -113.143
-745.615 542.221 31.213 -151.705 138.726 -113.143
-746.588 542.448 31.2151 -151.705 138.726 -113.143
-747.562 542.675 31.2173 -151.705 138.726 -113.143
-748.536 542.902 31.2195 -151.705 138.726 -113.143
-749.51 543.129 31.2217 -151.705 138.726 -113.143
-750.484 543.356 31.2239 -151.705 138.726 -113.143
-751.458 543.583 31.226 -151.705 138.726 -113.143
-752.432 543.81 31.2282 -151.705 138.726 -113.143
-753.406 544.037 31.2304 -151.705 138.726 -113.143
-754.38 544.264 31.2326 -151.705 138.726 -113.143
-755.353 544.491 31.2348 -151.705 138.726 -113.143
-756.327 544.718 31.2369 -151.705 138.726 -113.143
-757.301 544.945 31.2391 -151.705 138.726 -113.143
-758.275 545.172 31.2413 -151.705 138.726 -113.143
-759.249 545.399 31.2435 -151.705 138.726 -113.143
-760.223 545.626 31.2457 -151.705 138.726 -113.143
-761.197 545.853 31.2478 -151.7 138.731 -113.141
-762.171 546.08 31.25 -151.703 138.731 -113.154
-763.145 546.307 31.2522 -151.711 138.731 -113.162
-764.118 546.534 31.2544 -151.711 138.731 -113.162
-765.092 546.761 31.2566 -151.711 138.728 -113.158
-766.066 546.988 31.2587 -151.71 138.728 -113.152
-767.04 547.215 31.2609 -151.713 138.729 -113.153
-768.014 547.442 31.2631 -151.713 138.729 -113.153
-768.988 547.669 31.2653 -151.709 138.729 -113.146
-769.962 547.896 31.2675 -151.709 138.728 -113.143
-770.936 548.123 31.2696 -151.711 138.727 -113.141
-771.91 548.35 31.2718 -151.714 138.726 -113.139
-772.883 548.577 31.274 -151.715 138.724 -113.137
-773.857 548.804 31.2762 -151.713 138.723 -113.135
-774.831 549.031 31.2783 -151.715 138.723 -113.139
-775.805 549.258 31.2805 -151.715 138.723 -113.139
-776.779 549.485 31.2827 -151.717 138.722 -113.139
-777.753 549.712 31.2849 -151.718 138.723 -113.14
-778.727 549.939 31.2871 -151.717 138.723 -113.14
-779.701 550.166 31.2892 -151.718 138.724 -113.144
-780.675 550.393 31.2914 -151.719 138.725 -113.146
-781.648 550.62 31.2936 -151.717 138.724 -113.144
-782.622 550.847 31.2958 -151.714 138.724 -113.143
-783.596 551.074 31.298 -151.714 138.724 -113.143
-784.57 551.301 31.3001 -151.712 138.724 -113.14
-785.544 551.528 31.3023 -151.712 138.724 -113.139
-786.518 551.755 31.3045 -151.713 138.722 -113.138
-787.492 551.982 31.3067 -151.713 138.723 -113.139
-788.466 552.209 31.3089 -151.713 138.723 -113.139
-789.44 552.436 31.311 -151.712 138.723 -113.136
-790.413 552.663 31.3132 -151.711 138.723 -113.142
-791.387 552.89 31.3154 -151.712 138.724 -113.144
-792.361 553.117 31.3176 -151.712 138.724 -113.144
-793.335 553.344 31.3198 -151.712 138.726 -113.144
-794.309 553.571 31.3219 -151.713 138.727 -113.145
-795.283 553.798 31.3241 -151.713 138.727 -113.142
-796.257 554.025 31.3263 -151.713 138.727 -113.142
-797.231 554.253 31.3285 -151.713 138.726 -113.137
-798.205 554.48 31.3307 -151.713 138.726 -113.136
-799.178 554.707 31.3328 -151.711 138.727 -113.136
-800.152 554.934 31.335 -151.711 138.727 -113.136
-801.126 555.161 31.3372 -151.71 138.727 -113.136
-802.1 555.388 31.3394 -151.712 138.727 -113.137
-803.074 555.615 31.3416 -151.713 138.728 -113.14
-804.048 555.842 31.3437 -151.713 138.728 -113.14
-805.022 556.069 31.3459 -151.714 138.728 -113.14
-805.996 556.296 31.3481 -151.715 138.725 -113.137
-806.97 556.523 31.3503 -151.715 138.723 -113.135
-807.943 556.75 31.3524 -151.715 138.722 -113.133
-808.917 556.977 31.3546 -151.715 138.722 -113.133
-809.891 557.204 31.3568 -151.714 138.722 -113.131
-810.865 557.431 31.359 -151.712 138.723 -113.13
-811.839 557.658 31.3612 -151.712 138.723 -113.13
-812.813 557.885 31.3633 -151.713 138.724 -113.135
-813.787 558.112 31.3655 -151.72 138.722 -113.138
-814.761 558.339 31.3677 -151.72 138.722 -113.138
-815.735 558.566 31.3699 -151.723 138.721 -113.139
-816.708 558.793 31.3721 -151.723 138.72 -113.138
-817.682 559.02 31.3742 -151.723 138.72 -113.138
-818.656 559.247 31.3764 -151.723 138.72 -113.138
-819.63 559.474 31.3786 -151.723 138.72 -113.138
-820.604 559.701 31.3808 -151.723 138.72 -113.138
-821.578 559.928 31.383 -151.723 138.72 -113.138
-822.552 560.155 31.3851 -151.723 138.72 -113.138
-823.526 560.382 31.3873 -151.723 138.72 -113.138
-824.5 560.609 31.3895 -151.723 138.72 -113.138
-825.473 560.836 31.3917 -151.723 138.72 -113.138
-826.447 561.063 31.3939 -151.723 138.72 -113.138
-827.421 561.29 31.396 -151.723 138.72 -113.138
-828.395 561.517 31.3982 -151.723 138.72 -113.138
-829.369 561.744 31.4004 -151.723 138.72 -113.138
-830.343 561.971 31.4026 -151.723 138.72 -113.138
-831.317 562.198 31.4048 -151.723 138.72 -113.138
-832.291 562.425 31.4069 -151.723 138.72 -113.138
10
-738.534 536.52 30.6756 -151.703 138.726 -113.145
-739.501 536.774 30.6758 -151.703 138.726 -113.145
-740.468 537.028 30.676 -151.703 138.726 -113.145
-741.436 537.281 30.6762 -151.703 138.726 -113.145
-742.403 537.535 30.6764 -151.703 138.726 -113.145
-743.37 537.789 30.6766 -151.703 138.726 -113.145
-744.337 538.043 30.6768 -151.703 138.726 -113.145
-745.305 538.296 30.6771 -151.703 138.726 -113.145
-746.272 538.55 30.6773 -151.703 138.726 -113.145
-747.239 538.804 30.6775 -151.703 138.726 -113.145
-748.206 539.058 30.6777 -151.703 138.726 -113.145
-749.174 539.311 30.6779 -151.703 138.726 -113.145
-750.141 539.565 30.6781 -151.703 138.726 -113.145
-751.108 539.819 30.6783 -151.703 138.726 -113.145
-752.076 540.073 30.6785 -151.703 138.726 -113.145
-753.043 540.326 30.6787 -151.703 138.726 -113.145
-754.01 540.58 30.6789 -151.703 138.726 -113.145
-754.977 540.834 30.6792 -151.703 138.726 -113.145
-755.945 541.088 30.6794 -151.703 138.726 -113.145
-756.912 541.341 30.6796 -151.703 138.726 -113.145
-757.879 541.595 30.6798 -151.703 138.726 -113.145
-758.846 541.849 30.68 -151.703 138.726 -113.145
-759.814 542.103 30.6802 -151.703 138.726 -113.145
-760.781 542.357 30.6804 -151.703 138.726 -113.145
-761.748 542.61 30.6806 -151.703 138.726 -113.145
-762.715 542.864 30.6808 -151.703 138.726 -113.145
-763.683 543.118 30.681 -151.7 138.728 -113.14
-764.65 543.372 30.6813 -151.704 138.73 -113.15
-765.617 543.625 30.6815 -151.71 138.728 -113.158
-766.585 543.879 30.6817 -151.71 138.73 -113.158
-767.552 544.133 30.6819 -151.71 138.73 -113.158
-768.519 544.387 30.6821 -151.708 138.73 -113.15
-769.486 544.64 30.6823 -151.709 138.729 -113.148
-770.454 544.894 30.6825 -151.71 138.728 -113.145
-771.421 545.148 30.6827 -151.709 138.728 -113.142
-772.388 545.402 30.6829 -151.709 138.728 -113.142
-773.355 545.655 30.6831 -151.709 138.728 -113.138
-774.323 545.909 30.6833 -151.711 138.727 -113.134
-775.29 546.163 30.6836 -151.711 138.726 -113.133
-776.257 546.417 30.6838 -151.714 138.727 -113.136
-777.224 546.67 30.684 -151.719 138.726 -113.139
-778.192 546.924 30.6842 -151.719 138.726 -113.139
-779.159 547.178 30.6844 -151.72 138.725 -113.141
-780.126 547.432 30.6846 -151.717 138.722 -113.137
-781.094 547.685 30.6848 -151.717 138.721 -113.14
-782.061 547.939 30.685 -151.717 138.721 -113.142
-783.028 548.193 30.6852 -151.717 138.721 -113.142
-783.995 548.447 30.6854 -151.719 138.722 -113.145
-784.963 548.7 30.6857 -151.719 138.725 -113.147
-785.93 548.954 30.6859 -151.715 138.725 -113.143
-786.897 549.208 30.6861 -151.711 138.723 -113.14
-787.864 549.462 30.6863 -151.711 138.723 -113.14
-788.832 549.716 30.6865 -151.71 138.722 -113.139
-789.799 549.969 30.6867 -151.709 138.72 -113.137
-790.766 550.223 30.6869 -151.709 138.72 -113.137
-791.734 550.477 30.6871 -151.709 138.721 -113.138
-792.701 550.731 30.6873 -151.711 138.725 -113.147
-793.668 550.984 30.6875 -151.711 138.725 -113.147
-794.635 551.238 30.6878 -151.709 138.728 -113.145
-795.603 551.492 30.688 -151.707 138.729 -113.144
-796.57 551.746 30.6882 -151.706 138.73 -113.143
-797.537 551.999 30.6884 -151.706 138.73 -113.143
-798.504 552.253 30.6886 -151.707 138.728 -113.14
-799.472 552.507 30.6888 -151.712 138.729 -113.14
-800.439 552.761 30.689 -151.714 138.732 -113.145
-801.406 553.014 30.6892 -151.712 138.733 -113.145
-802.373 553.268 30.6894 -151.712 138.733 -113.145
-803.341 553.522 30.6896 -151.711 138.732 -113.142
-804.308 553.776 30.6899 -151.711 138.73 -113.141
-805.275 554.029 30.6901 -151.712 138.729 -113.143
-806.243 554.283 30.6903 -151.716 138.727 -113.144
-807.21 554.537 30.6905 -151.72 138.725 -113.145
-808.177 554.791 30.6907 -151.72 138.725 -113.145
-809.144 555.044 30.6909 -151.72 138.724 -113.145
-810.112 555.298 30.6911 -151.718 138.724 -113.143
-811.079 555.552 30.6913 -151.717 138.723 -113.138
-812.046 555.806 30.6915 -151.711 138.72 -113.133
-813.013 556.059 30.6917 -151.711 138.719 -113.134
-813.981 556.313 30.6919 -151.711 138.719 -113.134
-814.948 556.567 30.6922 -151.715 138.719 -113.137
-815.915 556.821 30.6924 -151.715 138.72 -113.137
-816.882 557.074 30.6926 -151.715 138.72 -113.138
-817.85 557.328 30.6928 -151.717 138.719 -113.136
-818.817 557.582 30.693 -151.717 138.719 -113.136
-819.784 557.836 30.6932 -151.717 138.719 -113.136
-820.752 558.09 30.6934 -151.717 138.719 -113.136
-821.719 558.343 30.6936 -151.717 138.719 -113.136
-822.686 558.597 30.6938 -151.717 138.719 -113.136
-823.653 558.851 30.694 -151.717 138.719 -113.136
-824.621 559.105 30.6943 -151.717 138.719 -113.136
-825.588 559.358 30.6945 -151.717 138.719 -113.136
-826.555 559.612 30.6947 -151.717 138.719 -113.136
-827.522 559.866 30.6949 -151.717 138.719 -113.136
-828.49 560.12 30.6951 -151.717 138.719 -113.136
-829.457 560.373 30.6953 -151.717 138.719 -113.136
-830.424 560.627 30.6955 -151.717 138.719 -113.136
11
-738.336 536.312 29.4954 -151.702 138.726 -113.145
-739.31 536.539 29.4977 -151.702 138.726 -113.145
-740.284 536.767 29.5001 -151.702 138.726 -113.145
-741.258 536.994 29.5025 -151.702 138.726 -113.145
-742.231 537.222 29.5049 -151.702 138.726 -113.145
-743.205 537.449 29.5073 -151.702 138.726 -113.145
-744.179 537.676 29.5096 -151.702 138.726 -113.145
-745.153 537.904 29.512 -151.702 138.726 -113.145
-746.127 538.131 29.5144 -151.702 138.726 -113.145
-747.1 538.358 29.5168 -151.702 138.726 -113.145
-748.074 538.586 29.5192 -151.702 138.726 -113.145
-749.048 538.813 29.5215 -151.702 138.726 -113.145
-750.022 539.04 29.5239 -151.702 138.726 -113.145
-750.996 539.268 29.5263 -151.702 138.726 -113.145
-751.969 539.495 29.5287 -151.702 138.726 -113.145
-752.943 539.723 29.531 -151.702 138.726 -113.145
-753.917 539.95 29.5334 -151.702 138.726 -113.145
-754.891 540.177 29.5358 -151.702 138.726 -113.145
-755.865 540.405 29.5382 -151.702 138.726 -113.145
-756.839 540.632 29.5406 -151.702 138.726 -113.145
-757.812 540.859 29.5429 -151.702 138.726 -113.145
-758.786 541.087 29.5453 -151.702 138.726 -113.145
-759.76 541.314 29.5477 -151.702 138.726 -113.145
-760.734 541.541 29.5501 -151.702 138.726 -113.145
-761.708 541.769 29.5525 -151.702 138.726 -113.145
-762.681 541.996 29.5548 -151.702 138.726 -113.145
-763.655 542.224 29.5572 -151.702 138.726 -113.145
-764.629 542.451 29.5596 -151.7 138.729 -113.141
-765.603 542.678 29.562 -151.705 138.73 -113.154
-766.577 542.906 29.5644 -151.711 138.729 -113.16
-767.55 543.133 29.5667 -151.711 138.731 -113.16
-768.524 543.36 29.5691 -151.711 138.731 -113.16
-769.498 543.588 29.5715 -151.708 138.731 -113.151
-770.472 543.815 29.5739 -151.709 138.73 -113.151
-771.446 544.042 29.5763 -151.71 138.729 -113.146
-772.419 544.27 29.5786 -151.71 138.729 -113.146
-773.393 544.497 29.581 -151.709 138.729 -113.143
-774.367 544.725 29.5834 -151.71 138.728 -113.138
-775.341 544.952 29.5858 -151.71 138.726 -113.134
-776.315 545.179 29.5882 -151.71 138.726 -113.134
-777.288 545.407 29.5905 -151.714 138.727 -113.137
-778.262 545.634 29.5929 -151.714 138.727 -113.137
-779.236 545.861 29.5953 -151.719 138.727 -113.139
-780.21 546.089 29.5977 -151.721 138.726 -113.142
-781.184 546.316 29.6 -151.719 138.723 -113.139
-782.158 546.543 29.6024 -151.717 138.722 -113.137
-783.131 546.771 29.6048 -151.718 138.722 -113.14
-784.105 546.998 29.6072 -151.718 138.722 -113.14
-785.079 547.226 29.6096 -151.718 138.721 -113.143
-786.053 547.453 29.6119 -151.719 138.723 -113.146
-787.027 547.68 29.6143 -151.717 138.725 -113.144
-788 547.908 29.6167 -151.712 138.723 -113.14
-788.974 548.135 29.6191 -151.712 138.723 -113.14
-789.948 548.362 29.6215 -151.709 138.722 -113.139
-790.922 548.59 29.6238 -151.709 138.721 -113.138
-791.896 548.817 29.6262 -151.709 138.721 -113.138
-792.869 549.044 29.6286 -151.709 138.72 -113.136
-793.843 549.272 29.631 -151.711 138.723 -113.143
-794.817 549.499 29.6334 -151.712 138.727 -113.147
-795.791 549.727 29.6357 -151.712 138.727 -113.147
-796.765 549.954 29.6381 -151.708 138.729 -113.145
-797.738 550.181 29.6405 -151.707 138.729 -113.146
-798.712 550.409 29.6429 -151.706 138.729 -113.142
-799.686 550.636 29.6453 -151.708 138.728 -113.14
-800.66 550.863 29.6476 -151.708 138.728 -113.14
-801.634 551.091 29.65 -151.713 138.73 -113.143
-802.607 551.318 29.6524 -151.715 138.733 -113.147
-803.581 551.545 29.6548 -151.713 138.733 -113.146
-804.555 551.773 29.6572 -151.713 138.733 -113.146
-805.529 552 29.6595 -151.713 138.731 -113.142
-806.503 552.228 29.6619 -151.712 138.729 -113.142
-807.476 552.455 29.6643 -151.714 138.728 -113.145
-808.45 552.682 29.6667 -151.714 138.728 -113.145
-809.424 552.91 29.669 -151.719 138.726 -113.145
-810.398 553.137 29.6714 -151.721 138.725 -113.147
-811.372 553.364 29.6738 -151.719 138.724 -113.143
-812.346 553.592 29.6762 -151.717 138.723 -113.14
-813.319 553.819 29.6786 -151.715 138.721 -113.135
-814.293 554.046 29.6809 -151.715 138.721 -113.135
-815.267 554.274 29.6833 -151.711 138.719 -113.133
-816.241 554.501 29.6857 -151.714 138.719 -113.137
-817.215 554.729 29.6881 -151.715 138.72 -113.138
-818.188 554.956 29.6905 -151.714 138.721 -113.138
-819.162 555.183 29.6928 -151.715 138.721 -113.139
-820.136 555.411 29.6952 -151.715 138.721 -113.139
-821.11 555.638 29.6976 -151.716 138.72 -113.134
-822.084 555.865 29.7 -151.716 138.72 -113.134
-823.057 556.093 29.7024 -151.716 138.72 -113.134
-824.031 556.32 29.7047 -151.716 138.72 -113.134
-825.005 556.547 29.7071 -151.716 138.72 -113.134
-825.979 556.775 29.7095 -151.716 138.72 -113.134
-826.953 557.002 29.7119 -151.716 138.72 -113.134
-827.926 557.23 29.7143 -151.716 138.72 -113.134
-828.9 557.457 29.7166 -151.716 138.72 -113.134
-829.874 557.684 29.719 -151.716 138.72 -113.134
-830.848 557.912 29.7214 -151.716 138.72 -113.134
12
-738.351 536.427 30.3026 -151.703 138.726 -113.141
-739.329 536.637 30.3113 -151.703 138.726 -113.141
-740.306 536.848 30.3201 -151.703 138.726 -113.141
-741.284 537.058 30.3288 -151.703 138.726 -113.141
-742.261 537.269 30.3375 -151.703 138.726 -113.141
-743.239 537.479 30.3462 -151.703 138.726 -113.141
-744.217 537.69 30.355 -151.703 138.726 -113.141
-745.194 537.901 30.3637 -151.703 138.726 -113.141
-746.172 538.111 30.3724 -151.703 138.726 -113.141
-747.149 538.322 30.3811 -151.703 138.726 -113.141
-748.127 538.532 30.3898 -151.703 138.726 -113.141
-749.104 538.743 30.3986 -151.703 138.726 -113.141
-750.082 538.953 30.4073 -151.703 138.726 -113.141
-751.059 539.164 30.416 -151.703 138.726 -113.141
-752.037 539.374 30.4247 -151.703 138.726 -113.141
-753.015 539.585 30.4334 -151.703 138.726 -113.141
-753.992 539.795 30.4422 -151.703 138.726 -113.141
-754.97 540.006 30.4509 -151.703 138.726 -113.141
-755.947 540.216 30.4596 -151.703 138.726 -113.141
-756.925 540.427 30.4683 -151.703 138.726 -113.141
-757.902 540.637 30.477 -151.703 138.726 -113.141
-758.88 540.848 30.4858 -151.703 138.726 -113.141
-759.857 541.058 30.4945 -151.703 138.726 -113.141
-760.835 541.269 30.5032 -151.703 138.726 -113.141
-761.812 541.479 30.5119 -151.703 138.726 -113.141
-762.79 541.69 30.5206 -151.703 138.726 -113.141
-763.768 541.9 30.5294 -151.703 138.726 -113.141
-764.745 542.111 30.5381 -151.702 138.731 -113.142
-765.723 542.322 30.5468 -151.705 138.731 -113.153
-766.7 542.532 30.5555 -151.712 138.729 -113.16
-767.678 542.743 30.5643 -151.712 138.729 -113.16
-768.655 542.953 30.573 -151.712 138.728 -113.16
-769.633 543.164 30.5817 -151.712 138.729 -113.153
-770.61 543.374 30.5904 -151.716 138.73 -113.156
-771.588 543.585 30.5991 -151.716 138.73 -113.156
-772.565 543.795 30.6079 -151.715 138.728 -113.152
-773.543 544.006 30.6166 -151.714 138.727 -113.148
-774.521 544.216 30.6253 -151.714 138.727 -113.148
-775.498 544.427 30.634 -151.715 138.724 -113.142
-776.476 544.637 30.6427 -151.714 138.723 -113.139
-777.453 544.848 30.6515 -151.713 138.723 -113.138
-778.431 545.058 30.6602 -151.713 138.723 -113.138
-779.408 545.269 30.6689 -151.721 138.725 -113.144
-780.386 545.479 30.6776 -151.721 138.725 -113.144
-781.363 545.69 30.6863 -151.721 138.724 -113.144
-782.341 545.9 30.6951 -151.721 138.724 -113.144
-783.319 546.111 30.7038 -151.718 138.725 -113.144
-784.296 546.322 30.7125 -151.715 138.723 -113.143
-785.274 546.532 30.7212 -151.713 138.722 -113.142
-786.251 546.743 30.7299 -151.712 138.724 -113.141
-787.229 546.953 30.7387 -151.714 138.726 -113.144
-788.206 547.164 30.7474 -151.714 138.726 -113.144
-789.184 547.374 30.7561 -151.714 138.727 -113.143
-790.161 547.585 30.7648 -151.713 138.726 -113.141
-791.139 547.795 30.7736 -151.713 138.726 -113.141
-792.116 548.006 30.7823 -151.711 138.725 -113.138
-793.094 548.216 30.791 -151.709 138.723 -113.135
-794.072 548.427 30.7997 -151.709 138.723 -113.137
-795.049 548.637 30.8084 -151.712 138.725 -113.144
-796.027 548.848 30.8172 -151.712 138.725 -113.144
-797.004 549.058 30.8259 -151.713 138.726 -113.143
-797.982 549.269 30.8346 -151.712 138.728 -113.144
-798.959 549.479 30.8433 -151.712 138.729 -113.143
-799.937 549.69 30.852 -151.712 138.729 -113.143
-800.914 549.9 30.8608 -151.711 138.727 -113.137
-801.892 550.111 30.8695 -151.713 138.725 -113.133
-802.87 550.321 30.8782 -151.713 138.725 -113.133
-803.847 550.532 30.8869 -151.712 138.725 -113.134
-804.825 550.743 30.8956 -151.712 138.725 -113.134
-805.802 550.953 30.9044 -151.714 138.726 -113.134
-806.78 551.164 30.9131 -151.715 138.726 -113.137
-807.757 551.374 30.9218 -151.715 138.726 -113.137
-808.735 551.585 30.9305 -151.717 138.726 -113.138
-809.712 551.795 30.9392 -151.717 138.726 -113.138
-810.69 552.006 30.948 -151.718 138.724 -113.136
-811.667 552.216 30.9567 -151.717 138.722 -113.133
-812.645 552.427 30.9654 -151.717 138.722 -113.133
-813.623 552.637 30.9741 -151.713 138.723 -113.13
-814.6 552.848 30.9829 -151.713 138.723 -113.13
-815.578 553.058 30.9916 -151.712 138.724 -113.131
-816.555 553.269 31.0003 -151.714 138.723 -113.134
-817.533 553.479 31.009 -151.714 138.723 -113.134
-818.51 553.69 31.0177 -151.718 138.724 -113.139
-819.488 553.9 31.0265 -151.718 138.723 -113.139
-820.465 554.111 31.0352 -151.718 138.722 -113.138
-821.443 554.321 31.0439 -151.717 138.723 -113.135
-822.421 554.532 31.0526 -151.717 138.723 -113.135
-823.398 554.743 31.0613 -151.717 138.723 -113.135
-824.376 554.953 31.0701 -151.717 138.723 -113.135
-825.353 555.164 31.0788 -151.717 138.723 -113.135
-826.331 555.374 31.0875 -151.717 138.723 -113.135
-827.308 555.585 31.0962 -151.717 138.723 -113.135
-828.286 555.795 31.1049 -151.717 138.723 -113.135
-829.263 556.006 31.1137 -151.717 138.723 -113.135
-830.241 556.216 31.1224 -151.717 138.723 -113.135
-831.218 556.427 31.1311 -151.717 138.723 -113.135
13
-737.53 538.414 29.7182 -151.703 138.725 -113.142
-738.504 538.641 29.7276 -151.703 138.725 -113.142
-739.478 538.867 29.7371 -151.703 138.725 -113.142
-740.452 539.093 29.7465 -151.703 138.725 -113.142
-741.426 539.319 29.756 -151.703 138.725 -113.142
-742.4 539.546 29.7654 -151.703 138.725 -113.142
-743.374 539.772 29.7748 -151.703 138.725 -113.142
-744.348 539.998 29.7843 -151.703 138.725 -113.142
-745.322 540.224 29.7937 -151.703 138.725 -113.142
-746.296 540.451 29.8032 -151.703 138.725 -113.142
-747.27 540.677 29.8126 -151.703 138.725 -113.142
-748.244 540.903 29.822 -151.703 138.725 -113.142
-749.218 541.129 29.8315 -151.703 138.725 -113.142
-750.192 541.355 29.8409 -151.703 138.725 -113.142
-751.166 541.582 29.8503 -151.703 138.725 -113.142
-752.14 541.808 29.8598 -151.703 138.725 -113.142
-753.114 542.034 29.8692 -151.703 138.725 -113.142
-754.088 542.26 29.8787 -151.703 138.725 -113.142
-755.062 542.487 29.8881 -151.703 138.725 -113.142
-756.036 542.713 29.8975 -151.703 138.725 -113.142
-757.01 542.939 29.907 -151.703 138.725 -113.142
-757.984 543.165 29.9164 -151.703 138.725 -113.142
-758.958 543.392 29.9258 -151.703 138.725 -113.142
-759.932 543.618 29.9353 -151.703 138.725 -113.142
-760.906 543.844 29.9447 -151.703 138.725 -113.142
-761.88 544.07 29.9542 -151.703 138.725 -113.142
-762.854 544.297 29.9636 -151.7 138.73 -113.142
-763.828 544.523 29.973 -151.706 138.73 -113.154
-764.802 544.749 29.9825 -151.714 138.729 -113.163
-765.776 544.975 29.9919 -151.714 138.729 -113.163
-766.751 545.202 30.0013 -151.714 138.729 -113.162
-767.725 545.428 30.0108 -151.714 138.729 -113.157
-768.699 545.654 30.0202 -151.715 138.729 -113.156
-769.673 545.88 30.0297 -151.714 138.728 -113.151
-770.647 546.107 30.0391 -151.714 138.728 -113.151
-771.621 546.333 30.0485 -151.713 138.727 -113.146
-772.595 546.559 30.058 -151.713 138.725 -113.141
-773.569 546.785 30.0674 -151.715 138.724 -113.139
-774.543 547.011 30.0768 -151.715 138.724 -113.139
-775.517 547.238 30.0863 -151.713 138.724 -113.139
-776.491 547.464 30.0957 -151.713 138.724 -113.136
-777.465 547.69 30.1052 -151.717 138.724 -113.139
-778.439 547.916 30.1146 -151.717 138.724 -113.139
-779.413 548.143 30.124 -151.719 138.725 -113.142
-780.387 548.369 30.1335 -151.718 138.725 -113.14
-781.361 548.595 30.1429 -151.716 138.725 -113.143
-782.335 548.821 30.1523 -151.716 138.725 -113.143
-783.309 549.048 30.1618 -151.712 138.722 -113.14
-784.283 549.274 30.1712 -151.71 138.723 -113.14
-785.257 549.5 30.1807 -151.712 138.726 -113.141
-786.231 549.726 30.1901 -151.713 138.726 -113.142
-787.205 549.953 30.1995 -151.712 138.726 -113.141
-788.179 550.179 30.209 -151.712 138.726 -113.141
-789.153 550.405 30.2184 -151.712 138.725 -113.141
-790.127 550.631 30.2278 -151.71 138.722 -113.135
-791.101 550.858 30.2373 -151.708 138.72 -113.135
-792.075 551.084 30.2467 -151.708 138.72 -113.135
-793.049 551.31 30.2562 -151.712 138.723 -113.143
-794.023 551.536 30.2656 -151.712 138.725 -113.142
-794.997 551.762 30.275 -151.712 138.727 -113.143
-795.971 551.989 30.2845 -151.712 138.727 -113.143
-796.945 552.215 30.2939 -151.712 138.728 -113.144
-797.919 552.441 30.3033 -151.712 138.728 -113.138
-798.893 552.667 30.3128 -151.713 138.726 -113.134
-799.867 552.894 30.3222 -151.713 138.726 -113.135
-800.841 553.12 30.3317 -151.713 138.726 -113.135
-801.815 553.346 30.3411 -151.712 138.726 -113.135
-802.789 553.572 30.3505 -151.712 138.727 -113.135
-803.764 553.799 30.36 -151.713 138.727 -113.137
-804.738 554.025 30.3694 -151.715 138.728 -113.14
-805.712 554.251 30.3788 -151.715 138.728 -113.14
-806.686 554.477 30.3883 -151.717 138.728 -113.141
-807.66 554.704 30.3977 -151.718 138.726 -113.139
-808.634 554.93 30.4072 -151.717 138.724 -113.136
-809.608 555.156 30.4166 -151.717 138.724 -113.136
-810.582 555.382 30.426 -151.714 138.723 -113.133
-811.556 555.609 30.4355 -151.713 138.723 -113.131
-812.53 555.835 30.4449 -151.71 138.723 -113.13
-813.504 556.061 30.4543 -151.71 138.723 -113.13
-814.478 556.287 30.4638 -151.714 138.724 -113.136
-815.452 556.513 30.4732 -151.716 138.724 -113.137
-816.426 556.74 30.4827 -151.715 138.723 -113.136
-817.4 556.966 30.4921 -151.715 138.723 -113.136
-818.374 557.192 30.5015 -151.716 138.72 -113.136
-819.348 557.418 30.511 -151.716 138.72 -113.136
-820.322 557.645 30.5204 -151.716 138.72 -113.136
-821.296 557.871 30.5298 -151.716 138.72 -113.136
-822.27 558.097 30.5393 -151.716 138.72 -113.136
-823.244 558.323 30.5487 -151.716 138.72 -113.136
-824.218 558.55 30.5582 -151.716 138.72 -113.136
-825.192 558.776 30.5676 -151.716 138.72 -113.136
-826.166 559.002 30.577 -151.716 138.72 -113.136
-827.14 559.228 30.5865 -151.716 138.72 -113.136
-828.114 559.455 30.5959 -151.716 138.72 -113.136
-829.088 559.681 30.6053 -151.716 138.72 -113.136
-830.062 559.907 30.6148 -151.716 138.72 -113.136
