1
-917.193 953.116 2.57284 -164.29 97.741 -5.68
-917.187 953.111 1.57287 -164.29 97.741 -5.68
-917.181 953.105 0.572901 -164.29 97.741 -5.68
-917.176 953.1 -0.427069 -164.29 97.741 -5.68
-917.17 953.095 -1.42704 -164.29 97.741 -5.68
-917.165 953.09 -2.42701 -164.29 97.741 -5.68
-917.159 953.085 -3.42698 -164.29 97.741 -5.68
-917.154 953.079 -4.42695 -164.29 97.741 -5.68
-917.148 953.074 -5.42692 -164.29 97.741 -5.68
-917.142 953.069 -6.42689 -164.29 97.741 -5.68
-917.137 953.064 -7.42686 -164.29 97.741 -5.68
-917.131 953.059 -8.42684 -164.29 97.741 -5.68
-917.126 953.053 -9.42681 -164.29 97.741 -5.68
-917.12 953.048 -10.4268 -164.29 97.741 -5.68
-917.114 953.043 -11.4267 -164.29 97.741 -5.68
-917.109 953.038 -12.4267 -164.29 97.741 -5.68
-917.103 953.032 -13.4267 -164.29 97.741 -5.68
-917.098 953.027 -14.4267 -164.29 97.741 -5.68
-917.092 953.022 -15.4266 -164.26 98.041 -5.731
-917.086 953.017 -16.4266 -164.237 98.354 -5.692
-917.081 953.012 -17.4266 -164.237 98.354 -5.692
-917.075 953.006 -18.4265 -164.215 98.699 -5.69
-917.07 953.001 -19.4265 -164.203 99.015 -5.689
-917.064 952.996 -20.4265 -164.201 99.357 -5.694
-917.058 952.991 -21.4265 -164.201 99.357 -5.694
-917.053 952.985 -22.4264 -164.207 99.763 -5.69
-917.047 952.98 -23.4264 -164.207 99.763 -5.69
-917.042 952.975 -24.4264 -164.22 100.138 -5.692
-917.036 952.97 -25.4263 -164.234 100.426 -5.702
-917.03 952.965 -26.4263 -164.234 100.426 -5.702
-917.025 952.959 -27.4263 -164.26 100.762 -5.705
-917.019 952.954 -28.4262 -164.304 101.145 -5.699
-917.014 952.949 -29.4262 -164.304 101.145 -5.699
-917.008 952.944 -30.4262 -164.346 101.481 -5.71
-917.002 952.938 -31.4262 -164.392 101.766 -5.711
-916.997 952.933 -32.4261 -164.392 101.766 -5.711
-916.991 952.928 -33.4261 -164.461 102.141 -5.726
-916.986 952.923 -34.4261 -164.461 102.141 -5.726
-916.98 952.918 -35.426 -164.541 102.506 -5.731
-916.974 952.912 -36.426 -164.625 102.889 -5.746
-916.969 952.907 -37.426 -164.625 102.889 -5.746
-916.963 952.902 -38.426 -164.694 103.318 -5.773
-916.958 952.897 -39.4259 -164.694 103.318 -5.773
-916.952 952.891 -40.4259 -164.717 103.722 -5.783
-916.946 952.886 -41.4259 -164.705 104.101 -5.777
-916.941 952.881 -42.4258 -164.655 104.476 -5.767
-916.935 952.876 -43.4258 -164.655 104.476 -5.767
-916.93 952.871 -44.4258 -164.655 104.476 -5.767
-916.924 952.865 -45.4258 -164.549 105.007 -5.757
-916.919 952.86 -46.4257 -164.549 105.007 -5.757
-916.913 952.855 -47.4257 -164.46 105.508 -5.733
-916.907 952.85 -48.4257 -164.365 106.208 -5.721
-916.902 952.844 -49.4256 -164.365 106.208 -5.721
-916.896 952.839 -50.4256 -164.315 106.845 -5.721
-916.891 952.834 -51.4256 -164.315 106.845 -5.721
-916.885 952.829 -52.4255 -164.281 107.765 -5.726
-916.879 952.824 -53.4255 -164.281 107.765 -5.726
-916.874 952.818 -54.4255 -164.287 108.489 -5.738
-916.868 952.813 -55.4255 -164.287 108.489 -5.738
-916.863 952.808 -56.4254 -164.332 109.24 -5.745
-916.857 952.803 -57.4254 -164.332 109.24 -5.745
-916.851 952.797 -58.4254 -164.332 109.24 -5.745
-916.846 952.792 -59.4253 -164.393 109.835 -5.752
-916.84 952.787 -60.4253 -164.393 109.835 -5.752
-916.835 952.782 -61.4253 -164.487 110.523 -5.774
-916.829 952.777 -62.4253 -164.487 110.523 -5.774
-916.823 952.771 -63.4252 -164.577 111.042 -5.788
-916.818 952.766 -64.4252 -164.678 111.56 -5.818
-916.812 952.761 -65.4252 -164.678 111.56 -5.818
-916.807 952.756 -66.4251 -164.836 112.16 -5.856
-916.801 952.75 -67.4251 -164.836 112.16 -5.856
-916.795 952.745 -68.4251 -165.078 112.913 -5.9
-916.79 952.74 -69.425 -165.078 112.913 -5.9
-916.784 952.735 -70.425 -165.302 113.545 -5.975
-916.779 952.73 -71.425 -165.302 113.545 -5.975
-916.773 952.724 -72.425 -165.524 114.105 -6.025
-916.767 952.719 -73.4249 -165.524 114.105 -6.025
-916.762 952.714 -74.4249 -165.524 114.105 -6.025
-916.756 952.709 -75.4249 -165.797 114.742 -6.11
-916.751 952.703 -76.4248 -165.797 114.742 -6.11
-916.745 952.698 -77.4248 -165.797 114.742 -6.11
-916.739 952.693 -78.4248 -165.797 114.742 -6.11
-916.734 952.688 -79.4248 -165.797 114.742 -6.11
-916.728 952.683 -80.4247 -165.797 114.742 -6.11
-916.723 952.677 -81.4247 -165.797 114.742 -6.11
-916.717 952.672 -82.4247 -165.797 114.742 -6.11
2
-922.067 951.105 3.29893 -164.291 97.74 -5.68
-922.06 951.098 2.29898 -164.291 97.74 -5.68
-922.054 951.09 1.29903 -164.291 97.74 -5.68
-922.047 951.083 0.299079 -164.291 97.74 -5.68
-922.04 951.076 -0.700873 -164.291 97.74 -5.68
-922.033 951.069 -1.70082 -164.291 97.74 -5.68
-922.027 951.062 -2.70078 -164.291 97.74 -5.68
-922.02 951.054 -3.70073 -164.291 97.74 -5.68
-922.013 951.047 -4.70068 -164.291 97.74 -5.68
-922.006 951.04 -5.70063 -164.291 97.74 -5.68
-922 951.033 -6.70058 -164.291 97.74 -5.68
-921.993 951.025 -7.70053 -164.291 97.74 -5.68
-921.986 951.018 -8.70048 -164.291 97.74 -5.68
-921.98 951.011 -9.70043 -164.291 97.74 -5.68
-921.973 951.004 -10.7004 -164.291 97.74 -5.68
-921.966 950.997 -11.7003 -164.291 97.74 -5.68
-921.959 950.989 -12.7003 -164.291 97.74 -5.68
-921.953 950.982 -13.7002 -164.291 97.74 -5.68
-921.946 950.975 -14.7002 -164.291 97.74 -5.68
-921.939 950.968 -15.7001 -164.258 98.044 -5.736
-921.933 950.961 -16.7001 -164.258 98.044 -5.736
-921.926 950.953 -17.7 -164.237 98.326 -5.703
-921.919 950.946 -18.7 -164.216 98.627 -5.7
-921.912 950.939 -19.6999 -164.216 98.627 -5.7
-921.906 950.932 -20.6999 -164.2 99.017 -5.696
-921.899 950.924 -21.6999 -164.2 99.448 -5.692
-921.892 950.917 -22.6998 -164.2 99.448 -5.692
-921.885 950.91 -23.6998 -164.207 99.811 -5.688
-921.879 950.903 -24.6997 -164.207 99.811 -5.688
-921.872 950.896 -25.6997 -164.22 100.139 -5.689
-921.865 950.888 -26.6996 -164.238 100.475 -5.695
-921.859 950.881 -27.6996 -164.238 100.475 -5.695
-921.852 950.874 -28.6995 -164.262 100.764 -5.702
-921.845 950.867 -29.6995 -164.292 101.05 -5.698
-921.838 950.859 -30.6994 -164.325 101.338 -5.706
-921.832 950.852 -31.6994 -164.325 101.338 -5.706
-921.825 950.845 -32.6993 -164.366 101.624 -5.715
-921.818 950.838 -33.6993 -164.453 102.095 -5.727
-921.811 950.831 -34.6992 -164.453 102.095 -5.727
-921.805 950.823 -35.6992 -164.542 102.506 -5.736
-921.798 950.816 -36.6991 -164.542 102.506 -5.736
-921.791 950.809 -37.6991 -164.616 102.847 -5.747
-921.785 950.802 -38.699 -164.616 102.847 -5.747
-921.778 950.794 -39.699 -164.683 103.281 -5.777
-921.771 950.787 -40.6989 -164.683 103.281 -5.777
-921.764 950.78 -41.6989 -164.717 103.685 -5.777
-921.758 950.773 -42.6988 -164.704 104.14 -5.769
-921.751 950.766 -43.6988 -164.704 104.14 -5.769
-921.744 950.758 -44.6987 -164.629 104.611 -5.76
-921.737 950.751 -45.6987 -164.629 104.611 -5.76
-921.731 950.744 -46.6986 -164.547 105.006 -5.757
-921.724 950.737 -47.6986 -164.547 105.006 -5.757
-921.717 950.73 -48.6985 -164.459 105.509 -5.737
-921.711 950.722 -49.6985 -164.459 105.509 -5.737
-921.704 950.715 -50.6984 -164.372 106.143 -5.725
-921.697 950.708 -51.6984 -164.319 106.774 -5.712
-921.69 950.701 -52.6983 -164.319 106.774 -5.712
-921.684 950.693 -53.6983 -164.282 107.529 -5.728
-921.677 950.686 -54.6982 -164.282 107.529 -5.728
-921.67 950.679 -55.6982 -164.28 108.246 -5.738
-921.664 950.672 -56.6981 -164.28 108.246 -5.738
-921.657 950.665 -57.6981 -164.306 108.82 -5.728
-921.65 950.657 -58.6981 -164.306 108.82 -5.728
-921.643 950.65 -59.698 -164.354 109.494 -5.752
-921.637 950.643 -60.698 -164.354 109.494 -5.752
-921.63 950.636 -61.6979 -164.428 110.094 -5.758
-921.623 950.628 -62.6979 -164.428 110.094 -5.758
-921.616 950.621 -63.6978 -164.498 110.611 -5.787
-921.61 950.614 -64.6978 -164.498 110.611 -5.787
-921.603 950.607 -65.6977 -164.626 111.301 -5.794
-921.596 950.6 -66.6977 -164.626 111.301 -5.794
-921.59 950.592 -67.6976 -164.792 111.989 -5.839
-921.583 950.585 -68.6976 -164.792 111.989 -5.839
-921.576 950.578 -69.6975 -164.94 112.499 -5.881
-921.569 950.571 -70.6975 -164.94 112.499 -5.881
-921.563 950.564 -71.6974 -165.134 113.078 -5.92
-921.556 950.556 -72.6974 -165.134 113.078 -5.92
-921.549 950.549 -73.6973 -165.385 113.765 -5.991
-921.542 950.542 -74.6973 -165.385 113.765 -5.991
-921.536 950.535 -75.6972 -165.65 114.417 -6.066
-921.529 950.527 -76.6972 -165.65 114.417 -6.066
-921.522 950.52 -77.6971 -165.65 114.417 -6.066
-921.516 950.513 -78.6971 -165.65 114.417 -6.066
-921.509 950.506 -79.697 -165.937 115.049 -6.154
-921.502 950.499 -80.697 -165.937 115.049 -6.154
-921.495 950.491 -81.6969 -165.937 115.049 -6.154
3
-919.024 951.173 4.69576 -164.289 97.74 -5.68
-919.022 951.173 3.69576 -164.289 97.74 -5.68
-919.02 951.174 2.69576 -164.289 97.74 -5.68
-919.019 951.174 1.69576 -164.289 97.74 -5.68
-919.017 951.175 0.695767 -164.289 97.74 -5.68
-919.015 951.175 -0.304232 -164.289 97.74 -5.68
-919.013 951.176 -1.30423 -164.289 97.74 -5.68
-919.012 951.176 -2.30423 -164.289 97.74 -5.68
-919.01 951.177 -3.30423 -164.289 97.74 -5.68
-919.008 951.178 -4.30422 -164.289 97.74 -5.68
-919.006 951.178 -5.30422 -164.289 97.74 -5.68
-919.005 951.179 -6.30422 -164.289 97.74 -5.68
-919.003 951.179 -7.30422 -164.289 97.74 -5.68
-919.001 951.18 -8.30422 -164.289 97.74 -5.68
-918.999 951.18 -9.30422 -164.289 97.74 -5.68
-918.997 951.181 -10.3042 -164.289 97.74 -5.68
-918.996 951.181 -11.3042 -164.289 97.74 -5.68
-918.994 951.182 -12.3042 -164.289 97.74 -5.68
-918.992 951.182 -13.3042 -164.289 97.74 -5.68
-918.99 951.183 -14.3042 -164.289 97.74 -5.68
-918.989 951.184 -15.3042 -164.259 98.045 -5.737
-918.987 951.184 -16.3042 -164.259 98.045 -5.737
-918.985 951.185 -17.3042 -164.238 98.328 -5.703
-918.983 951.185 -18.3042 -164.218 98.629 -5.699
-918.982 951.186 -19.3042 -164.218 98.629 -5.699
-918.98 951.186 -20.3042 -164.202 99.019 -5.694
-918.978 951.187 -21.3042 -164.2 99.45 -5.694
-918.976 951.187 -22.3042 -164.2 99.45 -5.694
-918.974 951.188 -23.3042 -164.207 99.813 -5.694
-918.973 951.188 -24.3042 -164.207 99.813 -5.694
-918.971 951.189 -25.3042 -164.224 100.236 -5.694
-918.969 951.19 -26.3042 -164.244 100.573 -5.704
-918.967 951.19 -27.3042 -164.244 100.573 -5.704
-918.966 951.191 -28.3042 -164.276 100.907 -5.704
-918.964 951.191 -29.3042 -164.309 101.195 -5.702
-918.962 951.192 -30.3042 -164.309 101.195 -5.702
-918.96 951.192 -31.3042 -164.36 101.577 -5.714
-918.959 951.193 -32.3042 -164.36 101.577 -5.714
-918.957 951.193 -33.3042 -164.434 102.001 -5.719
-918.955 951.194 -34.3042 -164.434 102.001 -5.719
-918.953 951.195 -35.3042 -164.501 102.328 -5.737
-918.951 951.195 -36.3042 -164.57 102.636 -5.736
-918.95 951.196 -37.3042 -164.57 102.636 -5.736
-918.948 951.196 -38.3042 -164.639 102.97 -5.759
-918.946 951.197 -39.3042 -164.695 103.356 -5.777
-918.944 951.197 -40.3042 -164.695 103.356 -5.777
-918.943 951.198 -41.3042 -164.717 103.721 -5.783
-918.941 951.198 -42.3042 -164.707 104.101 -5.776
-918.939 951.199 -43.3042 -164.707 104.101 -5.776
-918.937 951.199 -44.3042 -164.638 104.566 -5.765
-918.936 951.2 -45.3042 -164.638 104.566 -5.765
-918.934 951.201 -46.3042 -164.638 104.566 -5.765
-918.932 951.201 -47.3042 -164.478 105.392 -5.739
-918.93 951.202 -48.3041 -164.478 105.392 -5.739
-918.928 951.202 -49.3041 -164.385 106.011 -5.734
-918.927 951.203 -50.3041 -164.385 106.011 -5.734
-918.925 951.203 -51.3041 -164.325 106.702 -5.713
-918.923 951.204 -52.3041 -164.325 106.702 -5.713
-918.921 951.204 -53.3041 -164.286 107.452 -5.72
-918.92 951.205 -54.3041 -164.286 107.452 -5.72
-918.918 951.205 -55.3041 -164.284 108.408 -5.736
-918.916 951.206 -56.3041 -164.284 108.408 -5.736
-918.914 951.207 -57.3041 -164.317 108.987 -5.732
-918.913 951.207 -58.3041 -164.317 108.987 -5.732
-918.911 951.208 -59.3041 -164.363 109.579 -5.753
-918.909 951.208 -60.3041 -164.363 109.579 -5.753
-918.907 951.209 -61.3041 -164.452 110.266 -5.764
-918.905 951.209 -62.3041 -164.452 110.266 -5.764
-918.904 951.21 -63.3041 -164.542 110.869 -5.788
-918.902 951.21 -64.3041 -164.542 110.869 -5.788
-918.9 951.211 -65.3041 -164.542 110.869 -5.788
-918.898 951.211 -66.3041 -164.542 110.869 -5.788
-918.897 951.212 -67.3041 -164.889 112.33 -5.866
-918.895 951.213 -68.3041 -164.889 112.33 -5.866
-918.893 951.213 -69.3041 -164.889 112.33 -5.866
-918.891 951.214 -70.3041 -165.081 112.915 -5.9
-918.89 951.214 -71.3041 -165.273 113.471 -5.969
-918.888 951.215 -72.3041 -165.273 113.471 -5.969
-918.886 951.215 -73.3041 -165.521 114.104 -6.021
-918.884 951.216 -74.3041 -165.521 114.104 -6.021
-918.882 951.216 -75.3041 -165.521 114.104 -6.021
-918.881 951.217 -76.3041 -165.521 114.104 -6.021
-918.879 951.217 -77.3041 -165.838 114.834 -6.12
-918.877 951.218 -78.3041 -165.838 114.834 -6.12
-918.875 951.219 -79.3041 -165.838 114.834 -6.12
-918.874 951.219 -80.3041 -165.838 114.834 -6.12
4
-915.034 949.085 2.67257 -164.29 97.74 -5.679
-915.026 949.075 1.67265 -164.29 97.74 -5.679
-915.018 949.066 0.67273 -164.29 97.74 -5.679
-915.01 949.056 -0.32719 -164.29 97.74 -5.679
-915.002 949.046 -1.32711 -164.29 97.74 -5.679
-914.994 949.036 -2.32703 -164.29 97.74 -5.679
-914.986 949.026 -3.32695 -164.29 97.74 -5.679
-914.978 949.017 -4.32687 -164.29 97.74 -5.679
-914.97 949.007 -5.32679 -164.29 97.74 -5.679
-914.962 948.997 -6.32671 -164.29 97.74 -5.679
-914.954 948.987 -7.32663 -164.29 97.74 -5.679
-914.945 948.978 -8.32654 -164.29 97.74 -5.679
-914.937 948.968 -9.32646 -164.29 97.74 -5.679
-914.929 948.958 -10.3264 -164.29 97.74 -5.679
-914.921 948.948 -11.3263 -164.29 97.74 -5.679
-914.913 948.938 -12.3262 -164.29 97.74 -5.679
-914.905 948.929 -13.3261 -164.29 97.74 -5.679
-914.897 948.919 -14.3261 -164.29 97.74 -5.679
-914.889 948.909 -15.326 -164.259 98.045 -5.737
-914.881 948.899 -16.3259 -164.259 98.045 -5.737
-914.873 948.889 -17.3258 -164.237 98.359 -5.703
-914.865 948.88 -18.3257 -164.217 98.665 -5.701
-914.857 948.87 -19.3257 -164.217 98.665 -5.701
-914.848 948.86 -20.3256 -164.203 99.06 -5.698
-914.84 948.85 -21.3255 -164.201 99.451 -5.697
-914.832 948.84 -22.3254 -164.201 99.451 -5.697
-914.824 948.831 -23.3253 -164.206 99.86 -5.697
-914.816 948.821 -24.3253 -164.219 100.188 -5.696
-914.808 948.811 -25.3252 -164.219 100.188 -5.696
-914.8 948.801 -26.3251 -164.238 100.475 -5.699
-914.792 948.791 -27.325 -164.267 100.811 -5.706
-914.784 948.782 -28.3249 -164.267 100.811 -5.706
-914.776 948.772 -29.3249 -164.305 101.146 -5.7
-914.768 948.762 -30.3248 -164.305 101.146 -5.7
-914.76 948.752 -31.3247 -164.359 101.577 -5.713
-914.751 948.742 -32.3246 -164.424 101.955 -5.718
-914.743 948.733 -33.3245 -164.424 101.955 -5.718
-914.735 948.723 -34.3244 -164.479 102.237 -5.735
-914.727 948.713 -35.3244 -164.561 102.595 -5.736
-914.719 948.703 -36.3243 -164.561 102.595 -5.736
-914.711 948.693 -37.3242 -164.632 102.93 -5.756
-914.703 948.684 -38.3241 -164.685 103.281 -5.78
-914.695 948.674 -39.324 -164.685 103.281 -5.78
-914.687 948.664 -40.324 -164.716 103.684 -5.781
-914.679 948.654 -41.3239 -164.707 104.1 -5.775
-914.671 948.644 -42.3238 -164.707 104.1 -5.775
-914.663 948.635 -43.3237 -164.646 104.521 -5.764
-914.654 948.625 -44.3236 -164.646 104.521 -5.764
-914.646 948.615 -45.3236 -164.646 104.521 -5.764
-914.638 948.605 -46.3235 -164.449 105.57 -5.734
-914.63 948.595 -47.3234 -164.449 105.57 -5.734
-914.622 948.586 -48.3233 -164.449 105.57 -5.734
-914.614 948.576 -49.3232 -164.371 106.144 -5.725
-914.606 948.566 -50.3232 -164.314 106.848 -5.717
-914.598 948.556 -51.3231 -164.314 106.848 -5.717
-914.59 948.547 -52.323 -164.282 107.61 -5.726
-914.582 948.537 -53.3229 -164.282 107.61 -5.726
-914.574 948.527 -54.3228 -164.28 108.247 -5.736
-914.566 948.517 -55.3228 -164.28 108.247 -5.736
-914.557 948.507 -56.3227 -164.31 108.903 -5.731
-914.549 948.498 -57.3226 -164.31 108.903 -5.731
-914.541 948.488 -58.3225 -164.347 109.409 -5.745
-914.533 948.478 -59.3224 -164.429 110.093 -5.754
-914.525 948.468 -60.3224 -164.429 110.093 -5.754
-914.517 948.458 -61.3223 -164.429 110.093 -5.754
-914.509 948.449 -62.3222 -164.509 110.698 -5.79
-914.501 948.439 -63.3221 -164.608 111.217 -5.796
-914.493 948.429 -64.322 -164.608 111.217 -5.796
-914.485 948.419 -65.3219 -164.608 111.217 -5.796
-914.477 948.409 -66.3219 -164.941 112.5 -5.878
-914.469 948.4 -67.3218 -164.941 112.5 -5.878
-914.46 948.39 -68.3217 -164.941 112.5 -5.878
-914.452 948.38 -69.3216 -165.191 113.239 -5.939
-914.444 948.37 -70.3215 -165.191 113.239 -5.939
-914.436 948.36 -71.3215 -165.442 113.904 -6.003
-914.428 948.351 -72.3214 -165.442 113.904 -6.003
-914.42 948.341 -73.3213 -165.442 113.904 -6.003
-914.412 948.331 -74.3212 -165.698 114.531 -6.089
-914.404 948.321 -75.3211 -165.698 114.531 -6.089
-914.396 948.311 -76.3211 -165.698 114.531 -6.089
-914.388 948.302 -77.321 -165.698 114.531 -6.089
-914.38 948.292 -78.3209 -166.002 115.193 -6.176
-914.372 948.282 -79.3208 -166.002 115.193 -6.176
-914.363 948.272 -80.3207 -166.002 115.193 -6.176
-914.355 948.262 -81.3207 -166.002 115.193 -6.176
-914.347 948.253 -82.3206 -166.002 115.193 -6.176
5
-917.672 954.186 2.27308 -164.29 97.74 -5.679
-917.668 954.174 1.27317 -164.29 97.74 -5.679
-917.665 954.161 0.273258 -164.29 97.74 -5.679
-917.661 954.148 -0.726653 -164.29 97.74 -5.679
-917.657 954.135 -1.72656 -164.29 97.74 -5.679
-917.653 954.122 -2.72647 -164.29 97.74 -5.679
-917.65 954.109 -3.72638 -164.29 97.74 -5.679
-917.646 954.097 -4.72629 -164.29 97.74 -5.679
-917.642 954.084 -5.72621 -164.29 97.74 -5.679
-917.638 954.071 -6.72612 -164.29 97.74 -5.679
-917.635 954.058 -7.72603 -164.29 97.74 -5.679
-917.631 954.045 -8.72594 -164.29 97.74 -5.679
-917.627 954.032 -9.72585 -164.29 97.74 -5.679
-917.623 954.019 -10.7258 -164.29 97.74 -5.679
-917.62 954.007 -11.7257 -164.29 97.74 -5.679
-917.616 953.994 -12.7256 -164.29 97.74 -5.679
-917.612 953.981 -13.7255 -164.29 97.74 -5.679
-917.608 953.968 -14.7254 -164.261 98.025 -5.737
-917.605 953.955 -15.7253 -164.261 98.025 -5.737
-917.601 953.942 -16.7252 -164.235 98.36 -5.702
-917.597 953.93 -17.7251 -164.213 98.704 -5.698
-917.593 953.917 -18.725 -164.213 98.704 -5.698
-917.59 953.904 -19.725 -164.201 99.061 -5.698
-917.586 953.891 -20.7249 -164.2 99.406 -5.695
-917.582 953.878 -21.7248 -164.2 99.406 -5.695
-917.578 953.865 -22.7247 -164.207 99.86 -5.695
-917.575 953.852 -23.7246 -164.207 99.86 -5.695
-917.571 953.84 -24.7245 -164.223 100.236 -5.693
-917.567 953.827 -25.7244 -164.24 100.524 -5.7
-917.563 953.814 -26.7243 -164.24 100.524 -5.7
-917.56 953.801 -27.7242 -164.27 100.859 -5.705
-917.556 953.788 -28.7241 -164.27 100.859 -5.705
-917.552 953.775 -29.7241 -164.352 101.529 -5.713
-917.549 953.762 -30.724 -164.352 101.529 -5.713
-917.545 953.75 -31.7239 -164.408 101.86 -5.717
-917.541 953.737 -32.7238 -164.408 101.86 -5.717
-917.537 953.724 -33.7237 -164.482 102.236 -5.735
-917.534 953.711 -34.7236 -164.482 102.236 -5.735
-917.53 953.698 -35.7235 -164.573 102.636 -5.735
-917.526 953.685 -36.7234 -164.573 102.636 -5.735
-917.522 953.673 -37.7233 -164.639 102.97 -5.759
-917.519 953.66 -38.7233 -164.697 103.393 -5.78
-917.515 953.647 -39.7232 -164.697 103.393 -5.78
-917.511 953.634 -40.7231 -164.716 103.832 -5.785
-917.507 953.621 -41.723 -164.694 104.22 -5.77
-917.504 953.608 -42.7229 -164.694 104.22 -5.77
-917.5 953.595 -43.7228 -164.628 104.612 -5.762
-917.496 953.583 -44.7227 -164.628 104.612 -5.762
-917.492 953.57 -45.7226 -164.628 104.612 -5.762
-917.489 953.557 -46.7225 -164.42 105.754 -5.737
-917.485 953.544 -47.7224 -164.42 105.754 -5.737
-917.481 953.531 -48.7224 -164.42 105.754 -5.737
-917.477 953.518 -49.7223 -164.351 106.348 -5.714
-917.474 953.506 -50.7222 -164.301 107.071 -5.716
-917.47 953.493 -51.7221 -164.301 107.071 -5.716
-917.466 953.48 -52.722 -164.279 107.689 -5.728
-917.462 953.467 -53.7219 -164.279 107.689 -5.728
-917.459 953.454 -54.7218 -164.286 108.491 -5.736
-917.455 953.441 -55.7217 -164.286 108.491 -5.736
-917.451 953.428 -56.7216 -164.323 109.071 -5.734
-917.447 953.416 -57.7215 -164.323 109.071 -5.734
-917.444 953.403 -58.7215 -164.383 109.748 -5.754
-917.44 953.39 -59.7214 -164.383 109.748 -5.754
-917.436 953.377 -60.7213 -164.383 109.748 -5.754
-917.432 953.364 -61.7212 -164.525 110.783 -5.791
-917.429 953.351 -62.7211 -164.525 110.783 -5.791
-917.425 953.339 -63.721 -164.525 110.783 -5.791
-917.421 953.326 -64.7209 -164.525 110.783 -5.791
-917.418 953.313 -65.7208 -164.814 112.074 -5.848
-917.414 953.3 -66.7207 -164.814 112.074 -5.848
-917.41 953.287 -67.7207 -164.996 112.666 -5.887
-917.406 953.274 -68.7206 -164.996 112.666 -5.887
-917.403 953.261 -69.7205 -165.191 113.24 -5.94
-917.399 953.249 -70.7204 -165.191 113.24 -5.94
-917.395 953.236 -71.7203 -165.441 113.904 -6.003
-917.391 953.223 -72.7202 -165.441 113.904 -6.003
-917.388 953.21 -73.7201 -165.441 113.904 -6.003
-917.384 953.197 -74.72 -165.699 114.53 -6.09
-917.38 953.184 -75.7199 -165.699 114.53 -6.09
-917.376 953.171 -76.7198 -165.699 114.53 -6.09
-917.373 953.159 -77.7198 -165.972 115.122 -6.165
-917.369 953.146 -78.7197 -165.972 115.122 -6.165
-917.365 953.133 -79.7196 -165.972 115.122 -6.165
-917.361 953.12 -80.7195 -165.972 115.122 -6.165
-917.358 953.107 -81.7194 -165.972 115.122 -6.165
-917.354 953.094 -82.7193 -165.972 115.122 -6.165
6
-915.502 953.245 3.45055 -164.289 97.741 -5.679
-915.493 953.238 2.45061 -164.289 97.741 -5.679
-915.484 953.232 1.45068 -164.289 97.741 -5.679
-915.475 953.225 0.450741 -164.289 97.741 -5.679
-915.466 953.219 -0.549196 -164.289 97.741 -5.679
-915.457 953.212 -1.54913 -164.289 97.741 -5.679
-915.448 953.205 -2.54907 -164.289 97.741 -5.679
-915.439 953.199 -3.54901 -164.289 97.741 -5.679
-915.429 953.192 -4.54894 -164.289 97.741 -5.679
-915.42 953.186 -5.54888 -164.289 97.741 -5.679
-915.411 953.179 -6.54882 -164.289 97.741 -5.679
-915.402 953.172 -7.54875 -164.289 97.741 -5.679
-915.393 953.166 -8.54869 -164.289 97.741 -5.679
-915.384 953.159 -9.54863 -164.289 97.741 -5.679
-915.375 953.153 -10.5486 -164.289 97.741 -5.679
-915.366 953.146 -11.5485 -164.289 97.741 -5.679
-915.357 953.139 -12.5484 -164.289 97.741 -5.679
-915.347 953.133 -13.5484 -164.289 97.741 -5.679
-915.338 953.126 -14.5483 -164.26 98.039 -5.737
-915.329 953.119 -15.5482 -164.26 98.039 -5.737
-915.32 953.113 -16.5482 -164.239 98.322 -5.701
-915.311 953.106 -17.5481 -164.217 98.625 -5.703
-915.302 953.1 -18.5481 -164.217 98.625 -5.703
-915.293 953.093 -19.548 -164.201 99.014 -5.698
-915.284 953.086 -20.5479 -164.198 99.356 -5.702
-915.274 953.08 -21.5479 -164.198 99.356 -5.702
-915.265 953.073 -22.5478 -164.21 99.856 -5.695
-915.256 953.067 -23.5477 -164.21 99.856 -5.695
-915.247 953.06 -24.5477 -164.226 100.232 -5.691
-915.238 953.053 -25.5476 -164.241 100.521 -5.699
-915.229 953.047 -26.5475 -164.241 100.521 -5.699
-915.22 953.04 -27.5475 -164.266 100.809 -5.7
-915.211 953.034 -28.5474 -164.299 101.096 -5.695
-915.202 953.027 -29.5474 -164.299 101.096 -5.695
-915.192 953.02 -30.5473 -164.384 101.719 -5.713
-915.183 953.014 -31.5472 -164.384 101.719 -5.713
-915.174 953.007 -32.5472 -164.441 102.048 -5.726
-915.165 953 -33.5471 -164.441 102.048 -5.726
-915.156 952.994 -34.547 -164.509 102.373 -5.743
-915.147 952.987 -35.547 -164.598 102.763 -5.744
-915.138 952.981 -36.5469 -164.598 102.763 -5.744
-915.129 952.974 -37.5468 -164.671 103.166 -5.774
-915.119 952.967 -38.5468 -164.671 103.166 -5.774
-915.11 952.961 -39.5467 -164.712 103.539 -5.781
-915.101 952.954 -40.5467 -164.715 103.946 -5.781
-915.092 952.948 -41.5466 -164.68 104.345 -5.761
-915.083 952.941 -42.5465 -164.68 104.345 -5.761
-915.074 952.934 -43.5465 -164.602 104.754 -5.757
-915.065 952.928 -44.5464 -164.602 104.754 -5.757
-915.056 952.921 -45.5463 -164.602 104.754 -5.757
-915.047 952.915 -46.5463 -164.41 105.815 -5.745
-915.037 952.908 -47.5462 -164.41 105.815 -5.745
-915.028 952.901 -48.5462 -164.41 105.815 -5.745
-915.019 952.895 -49.5461 -164.335 106.556 -5.709
-915.01 952.888 -50.546 -164.295 107.294 -5.717
-915.001 952.881 -51.546 -164.295 107.294 -5.717
-914.992 952.875 -52.5459 -164.279 107.925 -5.738
-914.983 952.868 -53.5458 -164.279 107.925 -5.738
-914.974 952.862 -54.5458 -164.3 108.737 -5.733
-914.964 952.855 -55.5457 -164.3 108.737 -5.733
-914.955 952.848 -56.5456 -164.341 109.325 -5.741
-914.946 952.842 -57.5456 -164.341 109.325 -5.741
-914.937 952.835 -58.5455 -164.394 109.833 -5.753
-914.928 952.829 -59.5455 -164.394 109.833 -5.753
-914.919 952.822 -60.5454 -164.498 110.609 -5.785
-914.91 952.815 -61.5453 -164.498 110.609 -5.785
-914.901 952.809 -62.5453 -164.592 111.129 -5.793
-914.891 952.802 -63.5452 -164.592 111.129 -5.793
-914.882 952.796 -64.5451 -164.7 111.646 -5.819
-914.873 952.789 -65.5451 -164.7 111.646 -5.819
-914.864 952.782 -66.545 -164.939 112.498 -5.881
-914.855 952.776 -67.5449 -164.939 112.498 -5.881
-914.846 952.769 -68.5449 -165.186 113.236 -5.945
-914.837 952.762 -69.5448 -165.186 113.236 -5.945
-914.828 952.756 -70.5448 -165.47 113.974 -6.006
-914.819 952.749 -71.5447 -165.47 113.974 -6.006
-914.809 952.743 -72.5446 -165.47 113.974 -6.006
-914.8 952.736 -73.5446 -165.47 113.974 -6.006
-914.791 952.729 -74.5445 -165.727 114.587 -6.089
-914.782 952.723 -75.5444 -165.727 114.587 -6.089
-914.773 952.716 -76.5444 -165.999 115.195 -6.175
-914.764 952.71 -77.5443 -165.999 115.195 -6.175
-914.755 952.703 -78.5442 -165.999 115.195 -6.175
-914.746 952.696 -79.5442 -165.999 115.195 -6.175
-914.736 952.69 -80.5441 -165.999 115.195 -6.175
-914.727 952.683 -81.5441 -165.999 115.195 -6.175
7
-912.701 954.333 4.19152 -164.29 97.74 -5.68
-912.699 954.32 3.1916 -164.29 97.74 -5.68
-912.698 954.307 2.19169 -164.29 97.74 -5.68
-912.696 954.294 1.19178 -164.29 97.74 -5.68
-912.695 954.28 0.191867 -164.29 97.74 -5.68
-912.693 954.267 -0.808045 -164.29 97.74 -5.68
-912.692 954.254 -1.80796 -164.29 97.74 -5.68
-912.69 954.241 -2.80787 -164.29 97.74 -5.68
-912.688 954.228 -3.80778 -164.29 97.74 -5.68
-912.687 954.215 -4.80769 -164.29 97.74 -5.68
-912.685 954.201 -5.80761 -164.29 97.74 -5.68
-912.684 954.188 -6.80752 -164.29 97.74 -5.68
-912.682 954.175 -7.80743 -164.29 97.74 -5.68
-912.681 954.162 -8.80734 -164.29 97.74 -5.68
-912.679 954.149 -9.80725 -164.29 97.74 -5.68
-912.677 954.136 -10.8072 -164.29 97.74 -5.68
-912.676 954.122 -11.8071 -164.29 97.74 -5.68
-912.674 954.109 -12.807 -164.29 97.74 -5.68
-912.673 954.096 -13.8069 -164.29 97.74 -5.68
-912.671 954.083 -14.8068 -164.256 98.065 -5.737
-912.67 954.07 -15.8067 -164.233 98.389 -5.703
-912.668 954.057 -16.8066 -164.233 98.389 -5.703
-912.666 954.044 -17.8066 -164.207 98.817 -5.699
-912.665 954.03 -18.8065 -164.207 98.817 -5.699
-912.663 954.017 -19.8064 -164.197 99.272 -5.706
-912.662 954.004 -20.8063 -164.197 99.272 -5.706
-912.66 953.991 -21.8062 -164.203 99.675 -5.691
-912.659 953.978 -22.8061 -164.217 100.091 -5.69
-912.657 953.965 -23.806 -164.217 100.091 -5.69
-912.656 953.951 -24.8059 -164.233 100.379 -5.692
-912.654 953.938 -25.8058 -164.258 100.716 -5.699
-912.652 953.925 -26.8058 -164.258 100.716 -5.699
-912.651 953.912 -27.8057 -164.288 101.002 -5.694
-912.649 953.899 -28.8056 -164.333 101.387 -5.706
-912.648 953.886 -29.8055 -164.333 101.387 -5.706
-912.646 953.872 -30.8054 -164.391 101.766 -5.713
-912.645 953.859 -31.8053 -164.391 101.766 -5.713
-912.643 953.846 -32.8052 -164.461 102.141 -5.73
-912.641 953.833 -33.8051 -164.461 102.141 -5.73
-912.64 953.82 -34.8051 -164.56 102.593 -5.74
-912.638 953.807 -35.805 -164.63 102.928 -5.76
-912.637 953.793 -36.8049 -164.63 102.928 -5.76
-912.635 953.78 -37.8048 -164.69 103.319 -5.781
-912.634 953.767 -38.8047 -164.716 103.759 -5.783
-912.632 953.754 -39.8046 -164.716 103.759 -5.783
-912.63 953.741 -40.8045 -164.716 103.759 -5.783
-912.629 953.728 -41.8044 -164.631 104.612 -5.755
-912.627 953.715 -42.8044 -164.631 104.612 -5.755
-912.626 953.701 -43.8043 -164.631 104.612 -5.755
-912.624 953.688 -44.8042 -164.527 105.112 -5.752
-912.623 953.675 -45.8041 -164.527 105.112 -5.752
-912.621 953.662 -46.804 -164.429 105.692 -5.745
-912.62 953.649 -47.8039 -164.34 106.486 -5.709
-912.618 953.636 -48.8038 -164.34 106.486 -5.709
-912.616 953.622 -49.8037 -164.301 107.144 -5.711
-912.615 953.609 -50.8037 -164.301 107.144 -5.711
-912.613 953.596 -51.8036 -164.278 107.927 -5.737
-912.612 953.583 -52.8035 -164.278 107.927 -5.737
-912.61 953.57 -53.8034 -164.3 108.736 -5.729
-912.609 953.557 -54.8033 -164.3 108.736 -5.729
-912.607 953.543 -55.8032 -164.341 109.326 -5.738
-912.605 953.53 -56.8031 -164.341 109.326 -5.738
-912.604 953.517 -57.803 -164.405 109.921 -5.755
-912.602 953.504 -58.803 -164.405 109.921 -5.755
-912.601 953.491 -59.8029 -164.496 110.611 -5.79
-912.599 953.478 -60.8028 -164.496 110.611 -5.79
-912.598 953.464 -61.8027 -164.608 111.215 -5.793
-912.596 953.451 -62.8026 -164.608 111.215 -5.793
-912.594 953.438 -63.8025 -164.745 111.816 -5.825
-912.593 953.425 -64.8024 -164.745 111.816 -5.825
-912.591 953.412 -65.8023 -164.916 112.415 -5.875
-912.59 953.399 -66.8022 -164.916 112.415 -5.875
-912.588 953.386 -67.8022 -165.135 113.078 -5.925
-912.587 953.372 -68.8021 -165.135 113.078 -5.925
-912.585 953.359 -69.802 -165.385 113.765 -5.995
-912.583 953.346 -70.8019 -165.385 113.765 -5.995
-912.582 953.333 -71.8018 -165.676 114.475 -6.076
-912.58 953.32 -72.8017 -165.676 114.475 -6.076
-912.579 953.307 -73.8016 -165.676 114.475 -6.076
-912.577 953.293 -74.8015 -165.987 115.159 -6.171
-912.576 953.28 -75.8015 -165.987 115.159 -6.171
-912.574 953.267 -76.8014 -165.987 115.159 -6.171
-912.573 953.254 -77.8013 -165.987 115.159 -6.171
-912.571 953.241 -78.8012 -165.987 115.159 -6.171
-912.569 953.228 -79.8011 -165.987 115.159 -6.171
-912.568 953.214 -80.801 -165.987 115.159 -6.171
8
-919.832 954.699 1.66722 -164.29 97.74 -5.679
-919.837 954.684 0.667339 -164.29 97.74 -5.679
-919.842 954.67 -0.332541 -164.29 97.74 -5.679
-919.848 954.655 -1.33242 -164.29 97.74 -5.679
-919.853 954.64 -2.3323 -164.29 97.74 -5.679
-919.858 954.626 -3.33218 -164.29 97.74 -5.679
-919.863 954.611 -4.33206 -164.29 97.74 -5.679
-919.868 954.596 -5.33194 -164.29 97.74 -5.679
-919.874 954.582 -6.33182 -164.29 97.74 -5.679
-919.879 954.567 -7.3317 -164.29 97.74 -5.679
-919.884 954.553 -8.33158 -164.29 97.74 -5.679
-919.889 954.538 -9.33146 -164.29 97.74 -5.679
-919.895 954.523 -10.3313 -164.29 97.74 -5.679
-919.9 954.509 -11.3312 -164.29 97.74 -5.679
-919.905 954.494 -12.3311 -164.29 97.74 -5.679
-919.91 954.48 -13.331 -164.29 97.74 -5.679
-919.915 954.465 -14.3309 -164.29 97.74 -5.679
-919.921 954.45 -15.3307 -164.262 98.024 -5.738
-919.926 954.436 -16.3306 -164.262 98.024 -5.738
-919.931 954.421 -17.3305 -164.235 98.36 -5.706
-919.936 954.406 -18.3304 -164.209 98.743 -5.705
-919.942 954.392 -19.3303 -164.209 98.743 -5.705
-919.947 954.377 -20.3301 -164.198 99.144 -5.706
-919.952 954.363 -21.33 -164.199 99.495 -5.697
-919.957 954.348 -22.3299 -164.199 99.495 -5.697
-919.962 954.333 -23.3298 -164.208 99.86 -5.694
-919.968 954.319 -24.3296 -164.224 100.235 -5.689
-919.973 954.304 -25.3295 -164.224 100.235 -5.689
-919.978 954.29 -26.3294 -164.258 100.717 -5.699
-919.983 954.275 -27.3293 -164.258 100.717 -5.699
-919.989 954.26 -28.3292 -164.299 101.098 -5.695
-919.994 954.246 -29.329 -164.299 101.098 -5.695
-919.999 954.231 -30.3289 -164.345 101.482 -5.712
-920.004 954.216 -31.3288 -164.345 101.482 -5.712
-920.009 954.202 -32.3287 -164.398 101.813 -5.719
-920.015 954.187 -33.3286 -164.398 101.813 -5.719
-920.02 954.173 -34.3284 -164.462 102.142 -5.73
-920.025 954.158 -35.3283 -164.561 102.594 -5.741
-920.03 954.143 -36.3282 -164.561 102.594 -5.741
-920.036 954.129 -37.3281 -164.646 103.01 -5.765
-920.041 954.114 -38.328 -164.646 103.01 -5.765
-920.046 954.1 -39.3278 -164.692 103.357 -5.784
-920.051 954.085 -40.3277 -164.692 103.357 -5.784
-920.056 954.07 -41.3276 -164.715 103.871 -5.785
-920.062 954.056 -42.3275 -164.684 104.303 -5.761
-920.067 954.041 -43.3274 -164.684 104.303 -5.761
-920.072 954.026 -44.3272 -164.59 104.802 -5.754
-920.077 954.012 -45.3271 -164.59 104.802 -5.754
-920.083 953.997 -46.327 -164.506 105.221 -5.749
-920.088 953.983 -47.3269 -164.506 105.221 -5.749
-920.093 953.968 -48.3268 -164.411 105.817 -5.745
-920.098 953.953 -49.3266 -164.411 105.817 -5.745
-920.104 953.939 -50.3265 -164.335 106.559 -5.704
-920.109 953.924 -51.3264 -164.335 106.559 -5.704
-920.114 953.91 -52.3263 -164.292 107.298 -5.716
-920.119 953.895 -53.3262 -164.292 107.298 -5.716
-920.124 953.88 -54.326 -164.277 107.928 -5.739
-920.13 953.866 -55.3259 -164.277 107.928 -5.739
-920.135 953.851 -56.3258 -164.295 108.653 -5.732
-920.14 953.836 -57.3257 -164.295 108.653 -5.732
-920.145 953.822 -58.3256 -164.341 109.325 -5.737
-920.151 953.807 -59.3254 -164.341 109.325 -5.737
-920.156 953.793 -60.3253 -164.393 109.832 -5.754
-920.161 953.778 -61.3252 -164.472 110.44 -5.785
-920.166 953.763 -62.3251 -164.472 110.44 -5.785
-920.171 953.749 -63.325 -164.555 110.955 -5.791
-920.177 953.734 -64.3248 -164.555 110.955 -5.791
-920.182 953.72 -65.3247 -164.7 111.646 -5.812
-920.187 953.705 -66.3246 -164.7 111.646 -5.812
-920.192 953.69 -67.3245 -164.7 111.646 -5.812
-920.198 953.676 -68.3243 -164.865 112.247 -5.86
-920.203 953.661 -69.3242 -165.051 112.833 -5.904
-920.208 953.646 -70.3241 -165.051 112.833 -5.904
-920.213 953.632 -71.324 -165.273 113.47 -5.974
-920.218 953.617 -72.3239 -165.273 113.47 -5.974
-920.224 953.603 -73.3237 -165.522 114.105 -6.019
-920.229 953.588 -74.3236 -165.522 114.105 -6.019
-920.234 953.573 -75.3235 -165.522 114.105 -6.019
-920.239 953.559 -76.3234 -165.522 114.105 -6.019
-920.245 953.544 -77.3233 -165.522 114.105 -6.019
-920.25 953.53 -78.3231 -165.84 114.834 -6.118
-920.255 953.515 -79.323 -165.84 114.834 -6.118
-920.26 953.5 -80.3229 -165.84 114.834 -6.118
-920.265 953.486 -81.3228 -165.84 114.834 -6.118
-920.271 953.471 -82.3227 -165.84 114.834 -6.118
-920.276 953.456 -83.3225 -165.84 114.834 -6.118
9
-912.949 951.063 2.54383 -164.289 97.74 -5.679
-912.948 951.058 1.54385 -164.289 97.74 -5.679
-912.948 951.053 0.543862 -164.289 97.74 -5.679
-912.947 951.047 -0.456124 -164.289 97.74 -5.679
-912.947 951.042 -1.45611 -164.289 97.74 -5.679
-912.946 951.037 -2.4561 -164.289 97.74 -5.679
-912.946 951.032 -3.45608 -164.289 97.74 -5.679
-912.945 951.026 -4.45607 -164.289 97.74 -5.679
-912.945 951.021 -5.45605 -164.289 97.74 -5.679
-912.944 951.016 -6.45604 -164.289 97.74 -5.679
-912.944 951.01 -7.45602 -164.289 97.74 -5.679
-912.943 951.005 -8.45601 -164.289 97.74 -5.679
-912.943 951 -9.456 -164.289 97.74 -5.679
-912.942 950.994 -10.456 -164.289 97.74 -5.679
-912.942 950.989 -11.456 -164.289 97.74 -5.679
-912.941 950.984 -12.456 -164.289 97.74 -5.679
-912.941 950.979 -13.4559 -164.289 97.74 -5.679
-912.94 950.973 -14.4559 -164.289 97.74 -5.679
-912.94 950.968 -15.4559 -164.257 98.067 -5.737
-912.939 950.963 -16.4559 -164.237 98.361 -5.706
-912.939 950.957 -17.4559 -164.237 98.361 -5.706
-912.938 950.952 -18.4559 -164.213 98.706 -5.705
-912.938 950.947 -19.4559 -164.197 99.145 -5.705
-912.937 950.942 -20.4558 -164.197 99.145 -5.705
-912.937 950.936 -21.4558 -164.2 99.496 -5.697
-912.936 950.931 -22.4558 -164.209 99.907 -5.695
-912.936 950.926 -23.4558 -164.209 99.907 -5.695
-912.935 950.92 -24.4558 -164.229 100.284 -5.688
-912.935 950.915 -25.4558 -164.229 100.284 -5.688
-912.934 950.91 -26.4558 -164.25 100.621 -5.699
-912.934 950.904 -27.4557 -164.278 100.907 -5.696
-912.933 950.899 -28.4557 -164.309 101.195 -5.698
-912.933 950.894 -29.4557 -164.309 101.195 -5.698
-912.932 950.889 -30.4557 -164.352 101.53 -5.712
-912.932 950.883 -31.4557 -164.417 101.907 -5.718
-912.931 950.878 -32.4557 -164.417 101.907 -5.718
-912.931 950.873 -33.4557 -164.471 102.189 -5.734
-912.93 950.867 -34.4556 -164.543 102.506 -5.741
-912.93 950.862 -35.4556 -164.543 102.506 -5.741
-912.929 950.857 -36.4556 -164.625 102.889 -5.755
-912.929 950.852 -37.4556 -164.625 102.889 -5.755
-912.928 950.846 -38.4556 -164.689 103.319 -5.782
-912.928 950.841 -39.4556 -164.713 103.722 -5.783
-912.927 950.836 -40.4556 -164.713 103.722 -5.783
-912.927 950.83 -41.4555 -164.703 104.139 -5.768
-912.926 950.825 -42.4555 -164.64 104.566 -5.756
-912.926 950.82 -43.4555 -164.64 104.566 -5.756
-912.925 950.814 -44.4555 -164.526 105.111 -5.751
-912.925 950.809 -45.4555 -164.526 105.111 -5.751
-912.924 950.804 -46.4555 -164.526 105.111 -5.751
-912.924 950.799 -47.4555 -164.41 105.817 -5.746
-912.923 950.793 -48.4554 -164.341 106.488 -5.705
-912.923 950.788 -49.4554 -164.341 106.488 -5.705
-912.922 950.783 -50.4554 -164.299 107.146 -5.711
-912.922 950.777 -51.4554 -164.299 107.146 -5.711
-912.921 950.772 -52.4554 -164.277 107.769 -5.735
-912.921 950.767 -53.4554 -164.277 107.769 -5.735
-912.92 950.761 -54.4554 -164.286 108.491 -5.737
-912.92 950.756 -55.4553 -164.286 108.491 -5.737
-912.919 950.751 -56.4553 -164.335 109.24 -5.733
-912.919 950.746 -57.4553 -164.381 109.748 -5.754
-912.918 950.74 -58.4553 -164.381 109.748 -5.754
-912.918 950.735 -59.4553 -164.451 110.268 -5.771
-912.917 950.73 -60.4553 -164.451 110.268 -5.771
-912.917 950.724 -61.4553 -164.558 110.955 -5.791
-912.916 950.719 -62.4552 -164.558 110.955 -5.791
-912.916 950.714 -63.4552 -164.682 111.561 -5.806
-912.915 950.709 -64.4552 -164.682 111.561 -5.806
-912.915 950.703 -65.4552 -164.864 112.246 -5.86
-912.914 950.698 -66.4552 -164.864 112.246 -5.86
-912.913 950.693 -67.4552 -165.079 112.915 -5.908
-912.913 950.687 -68.4552 -165.079 112.915 -5.908
-912.912 950.682 -69.4551 -165.273 113.47 -5.973
-912.912 950.677 -70.4551 -165.273 113.47 -5.973
-912.911 950.671 -71.4551 -165.524 114.104 -6.017
-912.911 950.666 -72.4551 -165.524 114.104 -6.017
-912.91 950.661 -73.4551 -165.524 114.104 -6.017
-912.91 950.656 -74.4551 -165.524 114.104 -6.017
-912.909 950.65 -75.4551 -165.818 114.787 -6.11
-912.909 950.645 -76.455 -165.818 114.787 -6.11
-912.908 950.64 -77.455 -165.818 114.787 -6.11
-912.908 950.634 -78.455 -165.818 114.787 -6.11
-912.907 950.629 -79.455 -165.818 114.787 -6.11
-912.907 950.624 -80.455 -165.818 114.787 -6.11
-912.906 950.619 -81.455 -165.818 114.787 -6.11
-912.906 950.613 -82.455 -165.818 114.787 -6.11
10
-916.75 951.941 2.81363 -164.289 97.741 -5.68
-916.749 951.931 1.81369 -164.289 97.741 -5.68
-916.747 951.92 0.813746 -164.289 97.741 -5.68
-916.746 951.909 -0.186196 -164.289 97.741 -5.68
-916.744 951.899 -1.18614 -164.289 97.741 -5.68
-916.743 951.888 -2.18608 -164.289 97.741 -5.68
-916.742 951.877 -3.18602 -164.289 97.741 -5.68
-916.74 951.867 -4.18596 -164.289 97.741 -5.68
-916.739 951.856 -5.18591 -164.289 97.741 -5.68
-916.737 951.845 -6.18585 -164.289 97.741 -5.68
-916.736 951.834 -7.18579 -164.289 97.741 -5.68
-916.734 951.824 -8.18573 -164.289 97.741 -5.68
-916.733 951.813 -9.18567 -164.289 97.741 -5.68
-916.732 951.802 -10.1856 -164.289 97.741 -5.68
-916.73 951.792 -11.1856 -164.289 97.741 -5.68
-916.729 951.781 -12.1855 -164.289 97.741 -5.68
-916.727 951.77 -13.1854 -164.289 97.741 -5.68
-916.726 951.76 -14.1854 -164.289 97.741 -5.68
-916.724 951.749 -15.1853 -164.26 98.041 -5.737
-916.723 951.738 -16.1853 -164.26 98.041 -5.737
-916.721 951.728 -17.1852 -164.24 98.324 -5.701
-916.72 951.717 -18.1852 -164.219 98.626 -5.7
-916.719 951.706 -19.1851 -164.202 99.057 -5.694
-916.717 951.696 -20.185 -164.202 99.057 -5.694
-916.716 951.685 -21.185 -164.202 99.401 -5.693
-916.714 951.674 -22.1849 -164.202 99.401 -5.693
-916.713 951.664 -23.1849 -164.21 99.811 -5.69
-916.711 951.653 -24.1848 -164.225 100.233 -5.69
-916.71 951.642 -25.1847 -164.225 100.233 -5.69
-916.709 951.632 -26.1847 -164.253 100.666 -5.705
-916.707 951.621 -27.1846 -164.253 100.666 -5.705
-916.706 951.61 -28.1846 -164.289 101.001 -5.699
-916.704 951.6 -29.1845 -164.289 101.001 -5.699
-916.703 951.589 -30.1845 -164.322 101.289 -5.705
-916.701 951.578 -31.1844 -164.361 101.576 -5.713
-916.7 951.568 -32.1843 -164.425 101.952 -5.719
-916.698 951.557 -33.1843 -164.425 101.952 -5.719
-916.697 951.546 -34.1842 -164.5 102.328 -5.74
-916.696 951.536 -35.1842 -164.5 102.328 -5.74
-916.694 951.525 -36.1841 -164.57 102.636 -5.737
-916.693 951.514 -37.1841 -164.648 103.009 -5.76
-916.691 951.504 -38.184 -164.648 103.009 -5.76
-916.69 951.493 -39.1839 -164.697 103.356 -5.776
-916.688 951.482 -40.1839 -164.717 103.758 -5.782
-916.687 951.472 -41.1838 -164.703 104.139 -5.77
-916.685 951.461 -42.1838 -164.703 104.139 -5.77
-916.684 951.45 -43.1837 -164.649 104.521 -5.76
-916.683 951.44 -44.1836 -164.649 104.521 -5.76
-916.681 951.429 -45.1836 -164.547 105.006 -5.756
-916.68 951.418 -46.1835 -164.547 105.006 -5.756
-916.678 951.408 -47.1835 -164.457 105.508 -5.739
-916.677 951.397 -48.1834 -164.457 105.508 -5.739
-916.675 951.386 -49.1834 -164.366 106.209 -5.718
-916.674 951.376 -50.1833 -164.366 106.209 -5.718
-916.673 951.365 -51.1832 -164.312 106.92 -5.718
-916.671 951.354 -52.1832 -164.282 107.606 -5.73
-916.67 951.344 -53.1831 -164.282 107.606 -5.73
-916.668 951.333 -54.1831 -164.282 108.246 -5.739
-916.667 951.322 -55.183 -164.282 108.246 -5.739
-916.665 951.312 -56.1829 -164.31 108.903 -5.732
-916.664 951.301 -57.1829 -164.31 108.903 -5.732
-916.662 951.29 -58.1828 -164.352 109.495 -5.754
-916.661 951.28 -59.1828 -164.352 109.495 -5.754
-916.66 951.269 -60.1827 -164.352 109.495 -5.754
-916.658 951.258 -61.1827 -164.501 110.61 -5.78
-916.657 951.248 -62.1826 -164.501 110.61 -5.78
-916.655 951.237 -63.1825 -164.501 110.61 -5.78
-916.654 951.226 -64.1825 -164.719 111.731 -5.828
-916.652 951.216 -65.1824 -164.719 111.731 -5.828
-916.651 951.205 -66.1824 -164.719 111.731 -5.828
-916.65 951.194 -67.1823 -164.885 112.331 -5.871
-916.648 951.184 -68.1823 -164.885 112.331 -5.871
-916.647 951.173 -69.1822 -165.107 112.997 -5.912
-916.645 951.162 -70.1821 -165.107 112.997 -5.912
-916.644 951.152 -71.1821 -165.36 113.693 -5.988
-916.642 951.141 -72.182 -165.36 113.693 -5.988
-916.641 951.13 -73.182 -165.602 114.296 -6.05
-916.639 951.12 -74.1819 -165.602 114.296 -6.05
-916.638 951.109 -75.1818 -165.602 114.296 -6.05
-916.637 951.098 -76.1818 -165.602 114.296 -6.05
-916.635 951.088 -77.1817 -165.88 114.924 -6.134
-916.634 951.077 -78.1817 -165.88 114.924 -6.134
-916.632 951.066 -79.1816 -165.88 114.924 -6.134
-916.631 951.056 -80.1816 -165.88 114.924 -6.134
-916.629 951.045 -81.1815 -165.88 114.924 -6.134
-916.628 951.034 -82.1814 -165.88 114.924 -6.134
11
-925.006 956.143 1.13741 -164.289 97.74 -5.68
-925.002 956.147 0.137424 -164.289 97.74 -5.68
-924.998 956.151 -0.862561 -164.289 97.74 -5.68
-924.994 956.155 -1.86255 -164.289 97.74 -5.68
-924.991 956.159 -2.86253 -164.289 97.74 -5.68
-924.987 956.163 -3.86251 -164.289 97.74 -5.68
-924.983 956.167 -4.8625 -164.289 97.74 -5.68
-924.979 956.171 -5.86248 -164.289 97.74 -5.68
-924.975 956.175 -6.86247 -164.289 97.74 -5.68
-924.971 956.179 -7.86245 -164.289 97.74 -5.68
-924.967 956.183 -8.86244 -164.289 97.74 -5.68
-924.963 956.187 -9.86242 -164.289 97.74 -5.68
-924.959 956.191 -10.8624 -164.289 97.74 -5.68
-924.955 956.195 -11.8624 -164.289 97.74 -5.68
-924.951 956.199 -12.8624 -164.289 97.74 -5.68
-924.947 956.203 -13.8624 -164.289 97.74 -5.68
-924.944 956.207 -14.8623 -164.289 97.74 -5.68
-924.94 956.211 -15.8623 -164.259 98.044 -5.737
-924.936 956.214 -16.8623 -164.236 98.359 -5.701
-924.932 956.218 -17.8623 -164.236 98.359 -5.701
-924.928 956.222 -18.8623 -164.211 98.741 -5.698
-924.924 956.226 -19.8623 -164.211 98.741 -5.698
-924.92 956.23 -20.8623 -164.199 99.143 -5.699
-924.916 956.234 -21.8622 -164.202 99.539 -5.689
-924.912 956.238 -22.8622 -164.202 99.539 -5.689
-924.908 956.242 -23.8622 -164.209 99.906 -5.692
-924.904 956.246 -24.8622 -164.209 99.906 -5.692
-924.9 956.25 -25.8622 -164.231 100.331 -5.691
-924.897 956.254 -26.8622 -164.249 100.62 -5.703
-924.893 956.258 -27.8621 -164.249 100.62 -5.703
-924.889 956.262 -28.8621 -164.277 100.907 -5.7
-924.885 956.266 -29.8621 -164.313 101.243 -5.705
-924.881 956.27 -30.8621 -164.313 101.243 -5.705
-924.877 956.274 -31.8621 -164.365 101.625 -5.715
-924.873 956.278 -32.8621 -164.365 101.625 -5.715
-924.869 956.282 -33.862 -164.433 102.001 -5.72
-924.865 956.286 -34.862 -164.491 102.281 -5.739
-924.861 956.29 -35.862 -164.491 102.281 -5.739
-924.857 956.294 -36.862 -164.582 102.679 -5.737
-924.853 956.298 -37.862 -164.648 103.01 -5.761
-924.85 956.302 -38.862 -164.648 103.01 -5.761
-924.846 956.306 -39.862 -164.698 103.393 -5.78
-924.842 956.31 -40.8619 -164.698 103.393 -5.78
-924.838 956.314 -41.8619 -164.717 103.795 -5.783
-924.834 956.318 -42.8619 -164.699 104.179 -5.767
-924.83 956.322 -43.8619 -164.699 104.179 -5.767
-924.826 956.326 -44.8619 -164.699 104.179 -5.767
-924.822 956.329 -45.8619 -164.526 105.111 -5.753
-924.818 956.333 -46.8618 -164.526 105.111 -5.753
-924.814 956.337 -47.8618 -164.526 105.111 -5.753
-924.81 956.341 -48.8618 -164.439 105.63 -5.739
-924.806 956.345 -49.8618 -164.364 106.21 -5.717
-924.803 956.349 -50.8618 -164.364 106.21 -5.717
-924.799 956.353 -51.8618 -164.305 106.996 -5.717
-924.795 956.357 -52.8618 -164.305 106.996 -5.717
-924.791 956.361 -53.8617 -164.279 107.688 -5.73
-924.787 956.365 -54.8617 -164.279 107.688 -5.73
-924.783 956.369 -55.8617 -164.285 108.409 -5.736
-924.779 956.373 -56.8617 -164.285 108.409 -5.736
-924.775 956.377 -57.8617 -164.323 109.071 -5.732
-924.771 956.381 -58.8617 -164.323 109.071 -5.732
-924.767 956.385 -59.8616 -164.381 109.748 -5.756
-924.763 956.389 -60.8616 -164.381 109.748 -5.756
-924.759 956.393 -61.8616 -164.449 110.267 -5.766
-924.756 956.397 -62.8616 -164.449 110.267 -5.766
-924.752 956.401 -63.8616 -164.524 110.782 -5.786
-924.748 956.405 -64.8616 -164.524 110.782 -5.786
-924.744 956.409 -65.8616 -164.625 111.302 -5.795
-924.74 956.413 -66.8615 -164.625 111.302 -5.795
-924.736 956.417 -67.8615 -164.791 111.989 -5.839
-924.732 956.421 -68.8615 -164.791 111.989 -5.839
-924.728 956.425 -69.8615 -164.996 112.667 -5.891
-924.724 956.429 -70.8615 -164.996 112.667 -5.891
-924.72 956.433 -71.8615 -165.19 113.239 -5.941
-924.716 956.437 -72.8614 -165.19 113.239 -5.941
-924.712 956.44 -73.8614 -165.523 114.105 -6.019
-924.709 956.444 -74.8614 -165.523 114.105 -6.019
-924.705 956.448 -75.8614 -165.523 114.105 -6.019
-924.701 956.452 -76.8614 -165.523 114.105 -6.019
-924.697 956.456 -77.8614 -165.523 114.105 -6.019
-924.693 956.46 -78.8613 -165.523 114.105 -6.019
-924.689 956.464 -79.8613 -165.816 114.788 -6.115
-924.685 956.468 -80.8613 -165.816 114.788 -6.115
-924.681 956.472 -81.8613 -165.816 114.788 -6.115
-924.677 956.476 -82.8613 -165.816 114.788 -6.115
-924.673 956.48 -83.8613 -165.816 114.788 -6.115
12
-916.927 953.362 3.33539 -164.29 97.741 -5.681
-916.93 953.352 2.33545 -164.29 97.741 -5.681
-916.933 953.342 1.3355 -164.29 97.741 -5.681
-916.935 953.332 0.335553 -164.29 97.741 -5.681
-916.938 953.322 -0.664393 -164.29 97.741 -5.681
-916.941 953.312 -1.66434 -164.29 97.741 -5.681
-916.943 953.302 -2.66429 -164.29 97.741 -5.681
-916.946 953.292 -3.66423 -164.29 97.741 -5.681
-916.949 953.282 -4.66418 -164.29 97.741 -5.681
-916.952 953.272 -5.66413 -164.29 97.741 -5.681
-916.954 953.262 -6.66407 -164.29 97.741 -5.681
-916.957 953.252 -7.66402 -164.29 97.741 -5.681
-916.96 953.242 -8.66397 -164.29 97.741 -5.681
-916.962 953.232 -9.66391 -164.29 97.741 -5.681
-916.965 953.222 -10.6639 -164.29 97.741 -5.681
-916.968 953.212 -11.6638 -164.29 97.741 -5.681
-916.97 953.202 -12.6638 -164.29 97.741 -5.681
-916.973 953.192 -13.6637 -164.29 97.741 -5.681
-916.976 953.182 -14.6636 -164.26 98.043 -5.735
-916.978 953.172 -15.6636 -164.26 98.043 -5.735
-916.981 953.162 -16.6635 -164.238 98.358 -5.697
-916.984 953.152 -17.6635 -164.238 98.358 -5.697
-916.986 953.142 -18.6634 -164.213 98.74 -5.692
-916.989 953.132 -19.6634 -164.2 99.145 -5.698
-916.992 953.122 -20.6633 -164.2 99.145 -5.698
-916.995 953.112 -21.6633 -164.201 99.493 -5.689
-916.997 953.102 -22.6632 -164.201 99.493 -5.689
-917 953.093 -23.6632 -164.214 100.045 -5.695
-917.003 953.083 -24.6631 -164.214 100.045 -5.695
-917.005 953.073 -25.6631 -164.238 100.475 -5.7
-917.008 953.063 -26.663 -164.238 100.475 -5.7
-917.011 953.053 -27.663 -164.267 100.811 -5.705
-917.013 953.043 -28.6629 -164.303 101.147 -5.7
-917.016 953.033 -29.6628 -164.303 101.147 -5.7
-917.019 953.023 -30.6628 -164.35 101.529 -5.712
-917.021 953.013 -31.6627 -164.35 101.529 -5.712
-917.024 953.003 -32.6627 -164.417 101.906 -5.714
-917.027 952.993 -33.6626 -164.472 102.189 -5.728
-917.03 952.983 -34.6626 -164.472 102.189 -5.728
-917.032 952.973 -35.6625 -164.554 102.549 -5.732
-917.035 952.963 -36.6625 -164.641 102.97 -5.757
-917.038 952.953 -37.6624 -164.641 102.97 -5.757
-917.04 952.943 -38.6624 -164.697 103.393 -5.778
-917.043 952.933 -39.6623 -164.697 103.393 -5.778
-917.046 952.923 -40.6623 -164.715 103.759 -5.783
-917.048 952.913 -41.6622 -164.682 104.303 -5.768
-917.051 952.903 -42.6622 -164.682 104.303 -5.768
-917.054 952.893 -43.6621 -164.682 104.303 -5.768
-917.056 952.883 -44.662 -164.516 105.166 -5.751
-917.059 952.873 -45.662 -164.516 105.166 -5.751
-917.062 952.863 -46.6619 -164.516 105.166 -5.751
-917.064 952.853 -47.6619 -164.422 105.754 -5.737
-917.067 952.843 -48.6618 -164.422 105.754 -5.737
-917.07 952.833 -49.6618 -164.345 106.417 -5.713
-917.073 952.823 -50.6617 -164.345 106.417 -5.713
-917.075 952.814 -51.6617 -164.299 107.146 -5.716
-917.078 952.804 -52.6616 -164.299 107.146 -5.716
-917.081 952.794 -53.6616 -164.281 108.086 -5.73
-917.083 952.784 -54.6615 -164.281 108.086 -5.73
-917.086 952.774 -55.6615 -164.304 108.82 -5.733
-917.089 952.764 -56.6614 -164.304 108.82 -5.733
-917.091 952.754 -57.6614 -164.346 109.41 -5.748
-917.094 952.744 -58.6613 -164.346 109.41 -5.748
-917.097 952.734 -59.6613 -164.418 110.006 -5.752
-917.099 952.724 -60.6612 -164.418 110.006 -5.752
-917.102 952.714 -61.6611 -164.418 110.006 -5.752
-917.105 952.704 -62.6611 -164.678 111.56 -5.813
-917.108 952.694 -63.661 -164.678 111.56 -5.813
-917.11 952.684 -64.661 -164.678 111.56 -5.813
-917.113 952.674 -65.6609 -164.678 111.56 -5.813
-917.116 952.664 -66.6609 -164.915 112.416 -5.874
-917.118 952.654 -67.6608 -164.915 112.416 -5.874
-917.121 952.644 -68.6608 -164.915 112.416 -5.874
-917.124 952.634 -69.6607 -165.164 113.159 -5.926
-917.126 952.624 -70.6607 -165.164 113.159 -5.926
-917.129 952.614 -71.6606 -165.413 113.835 -5.998
-917.132 952.604 -72.6606 -165.413 113.835 -5.998
-917.134 952.594 -73.6605 -165.646 114.417 -6.073
-917.137 952.584 -74.6605 -165.646 114.417 -6.073
-917.14 952.574 -75.6604 -165.646 114.417 -6.073
-917.142 952.564 -76.6603 -165.646 114.417 -6.073
-917.145 952.554 -77.6603 -165.646 114.417 -6.073
-917.148 952.544 -78.6602 -165.646 114.417 -6.073
-917.151 952.535 -79.6602 -165.646 114.417 -6.073
-917.153 952.525 -80.6601 -165.936 115.048 -6.155
-917.156 952.515 -81.6601 -165.936 115.048 -6.155
13
-916.54 948.353 3.05952 -164.29 97.741 -5.68
-916.526 948.352 2.05962 -164.29 97.741 -5.68
-916.512 948.352 1.05972 -164.29 97.741 -5.68
-916.498 948.352 0.0598185 -164.29 97.741 -5.68
-916.484 948.352 -0.940083 -164.29 97.741 -5.68
-916.47 948.351 -1.93998 -164.29 97.741 -5.68
-916.456 948.351 -2.93989 -164.29 97.741 -5.68
-916.442 948.351 -3.93979 -164.29 97.741 -5.68
-916.428 948.351 -4.93969 -164.29 97.741 -5.68
-916.414 948.35 -5.93959 -164.29 97.741 -5.68
-916.4 948.35 -6.93949 -164.29 97.741 -5.68
-916.386 948.35 -7.93939 -164.29 97.741 -5.68
-916.372 948.35 -8.93929 -164.29 97.741 -5.68
-916.358 948.349 -9.9392 -164.29 97.741 -5.68
-916.344 948.349 -10.9391 -164.29 97.741 -5.68
-916.33 948.349 -11.939 -164.29 97.741 -5.68
-916.316 948.349 -12.9389 -164.29 97.741 -5.68
-916.302 948.349 -13.9388 -164.29 97.741 -5.68
-916.288 948.348 -14.9387 -164.29 97.741 -5.68
-916.274 948.348 -15.9386 -164.259 98.044 -5.736
-916.26 948.348 -16.9385 -164.234 98.39 -5.697
-916.246 948.348 -17.9384 -164.234 98.39 -5.697
-916.231 948.347 -18.9383 -164.213 98.703 -5.695
-916.217 948.347 -19.9382 -164.2 99.06 -5.694
-916.203 948.347 -20.9381 -164.2 99.06 -5.694
-916.189 948.347 -21.938 -164.199 99.449 -5.692
-916.175 948.346 -22.9379 -164.206 99.813 -5.692
-916.161 948.346 -23.9378 -164.206 99.813 -5.692
-916.147 948.346 -24.9377 -164.218 100.14 -5.693
-916.133 948.346 -25.9376 -164.238 100.475 -5.699
-916.119 948.345 -26.9375 -164.238 100.475 -5.699
-916.105 948.345 -27.9374 -164.262 100.763 -5.704
-916.091 948.345 -28.9373 -164.298 101.099 -5.7
-916.077 948.345 -29.9372 -164.298 101.099 -5.7
-916.063 948.344 -30.9371 -164.344 101.482 -5.713
-916.049 948.344 -31.937 -164.391 101.766 -5.712
-916.035 948.344 -32.9369 -164.391 101.766 -5.712
-916.021 948.344 -33.9368 -164.472 102.189 -5.73
-916.007 948.343 -34.9367 -164.472 102.189 -5.73
-915.993 948.343 -35.9366 -164.561 102.593 -5.735
-915.979 948.343 -36.9365 -164.561 102.593 -5.735
-915.965 948.343 -37.9364 -164.632 102.929 -5.755
-915.951 948.342 -38.9363 -164.686 103.281 -5.777
-915.937 948.342 -39.9362 -164.686 103.281 -5.777
-915.923 948.342 -40.9361 -164.715 103.648 -5.78
-915.909 948.342 -41.936 -164.707 104.062 -5.779
-915.895 948.342 -42.9359 -164.707 104.062 -5.779
-915.881 948.341 -43.9358 -164.707 104.062 -5.779
-915.867 948.341 -44.9357 -164.707 104.062 -5.779
-915.853 948.341 -45.9357 -164.44 105.63 -5.735
-915.839 948.341 -46.9356 -164.44 105.63 -5.735
-915.825 948.34 -47.9355 -164.44 105.63 -5.735
-915.81 948.34 -48.9354 -164.365 106.211 -5.72
-915.796 948.34 -49.9353 -164.365 106.211 -5.72
-915.782 948.34 -50.9352 -164.304 106.995 -5.72
-915.768 948.339 -51.9351 -164.304 106.995 -5.72
-915.754 948.339 -52.935 -164.281 107.609 -5.726
-915.74 948.339 -53.9349 -164.281 107.609 -5.726
-915.726 948.339 -54.9348 -164.284 108.409 -5.737
-915.712 948.338 -55.9347 -164.284 108.409 -5.737
-915.698 948.338 -56.9346 -164.322 109.071 -5.737
-915.684 948.338 -57.9345 -164.322 109.071 -5.737
-915.67 948.338 -58.9344 -164.322 109.071 -5.737
-915.656 948.337 -59.9343 -164.44 110.18 -5.758
-915.642 948.337 -60.9342 -164.44 110.18 -5.758
-915.628 948.337 -61.9341 -164.44 110.18 -5.758
-915.614 948.337 -62.934 -164.511 110.697 -5.786
-915.6 948.336 -63.9339 -164.511 110.697 -5.786
-915.586 948.336 -64.9338 -164.511 110.697 -5.786
-915.572 948.336 -65.9337 -164.967 112.583 -5.883
-915.558 948.336 -66.9336 -164.967 112.583 -5.883
-915.544 948.335 -67.9335 -164.967 112.583 -5.883
-915.53 948.335 -68.9334 -164.967 112.583 -5.883
-915.516 948.335 -69.9333 -165.191 113.239 -5.939
-915.502 948.335 -70.9332 -165.191 113.239 -5.939
-915.488 948.334 -71.9331 -165.47 113.972 -6.007
-915.474 948.334 -72.933 -165.47 113.972 -6.007
-915.46 948.334 -73.9329 -165.47 113.972 -6.007
-915.446 948.334 -74.9328 -165.724 114.585 -6.096
-915.432 948.334 -75.9327 -165.724 114.585 -6.096
-915.418 948.333 -76.9326 -165.724 114.585 -6.096
-915.404 948.333 -77.9325 -165.724 114.585 -6.096
-915.389 948.333 -78.9324 -165.986 115.158 -6.17
-915.375 948.333 -79.9323 -165.986 115.158 -6.17
-915.361 948.332 -80.9322 -165.986 115.158 -6.17
-915.347 948.332 -81.9321 -165.986 115.158 -6.17
14
-917.527 957.408 3.86796 -164.291 97.74 -5.679
-917.521 957.403 2.86799 -164.291 97.74 -5.679
-917.515 957.399 1.86801 -164.291 97.74 -5.679
-917.509 957.394 0.868043 -164.291 97.74 -5.679
-917.503 957.389 -0.131929 -164.291 97.74 -5.679
-917.497 957.385 -1.1319 -164.291 97.74 -5.679
-917.491 957.38 -2.13187 -164.291 97.74 -5.679
-917.485 957.375 -3.13185 -164.291 97.74 -5.679
-917.479 957.371 -4.13182 -164.291 97.74 -5.679
-917.474 957.366 -5.13179 -164.291 97.74 -5.679
-917.468 957.362 -6.13176 -164.291 97.74 -5.679
-917.462 957.357 -7.13173 -164.291 97.74 -5.679
-917.456 957.352 -8.13171 -164.291 97.74 -5.679
-917.45 957.348 -9.13168 -164.291 97.74 -5.679
-917.444 957.343 -10.1316 -164.291 97.74 -5.679
-917.438 957.339 -11.1316 -164.291 97.74 -5.679
-917.432 957.334 -12.1316 -164.291 97.74 -5.679
-917.426 957.329 -13.1316 -164.291 97.74 -5.679
-917.421 957.325 -14.1315 -164.26 98.044 -5.736
-917.415 957.32 -15.1315 -164.26 98.044 -5.736
-917.409 957.315 -16.1315 -164.234 98.391 -5.705
-917.403 957.311 -17.1315 -164.234 98.391 -5.705
-917.397 957.306 -18.1314 -164.212 98.705 -5.705
-917.391 957.302 -19.1314 -164.198 99.061 -5.704
-917.385 957.297 -20.1314 -164.198 99.061 -5.704
-917.379 957.292 -21.1313 -164.198 99.495 -5.699
-917.374 957.288 -22.1313 -164.209 99.906 -5.696
-917.368 957.283 -23.1313 -164.209 99.906 -5.696
-917.362 957.279 -24.1313 -164.228 100.283 -5.69
-917.356 957.274 -25.1312 -164.228 100.283 -5.69
-917.35 957.269 -26.1312 -164.245 100.572 -5.7
-917.344 957.265 -27.1312 -164.278 100.907 -5.698
-917.338 957.26 -28.1311 -164.278 100.907 -5.698
-917.332 957.256 -29.1311 -164.333 101.387 -5.707
-917.326 957.251 -30.1311 -164.333 101.387 -5.707
-917.321 957.246 -31.1311 -164.381 101.719 -5.715
-917.315 957.242 -32.131 -164.441 102.048 -5.726
-917.309 957.237 -33.131 -164.441 102.048 -5.726
-917.303 957.232 -34.131 -164.501 102.328 -5.742
-917.297 957.228 -35.131 -164.572 102.637 -5.741
-917.291 957.223 -36.1309 -164.639 102.97 -5.763
-917.285 957.219 -37.1309 -164.639 102.97 -5.763
-917.279 957.214 -38.1309 -164.689 103.318 -5.782
-917.273 957.209 -39.1308 -164.689 103.318 -5.782
-917.268 957.205 -40.1308 -164.715 103.833 -5.785
-917.262 957.2 -41.1308 -164.69 104.261 -5.762
-917.256 957.196 -42.1308 -164.69 104.261 -5.762
-917.25 957.191 -43.1307 -164.611 104.705 -5.755
-917.244 957.186 -44.1307 -164.611 104.705 -5.755
-917.238 957.182 -45.1307 -164.516 105.165 -5.751
-917.232 957.177 -46.1306 -164.516 105.165 -5.751
-917.226 957.172 -47.1306 -164.4 105.881 -5.746
-917.22 957.168 -48.1306 -164.4 105.881 -5.746
-917.215 957.163 -49.1306 -164.34 106.488 -5.706
-917.209 957.159 -50.1305 -164.34 106.488 -5.706
-917.203 957.154 -51.1305 -164.295 107.222 -5.713
-917.197 957.149 -52.1305 -164.295 107.222 -5.713
-917.191 957.145 -53.1304 -164.278 108.168 -5.743
-917.185 957.14 -54.1304 -164.278 108.168 -5.743
-917.179 957.136 -55.1304 -164.317 108.986 -5.727
-917.173 957.131 -56.1304 -164.317 108.986 -5.727
-917.167 957.126 -57.1303 -164.371 109.663 -5.752
-917.162 957.122 -58.1303 -164.371 109.663 -5.752
-917.156 957.117 -59.1303 -164.371 109.663 -5.752
-917.15 957.112 -60.1303 -164.485 110.526 -5.787
-917.144 957.108 -61.1302 -164.485 110.526 -5.787
-917.138 957.103 -62.1302 -164.573 111.043 -5.793
-917.132 957.099 -63.1302 -164.573 111.043 -5.793
-917.126 957.094 -64.1301 -164.743 111.817 -5.825
-917.12 957.089 -65.1301 -164.743 111.817 -5.825
-917.114 957.085 -66.1301 -164.743 111.817 -5.825
-917.109 957.08 -67.1301 -164.914 112.416 -5.875
-917.103 957.076 -68.13 -165.135 113.08 -5.924
-917.097 957.071 -69.13 -165.135 113.08 -5.924
-917.091 957.066 -70.13 -165.384 113.764 -5.993
-917.085 957.062 -71.1299 -165.384 113.764 -5.993
-917.079 957.057 -72.1299 -165.384 113.764 -5.993
-917.073 957.053 -73.1299 -165.384 113.764 -5.993
-917.067 957.048 -74.1299 -165.649 114.416 -6.065
-917.061 957.043 -75.1298 -165.953 115.085 -6.16
-917.056 957.039 -76.1298 -165.953 115.085 -6.16
-917.05 957.034 -77.1298 -165.953 115.085 -6.16
-917.044 957.029 -78.1297 -165.953 115.085 -6.16
-917.038 957.025 -79.1297 -165.953 115.085 -6.16
-917.032 957.02 -80.1297 -165.953 115.085 -6.16
-917.026 957.016 -81.1297 -165.953 115.085 -6.16
15
-918.318 955.691 2.19164 -164.291 97.74 -5.679
-918.308 955.687 1.19169 -164.291 97.74 -5.679
-918.298 955.684 0.191746 -164.291 97.74 -5.679
-918.289 955.68 -0.808201 -164.291 97.74 -5.679
-918.279 955.677 -1.80815 -164.291 97.74 -5.679
-918.269 955.673 -2.80809 -164.291 97.74 -5.679
-918.26 955.67 -3.80804 -164.291 97.74 -5.679
-918.25 955.666 -4.80799 -164.291 97.74 -5.679
-918.24 955.662 -5.80793 -164.291 97.74 -5.679
-918.231 955.659 -6.80788 -164.291 97.74 -5.679
-918.221 955.655 -7.80783 -164.291 97.74 -5.679
-918.211 955.652 -8.80777 -164.291 97.74 -5.679
-918.202 955.648 -9.80772 -164.291 97.74 -5.679
-918.192 955.645 -10.8077 -164.291 97.74 -5.679
-918.182 955.641 -11.8076 -164.291 97.74 -5.679
-918.173 955.638 -12.8076 -164.291 97.74 -5.679
-918.163 955.634 -13.8075 -164.291 97.74 -5.679
-918.153 955.63 -14.8075 -164.256 98.066 -5.737
-918.144 955.627 -15.8074 -164.256 98.066 -5.737
-918.134 955.623 -16.8073 -164.225 98.49 -5.705
-918.124 955.62 -17.8073 -164.225 98.49 -5.705
-918.115 955.616 -18.8072 -164.205 98.819 -5.701
-918.105 955.613 -19.8072 -164.194 99.187 -5.709
-918.095 955.609 -20.8071 -164.194 99.187 -5.709
-918.086 955.605 -21.8071 -164.2 99.585 -5.694
-918.076 955.602 -22.807 -164.21 99.953 -5.695
-918.066 955.598 -23.807 -164.21 99.953 -5.695
-918.056 955.595 -24.8069 -164.227 100.283 -5.689
-918.047 955.591 -25.8069 -164.245 100.573 -5.698
-918.037 955.588 -26.8068 -164.245 100.573 -5.698
-918.027 955.584 -27.8068 -164.283 100.955 -5.695
-918.018 955.581 -28.8067 -164.283 100.955 -5.695
-918.008 955.577 -29.8067 -164.327 101.339 -5.704
-917.998 955.573 -30.8066 -164.382 101.72 -5.715
-917.989 955.57 -31.8066 -164.382 101.72 -5.715
-917.979 955.566 -32.8065 -164.462 102.141 -5.73
-917.969 955.563 -33.8064 -164.462 102.141 -5.73
-917.96 955.559 -34.8064 -164.531 102.462 -5.743
-917.95 955.556 -35.8063 -164.606 102.805 -5.75
-917.94 955.552 -36.8063 -164.606 102.805 -5.75
-917.931 955.548 -37.8062 -164.669 103.167 -5.776
-917.921 955.545 -38.8062 -164.669 103.167 -5.776
-917.911 955.541 -39.8061 -164.71 103.541 -5.782
-917.902 955.538 -40.8061 -164.712 103.909 -5.783
-917.892 955.534 -41.806 -164.684 104.303 -5.76
-917.882 955.531 -42.806 -164.684 104.303 -5.76
-917.873 955.527 -43.8059 -164.602 104.754 -5.756
-917.863 955.524 -44.8059 -164.602 104.754 -5.756
-917.853 955.52 -45.8058 -164.486 105.334 -5.746
-917.843 955.516 -46.8058 -164.486 105.334 -5.746
-917.834 955.513 -47.8057 -164.391 105.947 -5.744
-917.824 955.509 -48.8056 -164.391 105.947 -5.744
-917.814 955.506 -49.8056 -164.334 106.559 -5.705
-917.805 955.502 -50.8055 -164.292 107.297 -5.716
-917.795 955.499 -51.8055 -164.292 107.297 -5.716
-917.785 955.495 -52.8054 -164.292 107.297 -5.716
-917.776 955.491 -53.8054 -164.279 108.089 -5.738
-917.766 955.488 -54.8053 -164.279 108.089 -5.738
-917.756 955.484 -55.8053 -164.299 108.736 -5.728
-917.747 955.481 -56.8052 -164.338 109.325 -5.736
-917.737 955.477 -57.8052 -164.338 109.325 -5.736
-917.727 955.474 -58.8051 -164.389 109.832 -5.753
-917.718 955.47 -59.8051 -164.389 109.832 -5.753
-917.708 955.467 -60.805 -164.471 110.44 -5.782
-917.698 955.463 -61.805 -164.471 110.44 -5.782
-917.689 955.459 -62.8049 -164.609 111.216 -5.792
-917.679 955.456 -63.8048 -164.609 111.216 -5.792
-917.669 955.452 -64.8048 -164.746 111.817 -5.824
-917.66 955.449 -65.8047 -164.746 111.817 -5.824
-917.65 955.445 -66.8047 -164.916 112.417 -5.876
-917.64 955.442 -67.8046 -164.916 112.417 -5.876
-917.631 955.438 -68.8046 -165.162 113.159 -5.937
-917.621 955.434 -69.8045 -165.162 113.159 -5.937
-917.611 955.431 -70.8045 -165.412 113.834 -5.998
-917.601 955.427 -71.8044 -165.412 113.834 -5.998
-917.592 955.424 -72.8044 -165.412 113.834 -5.998
-917.582 955.42 -73.8043 -165.65 114.415 -6.065
-917.572 955.417 -74.8043 -165.65 114.415 -6.065
-917.563 955.413 -75.8042 -165.65 114.415 -6.065
-917.553 955.409 -76.8042 -165.65 114.415 -6.065
-917.543 955.406 -77.8041 -165.971 115.123 -6.165
-917.534 955.402 -78.8041 -165.971 115.123 -6.165
-917.524 955.399 -79.804 -165.971 115.123 -6.165
-917.514 955.395 -80.8039 -165.971 115.123 -6.165
-917.505 955.392 -81.8039 -165.971 115.123 -6.165
-917.495 955.388 -82.8038 -165.971 115.123 -6.165
16
-921.538 950.144 2.93243 -164.291 97.74 -5.679
-921.532 950.135 1.93248 -164.291 97.74 -5.679
-921.527 950.127 0.932536 -164.291 97.74 -5.679
-921.522 950.118 -0.0674119 -164.291 97.74 -5.679
-921.516 950.109 -1.06736 -164.291 97.74 -5.679
-921.511 950.1 -2.06731 -164.291 97.74 -5.679
-921.505 950.092 -3.06726 -164.291 97.74 -5.679
-921.5 950.083 -4.0672 -164.291 97.74 -5.679
-921.495 950.074 -5.06715 -164.291 97.74 -5.679
-921.489 950.066 -6.0671 -164.291 97.74 -5.679
-921.484 950.057 -7.06705 -164.291 97.74 -5.679
-921.479 950.048 -8.06699 -164.291 97.74 -5.679
-921.473 950.04 -9.06694 -164.291 97.74 -5.679
-921.468 950.031 -10.0669 -164.291 97.74 -5.679
-921.462 950.022 -11.0668 -164.291 97.74 -5.679
-921.457 950.014 -12.0668 -164.291 97.74 -5.679
-921.452 950.005 -13.0667 -164.291 97.74 -5.679
-921.446 949.996 -14.0667 -164.291 97.74 -5.679
-921.441 949.988 -15.0666 -164.291 97.74 -5.679
-921.435 949.979 -16.0666 -164.25 98.137 -5.734
-921.43 949.97 -17.0665 -164.25 98.137 -5.734
-921.425 949.962 -18.0665 -164.231 98.424 -5.705
-921.419 949.953 -19.0664 -164.209 98.743 -5.706
-921.414 949.944 -20.0664 -164.209 98.743 -5.706
-921.408 949.936 -21.0663 -164.196 99.145 -5.707
-921.403 949.927 -22.0663 -164.198 99.541 -5.697
-921.398 949.918 -23.0662 -164.198 99.541 -5.697
-921.392 949.91 -24.0662 -164.207 99.906 -5.694
-921.387 949.901 -25.0661 -164.207 99.906 -5.694
-921.382 949.892 -26.0661 -164.224 100.235 -5.689
-921.376 949.884 -27.066 -164.242 100.524 -5.695
-921.371 949.875 -28.066 -164.268 100.812 -5.699
-921.365 949.866 -29.0659 -164.268 100.812 -5.699
-921.36 949.857 -30.0658 -164.299 101.099 -5.695
-921.355 949.849 -31.0658 -164.344 101.482 -5.713
-921.349 949.84 -32.0657 -164.344 101.482 -5.713
-921.344 949.831 -33.0657 -164.389 101.767 -5.717
-921.338 949.823 -34.0656 -164.389 101.767 -5.717
-921.333 949.814 -35.0656 -164.461 102.142 -5.73
-921.328 949.805 -36.0655 -164.542 102.505 -5.741
-921.322 949.797 -37.0655 -164.542 102.505 -5.741
-921.317 949.788 -38.0654 -164.616 102.846 -5.752
-921.312 949.779 -39.0654 -164.616 102.846 -5.752
-921.306 949.771 -40.0653 -164.679 103.244 -5.782
-921.301 949.762 -41.0653 -164.712 103.613 -5.782
-921.295 949.753 -42.0652 -164.712 103.613 -5.782
-921.29 949.745 -43.0652 -164.707 104.061 -5.774
-921.285 949.736 -44.0651 -164.664 104.432 -5.757
-921.279 949.727 -45.0651 -164.664 104.432 -5.757
-921.274 949.719 -46.065 -164.546 105.006 -5.753
-921.268 949.71 -47.065 -164.546 105.006 -5.753
-921.263 949.701 -48.0649 -164.546 105.006 -5.753
-921.258 949.693 -49.0649 -164.457 105.51 -5.744
-921.252 949.684 -50.0648 -164.371 106.144 -5.729
-921.247 949.675 -51.0648 -164.371 106.144 -5.729
-921.241 949.667 -52.0647 -164.317 106.848 -5.709
-921.236 949.658 -53.0646 -164.317 106.848 -5.709
-921.231 949.649 -54.0646 -164.281 107.53 -5.727
-921.225 949.641 -55.0645 -164.281 107.53 -5.727
-921.22 949.632 -56.0645 -164.28 108.328 -5.742
-921.215 949.623 -57.0644 -164.28 108.328 -5.742
-921.209 949.615 -58.0644 -164.316 108.986 -5.726
-921.204 949.606 -59.0643 -164.316 108.986 -5.726
-921.198 949.597 -60.0643 -164.355 109.495 -5.747
-921.193 949.588 -61.0642 -164.355 109.495 -5.747
-921.188 949.58 -62.0642 -164.43 110.093 -5.76
-921.182 949.571 -63.0641 -164.43 110.093 -5.76
-921.177 949.562 -64.0641 -164.511 110.697 -5.791
-921.171 949.554 -65.064 -164.511 110.697 -5.791
-921.166 949.545 -66.064 -164.608 111.216 -5.794
-921.161 949.536 -67.0639 -164.72 111.731 -5.818
-921.155 949.528 -68.0639 -164.72 111.731 -5.818
-921.15 949.519 -69.0638 -164.862 112.247 -5.86
-921.145 949.51 -70.0638 -164.862 112.247 -5.86
-921.139 949.502 -71.0637 -165.049 112.832 -5.903
-921.134 949.493 -72.0637 -165.049 112.832 -5.903
-921.128 949.484 -73.0636 -165.274 113.47 -5.973
-921.123 949.476 -74.0636 -165.274 113.47 -5.973
-921.118 949.467 -75.0635 -165.55 114.169 -6.023
-921.112 949.458 -76.0634 -165.55 114.169 -6.023
-921.107 949.45 -77.0634 -165.55 114.169 -6.023
-921.101 949.441 -78.0633 -165.55 114.169 -6.023
-921.096 949.432 -79.0633 -165.819 114.787 -6.112
-921.091 949.424 -80.0632 -165.819 114.787 -6.112
-921.085 949.415 -81.0632 -165.819 114.787 -6.112
-921.08 949.406 -82.0631 -165.819 114.787 -6.112
17
-918.549 952.304 3.22459 -164.29 97.741 -5.68
-918.541 952.291 2.22471 -164.29 97.741 -5.68
-918.534 952.277 1.22484 -164.29 97.741 -5.68
-918.526 952.263 0.224964 -164.29 97.741 -5.68
-918.518 952.249 -0.774911 -164.29 97.741 -5.68
-918.51 952.235 -1.77479 -164.29 97.741 -5.68
-918.503 952.222 -2.77466 -164.29 97.741 -5.68
-918.495 952.208 -3.77454 -164.29 97.741 -5.68
-918.487 952.194 -4.77441 -164.29 97.741 -5.68
-918.479 952.18 -5.77429 -164.29 97.741 -5.68
-918.472 952.167 -6.77416 -164.29 97.741 -5.68
-918.464 952.153 -7.77404 -164.29 97.741 -5.68
-918.456 952.139 -8.77391 -164.29 97.741 -5.68
-918.448 952.125 -9.77379 -164.29 97.741 -5.68
-918.441 952.112 -10.7737 -164.29 97.741 -5.68
-918.433 952.098 -11.7735 -164.29 97.741 -5.68
-918.425 952.084 -12.7734 -164.29 97.741 -5.68
-918.418 952.07 -13.7733 -164.29 97.741 -5.68
-918.41 952.056 -14.7732 -164.29 97.741 -5.68
-918.402 952.043 -15.773 -164.255 98.087 -5.735
-918.394 952.029 -16.7729 -164.235 98.396 -5.696
-918.387 952.015 -17.7728 -164.235 98.396 -5.696
-918.379 952.001 -18.7727 -164.21 98.802 -5.694
-918.371 951.988 -19.7725 -164.21 98.802 -5.694
-918.363 951.974 -20.7724 -164.204 99.184 -5.695
-918.356 951.96 -21.7723 -164.21 99.549 -5.689
-918.348 951.946 -22.7722 -164.21 99.549 -5.689
-918.34 951.932 -23.772 -164.229 100.049 -5.689
-918.332 951.919 -24.7719 -164.229 100.049 -5.689
-918.325 951.905 -25.7718 -164.257 100.458 -5.697
-918.317 951.891 -26.7717 -164.257 100.458 -5.697
-918.309 951.877 -27.7715 -164.289 100.812 -5.71
-918.301 951.864 -28.7714 -164.336 101.169 -5.71
-918.294 951.85 -29.7713 -164.336 101.169 -5.71
-918.286 951.836 -30.7712 -164.379 101.469 -5.717
-918.278 951.822 -31.771 -164.421 101.762 -5.725
-918.27 951.809 -32.7709 -164.421 101.762 -5.725
-918.263 951.795 -33.7708 -164.471 102.107 -5.738
-918.255 951.781 -34.7707 -164.523 102.442 -5.751
-918.247 951.767 -35.7705 -164.523 102.442 -5.751
-918.24 951.753 -36.7704 -164.578 102.761 -5.742
-918.232 951.74 -37.7703 -164.578 102.761 -5.742
-918.224 951.726 -38.7702 -164.639 103.171 -5.76
-918.216 951.712 -39.77 -164.668 103.513 -5.759
-918.209 951.698 -40.7699 -164.668 103.513 -5.759
-918.201 951.685 -41.7698 -164.66 103.948 -5.764
-918.193 951.671 -42.7697 -164.626 104.433 -5.752
-918.185 951.657 -43.7695 -164.626 104.433 -5.752
-918.178 951.643 -44.7694 -164.56 104.927 -5.76
-918.17 951.629 -45.7693 -164.56 104.927 -5.76
-918.162 951.616 -46.7692 -164.499 105.34 -5.752
-918.154 951.602 -47.769 -164.499 105.34 -5.752
-918.147 951.588 -48.7689 -164.436 105.791 -5.745
-918.139 951.574 -49.7688 -164.436 105.791 -5.745
-918.131 951.561 -50.7687 -164.361 106.443 -5.714
-918.123 951.547 -51.7685 -164.361 106.443 -5.714
-918.116 951.533 -52.7684 -164.315 107.152 -5.707
-918.108 951.519 -53.7683 -164.315 107.152 -5.707
-918.1 951.506 -54.7682 -164.299 108.011 -5.722
-918.093 951.492 -55.768 -164.299 108.011 -5.722
-918.085 951.478 -56.7679 -164.33 108.7 -5.72
-918.077 951.464 -57.7678 -164.33 108.7 -5.72
-918.069 951.45 -58.7677 -164.4 109.522 -5.753
-918.062 951.437 -59.7675 -164.4 109.522 -5.753
-918.054 951.423 -60.7674 -164.519 110.359 -5.787
-918.046 951.409 -61.7673 -164.519 110.359 -5.787
-918.038 951.395 -62.7672 -164.519 110.359 -5.787
-918.031 951.382 -63.767 -164.797 111.748 -5.848
-918.023 951.368 -64.7669 -164.797 111.748 -5.848
-918.015 951.354 -65.7668 -164.797 111.748 -5.848
-918.007 951.34 -66.7667 -164.957 112.38 -5.893
-918 951.326 -67.7666 -164.957 112.38 -5.893
-917.992 951.313 -68.7664 -164.957 112.38 -5.893
-917.984 951.299 -69.7663 -165.159 113.076 -5.931
-917.976 951.285 -70.7662 -165.159 113.076 -5.931
-917.969 951.271 -71.7661 -165.341 113.622 -5.98
-917.961 951.258 -72.7659 -165.341 113.622 -5.98
-917.953 951.244 -73.7658 -165.523 114.103 -6.006
-917.945 951.23 -74.7657 -165.523 114.103 -6.006
-917.938 951.216 -75.7656 -165.523 114.103 -6.006
-917.93 951.203 -76.7654 -165.844 114.84 -6.103
-917.922 951.189 -77.7653 -165.844 114.84 -6.103
-917.915 951.175 -78.7652 -165.844 114.84 -6.103
-917.907 951.161 -79.7651 -165.844 114.84 -6.103
-917.899 951.147 -80.7649 -165.844 114.84 -6.103
-917.891 951.134 -81.7648 -165.844 114.84 -6.103
18
-920.036 952.533 3.06644 -164.291 97.74 -5.679
-920.035 952.52 2.06653 -164.291 97.74 -5.679
-920.035 952.506 1.06662 -164.291 97.74 -5.679
-920.035 952.493 0.0667132 -164.291 97.74 -5.679
-920.034 952.479 -0.933196 -164.291 97.74 -5.679
-920.034 952.466 -1.93311 -164.291 97.74 -5.679
-920.033 952.453 -2.93302 -164.291 97.74 -5.679
-920.033 952.439 -3.93293 -164.291 97.74 -5.679
-920.033 952.426 -4.93283 -164.291 97.74 -5.679
-920.032 952.412 -5.93274 -164.291 97.74 -5.679
-920.032 952.399 -6.93265 -164.291 97.74 -5.679
-920.032 952.385 -7.93256 -164.291 97.74 -5.679
-920.031 952.372 -8.93247 -164.291 97.74 -5.679
-920.031 952.358 -9.93238 -164.291 97.74 -5.679
-920.031 952.345 -10.9323 -164.291 97.74 -5.679
-920.03 952.332 -11.9322 -164.291 97.74 -5.679
-920.03 952.318 -12.9321 -164.291 97.74 -5.679
-920.03 952.305 -13.932 -164.291 97.74 -5.679
-920.029 952.291 -14.9319 -164.259 98.042 -5.74
-920.029 952.278 -15.9318 -164.259 98.042 -5.74
-920.029 952.264 -16.9317 -164.233 98.399 -5.702
-920.028 952.251 -17.9317 -164.233 98.399 -5.702
-920.028 952.237 -18.9316 -164.212 98.717 -5.7
-920.027 952.224 -19.9315 -164.201 99.089 -5.697
-920.027 952.211 -20.9314 -164.201 99.089 -5.697
-920.027 952.197 -21.9313 -164.205 99.447 -5.697
-920.026 952.184 -22.9312 -164.218 99.826 -5.691
-920.026 952.17 -23.9311 -164.218 99.826 -5.691
-920.026 952.157 -24.931 -164.242 100.283 -5.696
-920.025 952.143 -25.9309 -164.242 100.283 -5.696
-920.025 952.13 -26.9308 -164.289 100.813 -5.712
-920.025 952.116 -27.9308 -164.289 100.813 -5.712
-920.024 952.103 -28.9307 -164.335 101.171 -5.712
-920.024 952.09 -29.9306 -164.335 101.171 -5.712
-920.024 952.076 -30.9305 -164.378 101.471 -5.718
-920.023 952.063 -31.9304 -164.427 101.822 -5.729
-920.023 952.049 -32.9303 -164.427 101.822 -5.729
-920.023 952.036 -33.9302 -164.479 102.165 -5.738
-920.022 952.022 -34.9301 -164.479 102.165 -5.738
-920.022 952.009 -35.93 -164.533 102.496 -5.748
-920.021 951.995 -36.9299 -164.598 102.864 -5.743
-920.021 951.982 -37.9299 -164.598 102.864 -5.743
-920.021 951.969 -38.9298 -164.646 103.221 -5.762
-920.02 951.955 -39.9297 -164.646 103.221 -5.762
-920.02 951.942 -40.9296 -164.667 103.657 -5.764
-920.02 951.928 -41.9295 -164.65 104.104 -5.764
-920.019 951.915 -42.9294 -164.65 104.104 -5.764
-920.019 951.901 -43.9293 -164.603 104.611 -5.756
-920.019 951.888 -44.9292 -164.603 104.611 -5.756
-920.018 951.875 -45.9291 -164.54 105.062 -5.753
-920.018 951.861 -46.929 -164.54 105.062 -5.753
-920.018 951.848 -47.9289 -164.448 105.714 -5.742
-920.017 951.834 -48.9289 -164.448 105.714 -5.742
-920.017 951.821 -49.9288 -164.384 106.192 -5.734
-920.017 951.807 -50.9287 -164.384 106.192 -5.734
-920.016 951.794 -51.9286 -164.335 106.794 -5.709
-920.016 951.78 -52.9285 -164.335 106.794 -5.709
-920.015 951.767 -53.9284 -164.3 107.527 -5.709
-920.015 951.754 -54.9283 -164.3 107.527 -5.709
-920.015 951.74 -55.9282 -164.305 108.207 -5.72
-920.014 951.727 -56.9281 -164.305 108.207 -5.72
-920.014 951.713 -57.928 -164.344 108.902 -5.719
-920.014 951.7 -58.928 -164.344 108.902 -5.719
-920.013 951.686 -59.9279 -164.425 109.728 -5.755
-920.013 951.673 -60.9278 -164.425 109.728 -5.755
-920.013 951.659 -61.9277 -164.52 110.359 -5.783
-920.012 951.646 -62.9276 -164.634 110.999 -5.814
-920.012 951.633 -63.9275 -164.634 110.999 -5.814
-920.012 951.619 -64.9274 -164.634 110.999 -5.814
-920.011 951.606 -65.9273 -164.634 110.999 -5.814
-920.011 951.592 -66.9272 -164.984 112.483 -5.899
-920.011 951.579 -67.9271 -164.984 112.483 -5.899
-920.01 951.565 -68.927 -164.984 112.483 -5.899
-920.01 951.552 -69.927 -165.131 112.98 -5.921
-920.009 951.538 -70.9269 -165.131 112.98 -5.921
-920.009 951.525 -71.9268 -165.312 113.536 -5.975
-920.009 951.512 -72.9267 -165.312 113.536 -5.975
-920.008 951.498 -73.9266 -165.522 114.101 -6.008
-920.008 951.485 -74.9265 -165.522 114.101 -6.008
-920.008 951.471 -75.9264 -165.522 114.101 -6.008
-920.007 951.458 -76.9263 -165.522 114.101 -6.008
-920.007 951.444 -77.9262 -165.522 114.101 -6.008
-920.007 951.431 -78.9261 -165.522 114.101 -6.008
-920.006 951.417 -79.9261 -165.844 114.839 -6.104
-920.006 951.404 -80.926 -165.844 114.839 -6.104
-920.006 951.391 -81.9259 -165.844 114.839 -6.104
