1
-1217.78 34.2314 -93.2375 112.517 129.452 72.752
-1200.48 29.2906 -93.2375 125.232 132.148 71.029
-1200.2 30.2522 -93.2488 125.232 132.148 71.029
-1199.93 31.2137 -93.2601 125.232 132.148 71.029
-1199.65 32.1752 -93.2714 125.232 132.148 71.029
-1199.38 33.1367 -93.2828 125.232 132.148 71.029
-1199.1 34.0983 -93.2941 125.232 132.148 71.029
-1198.83 35.0598 -93.3054 125.232 132.148 71.029
-1198.55 36.0213 -93.3167 125.232 132.148 71.029
-1198.28 36.9829 -93.328 125.232 132.148 71.029
-1198 37.9444 -93.3393 125.232 132.148 71.029
-1197.73 38.9059 -93.3506 125.267 132.151 71.079
-1197.46 39.8674 -93.3619 125.267 132.144 71.076
-1197.18 40.829 -93.3733 125.266 132.143 71.078
-1196.91 41.7905 -93.3846 125.263 132.142 71.076
-1196.63 42.752 -93.3959 125.266 132.145 71.076
-1196.36 43.7136 -93.4072 125.265 132.149 71.074
-1196.08 44.6751 -93.4185 125.26 132.15 71.072
-1195.81 45.6366 -93.4298 125.254 132.15 71.072
-1195.53 46.5981 -93.4411 125.254 132.15 71.072
-1195.26 47.5597 -93.4524 125.253 132.15 71.069
-1194.99 48.5212 -93.4638 125.255 132.149 71.069
-1194.71 49.4827 -93.4751 125.258 132.147 71.072
-1194.44 50.4443 -93.4864 125.258 132.149 71.079
-1194.16 51.4058 -93.4977 125.257 132.151 71.079
-1193.89 52.3673 -93.509 125.257 132.154 71.082
-1193.61 53.3288 -93.5203 125.256 132.155 71.085
-1193.34 54.2904 -93.5316 125.253 132.157 71.088
-1193.06 55.2519 -93.5429 125.254 132.159 71.091
-1192.79 56.2134 -93.5543 125.255 132.159 71.093
-1192.52 57.175 -93.5656 125.256 132.156 71.091
-1192.24 58.1365 -93.5769 125.255 132.155 71.092
-1191.97 59.098 -93.5882 125.255 132.156 71.093
-1191.69 60.0595 -93.5995 125.256 132.156 71.094
-1191.42 61.0211 -93.6108 125.257 132.155 71.095
-1191.14 61.9826 -93.6221 125.256 132.157 71.098
-1190.87 62.9441 -93.6334 125.256 132.158 71.1
-1190.59 63.9057 -93.6448 125.256 132.158 71.1
-1190.32 64.8672 -93.6561 125.254 132.158 71.1
-1190.05 65.8287 -93.6674 125.251 132.157 71.099
-1189.77 66.7902 -93.6787 125.251 132.157 71.099
-1189.5 67.7518 -93.69 125.251 132.157 71.099
2
-1218.97 34.6306 -93.4389 112.517 129.452 72.752
-1201.76 29.3527 -93.4389 125.23 132.149 71.028
-1201.47 30.3087 -93.4313 125.23 132.149 71.028
-1201.18 31.2647 -93.4237 125.23 132.149 71.028
-1200.88 32.2207 -93.4161 125.23 132.149 71.028
-1200.59 33.1767 -93.4084 125.23 132.149 71.028
-1200.3 34.1328 -93.4008 125.23 132.149 71.028
-1200 35.0888 -93.3932 125.23 132.149 71.028
-1199.71 36.0448 -93.3856 125.23 132.149 71.028
-1199.42 37.0008 -93.378 125.23 132.149 71.028
-1199.12 37.9568 -93.3703 125.23 132.149 71.028
-1198.83 38.9128 -93.3627 125.267 132.151 71.083
-1198.54 39.8689 -93.3551 125.267 132.146 71.08
-1198.24 40.8249 -93.3475 125.265 132.142 71.077
-1197.95 41.7809 -93.3399 125.264 132.141 71.076
-1197.66 42.7369 -93.3322 125.266 132.147 71.075
-1197.36 43.6929 -93.3246 125.266 132.147 71.075
-1197.07 44.649 -93.317 125.254 132.147 71.067
-1196.78 45.605 -93.3094 125.254 132.147 71.067
-1196.48 46.561 -93.3018 125.254 132.147 71.067
-1196.19 47.517 -93.2941 125.254 132.148 71.068
-1195.9 48.473 -93.2865 125.259 132.148 71.066
-1195.6 49.429 -93.2789 125.259 132.149 71.07
-1195.31 50.3851 -93.2713 125.255 132.149 71.071
-1195.02 51.3411 -93.2637 125.254 132.151 71.075
-1194.72 52.2971 -93.256 125.254 132.152 71.075
-1194.43 53.2531 -93.2484 125.258 132.152 71.079
-1194.14 54.2091 -93.2408 125.257 132.154 71.084
-1193.84 55.1651 -93.2332 125.254 132.156 71.088
-1193.55 56.1212 -93.2256 125.251 132.159 71.093
-1193.26 57.0772 -93.2179 125.252 132.159 71.094
-1192.97 58.0332 -93.2103 125.253 132.157 71.09
-1192.67 58.9892 -93.2027 125.256 132.156 71.092
-1192.38 59.9452 -93.1951 125.257 132.155 71.09
-1192.09 60.9012 -93.1874 125.258 132.156 71.096
-1191.79 61.8573 -93.1798 125.258 132.158 71.098
-1191.5 62.8133 -93.1722 125.255 132.159 71.1
-1191.21 63.7693 -93.1646 125.254 132.16 71.102
-1190.91 64.7253 -93.157 125.251 132.16 71.101
-1190.62 65.6813 -93.1493 125.251 132.16 71.101
-1190.33 66.6373 -93.1417 125.256 132.157 71.101
-1190.03 67.5934 -93.1341 125.258 132.156 71.099
3
-1214.41 33.4453 -93.7107 112.517 129.452 72.752
-1197.12 28.4152 -93.7107 125.231 132.147 71.029
-1196.84 29.3754 -93.7155 125.231 132.147 71.029
-1196.57 30.3355 -93.7202 125.231 132.147 71.029
-1196.29 31.2957 -93.725 125.231 132.147 71.029
-1196.01 32.2558 -93.7297 125.231 132.147 71.029
-1195.73 33.216 -93.7345 125.231 132.147 71.029
-1195.45 34.1761 -93.7392 125.231 132.147 71.029
-1195.17 35.1363 -93.744 125.231 132.147 71.029
-1194.89 36.0964 -93.7487 125.268 132.148 71.08
-1194.61 37.0566 -93.7535 125.264 132.145 71.074
-1194.33 38.0167 -93.7582 125.263 132.145 71.073
-1194.05 38.9769 -93.763 125.262 132.15 71.074
-1193.77 39.937 -93.7677 125.261 132.151 71.073
-1193.49 40.8972 -93.7724 125.26 132.149 71.073
-1193.21 41.8573 -93.7772 125.259 132.147 71.072
-1192.93 42.8175 -93.7819 125.255 132.149 71.071
-1192.65 43.7776 -93.7867 125.252 132.152 71.071
-1192.37 44.7378 -93.7914 125.252 132.152 71.069
-1192.09 45.6979 -93.7962 125.255 132.148 71.069
-1191.81 46.6581 -93.8009 125.257 132.147 71.075
-1191.54 47.6182 -93.8057 125.258 132.151 71.078
-1191.26 48.5784 -93.8104 125.254 132.153 71.078
-1190.98 49.5385 -93.8152 125.252 132.153 71.076
-1190.7 50.4987 -93.8199 125.252 132.153 71.078
-1190.42 51.4588 -93.8247 125.25 132.155 71.08
-1190.14 52.419 -93.8294 125.253 132.157 71.087
-1189.86 53.3791 -93.8342 125.252 132.157 71.089
-1189.58 54.3393 -93.8389 125.255 132.155 71.09
-1189.3 55.2994 -93.8437 125.256 132.155 71.092
-1189.02 56.2596 -93.8484 125.256 132.157 71.093
-1188.74 57.2197 -93.8532 125.254 132.157 71.092
-1188.46 58.1799 -93.8579 125.252 132.155 71.091
-1188.18 59.14 -93.8627 125.253 132.157 71.095
-1187.9 60.1002 -93.8674 125.253 132.158 71.096
-1187.62 61.0603 -93.8722 125.255 132.156 71.099
-1187.34 62.0205 -93.8769 125.257 132.155 71.098
-1187.06 62.9806 -93.8817 125.258 132.158 71.1
-1186.78 63.9408 -93.8864 125.258 132.158 71.1
-1186.51 64.9009 -93.8912 125.252 132.159 71.099
-1186.23 65.8611 -93.8959 125.252 132.159 71.099
-1185.95 66.8212 -93.9007 125.249 132.156 71.092
4
-1212.74 31.2124 -94.2026 112.517 129.452 72.752
-1195.36 26.5376 -94.2026 125.23 132.148 71.029
-1195.1 27.5032 -94.2096 125.23 132.148 71.029
-1194.84 28.4689 -94.2165 125.23 132.148 71.029
-1194.58 29.4346 -94.2235 125.23 132.148 71.029
-1194.32 30.4002 -94.2304 125.23 132.148 71.029
-1194.06 31.3659 -94.2373 125.23 132.148 71.029
-1193.8 32.3316 -94.2443 125.23 132.148 71.029
-1193.54 33.2972 -94.2512 125.23 132.148 71.029
-1193.28 34.2629 -94.2581 125.268 132.148 71.079
-1193.02 35.2285 -94.2651 125.264 132.145 71.072
-1192.76 36.1942 -94.272 125.263 132.146 71.072
-1192.5 37.1599 -94.279 125.263 132.146 71.072
-1192.24 38.1255 -94.2859 125.262 132.149 71.07
-1191.98 39.0912 -94.2928 125.262 132.149 71.07
-1191.72 40.0569 -94.2998 125.26 132.147 71.07
-1191.46 41.0225 -94.3067 125.257 132.147 71.069
-1191.2 41.9882 -94.3137 125.255 132.15 71.069
-1190.94 42.9539 -94.3206 125.251 132.153 71.068
-1190.68 43.9195 -94.3275 125.251 132.152 71.069
-1190.42 44.8852 -94.3345 125.255 132.147 71.069
-1190.16 45.8508 -94.3414 125.257 132.148 71.077
-1189.9 46.8165 -94.3483 125.259 132.151 71.078
-1189.64 47.7822 -94.3553 125.256 132.153 71.079
-1189.38 48.7478 -94.3622 125.254 132.153 71.078
-1189.12 49.7135 -94.3692 125.252 132.153 71.078
-1188.86 50.6792 -94.3761 125.251 132.156 71.082
-1188.6 51.6448 -94.383 125.252 132.158 71.089
-1188.34 52.6105 -94.39 125.249 132.158 71.091
-1188.08 53.5761 -94.3969 125.253 132.155 71.09
-1187.83 54.5418 -94.4039 125.255 132.156 71.094
-1187.57 55.5075 -94.4108 125.255 132.156 71.094
-1187.31 56.4731 -94.4177 125.254 132.155 71.092
-1187.05 57.4388 -94.4247 125.254 132.157 71.095
-1186.79 58.4045 -94.4316 125.252 132.158 71.096
-1186.53 59.3701 -94.4385 125.252 132.158 71.096
-1186.27 60.3358 -94.4455 125.251 132.156 71.097
-1186.01 61.3014 -94.4524 125.254 132.155 71.097
-1185.75 62.2671 -94.4594 125.257 132.157 71.098
-1185.49 63.2328 -94.4663 125.257 132.157 71.098
-1185.23 64.1984 -94.4732 125.252 132.156 71.093
-1184.97 65.1641 -94.4802 125.251 132.156 71.096
