1
-1035.75 993.433 71.553 -178.71 118.932 -82.693
-1035.97 992.456 71.5134 -178.71 118.932 -82.693
-1036.18 991.48 71.4748 -178.71 118.932 -82.693
-1036.4 990.504 71.4371 -178.71 118.932 -82.693
-1036.62 989.528 71.4003 -178.71 118.932 -82.693
-1036.84 988.553 71.3645 -178.71 118.932 -82.693
-1037.05 987.577 71.3297 -178.71 118.932 -82.693
-1037.28 986.602 71.2958 -178.71 118.932 -82.693
-1037.5 985.627 71.2629 -178.71 118.932 -82.693
-1037.72 984.652 71.2309 -178.71 118.932 -82.693
-1037.94 983.677 71.1998 -178.71 118.932 -82.693
-1038.16 982.702 71.1698 -178.71 118.932 -82.693
-1038.39 981.728 71.1406 -178.71 118.932 -82.693
-1038.61 980.754 71.1124 -178.739 118.942 -82.712
-1038.84 979.78 71.0852 -178.738 118.936 -82.706
-1039.06 978.806 71.0589 -178.734 118.934 -82.707
-1039.29 977.832 71.0336 -178.725 118.931 -82.706
-1039.52 976.858 71.0092 -178.72 118.928 -82.704
-1039.74 975.885 70.9857 -178.72 118.928 -82.704
-1039.97 974.912 70.9632 -178.718 118.926 -82.705
-1040.2 973.939 70.9417 -178.717 118.927 -82.704
-1040.43 972.966 70.9211 -178.719 118.929 -82.705
-1040.66 971.993 70.9015 -178.719 118.929 -82.705
-1040.9 971.02 70.8828 -178.718 118.931 -82.705
-1041.13 970.048 70.865 -178.718 118.932 -82.701
-1041.36 969.076 70.8483 -178.717 118.933 -82.702
-1041.6 968.104 70.8324 -178.717 118.933 -82.702
-1041.83 967.132 70.8175 -178.716 118.934 -82.704
-1042.07 966.16 70.8036 -178.714 118.935 -82.701
-1042.3 965.188 70.7906 -178.714 118.935 -82.701
-1042.54 964.217 70.7786 -178.714 118.931 -82.692
-1042.78 963.246 70.7675 -178.714 118.928 -82.686
-1043.02 962.275 70.7573 -178.713 118.928 -82.689
-1043.25 961.304 70.7482 -178.714 118.928 -82.693
-1043.49 960.333 70.7399 -178.715 118.93 -82.698
-1043.73 959.363 70.7326 -178.715 118.93 -82.698
-1043.98 958.392 70.7263 -178.716 118.932 -82.701
-1044.22 957.422 70.7209 -178.716 118.931 -82.7
-1044.46 956.452 70.7165 -178.715 118.932 -82.7
-1044.7 955.482 70.713 -178.715 118.932 -82.7
-1044.95 954.512 70.7104 -178.713 118.934 -82.703
-1045.19 953.543 70.7089 -178.71 118.934 -82.701
-1045.44 952.574 70.7082 -178.711 118.932 -82.698
-1045.69 951.604 70.7085 -178.711 118.931 -82.698
-1045.93 950.635 70.7098 -178.714 118.93 -82.699
-1046.18 949.667 70.712 -178.713 118.931 -82.697
-1046.43 948.698 70.7152 -178.713 118.931 -82.697
-1046.68 947.729 70.7193 -178.714 118.929 -82.685
-1046.93 946.761 70.7243 -178.715 118.93 -82.691
-1047.18 945.793 70.7304 -178.713 118.931 -82.691
-1047.43 944.825 70.7373 -178.713 118.931 -82.691
-1047.68 943.857 70.7452 -178.707 118.931 -82.695
-1047.94 942.89 70.7541 -178.705 118.928 -82.69
-1048.19 941.922 70.7639 -178.705 118.928 -82.69
-1048.45 940.955 70.7747 -178.705 118.928 -82.69
-1048.7 939.988 70.7864 -178.705 118.928 -82.69
-1048.96 939.021 70.7991 -178.705 118.928 -82.69
-1049.21 938.054 70.8127 -178.705 118.928 -82.69
-1049.47 937.087 70.8272 -178.705 118.928 -82.69
-1049.73 936.121 70.8428 -178.705 118.928 -82.69
-1049.99 935.155 70.8592 -178.705 118.928 -82.69
2
-1032.55 991.906 71.835 -178.71 118.932 -82.695
-1032.91 990.967 71.8058 -178.71 118.932 -82.695
-1033.26 990.028 71.7769 -178.71 118.932 -82.695
-1033.6 989.088 71.7484 -178.71 118.932 -82.695
-1033.95 988.147 71.7202 -178.71 118.932 -82.695
-1034.29 987.205 71.6924 -178.71 118.932 -82.695
-1034.63 986.263 71.6649 -178.71 118.932 -82.695
-1034.97 985.319 71.6377 -178.71 118.932 -82.695
-1035.3 984.375 71.6109 -178.71 118.932 -82.695
-1035.63 983.431 71.5845 -178.71 118.932 -82.695
-1035.96 982.485 71.5584 -178.741 118.941 -82.715
-1036.29 981.539 71.5326 -178.741 118.941 -82.715
-1036.61 980.592 71.5072 -178.741 118.941 -82.715
-1036.93 979.645 71.4821 -178.741 118.934 -82.707
-1037.25 978.696 71.4574 -178.735 118.931 -82.705
-1037.57 977.747 71.433 -178.726 118.929 -82.702
-1037.88 976.797 71.4089 -178.726 118.929 -82.702
-1038.19 975.846 71.3852 -178.721 118.925 -82.699
-1038.5 974.895 71.3619 -178.719 118.925 -82.699
-1038.81 973.943 71.3389 -178.719 118.926 -82.699
-1039.11 972.99 71.3162 -178.72 118.928 -82.698
-1039.41 972.036 71.2939 -178.72 118.928 -82.698
-1039.71 971.082 71.2719 -178.718 118.93 -82.697
-1040 970.127 71.2502 -178.719 118.931 -82.696
-1040.3 969.171 71.2289 -178.717 118.932 -82.696
-1040.59 968.214 71.208 -178.717 118.932 -82.696
-1040.88 967.257 71.1874 -178.716 118.933 -82.697
-1041.16 966.299 71.1671 -178.714 118.934 -82.695
-1041.44 965.34 71.1472 -178.714 118.932 -82.694
-1041.72 964.38 71.1276 -178.714 118.932 -82.694
-1042 963.42 71.1084 -178.713 118.93 -82.686
-1042.27 962.459 71.0895 -178.714 118.927 -82.683
-1042.55 961.497 71.071 -178.714 118.928 -82.688
-1042.81 960.534 71.0528 -178.718 118.928 -82.694
-1043.08 959.571 71.0349 -178.716 118.931 -82.698
-1043.35 958.607 71.0174 -178.717 118.933 -82.702
-1043.61 957.642 71.0003 -178.717 118.933 -82.701
-1043.87 956.677 70.9834 -178.716 118.933 -82.701
-1044.12 955.71 70.967 -178.716 118.933 -82.701
-1044.38 954.743 70.9508 -178.714 118.936 -82.707
-1044.63 953.775 70.935 -178.711 118.937 -82.706
-1044.87 952.807 70.9196 -178.71 118.933 -82.704
-1045.12 951.837 70.9045 -178.709 118.933 -82.703
-1045.36 950.867 70.8897 -178.712 118.932 -82.706
-1045.6 949.896 70.8753 -178.712 118.932 -82.706
-1045.84 948.925 70.8612 -178.713 118.933 -82.701
-1046.08 947.953 70.8475 -178.714 118.931 -82.693
-1046.31 946.98 70.8341 -178.714 118.931 -82.693
-1046.54 946.006 70.8211 -178.716 118.932 -82.698
-1046.77 945.031 70.8084 -178.714 118.931 -82.695
-1046.99 944.056 70.7961 -178.709 118.93 -82.699
-1047.22 943.08 70.7841 -178.706 118.928 -82.693
-1047.44 942.103 70.7724 -178.706 118.928 -82.693
-1047.65 941.125 70.7611 -178.706 118.928 -82.693
-1047.87 940.147 70.7501 -178.706 118.928 -82.693
-1048.08 939.168 70.7395 -178.706 118.928 -82.693
-1048.29 938.188 70.7292 -178.706 118.928 -82.693
-1048.49 937.208 70.7193 -178.706 118.928 -82.693
-1048.7 936.227 70.7097 -178.706 118.928 -82.693
-1048.9 935.245 70.7004 -178.706 118.928 -82.693
-1049.1 934.262 70.6915 -178.706 118.928 -82.693
3
-1032.41 987.421 72.319 -178.714 118.934 -82.694
-1032.65 986.458 72.2123 -178.714 118.934 -82.694
-1032.9 985.494 72.1074 -178.714 118.934 -82.694
-1033.15 984.53 72.0041 -178.714 118.934 -82.694
-1033.4 983.566 71.9025 -178.714 118.934 -82.694
-1033.65 982.602 71.8026 -178.714 118.934 -82.694
-1033.9 981.638 71.7044 -178.714 118.934 -82.694
-1034.14 980.674 71.6079 -178.736 118.944 -82.719
-1034.39 979.71 71.5131 -178.735 118.936 -82.714
-1034.64 978.745 71.42 -178.733 118.933 -82.711
-1034.89 977.781 71.3286 -178.726 118.93 -82.711
-1035.14 976.816 71.2389 -178.726 118.93 -82.711
-1035.39 975.852 71.1509 -178.721 118.931 -82.71
-1035.64 974.887 71.0645 -178.719 118.932 -82.711
-1035.89 973.923 70.9799 -178.72 118.932 -82.702
-1036.14 972.958 70.897 -178.722 118.931 -82.701
-1036.39 971.993 70.8157 -178.722 118.931 -82.701
-1036.64 971.028 70.7362 -178.724 118.934 -82.705
-1036.89 970.063 70.6583 -178.722 118.936 -82.708
-1037.14 969.098 70.5822 -178.72 118.938 -82.705
-1037.39 968.133 70.5077 -178.719 118.939 -82.705
-1037.64 967.167 70.4349 -178.719 118.939 -82.705
-1037.89 966.202 70.3638 -178.717 118.938 -82.704
-1038.14 965.237 70.2945 -178.715 118.937 -82.704
-1038.39 964.271 70.2268 -178.714 118.934 -82.697
-1038.64 963.306 70.1608 -178.714 118.935 -82.703
-1038.9 962.34 70.0965 -178.714 118.935 -82.703
-1039.15 961.374 70.0339 -178.714 118.934 -82.704
-1039.4 960.409 69.973 -178.717 118.932 -82.703
-1039.65 959.443 69.9138 -178.719 118.934 -82.702
-1039.9 958.477 69.8562 -178.719 118.934 -82.702
-1040.15 957.511 69.8004 -178.721 118.933 -82.705
-1040.41 956.545 69.7463 -178.719 118.934 -82.706
-1040.66 955.578 69.6939 -178.717 118.933 -82.704
-1040.91 954.612 69.6431 -178.715 118.933 -82.701
-1041.16 953.646 69.5941 -178.715 118.932 -82.703
-1041.42 952.679 69.5467 -178.715 118.932 -82.703
-1041.67 951.713 69.5011 -178.713 118.933 -82.703
-1041.92 950.746 69.4571 -178.712 118.933 -82.703
-1042.18 949.78 69.4148 -178.712 118.931 -82.699
-1042.43 948.813 69.3743 -178.716 118.928 -82.695
-1042.68 947.846 69.3354 -178.716 118.928 -82.695
-1042.94 946.879 69.2982 -178.717 118.93 -82.697
-1043.19 945.912 69.2627 -178.718 118.932 -82.698
-1043.44 944.945 69.2289 -178.712 118.935 -82.698
-1043.7 943.978 69.1968 -178.712 118.935 -82.698
-1043.95 943.011 69.1664 -178.709 118.932 -82.696
-1044.21 942.043 69.1377 -178.709 118.932 -82.696
-1044.46 941.076 69.1107 -178.709 118.932 -82.696
-1044.71 940.109 69.0854 -178.709 118.932 -82.696
-1044.97 939.141 69.0617 -178.709 118.932 -82.696
-1045.22 938.173 69.0398 -178.709 118.932 -82.696
-1045.48 937.206 69.0196 -178.709 118.932 -82.696
-1045.73 936.238 69.001 -178.709 118.932 -82.696
-1045.99 935.27 68.9842 -178.709 118.932 -82.696
-1046.24 934.302 68.969 -178.709 118.932 -82.696
-1046.5 933.334 68.9556 -178.709 118.932 -82.696
-1046.76 932.366 68.9438 -178.709 118.932 -82.696
-1047.01 931.398 68.9337 -178.709 118.932 -82.696
-1047.27 930.43 68.9253 -178.709 118.932 -82.696
-1047.52 929.462 68.9187 -178.709 118.932 -82.696
4
-1037.71 993.305 72.4319 -178.714 118.935 -82.694
-1037.96 992.338 72.3805 -178.714 118.935 -82.694
-1038.21 991.372 72.3293 -178.714 118.935 -82.694
-1038.46 990.405 72.2783 -178.714 118.935 -82.694
-1038.72 989.439 72.2276 -178.714 118.935 -82.694
-1038.97 988.473 72.1771 -178.714 118.935 -82.694
-1039.22 987.507 72.1269 -178.714 118.935 -82.694
-1039.48 986.541 72.0768 -178.714 118.935 -82.694
-1039.73 985.575 72.0271 -178.714 118.935 -82.694
-1039.98 984.609 71.9775 -178.714 118.935 -82.694
-1040.24 983.643 71.9282 -178.714 118.935 -82.694
-1040.49 982.677 71.8791 -178.714 118.935 -82.694
-1040.75 981.711 71.8302 -178.732 118.945 -82.718
-1041 980.746 71.7816 -178.732 118.945 -82.718
-1041.26 979.78 71.7332 -178.732 118.938 -82.712
-1041.52 978.814 71.6851 -178.732 118.933 -82.707
-1041.77 977.849 71.6371 -178.728 118.929 -82.71
-1042.03 976.884 71.5894 -178.724 118.927 -82.707
-1042.28 975.918 71.542 -178.721 118.929 -82.71
-1042.54 974.953 71.4948 -178.721 118.929 -82.71
-1042.8 973.988 71.4478 -178.721 118.929 -82.702
-1043.06 973.023 71.401 -178.723 118.929 -82.7
-1043.32 972.058 71.3545 -178.723 118.929 -82.7
-1043.57 971.093 71.3082 -178.724 118.934 -82.705
-1043.83 970.128 71.2622 -178.722 118.936 -82.706
-1044.09 969.163 71.2164 -178.719 118.938 -82.703
-1044.35 968.199 71.1708 -178.718 118.939 -82.706
-1044.61 967.234 71.1254 -178.717 118.939 -82.706
-1044.87 966.269 71.0803 -178.715 118.938 -82.705
-1045.13 965.305 71.0354 -178.715 118.934 -82.696
-1045.39 964.341 70.9908 -178.715 118.934 -82.696
-1045.65 963.376 70.9463 -178.715 118.933 -82.699
-1045.91 962.412 70.9022 -178.715 118.933 -82.703
-1046.17 961.448 70.8582 -178.717 118.931 -82.704
-1046.44 960.484 70.8145 -178.717 118.931 -82.704
-1046.7 959.52 70.771 -178.718 118.932 -82.703
-1046.96 958.556 70.7278 -178.72 118.933 -82.704
-1047.22 957.592 70.6847 -178.72 118.934 -82.705
-1047.49 956.628 70.642 -178.72 118.933 -82.705
-1047.75 955.664 70.5994 -178.718 118.932 -82.705
-1048.01 954.7 70.5571 -178.716 118.933 -82.702
-1048.28 953.737 70.515 -178.716 118.933 -82.704
-1048.54 952.773 70.4732 -178.713 118.934 -82.704
-1048.81 951.81 70.4316 -178.712 118.936 -82.705
-1049.07 950.846 70.3902 -178.712 118.934 -82.699
-1049.34 949.883 70.349 -178.712 118.934 -82.699
-1049.6 948.92 70.3081 -178.716 118.928 -82.69
-1049.87 947.956 70.2674 -178.717 118.929 -82.693
-1050.13 946.993 70.227 -178.719 118.93 -82.695
-1050.4 946.03 70.1868 -178.719 118.93 -82.695
-1050.67 945.067 70.1468 -178.716 118.933 -82.696
-1050.93 944.104 70.1071 -178.713 118.933 -82.698
-1051.2 943.141 70.0675 -178.713 118.933 -82.698
-1051.47 942.179 70.0283 -178.713 118.933 -82.698
-1051.74 941.216 69.9892 -178.713 118.933 -82.698
-1052 940.253 69.9504 -178.713 118.933 -82.698
-1052.27 939.291 69.9118 -178.713 118.933 -82.698
-1052.54 938.328 69.8735 -178.713 118.933 -82.698
-1052.81 937.366 69.8354 -178.713 118.933 -82.698
-1053.08 936.404 69.7975 -178.713 118.933 -82.698
-1053.35 935.441 69.7599 -178.713 118.933 -82.698
5
-1034.39 990.299 72.1758 -178.712 118.934 -82.692
-1034.63 989.328 72.1404 -178.712 118.934 -82.692
-1034.86 988.356 72.105 -178.712 118.934 -82.692
-1035.09 987.385 72.0697 -178.712 118.934 -82.692
-1035.33 986.413 72.0345 -178.712 118.934 -82.692
-1035.56 985.442 71.9994 -178.712 118.934 -82.692
-1035.8 984.47 71.9643 -178.712 118.934 -82.692
-1036.03 983.499 71.9294 -178.712 118.934 -82.692
-1036.27 982.527 71.8945 -178.712 118.934 -82.692
-1036.5 981.556 71.8597 -178.736 118.944 -82.72
-1036.74 980.585 71.825 -178.737 118.937 -82.714
-1036.97 979.613 71.7904 -178.737 118.937 -82.714
-1037.21 978.642 71.7558 -178.734 118.932 -82.709
-1037.44 977.67 71.7214 -178.729 118.93 -82.709
-1037.68 976.699 71.687 -178.724 118.929 -82.708
-1037.91 975.727 71.6527 -178.722 118.93 -82.709
-1038.14 974.755 71.6185 -178.722 118.93 -82.705
-1038.38 973.784 71.5844 -178.722 118.93 -82.705
-1038.61 972.812 71.5503 -178.723 118.931 -82.701
-1038.85 971.841 71.5164 -178.725 118.932 -82.702
-1039.08 970.869 71.4825 -178.724 118.936 -82.706
-1039.32 969.898 71.4487 -178.723 118.938 -82.706
-1039.55 968.926 71.415 -178.72 118.939 -82.705
-1039.78 967.955 71.3814 -178.72 118.939 -82.708
-1040.02 966.983 71.3478 -178.72 118.939 -82.708
-1040.25 966.011 71.3144 -178.716 118.939 -82.708
-1040.49 965.04 71.281 -178.715 118.936 -82.704
-1040.72 964.068 71.2477 -178.714 118.936 -82.702
-1040.96 963.097 71.2145 -178.715 118.936 -82.708
-1041.19 962.125 71.1814 -178.715 118.936 -82.708
-1041.42 961.153 71.1483 -178.715 118.935 -82.707
-1041.66 960.182 71.1154 -178.718 118.934 -82.709
-1041.89 959.21 71.0825 -178.72 118.936 -82.706
-1042.13 958.238 71.0497 -178.722 118.936 -82.71
-1042.36 957.267 71.017 -178.722 118.936 -82.71
-1042.59 956.295 70.9844 -178.72 118.936 -82.71
-1042.83 955.323 70.9519 -178.719 118.935 -82.708
-1043.06 954.352 70.9194 -178.715 118.934 -82.705
-1043.3 953.38 70.887 -178.715 118.933 -82.707
-1043.53 952.408 70.8548 -178.713 118.935 -82.705
-1043.77 951.437 70.8226 -178.712 118.934 -82.704
-1044 950.465 70.7904 -178.712 118.934 -82.704
-1044.23 949.493 70.7584 -178.713 118.931 -82.696
-1044.47 948.522 70.7265 -178.716 118.928 -82.693
-1044.7 947.55 70.6946 -178.717 118.929 -82.694
-1044.94 946.578 70.6628 -178.718 118.93 -82.694
-1045.17 945.606 70.6311 -178.715 118.933 -82.693
-1045.4 944.635 70.5995 -178.715 118.933 -82.693
-1045.64 943.663 70.5679 -178.711 118.933 -82.694
-1045.87 942.691 70.5365 -178.707 118.93 -82.692
-1046.1 941.719 70.5051 -178.707 118.93 -82.692
-1046.34 940.748 70.4738 -178.707 118.93 -82.692
-1046.57 939.776 70.4426 -178.707 118.93 -82.692
-1046.81 938.804 70.4115 -178.707 118.93 -82.692
-1047.04 937.832 70.3805 -178.707 118.93 -82.692
-1047.27 936.86 70.3495 -178.707 118.93 -82.692
-1047.51 935.889 70.3187 -178.707 118.93 -82.692
-1047.74 934.917 70.2879 -178.707 118.93 -82.692
-1047.97 933.945 70.2572 -178.707 118.93 -82.692
-1048.21 932.973 70.2266 -178.707 118.93 -82.692
-1048.44 932.001 70.1961 -178.707 118.93 -82.692
6
-1037 995.999 72.5044 -178.713 118.935 -82.694
-1037.27 995.038 72.4657 -178.713 118.935 -82.694
-1037.55 994.078 72.4271 -178.713 118.935 -82.694
-1037.82 993.117 72.3886 -178.713 118.935 -82.694
-1038.1 992.156 72.3503 -178.713 118.935 -82.694
-1038.37 991.196 72.3121 -178.713 118.935 -82.694
-1038.65 990.235 72.2741 -178.713 118.935 -82.694
-1038.92 989.275 72.2361 -178.713 118.935 -82.694
-1039.2 988.315 72.1984 -178.713 118.935 -82.694
-1039.48 987.354 72.1607 -178.713 118.935 -82.694
-1039.75 986.394 72.1232 -178.713 118.935 -82.694
-1040.03 985.434 72.0859 -178.713 118.935 -82.694
-1040.31 984.474 72.0486 -178.713 118.935 -82.694
-1040.59 983.514 72.0115 -178.713 118.935 -82.694
-1040.86 982.554 71.9746 -178.713 118.935 -82.694
-1041.14 981.594 71.9378 -178.737 118.943 -82.72
-1041.42 980.634 71.9011 -178.737 118.936 -82.717
-1041.7 979.675 71.8646 -178.735 118.932 -82.714
-1041.98 978.715 71.8282 -178.735 118.932 -82.714
-1042.26 977.756 71.7919 -178.73 118.931 -82.715
-1042.54 976.796 71.7558 -178.724 118.929 -82.711
-1042.82 975.837 71.7198 -178.721 118.931 -82.712
-1043.1 974.877 71.6839 -178.722 118.931 -82.708
-1043.38 973.918 71.6482 -178.722 118.931 -82.708
-1043.66 972.959 71.6126 -178.723 118.931 -82.701
-1043.94 972 71.5772 -178.725 118.933 -82.704
-1044.22 971.041 71.5419 -178.723 118.936 -82.707
-1044.5 970.082 71.5067 -178.722 118.938 -82.706
-1044.78 969.123 71.4717 -178.72 118.938 -82.704
-1045.06 968.164 71.4368 -178.72 118.937 -82.705
-1045.34 967.205 71.4021 -178.72 118.937 -82.705
-1045.63 966.246 71.3675 -178.717 118.937 -82.704
-1045.91 965.288 71.333 -178.716 118.935 -82.703
-1046.19 964.329 71.2986 -178.715 118.934 -82.698
-1046.47 963.37 71.2644 -178.714 118.934 -82.703
-1046.76 962.412 71.2304 -178.714 118.934 -82.703
-1047.04 961.454 71.1965 -178.714 118.934 -82.703
-1047.32 960.495 71.1627 -178.717 118.932 -82.703
-1047.61 959.537 71.129 -178.719 118.934 -82.703
-1047.89 958.579 71.0955 -178.719 118.934 -82.703
-1048.18 957.621 71.0621 -178.72 118.934 -82.704
-1048.46 956.663 71.0289 -178.719 118.933 -82.706
-1048.75 955.705 70.9958 -178.719 118.933 -82.706
-1049.03 954.747 70.9628 -178.717 118.933 -82.703
-1049.32 953.789 70.93 -178.716 118.933 -82.702
-1049.6 952.831 70.8973 -178.714 118.933 -82.704
-1049.89 951.874 70.8648 -178.712 118.933 -82.702
-1050.18 950.916 70.8324 -178.712 118.932 -82.702
-1050.46 949.959 70.8001 -178.713 118.929 -82.695
-1050.75 949.001 70.768 -178.716 118.928 -82.695
-1051.04 948.044 70.736 -178.716 118.928 -82.695
-1051.32 947.086 70.7041 -178.717 118.931 -82.696
-1051.61 946.129 70.6724 -178.718 118.933 -82.697
-1051.9 945.172 70.6408 -178.713 118.935 -82.696
-1052.19 944.215 70.6093 -178.71 118.933 -82.697
-1052.48 943.258 70.578 -178.707 118.931 -82.694
-1052.76 942.301 70.5469 -178.707 118.931 -82.694
-1053.05 941.344 70.5158 -178.707 118.931 -82.694
-1053.34 940.387 70.4849 -178.707 118.931 -82.694
-1053.63 939.43 70.4542 -178.707 118.931 -82.694
-1053.92 938.474 70.4235 -178.707 118.931 -82.694
7
-1034.6 995.322 72.3006 -178.712 118.934 -82.694
-1034.87 994.359 72.3025 -178.712 118.934 -82.694
-1035.14 993.396 72.3041 -178.712 118.934 -82.694
-1035.41 992.433 72.3053 -178.712 118.934 -82.694
-1035.68 991.47 72.3063 -178.712 118.934 -82.694
-1035.95 990.507 72.307 -178.712 118.934 -82.694
-1036.22 989.544 72.3074 -178.712 118.934 -82.694
-1036.49 988.581 72.3076 -178.712 118.934 -82.694
-1036.76 987.619 72.3074 -178.712 118.934 -82.694
-1037.03 986.656 72.3069 -178.712 118.934 -82.694
-1037.3 985.694 72.3062 -178.712 118.934 -82.694
-1037.57 984.731 72.3051 -178.712 118.934 -82.694
-1037.84 983.769 72.3038 -178.712 118.934 -82.694
-1038.12 982.807 72.3021 -178.712 118.934 -82.694
-1038.39 981.844 72.3002 -178.712 118.934 -82.694
-1038.66 980.882 72.298 -178.736 118.944 -82.717
-1038.94 979.92 72.2954 -178.736 118.938 -82.714
-1039.21 978.958 72.2926 -178.732 118.935 -82.711
-1039.48 977.996 72.2895 -178.727 118.931 -82.711
-1039.76 977.035 72.2861 -178.727 118.931 -82.711
-1040.03 976.073 72.2824 -178.721 118.93 -82.71
-1040.3 975.111 72.2784 -178.722 118.93 -82.707
-1040.58 974.15 72.2742 -178.722 118.93 -82.707
-1040.85 973.188 72.2696 -178.724 118.93 -82.702
-1041.13 972.227 72.2647 -178.726 118.932 -82.703
-1041.4 971.265 72.2596 -178.724 118.937 -82.708
-1041.68 970.304 72.2541 -178.724 118.937 -82.708
-1041.95 969.343 72.2484 -178.723 118.938 -82.706
-1042.23 968.382 72.2424 -178.72 118.939 -82.704
-1042.51 967.42 72.236 -178.72 118.939 -82.706
-1042.78 966.459 72.2294 -178.717 118.939 -82.704
-1043.06 965.499 72.2225 -178.716 118.937 -82.703
-1043.34 964.538 72.2153 -178.714 118.934 -82.698
-1043.61 963.577 72.2078 -178.715 118.935 -82.705
-1043.89 962.616 72.2 -178.714 118.934 -82.703
-1044.17 961.656 72.1919 -178.714 118.934 -82.703
-1044.45 960.695 72.1835 -178.716 118.932 -82.704
-1044.72 959.735 72.1749 -178.718 118.933 -82.703
-1045 958.774 72.1659 -178.722 118.934 -82.705
-1045.28 957.814 72.1567 -178.721 118.934 -82.705
-1045.56 956.854 72.1471 -178.72 118.934 -82.707
-1045.84 955.893 72.1373 -178.72 118.934 -82.707
-1046.12 954.933 72.1271 -178.717 118.933 -82.702
-1046.4 953.973 72.1167 -178.716 118.932 -82.704
-1046.68 953.013 72.106 -178.716 118.932 -82.704
-1046.96 952.053 72.095 -178.712 118.934 -82.703
-1047.24 951.094 72.0837 -178.712 118.933 -82.703
-1047.52 950.134 72.0721 -178.713 118.93 -82.696
-1047.8 949.174 72.0602 -178.713 118.93 -82.696
-1048.08 948.215 72.048 -178.717 118.93 -82.696
-1048.36 947.255 72.0355 -178.717 118.93 -82.696
-1048.65 946.296 72.0228 -178.717 118.931 -82.698
-1048.93 945.336 72.0097 -178.714 118.934 -82.696
-1049.21 944.377 71.9963 -178.709 118.932 -82.696
-1049.49 943.418 71.9827 -178.709 118.932 -82.696
-1049.78 942.459 71.9687 -178.709 118.932 -82.696
-1050.06 941.5 71.9545 -178.709 118.932 -82.696
-1050.34 940.541 71.94 -178.709 118.932 -82.696
-1050.63 939.582 71.9252 -178.709 118.932 -82.696
-1050.91 938.623 71.9101 -178.709 118.932 -82.696
-1051.19 937.664 71.8947 -178.709 118.932 -82.696
8
-1035.3 992.875 73.0626 -178.712 118.934 -82.693
-1035.54 991.906 73.0175 -178.712 118.934 -82.693
-1035.79 990.937 72.9723 -178.712 118.934 -82.693
-1036.03 989.968 72.9271 -178.712 118.934 -82.693
-1036.27 988.999 72.8818 -178.712 118.934 -82.693
-1036.52 988.03 72.8366 -178.712 118.934 -82.693
-1036.76 987.062 72.7913 -178.712 118.934 -82.693
-1037 986.093 72.746 -178.712 118.934 -82.693
-1037.25 985.124 72.7006 -178.712 118.934 -82.693
-1037.49 984.155 72.6553 -178.712 118.934 -82.693
-1037.74 983.187 72.6099 -178.712 118.934 -82.693
-1037.98 982.218 72.5645 -178.712 118.934 -82.693
-1038.23 981.25 72.519 -178.738 118.944 -82.717
-1038.47 980.281 72.4736 -178.737 118.939 -82.715
-1038.72 979.313 72.4281 -178.733 118.935 -82.711
-1038.96 978.345 72.3825 -178.733 118.935 -82.711
-1039.21 977.376 72.337 -178.726 118.93 -82.71
-1039.45 976.408 72.2914 -178.721 118.93 -82.709
-1039.7 975.44 72.2458 -178.721 118.931 -82.708
-1039.95 974.472 72.2002 -178.721 118.931 -82.708
-1040.19 973.504 72.1545 -178.722 118.931 -82.701
-1040.44 972.536 72.1089 -178.725 118.931 -82.702
-1040.69 971.568 72.0632 -178.724 118.935 -82.707
-1040.93 970.6 72.0174 -178.724 118.935 -82.707
-1041.18 969.632 71.9717 -178.721 118.939 -82.706
-1041.43 968.664 71.9259 -178.719 118.939 -82.707
-1041.68 967.696 71.8801 -178.719 118.939 -82.707
-1041.92 966.729 71.8343 -178.716 118.938 -82.705
-1042.17 965.761 71.7884 -178.716 118.938 -82.705
-1042.42 964.793 71.7425 -178.714 118.935 -82.701
-1042.67 963.826 71.6966 -178.713 118.936 -82.703
-1042.92 962.858 71.6507 -178.713 118.935 -82.705
-1043.17 961.891 71.6047 -178.713 118.935 -82.704
-1043.42 960.924 71.5587 -178.713 118.935 -82.704
-1043.67 959.956 71.5127 -178.717 118.933 -82.703
-1043.91 958.989 71.4667 -178.72 118.934 -82.704
-1044.16 958.022 71.4206 -178.72 118.934 -82.706
-1044.41 957.055 71.3745 -178.72 118.934 -82.706
-1044.66 956.088 71.3284 -178.719 118.934 -82.707
-1044.92 955.121 71.2823 -178.717 118.933 -82.704
-1045.17 954.154 71.2361 -178.715 118.932 -82.702
-1045.42 953.187 71.1899 -178.713 118.932 -82.705
-1045.67 952.22 71.1437 -178.711 118.934 -82.703
-1045.92 951.253 71.0975 -178.711 118.934 -82.703
-1046.17 950.286 71.0512 -178.711 118.933 -82.703
-1046.42 949.319 71.0049 -178.713 118.929 -82.695
-1046.67 948.353 70.9586 -178.716 118.929 -82.696
-1046.93 947.386 70.9122 -178.716 118.929 -82.696
-1047.18 946.42 70.8658 -178.718 118.931 -82.696
-1047.43 945.453 70.8194 -178.715 118.933 -82.696
-1047.68 944.487 70.773 -178.71 118.932 -82.695
-1047.94 943.52 70.7266 -178.71 118.932 -82.695
-1048.19 942.554 70.6801 -178.706 118.929 -82.692
-1048.44 941.588 70.6336 -178.706 118.929 -82.692
-1048.7 940.621 70.587 -178.706 118.929 -82.692
-1048.95 939.655 70.5405 -178.706 118.929 -82.692
-1049.2 938.689 70.4939 -178.706 118.929 -82.692
-1049.46 937.723 70.4473 -178.706 118.929 -82.692
-1049.71 936.757 70.4007 -178.706 118.929 -82.692
-1049.97 935.791 70.354 -178.706 118.929 -82.692
-1050.22 934.825 70.3073 -178.706 118.929 -82.692
9
-1039.39 994.949 71.8392 -178.715 118.934 -82.692
-1039.65 993.982 71.8122 -178.715 118.934 -82.692
-1039.9 993.015 71.7855 -178.715 118.934 -82.692
-1040.16 992.049 71.759 -178.715 118.934 -82.692
-1040.41 991.082 71.7327 -178.715 118.934 -82.692
-1040.66 990.115 71.7067 -178.715 118.934 -82.692
-1040.92 989.148 71.6808 -178.715 118.934 -82.692
-1041.17 988.182 71.6552 -178.715 118.934 -82.692
-1041.43 987.215 71.6298 -178.715 118.934 -82.692
-1041.68 986.248 71.6046 -178.715 118.934 -82.692
-1041.94 985.281 71.5797 -178.715 118.934 -82.692
-1042.19 984.315 71.555 -178.715 118.934 -82.692
-1042.45 983.348 71.5305 -178.715 118.934 -82.692
-1042.7 982.381 71.5062 -178.715 118.934 -82.692
-1042.96 981.415 71.4821 -178.732 118.945 -82.718
-1043.21 980.448 71.4583 -178.732 118.938 -82.712
-1043.47 979.481 71.4347 -178.731 118.933 -82.707
-1043.72 978.515 71.4113 -178.731 118.933 -82.707
-1043.98 977.548 71.3881 -178.726 118.929 -82.708
-1044.23 976.581 71.3652 -178.722 118.929 -82.709
-1044.49 975.615 71.3425 -178.721 118.929 -82.71
-1044.74 974.648 71.32 -178.721 118.93 -82.705
-1045 973.681 71.2977 -178.722 118.93 -82.699
-1045.25 972.715 71.2757 -178.722 118.93 -82.699
-1045.51 971.748 71.2538 -178.725 118.932 -82.703
-1045.76 970.782 71.2322 -178.724 118.936 -82.706
-1046.02 969.815 71.2109 -178.722 118.937 -82.704
-1046.27 968.849 71.1897 -178.72 118.939 -82.703
-1046.53 967.882 71.1688 -178.719 118.939 -82.706
-1046.79 966.915 71.148 -178.718 118.939 -82.706
-1047.04 965.949 71.1276 -178.716 118.938 -82.706
-1047.3 964.982 71.1073 -178.714 118.935 -82.698
-1047.55 964.016 71.0872 -178.714 118.935 -82.7
-1047.81 963.049 71.0674 -178.714 118.935 -82.705
-1048.06 962.083 71.0478 -178.714 118.935 -82.705
-1048.32 961.116 71.0284 -178.716 118.932 -82.706
-1048.58 960.15 71.0093 -178.718 118.933 -82.706
-1048.83 959.183 70.9904 -178.72 118.934 -82.706
-1049.09 958.217 70.9717 -178.72 118.934 -82.706
-1049.34 957.25 70.9532 -178.72 118.935 -82.706
-1049.6 956.284 70.9349 -178.719 118.934 -82.707
-1049.86 955.317 70.9169 -178.718 118.933 -82.704
-1050.11 954.351 70.8991 -178.717 118.933 -82.703
-1050.37 953.385 70.8815 -178.714 118.934 -82.706
-1050.63 952.418 70.8641 -178.714 118.934 -82.706
-1050.88 951.452 70.847 -178.712 118.935 -82.706
-1051.14 950.485 70.83 -178.712 118.934 -82.702
-1051.39 949.519 70.8133 -178.714 118.928 -82.691
-1051.65 948.552 70.7968 -178.717 118.928 -82.692
-1051.91 947.586 70.7806 -178.717 118.928 -82.692
-1052.16 946.62 70.7646 -178.718 118.93 -82.694
-1052.42 945.653 70.7488 -178.717 118.933 -82.695
-1052.68 944.687 70.7332 -178.714 118.934 -82.698
-1052.93 943.721 70.7178 -178.711 118.932 -82.694
-1053.19 942.754 70.7027 -178.711 118.932 -82.694
-1053.45 941.788 70.6877 -178.711 118.932 -82.694
-1053.71 940.822 70.673 -178.711 118.932 -82.694
-1053.96 939.855 70.6586 -178.711 118.932 -82.694
-1054.22 938.889 70.6443 -178.711 118.932 -82.694
-1054.48 937.923 70.6303 -178.711 118.932 -82.694
-1054.73 936.956 70.6165 -178.711 118.932 -82.694
10
-1038.89 990.644 73.037 -178.709 118.934 -82.687
-1039.14 989.678 72.9745 -178.709 118.934 -82.687
-1039.39 988.711 72.9125 -178.709 118.934 -82.687
-1039.64 987.745 72.8509 -178.709 118.934 -82.687
-1039.89 986.779 72.7899 -178.709 118.934 -82.687
-1040.14 985.813 72.7293 -178.709 118.934 -82.687
-1040.39 984.847 72.6693 -178.709 118.934 -82.687
-1040.65 983.881 72.6097 -178.709 118.934 -82.687
-1040.9 982.915 72.5506 -178.709 118.934 -82.687
-1041.15 981.95 72.4921 -178.709 118.934 -82.687
-1041.4 980.984 72.434 -178.735 118.939 -82.717
-1041.66 980.018 72.3764 -178.73 118.935 -82.709
-1041.91 979.053 72.3193 -178.725 118.932 -82.706
-1042.17 978.087 72.2626 -178.723 118.931 -82.706
-1042.42 977.122 72.2065 -178.725 118.933 -82.705
-1042.68 976.157 72.1509 -178.728 118.933 -82.704
-1042.93 975.191 72.0957 -178.728 118.933 -82.704
-1043.19 974.226 72.0411 -178.729 118.931 -82.701
-1043.44 973.261 71.9869 -178.73 118.93 -82.696
-1043.7 972.296 71.9333 -178.727 118.933 -82.702
-1043.96 971.331 71.8801 -178.722 118.936 -82.707
-1044.21 970.366 71.8274 -178.716 118.938 -82.705
-1044.47 969.401 71.7752 -178.714 118.94 -82.706
-1044.73 968.436 71.7235 -178.714 118.941 -82.709
-1044.99 967.471 71.6723 -178.714 118.941 -82.709
-1045.24 966.507 71.6216 -178.712 118.944 -82.713
-1045.5 965.542 71.5714 -178.712 118.943 -82.707
-1045.76 964.577 71.5217 -178.713 118.942 -82.71
-1046.02 963.613 71.4724 -178.716 118.938 -82.711
-1046.28 962.648 71.4237 -178.72 118.935 -82.712
-1046.54 961.684 71.3754 -178.72 118.935 -82.712
-1046.8 960.72 71.3277 -178.724 118.934 -82.71
-1047.06 959.756 71.2804 -178.722 118.936 -82.711
-1047.32 958.791 71.2336 -178.72 118.937 -82.711
-1047.58 957.827 71.1874 -178.718 118.937 -82.711
-1047.85 956.863 71.1416 -178.716 118.937 -82.71
-1048.11 955.899 71.0963 -178.715 118.935 -82.706
-1048.37 954.935 71.0515 -178.715 118.935 -82.706
-1048.63 953.971 71.0071 -178.713 118.937 -82.707
-1048.9 953.008 70.9633 -178.711 118.937 -82.707
-1049.16 952.044 70.92 -178.709 118.938 -82.707
-1049.42 951.08 70.8772 -178.712 118.934 -82.698
-1049.69 950.117 70.8348 -178.712 118.934 -82.698
-1049.95 949.153 70.7929 -178.717 118.929 -82.691
-1050.22 948.19 70.7516 -178.719 118.929 -82.692
-1050.48 947.226 70.7107 -178.72 118.928 -82.691
-1050.75 946.263 70.6703 -178.718 118.928 -82.689
-1051.01 945.3 70.6304 -178.718 118.928 -82.689
-1051.28 944.336 70.5911 -178.715 118.929 -82.69
-1051.55 943.373 70.5522 -178.71 118.93 -82.69
-1051.81 942.41 70.5137 -178.71 118.93 -82.69
-1052.08 941.447 70.4758 -178.71 118.93 -82.69
-1052.35 940.484 70.4384 -178.71 118.93 -82.69
-1052.61 939.521 70.4015 -178.71 118.93 -82.69
-1052.88 938.558 70.365 -178.71 118.93 -82.69
-1053.15 937.596 70.3291 -178.71 118.93 -82.69
-1053.42 936.633 70.2936 -178.71 118.93 -82.69
-1053.69 935.67 70.2586 -178.71 118.93 -82.69
-1053.96 934.708 70.2242 -178.71 118.93 -82.69
-1054.23 933.745 70.1902 -178.71 118.93 -82.69
-1054.5 932.783 70.1567 -178.71 118.93 -82.69
11
-1035.61 990.65 72.1322 -178.711 118.934 -82.688
-1035.87 989.686 72.0856 -178.711 118.934 -82.688
-1036.13 988.722 72.0391 -178.711 118.934 -82.688
-1036.39 987.757 71.9928 -178.711 118.934 -82.688
-1036.65 986.793 71.9466 -178.711 118.934 -82.688
-1036.91 985.829 71.9007 -178.711 118.934 -82.688
-1037.17 984.864 71.8549 -178.711 118.934 -82.688
-1037.43 983.9 71.8092 -178.711 118.934 -82.688
-1037.69 982.935 71.7638 -178.711 118.934 -82.688
-1037.95 981.971 71.7185 -178.711 118.934 -82.688
-1038.21 981.006 71.6734 -178.733 118.942 -82.716
-1038.47 980.042 71.6284 -178.73 118.937 -82.709
-1038.73 979.077 71.5836 -178.726 118.933 -82.707
-1038.99 978.113 71.539 -178.723 118.931 -82.704
-1039.25 977.148 71.4946 -178.723 118.931 -82.704
-1039.51 976.184 71.4503 -178.725 118.933 -82.703
-1039.77 975.219 71.4062 -178.728 118.933 -82.704
-1040.03 974.254 71.3623 -178.729 118.93 -82.7
-1040.29 973.29 71.3186 -178.729 118.931 -82.696
-1040.55 972.325 71.275 -178.726 118.934 -82.702
-1040.81 971.361 71.2316 -178.721 118.937 -82.705
-1041.07 970.396 71.1883 -178.717 118.938 -82.705
-1041.33 969.431 71.1452 -178.717 118.938 -82.705
-1041.59 968.466 71.1023 -178.715 118.94 -82.707
-1041.85 967.502 71.0596 -178.714 118.941 -82.71
-1042.11 966.537 71.0171 -178.712 118.943 -82.713
-1042.37 965.572 70.9747 -178.712 118.943 -82.71
-1042.63 964.607 70.9324 -178.713 118.942 -82.71
-1042.89 963.643 70.8904 -178.717 118.938 -82.71
-1043.15 962.678 70.8485 -178.717 118.938 -82.71
-1043.41 961.713 70.8068 -178.72 118.937 -82.712
-1043.67 960.748 70.7653 -178.723 118.935 -82.711
-1043.93 959.783 70.7239 -178.721 118.937 -82.711
-1044.19 958.818 70.6827 -178.721 118.936 -82.711
-1044.45 957.853 70.6417 -178.721 118.936 -82.711
-1044.7 956.888 70.6008 -178.718 118.936 -82.711
-1044.96 955.923 70.5601 -178.716 118.935 -82.709
-1045.22 954.958 70.5196 -178.714 118.935 -82.705
-1045.48 953.993 70.4792 -178.713 118.937 -82.707
-1045.74 953.028 70.4391 -178.709 118.94 -82.708
-1046 952.063 70.3991 -178.709 118.94 -82.708
-1046.26 951.098 70.3592 -178.709 118.938 -82.706
-1046.52 950.133 70.3196 -178.712 118.934 -82.698
-1046.78 949.168 70.2801 -178.718 118.928 -82.691
-1047.04 948.203 70.2407 -178.719 118.929 -82.692
-1047.3 947.238 70.2016 -178.719 118.929 -82.692
-1047.55 946.273 70.1626 -178.72 118.927 -82.69
-1047.81 945.308 70.1238 -178.716 118.929 -82.69
-1048.07 944.342 70.0851 -178.714 118.931 -82.69
-1048.33 943.377 70.0467 -178.711 118.93 -82.688
-1048.59 942.412 70.0084 -178.711 118.93 -82.688
-1048.85 941.447 69.9702 -178.711 118.93 -82.688
-1049.11 940.482 69.9323 -178.711 118.93 -82.688
-1049.36 939.516 69.8945 -178.711 118.93 -82.688
-1049.62 938.551 69.8568 -178.711 118.93 -82.688
-1049.88 937.586 69.8194 -178.711 118.93 -82.688
-1050.14 936.62 69.7821 -178.711 118.93 -82.688
-1050.4 935.655 69.745 -178.711 118.93 -82.688
-1050.66 934.69 69.7081 -178.711 118.93 -82.688
-1050.92 933.724 69.6713 -178.711 118.93 -82.688
-1051.17 932.759 69.6347 -178.711 118.93 -82.688
12
-1035.46 991.042 72.594 -178.715 118.935 -82.693
-1035.69 990.075 72.4864 -178.715 118.935 -82.693
-1035.92 989.107 72.3804 -178.715 118.935 -82.693
-1036.16 988.14 72.276 -178.715 118.935 -82.693
-1036.39 987.172 72.1732 -178.715 118.935 -82.693
-1036.62 986.204 72.0719 -178.715 118.935 -82.693
-1036.85 985.236 71.9723 -178.715 118.935 -82.693
-1037.08 984.267 71.8742 -178.715 118.935 -82.693
-1037.32 983.299 71.7777 -178.715 118.935 -82.693
-1037.55 982.33 71.6828 -178.715 118.935 -82.693
-1037.78 981.361 71.5895 -178.73 118.944 -82.718
-1038.01 980.392 71.4977 -178.732 118.937 -82.71
-1038.24 979.423 71.4076 -178.732 118.937 -82.71
-1038.47 978.453 71.319 -178.73 118.932 -82.706
-1038.7 977.484 71.232 -178.727 118.928 -82.707
-1038.93 976.514 71.1466 -178.722 118.927 -82.708
-1039.16 975.544 71.0628 -178.721 118.928 -82.711
-1039.39 974.574 70.9805 -178.721 118.928 -82.711
-1039.61 973.604 70.8999 -178.722 118.929 -82.701
-1039.84 972.634 70.8208 -178.722 118.929 -82.701
-1040.07 971.663 70.7433 -178.724 118.932 -82.703
-1040.3 970.692 70.6674 -178.723 118.935 -82.705
-1040.53 969.721 70.5931 -178.721 118.937 -82.705
-1040.75 968.75 70.5203 -178.719 118.938 -82.703
-1040.98 967.779 70.4492 -178.718 118.939 -82.706
-1041.21 966.808 70.3796 -178.716 118.94 -82.707
-1041.43 965.836 70.3116 -178.716 118.94 -82.707
-1041.66 964.865 70.2452 -178.716 118.935 -82.7
-1041.89 963.893 70.1804 -178.716 118.933 -82.697
-1042.11 962.921 70.1172 -178.717 118.932 -82.702
-1042.34 961.948 70.0555 -178.716 118.931 -82.703
-1042.56 960.976 69.9955 -178.716 118.931 -82.703
-1042.79 960.004 69.937 -178.719 118.932 -82.705
-1043.01 959.031 69.8801 -178.72 118.934 -82.705
-1043.24 958.058 69.8248 -178.72 118.934 -82.705
-1043.46 957.085 69.7711 -178.719 118.936 -82.708
-1043.68 956.112 69.7189 -178.718 118.935 -82.705
-1043.91 955.138 69.6683 -178.715 118.934 -82.703
-1044.13 954.165 69.6194 -178.715 118.934 -82.703
-1044.35 953.191 69.572 -178.716 118.933 -82.704
-1044.58 952.217 69.5262 -178.714 118.934 -82.704
-1044.8 951.243 69.4819 -178.714 118.935 -82.705
-1045.02 950.269 69.4393 -178.714 118.933 -82.698
-1045.24 949.295 69.3982 -178.717 118.927 -82.689
-1045.47 948.32 69.3588 -178.717 118.927 -82.689
-1045.69 947.345 69.3209 -178.718 118.927 -82.692
-1045.91 946.371 69.2846 -178.719 118.929 -82.693
-1046.13 945.396 69.2499 -178.715 118.933 -82.696
-1046.35 944.42 69.2167 -178.715 118.933 -82.696
-1046.57 943.445 69.1852 -178.711 118.934 -82.697
-1046.79 942.47 69.1552 -178.711 118.934 -82.697
-1047.01 941.494 69.1268 -178.711 118.934 -82.697
-1047.23 940.518 69.1 -178.711 118.934 -82.697
-1047.45 939.542 69.0748 -178.711 118.934 -82.697
-1047.67 938.566 69.0512 -178.711 118.934 -82.697
-1047.89 937.589 69.0291 -178.711 118.934 -82.697
-1048.1 936.613 69.0086 -178.711 118.934 -82.697
-1048.32 935.636 68.9898 -178.711 118.934 -82.697
-1048.54 934.659 68.9725 -178.711 118.934 -82.697
-1048.76 933.682 68.9568 -178.711 118.934 -82.697
-1048.98 932.705 68.9426 -178.711 118.934 -82.697
13
-1035.84 990.665 72.5207 -178.711 118.933 -82.691
-1036.09 989.697 72.4784 -178.711 118.933 -82.691
-1036.34 988.729 72.4365 -178.711 118.933 -82.691
-1036.58 987.761 72.3949 -178.711 118.933 -82.691
-1036.83 986.793 72.3536 -178.711 118.933 -82.691
-1037.08 985.824 72.3126 -178.711 118.933 -82.691
-1037.32 984.856 72.272 -178.711 118.933 -82.691
-1037.57 983.888 72.2317 -178.711 118.933 -82.691
-1037.82 982.919 72.1917 -178.711 118.933 -82.691
-1038.06 981.951 72.1521 -178.711 118.933 -82.691
-1038.31 980.982 72.1127 -178.735 118.942 -82.716
-1038.55 980.014 72.0737 -178.734 118.935 -82.71
-1038.8 979.045 72.0351 -178.727 118.933 -82.707
-1039.05 978.077 71.9967 -178.721 118.931 -82.708
-1039.29 977.108 71.9587 -178.721 118.931 -82.708
-1039.54 976.139 71.921 -178.72 118.933 -82.707
-1039.78 975.171 71.8836 -178.723 118.933 -82.707
-1040.03 974.202 71.8465 -178.724 118.934 -82.701
-1040.27 973.233 71.8098 -178.726 118.934 -82.702
-1040.52 972.265 71.7734 -178.726 118.934 -82.702
-1040.76 971.296 71.7373 -178.723 118.936 -82.706
-1041.01 970.327 71.7015 -178.72 118.938 -82.707
-1041.25 969.358 71.6661 -178.717 118.938 -82.704
-1041.5 968.389 71.631 -178.717 118.937 -82.707
-1041.74 967.42 71.5962 -178.717 118.937 -82.707
-1041.99 966.451 71.5617 -178.714 118.937 -82.709
-1042.23 965.482 71.5276 -178.715 118.936 -82.703
-1042.48 964.513 71.4938 -178.714 118.937 -82.703
-1042.72 963.544 71.4603 -178.714 118.937 -82.703
-1042.97 962.575 71.4271 -178.717 118.938 -82.708
-1043.21 961.606 71.3943 -178.718 118.937 -82.708
-1043.45 960.637 71.3617 -178.721 118.935 -82.708
-1043.7 959.668 71.3296 -178.72 118.936 -82.707
-1043.94 958.698 71.2977 -178.718 118.936 -82.709
-1044.19 957.729 71.2661 -178.718 118.936 -82.709
-1044.43 956.76 71.2349 -178.716 118.936 -82.71
-1044.67 955.79 71.204 -178.714 118.934 -82.707
-1044.92 954.821 71.1735 -178.714 118.934 -82.704
-1045.16 953.852 71.1432 -178.716 118.933 -82.707
-1045.41 952.882 71.1133 -178.714 118.935 -82.708
-1045.65 951.913 71.0837 -178.714 118.935 -82.708
-1045.89 950.943 71.0544 -178.714 118.936 -82.707
-1046.13 949.974 71.0255 -178.716 118.933 -82.699
-1046.38 949.004 70.9968 -178.718 118.93 -82.693
-1046.62 948.034 70.9685 -178.718 118.931 -82.696
-1046.86 947.065 70.9406 -178.718 118.931 -82.695
-1047.11 946.095 70.9129 -178.718 118.931 -82.695
-1047.35 945.125 70.8856 -178.715 118.933 -82.695
-1047.59 944.156 70.8586 -178.713 118.935 -82.698
-1047.83 943.186 70.8319 -178.709 118.934 -82.695
-1048.08 942.216 70.8056 -178.708 118.929 -82.692
-1048.32 941.246 70.7795 -178.708 118.929 -82.692
-1048.56 940.276 70.7538 -178.708 118.929 -82.692
-1048.8 939.306 70.7285 -178.708 118.929 -82.692
-1049.05 938.336 70.7034 -178.708 118.929 -82.692
-1049.29 937.366 70.6787 -178.708 118.929 -82.692
-1049.53 936.396 70.6543 -178.708 118.929 -82.692
-1049.77 935.426 70.6302 -178.708 118.929 -82.692
-1050.01 934.456 70.6064 -178.708 118.929 -82.692
-1050.25 933.486 70.583 -178.708 118.929 -82.692
-1050.5 932.516 70.5599 -178.708 118.929 -82.692
