1
-349.373 206.856 -106.26 -127.286 129.87 69.135
-350.318 221.826 -106.26 -114.5 132.742 77.602
-351.316 221.763 -106.252 -114.5 132.742 77.602
-352.314 221.7 -106.244 -114.5 132.742 77.602
-353.312 221.637 -106.236 -114.5 132.742 77.602
-354.31 221.574 -106.228 -114.5 132.742 77.602
-355.308 221.511 -106.221 -114.5 132.742 77.602
-356.306 221.448 -106.213 -114.5 132.742 77.602
-357.304 221.385 -106.205 -114.5 132.742 77.602
-358.302 221.322 -106.197 -114.5 132.742 77.602
-359.3 221.259 -106.189 -114.5 132.742 77.602
-360.298 221.196 -106.181 -114.5 132.742 77.602
-361.295 221.133 -106.173 -114.5 132.742 77.602
-362.293 221.07 -106.166 -114.5 132.742 77.602
-363.291 221.007 -106.158 -114.493 132.744 77.586
-364.289 220.944 -106.15 -114.494 132.741 77.574
-365.287 220.881 -106.142 -114.494 132.741 77.574
-366.285 220.818 -106.134 -114.501 132.738 77.568
-367.283 220.755 -106.126 -114.508 132.738 77.574
-368.281 220.692 -106.118 -114.513 132.737 77.576
-369.279 220.629 -106.111 -114.513 132.737 77.576
-370.277 220.566 -106.103 -114.512 132.74 77.586
-371.275 220.503 -106.095 -114.512 132.741 77.591
-372.273 220.44 -106.087 -114.512 132.741 77.591
-373.271 220.377 -106.079 -114.507 132.744 77.59
-374.269 220.314 -106.071 -114.506 132.745 77.591
-375.267 220.251 -106.063 -114.507 132.745 77.59
-376.265 220.188 -106.055 -114.51 132.745 77.591
-377.263 220.125 -106.048 -114.511 132.745 77.594
-378.261 220.062 -106.04 -114.511 132.745 77.594
-379.259 219.999 -106.032 -114.511 132.745 77.594
-380.257 219.936 -106.024 -114.513 132.744 77.594
-381.255 219.873 -106.016 -114.511 132.744 77.596
-382.253 219.81 -106.008 -114.51 132.744 77.596
-383.251 219.747 -106 -114.509 132.743 77.588
-384.249 219.684 -105.993 -114.507 132.744 77.588
-385.247 219.621 -105.985 -114.507 132.744 77.588
-386.245 219.558 -105.977 -114.508 132.747 77.589
-387.243 219.495 -105.969 -114.505 132.748 77.59
-388.241 219.432 -105.961 -114.507 132.751 77.595
-389.239 219.369 -105.953 -114.506 132.75 77.598
-390.237 219.306 -105.945 -114.506 132.75 77.598
-391.235 219.243 -105.938 -114.508 132.749 77.593
-392.233 219.18 -105.93 -114.511 132.748 77.592
-393.231 219.117 -105.922 -114.511 132.748 77.592
-394.229 219.054 -105.914 -114.511 132.748 77.592
-395.227 218.991 -105.906 -114.511 132.748 77.592
2
-351.943 213.334 -106.88 -127.286 129.87 69.135
-352.659 228.317 -106.88 -114.497 132.742 77.603
-353.657 228.269 -106.861 -114.497 132.742 77.603
-354.656 228.222 -106.843 -114.497 132.742 77.603
-355.655 228.174 -106.824 -114.497 132.742 77.603
-356.653 228.126 -106.806 -114.497 132.742 77.603
-357.652 228.079 -106.787 -114.497 132.742 77.603
-358.651 228.031 -106.769 -114.497 132.742 77.603
-359.65 227.983 -106.75 -114.497 132.742 77.603
-360.648 227.935 -106.732 -114.497 132.742 77.603
-361.647 227.888 -106.713 -114.493 132.743 77.588
-362.646 227.84 -106.695 -114.496 132.741 77.573
-363.644 227.792 -106.676 -114.502 132.738 77.565
-364.643 227.744 -106.658 -114.502 132.738 77.565
-365.642 227.697 -106.639 -114.508 132.737 77.576
-366.64 227.649 -106.62 -114.515 132.738 77.579
-367.639 227.601 -106.602 -114.515 132.738 77.579
-368.638 227.554 -106.583 -114.514 132.739 77.589
-369.636 227.506 -106.565 -114.512 132.74 77.591
-370.635 227.458 -106.546 -114.512 132.74 77.591
-371.634 227.41 -106.528 -114.509 132.742 77.591
-372.632 227.363 -106.509 -114.507 132.743 77.591
-373.631 227.315 -106.491 -114.508 132.744 77.59
-374.63 227.267 -106.472 -114.51 132.744 77.593
-375.629 227.219 -106.454 -114.509 132.744 77.595
-376.627 227.172 -106.435 -114.509 132.744 77.595
-377.626 227.124 -106.417 -114.51 132.744 77.596
-378.625 227.076 -106.398 -114.507 132.743 77.596
-379.623 227.029 -106.38 -114.506 132.744 77.598
-380.622 226.981 -106.361 -114.506 132.744 77.598
-381.621 226.933 -106.342 -114.506 132.742 77.588
-382.619 226.885 -106.324 -114.505 132.743 77.587
-383.618 226.838 -106.305 -114.507 132.746 77.589
-384.617 226.79 -106.287 -114.505 132.747 77.587
-385.615 226.742 -106.268 -114.505 132.747 77.587
-386.614 226.694 -106.25 -114.506 132.75 77.595
-387.613 226.647 -106.231 -114.506 132.747 77.594
-388.612 226.599 -106.213 -114.506 132.747 77.594
-389.61 226.551 -106.194 -114.511 132.746 77.589
-390.609 226.504 -106.176 -114.511 132.746 77.589
-391.608 226.456 -106.157 -114.511 132.746 77.589
-392.606 226.408 -106.139 -114.511 132.746 77.589
-393.605 226.36 -106.12 -114.511 132.746 77.589
-394.604 226.313 -106.102 -114.511 132.746 77.589
-395.602 226.265 -106.083 -114.511 132.746 77.589
-396.601 226.217 -106.064 -114.511 132.746 77.589
-397.6 226.169 -106.046 -114.511 132.746 77.589
3
-353.36 211.686 -104.856 -127.286 129.87 69.135
-353.902 226.676 -104.856 -114.496 132.741 77.603
-354.902 226.64 -104.843 -114.496 132.741 77.603
-355.901 226.604 -104.831 -114.496 132.741 77.603
-356.9 226.568 -104.819 -114.496 132.741 77.603
-357.899 226.532 -104.807 -114.496 132.741 77.603
-358.899 226.496 -104.795 -114.496 132.741 77.603
-359.898 226.46 -104.783 -114.496 132.741 77.603
-360.897 226.423 -104.771 -114.496 132.741 77.603
-361.897 226.387 -104.758 -114.494 132.744 77.583
-362.896 226.351 -104.746 -114.496 132.741 77.57
-363.895 226.315 -104.734 -114.504 132.737 77.565
-364.894 226.279 -104.722 -114.504 132.737 77.565
-365.894 226.243 -104.71 -114.512 132.737 77.575
-366.893 226.207 -104.698 -114.516 132.737 77.578
-367.892 226.171 -104.686 -114.516 132.737 77.578
-368.891 226.134 -104.673 -114.515 132.739 77.59
-369.891 226.098 -104.661 -114.51 132.743 77.59
-370.89 226.062 -104.649 -114.51 132.743 77.59
-371.889 226.026 -104.637 -114.508 132.744 77.591
-372.889 225.99 -104.625 -114.508 132.744 77.589
-373.888 225.954 -104.613 -114.508 132.744 77.589
-374.887 225.918 -104.6 -114.511 132.744 77.591
-375.886 225.881 -104.588 -114.512 132.744 77.593
-376.886 225.845 -104.576 -114.512 132.744 77.595
-377.885 225.809 -104.564 -114.51 132.743 77.597
-378.884 225.773 -104.552 -114.51 132.743 77.597
-379.883 225.737 -104.54 -114.507 132.743 77.597
-380.883 225.701 -104.528 -114.508 132.744 77.594
-381.882 225.665 -104.515 -114.506 132.744 77.586
-382.881 225.628 -104.503 -114.507 132.746 77.588
-383.881 225.592 -104.491 -114.508 132.747 77.588
-384.88 225.556 -104.479 -114.508 132.747 77.588
-385.879 225.52 -104.467 -114.506 132.749 77.588
-386.878 225.484 -104.455 -114.507 132.751 77.595
-387.878 225.448 -104.443 -114.507 132.749 77.594
-388.877 225.412 -104.43 -114.512 132.748 77.589
-389.876 225.376 -104.418 -114.512 132.748 77.589
-390.875 225.339 -104.406 -114.512 132.748 77.589
-391.875 225.303 -104.394 -114.512 132.748 77.589
-392.874 225.267 -104.382 -114.512 132.748 77.589
-393.873 225.231 -104.37 -114.512 132.748 77.589
-394.873 225.195 -104.357 -114.512 132.748 77.589
-395.872 225.159 -104.345 -114.512 132.748 77.589
-396.871 225.123 -104.333 -114.512 132.748 77.589
-397.87 225.086 -104.321 -114.512 132.748 77.589
-398.87 225.05 -104.309 -114.512 132.748 77.589
4
-357.759 200.659 -108.149 -127.286 129.87 69.135
-358.342 215.648 -108.149 -114.497 132.741 77.604
-359.341 215.609 -108.137 -114.497 132.741 77.604
-360.34 215.57 -108.125 -114.497 132.741 77.604
-361.34 215.531 -108.114 -114.497 132.741 77.604
-362.339 215.492 -108.102 -114.497 132.741 77.604
-363.338 215.453 -108.09 -114.497 132.741 77.604
-364.337 215.414 -108.079 -114.497 132.741 77.604
-365.336 215.376 -108.067 -114.496 132.742 77.588
-366.336 215.337 -108.055 -114.497 132.741 77.572
-367.335 215.298 -108.044 -114.497 132.741 77.572
-368.334 215.259 -108.032 -114.502 132.737 77.564
-369.333 215.22 -108.02 -114.507 132.737 77.573
-370.332 215.181 -108.009 -114.513 132.737 77.575
-371.331 215.142 -107.997 -114.511 132.738 77.585
-372.331 215.103 -107.985 -114.511 132.738 77.585
-373.33 215.064 -107.974 -114.511 132.739 77.591
-374.329 215.026 -107.962 -114.507 132.741 77.59
-375.328 214.987 -107.951 -114.507 132.741 77.59
-376.327 214.948 -107.939 -114.506 132.743 77.593
-377.326 214.909 -107.927 -114.506 132.745 77.591
-378.326 214.87 -107.916 -114.507 132.745 77.595
-379.325 214.831 -107.904 -114.509 132.746 77.598
-380.324 214.792 -107.892 -114.509 132.746 77.598
-381.323 214.753 -107.881 -114.51 132.745 77.599
-382.322 214.715 -107.869 -114.509 132.743 77.599
-383.322 214.676 -107.857 -114.507 132.743 77.6
-384.321 214.637 -107.846 -114.507 132.743 77.596
-385.32 214.598 -107.834 -114.507 132.743 77.596
-386.319 214.559 -107.822 -114.505 132.744 77.59
-387.318 214.52 -107.811 -114.507 132.747 77.594
-388.317 214.481 -107.799 -114.505 132.748 77.591
-389.317 214.442 -107.787 -114.505 132.748 77.591
-390.316 214.404 -107.776 -114.507 132.75 77.596
-391.315 214.365 -107.764 -114.506 132.75 77.6
-392.314 214.326 -107.752 -114.508 132.747 77.595
-393.313 214.287 -107.741 -114.512 132.747 77.592
-394.312 214.248 -107.729 -114.512 132.747 77.592
-395.312 214.209 -107.717 -114.512 132.747 77.592
-396.311 214.17 -107.706 -114.512 132.747 77.592
-397.31 214.131 -107.694 -114.512 132.747 77.592
-398.309 214.093 -107.682 -114.512 132.747 77.592
-399.308 214.054 -107.671 -114.512 132.747 77.592
-400.308 214.015 -107.659 -114.512 132.747 77.592
-401.307 213.976 -107.647 -114.512 132.747 77.592
-402.306 213.937 -107.636 -114.512 132.747 77.592
-403.305 213.898 -107.624 -114.512 132.747 77.592
5
-358.67 198.35 -110.633 -127.286 129.87 69.135
-359.141 213.343 -110.633 -114.497 132.741 77.604
-360.14 213.311 -110.606 -114.497 132.741 77.604
-361.139 213.28 -110.578 -114.497 132.741 77.604
-362.138 213.249 -110.551 -114.497 132.741 77.604
-363.137 213.217 -110.523 -114.497 132.741 77.604
-364.136 213.186 -110.495 -114.497 132.741 77.604
-365.135 213.155 -110.468 -114.497 132.741 77.604
-366.134 213.123 -110.44 -114.496 132.742 77.586
-367.134 213.092 -110.413 -114.496 132.742 77.586
-368.133 213.061 -110.385 -114.498 132.741 77.571
-369.132 213.029 -110.358 -114.504 132.738 77.564
-370.131 212.998 -110.33 -114.507 132.738 77.57
-371.13 212.967 -110.302 -114.513 132.737 77.575
-372.129 212.935 -110.275 -114.513 132.737 77.575
-373.128 212.904 -110.247 -114.513 132.739 77.584
-374.127 212.873 -110.22 -114.513 132.739 77.59
-375.127 212.841 -110.192 -114.509 132.742 77.589
-376.126 212.81 -110.165 -114.509 132.742 77.589
-377.125 212.779 -110.137 -114.506 132.742 77.591
-378.124 212.747 -110.109 -114.506 132.744 77.591
-379.123 212.716 -110.082 -114.508 132.745 77.594
-380.122 212.685 -110.054 -114.51 132.746 77.598
-381.121 212.653 -110.027 -114.51 132.746 77.598
-382.12 212.622 -109.999 -114.511 132.745 77.596
-383.12 212.591 -109.972 -114.51 132.744 77.6
-384.119 212.559 -109.944 -114.507 132.744 77.601
-385.118 212.528 -109.916 -114.507 132.744 77.601
-386.117 212.497 -109.889 -114.506 132.744 77.595
-387.116 212.465 -109.861 -114.504 132.744 77.593
-388.115 212.434 -109.834 -114.506 132.748 77.595
-389.114 212.403 -109.806 -114.506 132.748 77.595
-390.113 212.371 -109.779 -114.505 132.749 77.593
-391.113 212.34 -109.751 -114.506 132.751 77.599
-392.112 212.308 -109.723 -114.505 132.749 77.599
-393.111 212.277 -109.696 -114.505 132.749 77.599
-394.11 212.246 -109.668 -114.508 132.748 77.594
-395.109 212.214 -109.641 -114.508 132.748 77.594
-396.108 212.183 -109.613 -114.508 132.748 77.594
-397.107 212.152 -109.585 -114.508 132.748 77.594
-398.107 212.12 -109.558 -114.508 132.748 77.594
-399.106 212.089 -109.53 -114.508 132.748 77.594
-400.105 212.058 -109.503 -114.508 132.748 77.594
-401.104 212.026 -109.475 -114.508 132.748 77.594
-402.103 211.995 -109.448 -114.508 132.748 77.594
-403.102 211.964 -109.42 -114.508 132.748 77.594
-404.101 211.932 -109.392 -114.508 132.748 77.594
6
-354.653 205.818 -109.432 -127.286 129.87 69.135
-355.28 220.805 -109.432 -114.498 132.742 77.604
-356.279 220.764 -109.416 -114.498 132.742 77.604
-357.278 220.722 -109.4 -114.498 132.742 77.604
-358.277 220.68 -109.383 -114.498 132.742 77.604
-359.276 220.638 -109.367 -114.498 132.742 77.604
-360.275 220.596 -109.351 -114.498 132.742 77.604
-361.274 220.554 -109.335 -114.498 132.742 77.604
-362.273 220.513 -109.319 -114.498 132.742 77.604
-363.272 220.471 -109.303 -114.498 132.742 77.604
-364.271 220.429 -109.287 -114.495 132.741 77.582
-365.27 220.387 -109.271 -114.495 132.741 77.582
-366.269 220.345 -109.255 -114.499 132.739 77.567
-367.268 220.303 -109.238 -114.504 132.736 77.566
-368.267 220.262 -109.222 -114.512 132.737 77.576
-369.266 220.22 -109.206 -114.512 132.737 77.576
-370.265 220.178 -109.19 -114.513 132.738 77.58
-371.264 220.136 -109.174 -114.513 132.739 77.588
-372.263 220.094 -109.158 -114.513 132.739 77.588
-373.262 220.053 -109.142 -114.509 132.741 77.591
-374.261 220.011 -109.126 -114.506 132.741 77.591
-375.26 219.969 -109.11 -114.505 132.743 77.593
-376.259 219.927 -109.093 -114.507 132.744 77.592
-377.258 219.885 -109.077 -114.509 132.745 77.597
-378.257 219.843 -109.061 -114.509 132.746 77.597
-379.256 219.802 -109.045 -114.509 132.746 77.597
-380.255 219.76 -109.029 -114.511 132.746 77.598
-381.254 219.718 -109.013 -114.509 132.744 77.6
-382.253 219.676 -108.997 -114.506 132.743 77.6
-383.252 219.634 -108.981 -114.505 132.743 77.596
-384.251 219.592 -108.965 -114.505 132.743 77.596
-385.25 219.551 -108.948 -114.504 132.745 77.593
-386.249 219.509 -108.932 -114.505 132.747 77.593
-387.248 219.467 -108.916 -114.505 132.747 77.593
-388.247 219.425 -108.9 -114.503 132.749 77.594
-389.246 219.383 -108.884 -114.506 132.752 77.6
-390.245 219.342 -108.868 -114.504 132.749 77.598
-391.244 219.3 -108.852 -114.504 132.749 77.598
-392.243 219.258 -108.836 -114.51 132.748 77.593
-393.242 219.216 -108.82 -114.51 132.748 77.593
-394.241 219.174 -108.803 -114.51 132.748 77.593
-395.24 219.132 -108.787 -114.51 132.748 77.593
-396.239 219.091 -108.771 -114.51 132.748 77.593
-397.238 219.049 -108.755 -114.51 132.748 77.593
-398.237 219.007 -108.739 -114.51 132.748 77.593
-399.236 218.965 -108.723 -114.51 132.748 77.593
-400.235 218.923 -108.707 -114.51 132.748 77.593
7
-356.422 204.022 -107.571 -127.286 129.87 69.135
-356.802 219.017 -107.571 -114.498 132.742 77.602
-357.802 218.992 -107.562 -114.498 132.742 77.602
-358.802 218.967 -107.553 -114.498 132.742 77.602
-359.801 218.941 -107.544 -114.498 132.742 77.602
-360.801 218.916 -107.535 -114.498 132.742 77.602
-361.801 218.89 -107.526 -114.498 132.742 77.602
-362.8 218.865 -107.517 -114.498 132.742 77.602
-363.8 218.84 -107.508 -114.498 132.742 77.602
-364.799 218.814 -107.499 -114.495 132.742 77.587
-365.799 218.789 -107.491 -114.496 132.741 77.572
-366.799 218.764 -107.482 -114.503 132.737 77.565
-367.798 218.738 -107.473 -114.508 132.738 77.574
-368.798 218.713 -107.464 -114.514 132.738 77.576
-369.798 218.687 -107.455 -114.514 132.738 77.576
-370.797 218.662 -107.446 -114.513 132.738 77.58
-371.797 218.637 -107.437 -114.512 132.739 77.589
-372.797 218.611 -107.428 -114.507 132.741 77.588
-373.796 218.586 -107.419 -114.505 132.742 77.589
-374.796 218.561 -107.41 -114.505 132.742 77.589
-375.795 218.535 -107.401 -114.505 132.743 77.589
-376.795 218.51 -107.393 -114.506 132.744 77.588
-377.795 218.484 -107.384 -114.509 132.744 77.592
-378.794 218.459 -107.375 -114.509 132.745 77.594
-379.794 218.434 -107.366 -114.509 132.745 77.593
-380.794 218.408 -107.357 -114.509 132.743 77.595
-381.793 218.383 -107.348 -114.507 132.742 77.596
-382.793 218.358 -107.339 -114.505 132.743 77.596
-383.793 218.332 -107.33 -114.504 132.742 77.591
-384.792 218.307 -107.321 -114.504 132.744 77.588
-385.792 218.281 -107.312 -114.504 132.744 77.588
-386.791 218.256 -107.304 -114.506 132.747 77.59
-387.791 218.231 -107.295 -114.504 132.747 77.587
-388.791 218.205 -107.286 -114.506 132.75 77.593
-389.79 218.18 -107.277 -114.504 132.749 77.596
-390.79 218.154 -107.268 -114.504 132.749 77.596
-391.79 218.129 -107.259 -114.508 132.747 77.592
-392.789 218.104 -107.25 -114.511 132.748 77.591
-393.789 218.078 -107.241 -114.511 132.748 77.591
-394.789 218.053 -107.232 -114.511 132.748 77.591
-395.788 218.028 -107.223 -114.511 132.748 77.591
-396.788 218.002 -107.214 -114.511 132.748 77.591
-397.788 217.977 -107.206 -114.511 132.748 77.591
-398.787 217.951 -107.197 -114.511 132.748 77.591
-399.787 217.926 -107.188 -114.511 132.748 77.591
-400.786 217.901 -107.179 -114.511 132.748 77.591
-401.786 217.875 -107.17 -114.511 132.748 77.591
8
-358.433 204.151 -110.035 -127.286 129.87 69.135
-359.052 219.138 -110.035 -114.497 132.741 77.604
-360.051 219.097 -110.003 -114.497 132.741 77.604
-361.049 219.056 -109.971 -114.497 132.741 77.604
-362.048 219.014 -109.939 -114.497 132.741 77.604
-363.046 218.973 -109.907 -114.497 132.741 77.604
-364.045 218.932 -109.876 -114.497 132.741 77.604
-365.044 218.891 -109.844 -114.495 132.742 77.589
-366.042 218.85 -109.812 -114.496 132.74 77.572
-367.041 218.808 -109.78 -114.502 132.736 77.565
-368.04 218.767 -109.748 -114.507 132.737 77.572
-369.038 218.726 -109.716 -114.507 132.737 77.572
-370.037 218.685 -109.685 -114.512 132.737 77.576
-371.036 218.643 -109.653 -114.512 132.737 77.576
-372.034 218.602 -109.621 -114.511 132.739 77.59
-373.033 218.561 -109.589 -114.511 132.739 77.59
-374.032 218.52 -109.557 -114.507 132.741 77.59
-375.03 218.479 -109.526 -114.504 132.742 77.593
-376.029 218.437 -109.494 -114.504 132.744 77.593
-377.028 218.396 -109.462 -114.506 132.745 77.593
-378.026 218.355 -109.43 -114.508 132.746 77.597
-379.025 218.314 -109.398 -114.508 132.745 77.599
-380.023 218.273 -109.367 -114.51 132.745 77.598
-381.022 218.231 -109.335 -114.507 132.743 77.601
-382.021 218.19 -109.303 -114.507 132.743 77.601
-383.019 218.149 -109.271 -114.506 132.743 77.601
-384.018 218.108 -109.239 -114.505 132.744 77.6
-385.017 218.066 -109.207 -114.504 132.744 77.592
-386.015 218.025 -109.176 -114.505 132.746 77.594
-387.014 217.984 -109.144 -114.505 132.748 77.593
-388.013 217.943 -109.112 -114.505 132.748 77.593
-389.011 217.902 -109.08 -114.505 132.75 77.595
-390.01 217.86 -109.048 -114.506 132.751 77.6
-391.009 217.819 -109.017 -114.505 132.749 77.599
-392.007 217.778 -108.985 -114.509 132.748 77.594
-393.006 217.737 -108.953 -114.511 132.747 77.592
-394.004 217.696 -108.921 -114.511 132.747 77.592
-395.003 217.654 -108.889 -114.511 132.747 77.592
-396.002 217.613 -108.857 -114.511 132.747 77.592
-397 217.572 -108.826 -114.511 132.747 77.592
-397.999 217.531 -108.794 -114.511 132.747 77.592
-398.998 217.489 -108.762 -114.511 132.747 77.592
-399.996 217.448 -108.73 -114.511 132.747 77.592
-400.995 217.407 -108.698 -114.511 132.747 77.592
-401.994 217.366 -108.667 -114.511 132.747 77.592
-402.992 217.325 -108.635 -114.511 132.747 77.592
-403.991 217.283 -108.603 -114.511 132.747 77.592
9
-356.08 204.252 -109.866 -127.286 129.87 69.135
-356.819 219.234 -109.866 -114.497 132.741 77.605
-357.818 219.185 -109.842 -114.497 132.741 77.605
-358.816 219.136 -109.817 -114.497 132.741 77.605
-359.815 219.086 -109.793 -114.497 132.741 77.605
-360.813 219.037 -109.769 -114.497 132.741 77.605
-361.812 218.988 -109.744 -114.497 132.741 77.605
-362.81 218.939 -109.72 -114.497 132.741 77.605
-363.809 218.889 -109.696 -114.497 132.741 77.605
-364.807 218.84 -109.671 -114.495 132.742 77.583
-365.806 218.791 -109.647 -114.498 132.74 77.568
-366.804 218.742 -109.623 -114.498 132.74 77.568
-367.803 218.692 -109.598 -114.503 132.736 77.564
-368.801 218.643 -109.574 -114.507 132.737 77.572
-369.8 218.594 -109.55 -114.513 132.737 77.576
-370.798 218.545 -109.525 -114.512 132.738 77.583
-371.797 218.495 -109.501 -114.512 132.739 77.59
-372.795 218.446 -109.477 -114.512 132.739 77.59
-373.794 218.397 -109.452 -114.508 132.741 77.59
-374.792 218.348 -109.428 -114.505 132.743 77.593
-375.791 218.298 -109.404 -114.505 132.743 77.593
-376.789 218.249 -109.379 -114.505 132.744 77.592
-377.788 218.2 -109.355 -114.508 132.745 77.594
-378.786 218.151 -109.331 -114.509 132.746 77.597
-379.785 218.101 -109.306 -114.51 132.746 77.597
-380.783 218.052 -109.282 -114.511 132.745 77.598
-381.782 218.003 -109.258 -114.508 132.744 77.6
-382.78 217.954 -109.233 -114.507 132.745 77.6
-383.779 217.904 -109.209 -114.507 132.745 77.6
-384.777 217.855 -109.185 -114.506 132.744 77.594
-385.776 217.806 -109.16 -114.504 132.746 77.593
-386.774 217.757 -109.136 -114.507 132.749 77.594
-387.773 217.707 -109.112 -114.504 132.75 77.592
-388.771 217.658 -109.087 -114.504 132.75 77.592
-389.77 217.609 -109.063 -114.506 132.752 77.599
-390.768 217.56 -109.038 -114.505 132.75 77.598
-391.766 217.51 -109.014 -114.507 132.748 77.594
-392.765 217.461 -108.99 -114.511 132.749 77.592
-393.763 217.412 -108.965 -114.511 132.749 77.592
-394.762 217.363 -108.941 -114.511 132.749 77.592
-395.76 217.313 -108.917 -114.511 132.749 77.592
-396.759 217.264 -108.892 -114.511 132.749 77.592
-397.757 217.215 -108.868 -114.511 132.749 77.592
-398.756 217.166 -108.844 -114.511 132.749 77.592
-399.754 217.117 -108.819 -114.511 132.749 77.592
-400.753 217.067 -108.795 -114.511 132.749 77.592
-401.751 217.018 -108.771 -114.511 132.749 77.592
10
-354.237 203.633 -106.455 -127.286 129.87 69.135
-354.953 218.616 -106.455 -114.496 132.741 77.605
-355.952 218.569 -106.446 -114.496 132.741 77.605
-356.951 218.521 -106.437 -114.496 132.741 77.605
-357.95 218.473 -106.428 -114.496 132.741 77.605
-358.948 218.425 -106.419 -114.496 132.741 77.605
-359.947 218.378 -106.41 -114.496 132.741 77.605
-360.946 218.33 -106.401 -114.496 132.741 77.605
-361.945 218.282 -106.392 -114.496 132.741 77.605
-362.944 218.234 -106.383 -114.496 132.741 77.605
-363.942 218.187 -106.374 -114.496 132.742 77.587
-364.941 218.139 -106.365 -114.496 132.742 77.587
-365.94 218.091 -106.356 -114.498 132.741 77.574
-366.939 218.043 -106.347 -114.502 132.738 77.564
-367.938 217.996 -106.338 -114.506 132.736 77.568
-368.937 217.948 -106.329 -114.513 132.737 77.575
-369.935 217.9 -106.32 -114.513 132.737 77.575
-370.934 217.853 -106.311 -114.512 132.738 77.584
-371.933 217.805 -106.302 -114.51 132.74 77.588
-372.932 217.757 -106.292 -114.51 132.74 77.588
-373.931 217.709 -106.283 -114.506 132.742 77.587
-374.929 217.662 -106.274 -114.505 132.743 77.589
-375.928 217.614 -106.265 -114.506 132.744 77.588
-376.927 217.566 -106.256 -114.506 132.744 77.588
-377.926 217.518 -106.247 -114.508 132.744 77.591
-378.925 217.471 -106.238 -114.509 132.744 77.593
-379.924 217.423 -106.229 -114.51 132.744 77.593
-380.922 217.375 -106.22 -114.509 132.743 77.595
-381.921 217.327 -106.211 -114.506 132.743 77.596
-382.92 217.28 -106.202 -114.507 132.743 77.595
-383.919 217.232 -106.193 -114.507 132.743 77.595
-384.918 217.184 -106.184 -114.504 132.742 77.589
-385.916 217.136 -106.175 -114.505 132.745 77.59
-386.915 217.089 -106.166 -114.505 132.747 77.591
-387.914 217.041 -106.157 -114.504 132.749 77.59
-388.913 216.993 -106.148 -114.504 132.749 77.59
-389.912 216.945 -106.139 -114.505 132.751 77.596
-390.911 216.898 -106.13 -114.504 132.748 77.595
-391.909 216.85 -106.121 -114.508 132.747 77.592
-392.908 216.802 -106.112 -114.508 132.747 77.592
-393.907 216.754 -106.103 -114.508 132.747 77.592
-394.906 216.707 -106.094 -114.508 132.747 77.592
-395.905 216.659 -106.084 -114.508 132.747 77.592
-396.903 216.611 -106.075 -114.508 132.747 77.592
-397.902 216.563 -106.066 -114.508 132.747 77.592
-398.901 216.516 -106.057 -114.508 132.747 77.592
-399.9 216.468 -106.048 -114.508 132.747 77.592
11
-355.86 202.493 -108.656 -127.286 129.87 69.135
-356.506 217.479 -108.656 -114.498 132.742 77.603
-357.504 217.436 -108.631 -114.498 132.742 77.603
-358.503 217.393 -108.606 -114.498 132.742 77.603
-359.502 217.35 -108.58 -114.498 132.742 77.603
-360.501 217.307 -108.555 -114.498 132.742 77.603
-361.499 217.264 -108.53 -114.498 132.742 77.603
-362.498 217.221 -108.505 -114.498 132.742 77.603
-363.497 217.178 -108.48 -114.498 132.742 77.603
-364.496 217.135 -108.455 -114.497 132.742 77.586
-365.494 217.092 -108.43 -114.497 132.742 77.586
-366.493 217.049 -108.404 -114.498 132.742 77.573
-367.492 217.006 -108.379 -114.503 132.737 77.563
-368.491 216.963 -108.354 -114.508 132.737 77.571
-369.489 216.92 -108.329 -114.513 132.736 77.575
-370.488 216.877 -108.304 -114.513 132.736 77.575
-371.487 216.834 -108.279 -114.512 132.737 77.581
-372.486 216.791 -108.254 -114.512 132.739 77.588
-373.484 216.747 -108.229 -114.512 132.739 77.588
-374.483 216.704 -108.203 -114.506 132.742 77.589
-375.482 216.661 -108.178 -114.505 132.743 77.59
-376.481 216.618 -108.153 -114.505 132.745 77.588
-377.479 216.575 -108.128 -114.505 132.745 77.588
-378.478 216.532 -108.103 -114.507 132.744 77.592
-379.477 216.489 -108.078 -114.509 132.745 77.594
-380.476 216.446 -108.053 -114.509 132.745 77.594
-381.474 216.403 -108.028 -114.51 132.743 77.594
-382.473 216.36 -108.002 -114.507 132.743 77.595
-383.472 216.317 -107.977 -114.506 132.744 77.596
-384.471 216.274 -107.952 -114.505 132.743 77.589
-385.469 216.231 -107.927 -114.505 132.743 77.589
-386.468 216.188 -107.902 -114.503 132.745 77.588
-387.467 216.145 -107.877 -114.505 132.747 77.589
-388.466 216.102 -107.852 -114.504 132.749 77.589
-389.465 216.059 -107.826 -114.504 132.749 77.589
-390.463 216.016 -107.801 -114.505 132.751 77.596
-391.462 215.973 -107.776 -114.504 132.749 77.593
-392.461 215.93 -107.751 -114.509 132.748 77.592
-393.46 215.887 -107.726 -114.509 132.748 77.592
-394.458 215.844 -107.701 -114.509 132.748 77.592
-395.457 215.801 -107.676 -114.509 132.748 77.592
-396.456 215.758 -107.651 -114.509 132.748 77.592
-397.455 215.715 -107.625 -114.509 132.748 77.592
-398.453 215.672 -107.6 -114.509 132.748 77.592
-399.452 215.629 -107.575 -114.509 132.748 77.592
-400.451 215.586 -107.55 -114.509 132.748 77.592
-401.45 215.543 -107.525 -114.509 132.748 77.592
