1
-965.229 977.346 58.2984 110.111 150.062 90.544
-947.971 972.233 58.2984 164.345 137.689 103.696
-947.687 973.192 58.3102 164.345 137.689 103.696
-947.403 974.15 58.322 164.304 137.69 103.666
-947.119 975.109 58.3338 164.273 137.682 103.645
-946.835 976.068 58.3456 164.254 137.679 103.62
-946.551 977.027 58.3574 164.254 137.679 103.62
-946.266 977.985 58.3692 164.242 137.681 103.603
-945.982 978.944 58.381 164.237 137.686 103.592
-945.698 979.903 58.3928 164.237 137.687 103.586
-945.414 980.862 58.4046 164.237 137.687 103.586
-945.13 981.82 58.4165 164.239 137.688 103.583
-944.846 982.779 58.4283 164.238 137.688 103.579
-944.562 983.738 58.4401 164.243 137.689 103.591
-944.278 984.697 58.4519 164.248 137.691 103.6
-943.994 985.655 58.4637 164.249 137.693 103.606
-943.71 986.614 58.4755 164.249 137.693 103.606
-943.426 987.573 58.4873 164.247 137.694 103.609
-943.142 988.532 58.4991 164.246 137.695 103.611
-942.858 989.49 58.5109 164.243 137.697 103.613
-942.574 990.449 58.5227 164.244 137.699 103.617
-942.29 991.408 58.5345 164.248 137.701 103.622
-942.006 992.367 58.5463 164.248 137.701 103.622
-941.722 993.325 58.5581 164.251 137.704 103.626
-941.438 994.284 58.5699 164.251 137.705 103.627
-941.154 995.243 58.5817 164.25 137.705 103.627
-940.87 996.202 58.5936 164.252 137.705 103.628
-940.586 997.16 58.6054 164.252 137.706 103.629
-940.302 998.119 58.6172 164.25 137.706 103.628
-940.018 999.078 58.629 164.25 137.706 103.628
-939.734 1000.04 58.6408 164.25 137.707 103.628
-939.45 1001 58.6526 164.252 137.709 103.631
-939.166 1001.95 58.6644 164.251 137.712 103.632
-938.881 1002.91 58.6762 164.248 137.711 103.627
-938.597 1003.87 58.688 164.248 137.711 103.627
-938.313 1004.83 58.6998 164.243 137.711 103.625
-938.029 1005.79 58.7116 164.24 137.716 103.624
-937.745 1006.75 58.7234 164.24 137.716 103.624
-937.461 1007.71 58.7352 164.24 137.716 103.624
-937.177 1008.67 58.747 164.24 137.716 103.624
-936.893 1009.62 58.7588 164.24 137.716 103.624
-936.609 1010.58 58.7707 164.24 137.716 103.624
2
-962.878 975.743 58.0119 110.111 150.062 90.544
-945.627 970.605 58.0119 164.35 137.689 103.701
-945.341 971.563 58.023 164.35 137.689 103.701
-945.056 972.521 58.0341 164.291 137.686 103.655
-944.77 973.48 58.0451 164.291 137.686 103.655
-944.485 974.438 58.0562 164.256 137.682 103.629
-944.199 975.396 58.0673 164.236 137.679 103.606
-943.914 976.355 58.0784 164.227 137.683 103.59
-943.628 977.313 58.0895 164.237 137.687 103.589
-943.343 978.271 58.1006 164.239 137.687 103.585
-943.058 979.23 58.1116 164.239 137.687 103.585
-942.772 980.188 58.1227 164.239 137.686 103.58
-942.487 981.146 58.1338 164.238 137.684 103.578
-942.201 982.105 58.1449 164.24 137.688 103.589
-941.916 983.063 58.156 164.246 137.693 103.605
-941.63 984.021 58.1671 164.25 137.696 103.614
-941.345 984.98 58.1781 164.25 137.696 103.614
-941.059 985.938 58.1892 164.248 137.697 103.616
-940.774 986.896 58.2003 164.244 137.698 103.616
-940.489 987.855 58.2114 164.244 137.699 103.619
-940.203 988.813 58.2225 164.244 137.699 103.619
-939.918 989.771 58.2335 164.251 137.701 103.63
-939.632 990.73 58.2446 164.254 137.702 103.633
-939.347 991.688 58.2557 164.25 137.702 103.629
-939.061 992.646 58.2668 164.246 137.702 103.626
-938.776 993.605 58.2779 164.245 137.703 103.625
-938.491 994.563 58.289 164.249 137.705 103.629
-938.205 995.521 58.3 164.249 137.705 103.629
-937.92 996.48 58.3111 164.252 137.707 103.632
-937.634 997.438 58.3222 164.253 137.708 103.635
-937.349 998.396 58.3333 164.253 137.709 103.635
-937.063 999.355 58.3444 164.252 137.71 103.633
-936.778 1000.31 58.3555 164.252 137.71 103.633
-936.492 1001.27 58.3665 164.251 137.712 103.631
-936.207 1002.23 58.3776 164.254 137.713 103.635
-935.922 1003.19 58.3887 164.252 137.713 103.633
-935.636 1004.15 58.3998 164.245 137.714 103.63
-935.351 1005.1 58.4109 164.242 137.717 103.627
-935.065 1006.06 58.422 164.242 137.717 103.627
-934.78 1007.02 58.433 164.242 137.717 103.627
-934.494 1007.98 58.4441 164.242 137.717 103.627
-934.209 1008.94 58.4552 164.242 137.717 103.627
3
-961.354 975.059 58.6897 110.111 150.062 90.544
-943.999 970.284 58.6897 164.348 137.691 103.696
-943.734 971.248 58.6976 164.348 137.691 103.696
-943.469 972.212 58.7055 164.287 137.686 103.646
-943.203 973.176 58.7134 164.251 137.68 103.622
-942.938 974.14 58.7214 164.235 137.679 103.606
-942.673 975.104 58.7293 164.232 137.682 103.595
-942.407 976.068 58.7372 164.238 137.684 103.596
-942.142 977.032 58.7451 164.244 137.684 103.598
-941.877 977.997 58.7531 164.244 137.684 103.598
-941.612 978.961 58.761 164.244 137.683 103.593
-941.346 979.925 58.7689 164.246 137.685 103.593
-941.081 980.889 58.7768 164.246 137.686 103.598
-940.816 981.853 58.7847 164.248 137.692 103.61
-940.55 982.817 58.7927 164.25 137.697 103.62
-940.285 983.781 58.8006 164.25 137.697 103.625
-940.02 984.746 58.8085 164.25 137.697 103.625
-939.755 985.71 58.8164 164.249 137.697 103.627
-939.489 986.674 58.8244 164.251 137.698 103.627
-939.224 987.638 58.8323 164.254 137.699 103.633
-938.959 988.602 58.8402 164.255 137.7 103.635
-938.693 989.566 58.8481 164.251 137.701 103.633
-938.428 990.53 58.856 164.249 137.704 103.632
-938.163 991.495 58.864 164.249 137.705 103.632
-937.897 992.459 58.8719 164.253 137.707 103.635
-937.632 993.423 58.8798 164.256 137.706 103.636
-937.367 994.387 58.8877 164.254 137.705 103.634
-937.102 995.351 58.8957 164.253 137.708 103.636
-936.836 996.315 58.9036 164.253 137.708 103.636
-936.571 997.279 58.9115 164.251 137.709 103.634
-936.306 998.243 58.9194 164.252 137.711 103.637
-936.04 999.208 58.9273 164.25 137.712 103.636
-935.775 1000.17 58.9353 164.255 137.714 103.639
-935.51 1001.14 58.9432 164.258 137.714 103.642
-935.244 1002.1 58.9511 164.257 137.715 103.641
-934.979 1003.06 58.959 164.251 137.716 103.638
-934.714 1004.03 58.967 164.246 137.715 103.633
-934.449 1004.99 58.9749 164.246 137.715 103.633
-934.183 1005.96 58.9828 164.247 137.72 103.636
-933.918 1006.92 58.9907 164.247 137.72 103.636
-933.653 1007.88 58.9987 164.247 137.72 103.636
-933.387 1008.85 59.0066 164.247 137.72 103.636
4
-961.614 973.74 59.3245 110.111 150.062 90.544
-944.301 968.815 59.3245 164.35 137.69 103.697
-944.027 969.776 59.3288 164.35 137.69 103.697
-943.754 970.738 59.3332 164.35 137.69 103.697
-943.48 971.7 59.3376 164.287 137.685 103.645
-943.207 972.662 59.3419 164.287 137.685 103.645
-942.933 973.624 59.3463 164.253 137.681 103.622
-942.659 974.586 59.3507 164.235 137.68 103.604
-942.386 975.547 59.355 164.233 137.683 103.595
-942.112 976.509 59.3594 164.242 137.685 103.598
-941.838 977.471 59.3638 164.243 137.684 103.595
-941.565 978.433 59.3681 164.243 137.684 103.595
-941.291 979.395 59.3725 164.242 137.684 103.59
-941.018 980.357 59.3769 164.244 137.685 103.593
-940.744 981.318 59.3812 164.248 137.69 103.606
-940.47 982.28 59.3856 164.248 137.695 103.614
-940.197 983.242 59.39 164.25 137.699 103.623
-939.923 984.204 59.3943 164.25 137.699 103.623
-939.65 985.166 59.3987 164.249 137.697 103.624
-939.376 986.128 59.4031 164.249 137.699 103.626
-939.102 987.089 59.4074 164.253 137.699 103.63
-938.829 988.051 59.4118 164.255 137.7 103.633
-938.555 989.013 59.4162 164.252 137.701 103.633
-938.281 989.975 59.4205 164.247 137.703 103.63
-938.008 990.937 59.4249 164.247 137.705 103.632
-937.734 991.898 59.4293 164.247 137.705 103.632
-937.461 992.86 59.4336 164.25 137.706 103.632
-937.187 993.822 59.438 164.255 137.706 103.635
-936.913 994.784 59.4423 164.254 137.705 103.635
-936.64 995.746 59.4467 164.254 137.708 103.636
-936.366 996.708 59.4511 164.251 137.709 103.633
-936.093 997.669 59.4554 164.252 137.71 103.637
-935.819 998.631 59.4598 164.252 137.71 103.637
-935.545 999.593 59.4642 164.253 137.712 103.636
-935.272 1000.55 59.4685 164.258 137.713 103.641
-934.998 1001.52 59.4729 164.259 137.714 103.64
-934.724 1002.48 59.4773 164.254 137.715 103.637
-934.451 1003.44 59.4816 164.249 137.715 103.635
-934.177 1004.4 59.486 164.244 137.717 103.632
-933.904 1005.36 59.4904 164.244 137.717 103.632
-933.63 1006.33 59.4947 164.244 137.717 103.632
-933.356 1007.29 59.4991 164.244 137.717 103.632
