1
-507.931 445.475 -98.0346 -104.236 129.198 -89.598
-508.495 445.128 -97.0245 -104.236 129.198 -89.598
-509.069 444.776 -96.0511 -104.241 129.407 -89.633
-509.655 444.42 -95.1143 -104.236 129.592 -89.644
-510.251 444.059 -94.2142 -104.236 129.592 -89.644
-510.858 443.694 -93.3508 -104.236 129.592 -89.644
-511.477 443.324 -92.5239 -104.236 129.592 -89.644
-512.106 442.949 -91.7338 -104.236 129.592 -89.644
-512.747 442.57 -90.9803 -104.236 129.592 -89.644
-513.398 442.186 -90.2634 -104.236 129.592 -89.644
-514.06 441.798 -89.5832 -104.225 130.952 -89.601
-514.733 441.405 -88.9396 -104.225 130.952 -89.601
-515.418 441.007 -88.3327 -104.225 130.952 -89.601
-516.113 440.605 -87.7625 -104.225 130.952 -89.601
-516.819 440.198 -87.2288 -104.225 130.952 -89.601
-517.536 439.786 -86.7319 -104.225 130.952 -89.601
-518.265 439.37 -86.2716 -104.228 131.424 -89.604
-519.004 438.949 -85.8479 -104.228 131.424 -89.604
-519.754 438.524 -85.4609 -104.228 131.424 -89.604
-520.515 438.094 -85.1105 -104.228 131.424 -89.604
-521.287 437.659 -84.7968 -104.217 131.793 -89.595
-522.07 437.22 -84.5198 -104.214 131.983 -89.596
-522.864 436.777 -84.2794 -104.214 131.983 -89.596
-523.67 436.328 -84.0756 -104.216 132.207 -89.596
-524.486 435.875 -83.9085 -104.217 132.397 -89.597
-525.313 435.418 -83.778 -104.212 132.548 -89.591
-526.151 434.955 -83.6842 -104.205 132.764 -89.587
-527 434.489 -83.6271 -104.205 132.764 -89.587
-527.86 434.017 -83.6066 -104.201 132.984 -89.589
-528.731 433.541 -83.6227 -104.204 133.272 -89.591
-529.613 433.061 -83.6755 -104.204 133.272 -89.591
-530.506 432.575 -83.765 -104.201 133.485 -89.585
-531.41 432.085 -83.891 -104.194 133.685 -89.576
-532.324 431.591 -84.0538 -104.19 133.904 -89.576
-533.25 431.092 -84.2532 -104.193 134.104 -89.57
-534.187 430.588 -84.4892 -104.198 134.272 -89.565
-535.135 430.08 -84.7619 -104.2 134.421 -89.567
-536.094 429.567 -85.0713 -104.2 134.421 -89.567
-537.064 429.05 -85.4173 -104.2 134.421 -89.567
-538.045 428.527 -85.7999 -104.2 134.421 -89.567
-539.036 428.001 -86.2192 -104.2 134.421 -89.567
-540.039 427.469 -86.6752 -104.2 134.421 -89.567
-541.053 426.934 -87.1678 -104.2 134.421 -89.567
-542.078 426.393 -87.697 -104.2 134.421 -89.567
-543.113 425.848 -88.2629 -104.2 134.421 -89.567
-544.16 425.298 -88.8655 -104.2 134.421 -89.567
-545.218 424.744 -89.5047 -104.2 134.421 -89.567
-546.286 424.185 -90.1805 -104.2 134.421 -89.567
2
-506.81 448.383 -98.2841 -104.202 134.721 -89.597
-507.393 447.972 -97.3731 -104.202 134.721 -89.597
-507.987 447.558 -96.4947 -104.197 134.72 -89.605
-508.591 447.14 -95.649 -104.197 134.72 -89.605
-509.205 446.72 -94.836 -104.197 134.72 -89.605
-509.829 446.297 -94.0557 -104.197 134.72 -89.605
-510.463 445.87 -93.3081 -104.197 134.72 -89.605
-511.107 445.44 -92.5932 -104.197 134.72 -89.605
-511.762 445.008 -91.911 -104.197 134.72 -89.605
-512.426 444.572 -91.2615 -104.197 134.72 -89.605
-513.101 444.133 -90.6447 -104.197 134.72 -89.605
-513.785 443.691 -90.0605 -104.196 134.707 -89.592
-514.48 443.246 -89.5091 -104.196 134.707 -89.592
-515.185 442.798 -88.9903 -104.196 134.707 -89.592
-515.9 442.347 -88.5042 -104.196 134.707 -89.592
-516.625 441.893 -88.0509 -104.196 134.707 -89.592
-517.36 441.435 -87.6302 -104.196 134.707 -89.592
-518.105 440.975 -87.2422 -104.196 134.707 -89.592
-518.861 440.512 -86.8869 -104.196 134.707 -89.592
-519.626 440.045 -86.5643 -104.196 134.707 -89.592
-520.402 439.576 -86.2744 -104.195 134.707 -89.588
-521.187 439.103 -86.0172 -104.195 134.707 -89.588
-521.983 438.627 -85.7926 -104.192 134.704 -89.582
-522.789 438.148 -85.6008 -104.188 134.703 -89.577
-523.605 437.666 -85.4417 -104.188 134.703 -89.577
-524.431 437.181 -85.3152 -104.188 134.703 -89.575
-525.267 436.693 -85.2214 -104.191 134.704 -89.578
-526.113 436.202 -85.1604 -104.191 134.704 -89.578
-526.969 435.708 -85.132 -104.191 134.702 -89.579
-527.836 435.211 -85.1363 -104.194 134.701 -89.58
-528.712 434.71 -85.1733 -104.195 134.698 -89.577
-529.599 434.207 -85.243 -104.195 134.698 -89.577
-530.495 433.7 -85.3454 -104.195 134.696 -89.574
-531.402 433.191 -85.4805 -104.196 134.692 -89.572
-532.319 432.678 -85.6483 -104.198 134.691 -89.571
-533.246 432.162 -85.8487 -104.199 134.689 -89.569
-534.183 431.643 -86.0819 -104.199 134.689 -89.569
-535.13 431.122 -86.3478 -104.199 134.689 -89.569
-536.087 430.597 -86.6463 -104.199 134.689 -89.569
-537.055 430.069 -86.9775 -104.199 134.689 -89.569
-538.032 429.537 -87.3415 -104.199 134.689 -89.569
-539.02 429.003 -87.7381 -104.199 134.689 -89.569
-540.017 428.466 -88.1674 -104.199 134.689 -89.569
-541.025 427.926 -88.6294 -104.199 134.689 -89.569
-542.043 427.382 -89.1241 -104.199 134.689 -89.569
-543.071 426.836 -89.6515 -104.199 134.689 -89.569
-544.109 426.286 -90.2116 -104.199 134.689 -89.569
-545.157 425.733 -90.8043 -104.199 134.689 -89.569
3
-505.736 452.214 -85.1003 -104.2 134.716 -89.589
-506.478 451.496 -85.085 -104.2 134.716 -89.589
-507.225 450.785 -85.0698 -104.2 134.716 -89.589
-507.976 450.083 -85.0546 -104.2 134.716 -89.589
-508.731 449.389 -85.0394 -104.2 134.716 -89.589
-509.492 448.702 -85.0243 -104.2 134.716 -89.589
-510.256 448.024 -85.0092 -104.2 134.716 -89.589
-511.026 447.354 -84.9942 -104.2 134.716 -89.589
-511.799 446.692 -84.9793 -104.2 134.716 -89.589
-512.578 446.038 -84.9644 -104.2 134.716 -89.589
-513.361 445.392 -84.9495 -104.2 134.716 -89.589
-514.148 444.755 -84.9347 -104.2 134.716 -89.589
-514.94 444.125 -84.92 -104.2 134.716 -89.589
-515.737 443.503 -84.9053 -104.2 134.716 -89.589
-516.538 442.89 -84.8906 -104.2 134.716 -89.589
-517.344 442.284 -84.876 -104.2 134.716 -89.589
-518.154 441.686 -84.8615 -104.2 134.716 -89.589
-518.969 441.097 -84.847 -104.2 134.716 -89.589
-519.789 440.516 -84.8326 -104.2 134.716 -89.589
-520.613 439.942 -84.8182 -104.2 134.716 -89.589
-521.441 439.377 -84.8038 -104.2 134.716 -89.589
-522.274 438.82 -84.7896 -104.2 134.716 -89.589
-523.112 438.271 -84.7753 -104.2 134.716 -89.589
-523.954 437.73 -84.7611 -104.203 134.712 -89.59
-524.801 437.197 -84.747 -104.203 134.712 -89.59
-525.653 436.672 -84.7329 -104.208 134.71 -89.59
-526.509 436.155 -84.7189 -104.208 134.709 -89.588
-527.369 435.646 -84.7049 -104.208 134.709 -89.589
-528.234 435.145 -84.691 -104.208 134.709 -89.589
-529.104 434.652 -84.6771 -104.208 134.704 -89.585
-529.978 434.168 -84.6633 -104.206 134.701 -89.583
-530.857 433.691 -84.6495 -104.204 134.697 -89.579
-531.74 433.223 -84.6358 -104.205 134.695 -89.576
-532.628 432.762 -84.6221 -104.204 134.694 -89.574
-533.52 432.31 -84.6085 -104.204 134.692 -89.572
-534.417 431.866 -84.5949 -104.206 134.69 -89.572
-535.319 431.429 -84.5814 -104.206 134.69 -89.572
-536.225 431.001 -84.5679 -104.206 134.69 -89.572
-537.136 430.581 -84.5545 -104.206 134.69 -89.572
-538.051 430.169 -84.5411 -104.206 134.69 -89.572
-538.971 429.765 -84.5278 -104.206 134.69 -89.572
-539.895 429.369 -84.5145 -104.206 134.69 -89.572
-540.824 428.981 -84.5013 -104.206 134.69 -89.572
-541.758 428.601 -84.4882 -104.206 134.69 -89.572
-542.696 428.229 -84.4751 -104.206 134.69 -89.572
-543.638 427.866 -84.462 -104.206 134.69 -89.572
-544.586 427.51 -84.449 -104.206 134.69 -89.572
-545.537 427.162 -84.436 -104.206 134.69 -89.572
4
-504.933 449.644 -85.3537 -104.209 134.712 -89.564
-505.764 449.082 -85.3549 -104.209 134.712 -89.564
-506.596 448.523 -85.3556 -104.209 134.712 -89.564
-507.429 447.966 -85.3558 -104.209 134.712 -89.564
-508.264 447.412 -85.3555 -104.209 134.712 -89.564
-509.1 446.861 -85.3546 -104.209 134.712 -89.564
-509.938 446.312 -85.3533 -104.209 134.712 -89.564
-510.778 445.765 -85.3513 -104.209 134.712 -89.564
-511.618 445.222 -85.3489 -104.209 134.712 -89.564
-512.46 444.68 -85.346 -104.209 134.712 -89.564
-513.304 444.142 -85.3425 -104.209 134.712 -89.564
-514.149 443.606 -85.3385 -104.209 134.712 -89.564
-514.996 443.072 -85.3339 -104.209 134.712 -89.564
-515.844 442.541 -85.3289 -104.209 134.712 -89.564
-516.694 442.013 -85.3233 -104.209 134.712 -89.564
-517.545 441.487 -85.3172 -104.209 134.712 -89.564
-518.397 440.963 -85.3106 -104.209 134.712 -89.564
-519.251 440.443 -85.3034 -104.209 134.712 -89.564
-520.106 439.924 -85.2957 -104.209 134.712 -89.564
-520.963 439.409 -85.2875 -104.209 134.712 -89.564
-521.822 438.896 -85.2788 -104.201 134.714 -89.591
-522.681 438.385 -85.2695 -104.201 134.714 -89.591
-523.543 437.877 -85.2598 -104.201 134.714 -89.591
-524.405 437.372 -85.2495 -104.204 134.712 -89.589
-525.27 436.869 -85.2386 -104.204 134.712 -89.589
-526.135 436.368 -85.2273 -104.206 134.71 -89.587
-527.002 435.871 -85.2154 -104.206 134.71 -89.587
-527.871 435.375 -85.203 -104.207 134.707 -89.585
-528.741 434.883 -85.1901 -104.205 134.703 -89.582
-529.613 434.393 -85.1766 -104.205 134.703 -89.582
-530.486 433.905 -85.1626 -104.203 134.7 -89.579
-531.36 433.42 -85.1481 -104.202 134.698 -89.576
-532.236 432.938 -85.1331 -104.203 134.697 -89.575
-533.113 432.458 -85.1176 -104.204 134.694 -89.573
-533.992 431.981 -85.1015 -104.207 134.692 -89.574
-534.873 431.506 -85.0849 -104.207 134.692 -89.574
-535.754 431.034 -85.0678 -104.207 134.692 -89.574
-536.638 430.564 -85.0501 -104.207 134.692 -89.574
-537.522 430.097 -85.0319 -104.207 134.692 -89.574
-538.409 429.632 -85.0132 -104.207 134.692 -89.574
-539.296 429.171 -84.994 -104.207 134.692 -89.574
-540.185 428.711 -84.9743 -104.207 134.692 -89.574
-541.076 428.254 -84.954 -104.207 134.692 -89.574
-541.968 427.8 -84.9332 -104.207 134.692 -89.574
-542.862 427.348 -84.9119 -104.207 134.692 -89.574
-543.757 426.899 -84.89 -104.207 134.692 -89.574
-544.653 426.453 -84.8676 -104.207 134.692 -89.574
-545.551 426.009 -84.8448 -104.207 134.692 -89.574
5
-508.796 440.783 -75.8355 -104.209 134.713 -89.562
-509.517 440.094 -76.4091 -104.209 134.713 -89.562
-510.246 439.415 -76.9616 -104.209 134.713 -89.562
-510.981 438.746 -77.493 -104.209 134.713 -89.562
-511.723 438.087 -78.0033 -104.209 134.713 -89.562
-512.472 437.437 -78.4925 -104.209 134.713 -89.562
-513.228 436.798 -78.9606 -104.209 134.713 -89.562
-513.99 436.168 -79.4076 -104.209 134.713 -89.562
-514.759 435.549 -79.8335 -104.209 134.713 -89.562
-515.536 434.939 -80.2383 -104.209 134.713 -89.562
-516.318 434.339 -80.622 -104.209 134.713 -89.562
-517.108 433.748 -80.9845 -104.209 134.713 -89.562
-517.905 433.168 -81.326 -104.209 134.713 -89.562
-518.708 432.598 -81.6464 -104.209 134.713 -89.562
-519.518 432.037 -81.9457 -104.209 134.713 -89.562
-520.335 431.487 -82.2238 -104.209 134.713 -89.562
-521.159 430.946 -82.4809 -104.209 134.713 -89.562
-521.989 430.415 -82.7168 -104.209 134.713 -89.562
-522.826 429.894 -82.9317 -104.206 134.721 -89.572
-523.67 429.383 -83.1254 -104.199 134.722 -89.578
-524.521 428.881 -83.2981 -104.2 134.719 -89.584
-525.379 428.39 -83.4496 -104.199 134.717 -89.586
-526.244 427.908 -83.5801 -104.201 134.713 -89.587
-527.115 427.437 -83.6894 -104.205 134.711 -89.585
-527.993 426.975 -83.7776 -104.205 134.711 -89.585
-528.878 426.523 -83.8447 -104.206 134.709 -89.585
-529.77 426.081 -83.8908 -104.206 134.708 -89.584
-530.668 425.649 -83.9157 -104.206 134.705 -89.583
-531.573 425.226 -83.9195 -104.203 134.702 -89.578
-532.486 424.814 -83.9022 -104.203 134.702 -89.578
-533.405 424.411 -83.8638 -104.19 134.693 -89.57
-534.33 424.018 -83.8043 -104.188 134.692 -89.565
-535.263 423.636 -83.7237 -104.184 134.688 -89.561
-536.202 423.263 -83.622 -104.181 134.684 -89.557
-537.148 422.899 -83.4992 -104.181 134.684 -89.557
-538.101 422.546 -83.3553 -104.181 134.684 -89.557
-539.061 422.203 -83.1903 -104.181 134.684 -89.557
-540.028 421.869 -83.0042 -104.181 134.684 -89.557
-541.001 421.546 -82.7969 -104.181 134.684 -89.557
-541.981 421.232 -82.5686 -104.181 134.684 -89.557
-542.968 420.928 -82.3192 -104.181 134.684 -89.557
-543.962 420.634 -82.0486 -104.181 134.684 -89.557
-544.962 420.35 -81.757 -104.181 134.684 -89.557
-545.97 420.076 -81.4443 -104.181 134.684 -89.557
-546.984 419.811 -81.1104 -104.181 134.684 -89.557
-548.005 419.557 -80.7555 -104.181 134.684 -89.557
6
-508.004 448.559 -71.8597 -104.202 134.71 -89.582
-508.737 447.946 -72.8595 -104.202 134.71 -89.582
-509.474 447.337 -73.8229 -104.202 134.71 -89.582
-510.217 446.732 -74.7501 -104.202 134.71 -89.582
-510.964 446.133 -75.641 -104.202 134.71 -89.582
-511.717 445.538 -76.4955 -104.202 134.71 -89.582
-512.475 444.948 -77.3138 -104.202 134.71 -89.582
-513.238 444.363 -78.0958 -104.202 134.71 -89.582
-514.006 443.782 -78.8414 -104.202 134.71 -89.582
-514.779 443.206 -79.5508 -104.202 134.71 -89.582
-515.557 442.635 -80.2239 -104.202 134.71 -89.582
-516.34 442.069 -80.8606 -104.202 134.71 -89.582
-517.129 441.507 -81.4611 -104.202 134.71 -89.582
-517.922 440.95 -82.0253 -104.202 134.71 -89.582
-518.721 440.398 -82.5532 -104.202 134.71 -89.582
-519.525 439.851 -83.0447 -104.202 134.71 -89.582
-520.333 439.308 -83.5 -104.202 134.71 -89.582
-521.147 438.77 -83.919 -104.202 134.71 -89.582
-521.966 438.237 -84.3016 -104.202 134.71 -89.582
-522.79 437.708 -84.648 -104.202 134.71 -89.582
-523.62 437.184 -84.9581 -104.202 134.71 -89.582
-524.454 436.665 -85.2319 -104.202 134.71 -89.582
-525.293 436.151 -85.4693 -104.206 134.708 -89.582
-526.138 435.641 -85.6705 -104.206 134.708 -89.582
-526.988 435.137 -85.8354 -104.207 134.707 -89.584
-527.842 434.636 -85.964 -104.209 134.707 -89.585
-528.702 434.141 -86.0563 -104.209 134.703 -89.583
-529.567 433.65 -86.1122 -104.209 134.703 -89.583
-530.437 433.164 -86.1319 -104.208 134.7 -89.579
-531.312 432.683 -86.1153 -104.206 134.696 -89.575
-532.192 432.207 -86.0624 -104.207 134.695 -89.572
-533.078 431.735 -85.9732 -104.207 134.692 -89.571
-533.968 431.268 -85.8476 -104.208 134.691 -89.572
-534.864 430.806 -85.6858 -104.208 134.691 -89.572
-535.764 430.348 -85.4877 -104.208 134.691 -89.572
-536.67 429.895 -85.2533 -104.208 134.691 -89.572
-537.581 429.447 -84.9826 -104.208 134.691 -89.572
-538.497 429.004 -84.6755 -104.208 134.691 -89.572
-539.418 428.565 -84.3322 -104.208 134.691 -89.572
-540.344 428.131 -83.9526 -104.208 134.691 -89.572
-541.275 427.702 -83.5367 -104.208 134.691 -89.572
-542.211 427.278 -83.0845 -104.208 134.691 -89.572
-543.153 426.858 -82.596 -104.208 134.691 -89.572
-544.099 426.443 -82.0712 -104.208 134.691 -89.572
-545.051 426.033 -81.51 -104.208 134.691 -89.572
-546.008 425.627 -80.9126 -104.208 134.691 -89.572
7
-504.873 446.991 -89.9191 -104.207 134.713 -89.564
-505.655 446.351 -89.5658 -104.207 134.713 -89.564
-506.44 445.716 -89.2257 -104.207 134.713 -89.564
-507.228 445.086 -88.8988 -104.207 134.713 -89.564
-508.019 444.461 -88.5852 -104.207 134.713 -89.564
-508.812 443.841 -88.2848 -104.207 134.713 -89.564
-509.609 443.225 -87.9977 -104.207 134.713 -89.564
-510.408 442.614 -87.7239 -104.207 134.713 -89.564
-511.21 442.009 -87.4633 -104.207 134.713 -89.564
-512.014 441.407 -87.2159 -104.207 134.713 -89.564
-512.822 440.811 -86.9818 -104.207 134.713 -89.564
-513.632 440.219 -86.761 -104.207 134.713 -89.564
-514.445 439.633 -86.5534 -104.207 134.713 -89.564
-515.261 439.051 -86.3591 -104.207 134.713 -89.564
-516.08 438.474 -86.178 -104.207 134.713 -89.564
-516.902 437.901 -86.0102 -104.207 134.713 -89.564
-517.727 437.334 -85.8556 -104.207 134.713 -89.564
-518.554 436.771 -85.7143 -104.207 134.713 -89.564
-519.384 436.213 -85.5862 -104.207 134.713 -89.564
-520.217 435.66 -85.4714 -104.207 134.713 -89.564
-521.053 435.112 -85.3698 -104.206 134.721 -89.571
-521.891 434.569 -85.2815 -104.199 134.722 -89.578
-522.733 434.03 -85.2064 -104.2 134.719 -89.583
-523.577 433.496 -85.1446 -104.2 134.719 -89.583
-524.424 432.967 -85.096 -104.201 134.717 -89.585
-525.274 432.443 -85.0607 -104.204 134.712 -89.583
-526.127 431.924 -85.0387 -104.204 134.712 -89.583
-526.982 431.409 -85.0299 -104.208 134.71 -89.583
-527.841 430.899 -85.0343 -104.208 134.708 -89.583
-528.702 430.394 -85.052 -104.209 134.707 -89.583
-529.566 429.894 -85.083 -104.208 134.704 -89.58
-530.433 429.399 -85.1272 -104.208 134.704 -89.58
-531.302 428.908 -85.1846 -104.206 134.701 -89.576
-532.175 428.422 -85.2553 -104.204 134.695 -89.572
-533.05 427.942 -85.3393 -104.206 134.695 -89.571
-533.928 427.465 -85.4365 -104.206 134.692 -89.57
-534.809 426.994 -85.547 -104.206 134.692 -89.57
-535.693 426.528 -85.6707 -104.197 134.686 -89.565
-536.579 426.066 -85.8077 -104.197 134.686 -89.565
-537.469 425.609 -85.9579 -104.197 134.686 -89.565
-538.361 425.157 -86.1214 -104.197 134.686 -89.565
-539.256 424.71 -86.2981 -104.197 134.686 -89.565
-540.154 424.267 -86.4881 -104.197 134.686 -89.565
-541.055 423.83 -86.6913 -104.197 134.686 -89.565
-541.958 423.397 -86.9078 -104.197 134.686 -89.565
-542.864 422.969 -87.1375 -104.197 134.686 -89.565
8
-507.908 447.783 -81.3885 -104.199 134.722 -89.578
-508.743 447.244 -81.752 -104.199 134.722 -89.578
-509.579 446.706 -82.0997 -104.199 134.722 -89.578
-510.417 446.172 -82.4315 -104.199 134.722 -89.578
-511.257 445.64 -82.7475 -104.199 134.722 -89.578
-512.099 445.11 -83.0476 -104.199 134.722 -89.578
-512.942 444.583 -83.3319 -104.199 134.722 -89.578
-513.787 444.058 -83.6003 -104.199 134.722 -89.578
-514.634 443.536 -83.8529 -104.199 134.722 -89.578
-515.483 443.016 -84.0897 -104.199 134.722 -89.578
-516.333 442.499 -84.3106 -104.199 134.722 -89.578
-517.185 441.985 -84.5157 -104.199 134.722 -89.578
-518.039 441.473 -84.7049 -104.199 134.722 -89.578
-518.894 440.963 -84.8783 -104.199 134.722 -89.578
-519.752 440.456 -85.0358 -104.199 134.722 -89.578
-520.611 439.952 -85.1775 -104.199 134.722 -89.578
-521.472 439.45 -85.3033 -104.2 134.719 -89.583
-522.334 438.95 -85.4133 -104.201 134.718 -89.586
-523.199 438.453 -85.5074 -104.201 134.718 -89.586
-524.065 437.959 -85.5857 -104.202 134.713 -89.585
-524.932 437.467 -85.6482 -104.206 134.711 -89.584
-525.802 436.977 -85.6948 -104.206 134.708 -89.584
-526.673 436.49 -85.7256 -104.206 134.708 -89.584
-527.546 436.006 -85.7405 -104.207 134.708 -89.584
-528.421 435.524 -85.7395 -104.206 134.704 -89.582
-529.298 435.045 -85.7228 -104.204 134.7 -89.577
-530.176 434.568 -85.6901 -104.204 134.7 -89.577
-531.056 434.094 -85.6417 -104.202 134.697 -89.574
-531.938 433.622 -85.5774 -104.204 134.696 -89.573
-532.821 433.153 -85.4972 -104.205 134.695 -89.573
-533.707 432.686 -85.4012 -104.206 134.691 -89.571
-534.594 432.222 -85.2894 -104.206 134.691 -89.571
-535.482 431.76 -85.1617 -104.206 134.691 -89.571
-536.373 431.301 -85.0181 -104.206 134.691 -89.571
-537.265 430.844 -84.8588 -104.206 134.691 -89.571
-538.159 430.39 -84.6835 -104.206 134.691 -89.571
-539.055 429.938 -84.4924 -104.206 134.691 -89.571
-539.952 429.489 -84.2855 -104.206 134.691 -89.571
-540.851 429.043 -84.0628 -104.206 134.691 -89.571
-541.752 428.599 -83.8241 -104.206 134.691 -89.571
-542.655 428.157 -83.5697 -104.206 134.691 -89.571
-543.559 427.718 -83.2994 -104.206 134.691 -89.571
-544.466 427.281 -83.0132 -104.206 134.691 -89.571
-545.374 426.847 -82.7112 -104.206 134.691 -89.571
-546.283 426.416 -82.3934 -104.206 134.691 -89.571
-547.195 425.987 -82.0597 -104.206 134.691 -89.571
9
-507.659 447.229 -81.2413 -104.201 134.717 -89.585
-508.459 446.625 -81.5084 -104.201 134.717 -89.585
-509.262 446.026 -81.7659 -104.201 134.717 -89.585
-510.069 445.432 -82.0136 -104.201 134.717 -89.585
-510.878 444.843 -82.2515 -104.201 134.717 -89.585
-511.691 444.259 -82.4797 -104.201 134.717 -89.585
-512.506 443.68 -82.6982 -104.201 134.717 -89.585
-513.325 443.106 -82.907 -104.201 134.717 -89.585
-514.146 442.537 -83.106 -104.201 134.717 -89.585
-514.971 441.973 -83.2953 -104.201 134.717 -89.585
-515.799 441.414 -83.4748 -104.201 134.717 -89.585
-516.63 440.86 -83.6446 -104.201 134.717 -89.585
-517.464 440.311 -83.8047 -104.201 134.717 -89.585
-518.301 439.767 -83.955 -104.201 134.717 -89.585
-519.141 439.228 -84.0956 -104.201 134.717 -89.585
-519.985 438.694 -84.2265 -104.201 134.717 -89.585
-520.831 438.166 -84.3476 -104.201 134.717 -89.585
-521.68 437.642 -84.459 -104.201 134.717 -89.585
-522.533 437.123 -84.5607 -104.201 134.717 -89.585
-523.388 436.609 -84.6526 -104.201 134.717 -89.585
-524.247 436.1 -84.7348 -104.202 134.713 -89.585
-525.109 435.597 -84.8072 -104.206 134.711 -89.583
-525.974 435.098 -84.8699 -104.206 134.711 -89.583
-526.841 434.604 -84.9229 -104.206 134.71 -89.584
-527.712 434.116 -84.9661 -104.207 134.709 -89.584
-528.586 433.632 -84.9997 -104.206 134.705 -89.582
-529.464 433.153 -85.0234 -104.206 134.705 -89.582
-530.344 432.68 -85.0375 -104.204 134.701 -89.579
-531.227 432.211 -85.0418 -104.203 134.696 -89.575
-532.113 431.748 -85.0363 -104.205 134.696 -89.574
-533.003 431.289 -85.0211 -104.205 134.693 -89.573
-533.895 430.836 -84.9962 -104.205 134.693 -89.573
-534.791 430.387 -84.9616 -104.206 134.69 -89.573
-535.69 429.944 -84.9172 -104.206 134.69 -89.573
-536.591 429.505 -84.8631 -104.206 134.69 -89.573
-537.496 429.072 -84.7992 -104.206 134.69 -89.573
-538.404 428.643 -84.7257 -104.206 134.69 -89.573
-539.315 428.22 -84.6423 -104.206 134.69 -89.573
-540.229 427.801 -84.5493 -104.206 134.69 -89.573
-541.146 427.388 -84.4465 -104.206 134.69 -89.573
-542.066 426.98 -84.3339 -104.206 134.69 -89.573
-542.99 426.576 -84.2117 -104.206 134.69 -89.573
-543.916 426.178 -84.0797 -104.206 134.69 -89.573
-544.846 425.785 -83.9379 -104.206 134.69 -89.573
-545.778 425.396 -83.7865 -104.206 134.69 -89.573
-546.714 425.013 -83.6253 -104.206 134.69 -89.573
10
-507.422 448.597 -88.3296 -104.2 134.717 -89.587
-508.161 447.869 -88.1267 -104.2 134.717 -89.587
-508.906 447.151 -87.9314 -104.2 134.717 -89.587
-509.656 446.442 -87.7435 -104.2 134.717 -89.587
-510.412 445.744 -87.5632 -104.2 134.717 -89.587
-511.173 445.054 -87.3903 -104.2 134.717 -89.587
-511.939 444.375 -87.225 -104.2 134.717 -89.587
-512.71 443.705 -87.0671 -104.2 134.717 -89.587
-513.487 443.044 -86.9168 -104.2 134.717 -89.587
-514.269 442.393 -86.774 -104.2 134.717 -89.587
-515.057 441.752 -86.6386 -104.2 134.717 -89.587
-515.85 441.121 -86.5108 -104.2 134.717 -89.587
-516.648 440.499 -86.3905 -104.2 134.717 -89.587
-517.451 439.887 -86.2776 -104.2 134.717 -89.587
-518.26 439.284 -86.1723 -104.2 134.717 -89.587
-519.074 438.691 -86.0745 -104.2 134.717 -89.587
-519.893 438.108 -85.9841 -104.2 134.717 -89.587
-520.718 437.534 -85.9013 -104.2 134.717 -89.587
-521.548 436.97 -85.826 -104.2 134.717 -89.587
-522.383 436.416 -85.7581 -104.2 134.717 -89.587
-523.224 435.871 -85.6978 -104.2 134.717 -89.587
-524.07 435.336 -85.645 -104.2 134.717 -89.587
-524.921 434.81 -85.5997 -104.201 134.713 -89.586
-525.778 434.294 -85.5618 -104.206 134.71 -89.585
-526.64 433.788 -85.5315 -104.206 134.71 -89.585
-527.507 433.291 -85.5087 -104.207 134.709 -89.585
-528.38 432.804 -85.4934 -104.208 134.708 -89.584
-529.258 432.327 -85.4856 -104.207 134.704 -89.582
-530.141 431.859 -85.4852 -104.204 134.7 -89.579
-531.03 431.401 -85.4924 -104.202 134.697 -89.575
-531.924 430.952 -85.5071 -104.203 134.695 -89.573
-532.823 430.514 -85.5293 -104.203 134.695 -89.573
-533.727 430.084 -85.559 -104.205 134.694 -89.572
-534.637 429.665 -85.5962 -104.206 134.691 -89.572
-535.552 429.255 -85.6409 -104.206 134.691 -89.572
-536.473 428.854 -85.6931 -104.206 134.691 -89.572
-537.399 428.464 -85.7528 -104.206 134.691 -89.572
-538.33 428.083 -85.82 -104.206 134.691 -89.572
-539.266 427.711 -85.8947 -104.206 134.691 -89.572
-540.208 427.349 -85.9769 -104.206 134.691 -89.572
-541.155 426.997 -86.0666 -104.206 134.691 -89.572
-542.108 426.655 -86.1638 -104.206 134.691 -89.572
-543.065 426.322 -86.2685 -104.206 134.691 -89.572
-544.028 425.998 -86.3807 -104.206 134.691 -89.572
-544.997 425.685 -86.5004 -104.206 134.691 -89.572
-545.971 425.381 -86.6276 -104.206 134.691 -89.572
11
-506.973 455.617 -79.5901 -104.198 134.718 -89.58
-507.732 454.958 -80.0513 -104.198 134.718 -89.58
-508.496 454.306 -80.4935 -104.198 134.718 -89.58
-509.265 453.66 -80.9165 -104.198 134.718 -89.58
-510.037 453.022 -81.3204 -104.198 134.718 -89.58
-510.815 452.39 -81.7053 -104.198 134.718 -89.58
-511.597 451.765 -82.071 -104.198 134.718 -89.58
-512.383 451.147 -82.4176 -104.198 134.718 -89.58
-513.174 450.537 -82.7452 -104.198 134.718 -89.58
-513.969 449.933 -83.0536 -104.198 134.718 -89.58
-514.769 449.336 -83.343 -104.198 134.718 -89.58
-515.574 448.746 -83.6133 -104.198 134.718 -89.58
-516.383 448.162 -83.8644 -104.198 134.718 -89.58
-517.196 447.586 -84.0965 -104.198 134.718 -89.58
-518.014 447.017 -84.3095 -104.198 134.718 -89.58
-518.837 446.455 -84.5034 -104.198 134.718 -89.58
-519.663 445.899 -84.6782 -104.198 134.718 -89.58
-520.495 445.351 -84.8339 -104.198 134.718 -89.58
-521.331 444.809 -84.9705 -104.198 134.717 -89.583
-522.171 444.274 -85.088 -104.2 134.712 -89.581
-523.016 443.747 -85.1864 -104.2 134.712 -89.581
-523.866 443.226 -85.2657 -104.204 134.71 -89.581
-524.72 442.712 -85.3259 -104.206 134.708 -89.582
-525.578 442.205 -85.367 -104.208 134.707 -89.584
-526.441 441.705 -85.389 -104.208 134.707 -89.584
-527.309 441.212 -85.392 -104.207 134.703 -89.581
-528.181 440.726 -85.3758 -104.206 134.7 -89.577
-529.058 440.246 -85.3406 -104.204 134.696 -89.573
-529.939 439.774 -85.2862 -104.206 134.695 -89.571
-530.824 439.309 -85.2127 -104.206 134.695 -89.571
-531.714 438.85 -85.1202 -104.207 134.691 -89.57
-532.609 438.399 -85.0086 -104.208 134.688 -89.571
-533.508 437.954 -84.8778 -104.208 134.688 -89.571
-534.412 437.516 -84.728 -104.208 134.688 -89.571
-535.32 437.086 -84.5591 -104.208 134.688 -89.571
-536.232 436.662 -84.371 -104.208 134.688 -89.571
-537.149 436.245 -84.1639 -104.208 134.688 -89.571
-538.071 435.835 -83.9377 -104.208 134.688 -89.571
-538.997 435.432 -83.6924 -104.208 134.688 -89.571
-539.928 435.036 -83.428 -104.208 134.688 -89.571
-540.863 434.646 -83.1445 -104.208 134.688 -89.571
-541.803 434.264 -82.8419 -104.208 134.688 -89.571
-542.747 433.889 -82.5202 -104.208 134.688 -89.571
-543.695 433.52 -82.1794 -104.208 134.688 -89.571
-544.649 433.159 -81.8195 -104.208 134.688 -89.571
-545.606 432.804 -81.4406 -104.208 134.688 -89.571
12
-506.182 447.935 -86.3665 -104.204 134.712 -89.562
-507.034 447.411 -86.3209 -104.204 134.712 -89.562
-507.887 446.888 -86.277 -104.204 134.712 -89.562
-508.74 446.366 -86.2348 -104.204 134.712 -89.562
-509.595 445.846 -86.1943 -104.204 134.712 -89.562
-510.45 445.328 -86.1555 -104.204 134.712 -89.562
-511.307 444.81 -86.1184 -104.204 134.712 -89.562
-512.164 444.295 -86.083 -104.204 134.712 -89.562
-513.022 443.781 -86.0493 -104.204 134.712 -89.562
-513.88 443.268 -86.0173 -104.204 134.712 -89.562
-514.74 442.757 -85.987 -104.204 134.712 -89.562
-515.601 442.247 -85.9584 -104.204 134.712 -89.562
-516.462 441.739 -85.9316 -104.204 134.712 -89.562
-517.324 441.233 -85.9064 -104.204 134.712 -89.562
-518.187 440.727 -85.883 -104.204 134.712 -89.562
-519.051 440.224 -85.8612 -104.204 134.712 -89.562
-519.916 439.722 -85.8412 -104.204 134.712 -89.562
-520.781 439.221 -85.8228 -104.201 134.719 -89.577
-521.648 438.722 -85.8062 -104.201 134.719 -89.577
-522.515 438.224 -85.7913 -104.201 134.719 -89.577
-523.383 437.728 -85.778 -104.201 134.719 -89.577
-524.252 437.233 -85.7665 -104.202 134.709 -89.577
-525.122 436.74 -85.7567 -104.202 134.709 -89.577
-525.992 436.248 -85.7486 -104.202 134.709 -89.577
-526.864 435.757 -85.7422 -104.202 134.709 -89.577
-527.736 435.269 -85.7375 -104.204 134.703 -89.577
-528.609 434.781 -85.7345 -104.207 134.701 -89.576
-529.483 434.295 -85.7332 -104.207 134.699 -89.576
-530.358 433.811 -85.7337 -104.207 134.698 -89.574
-531.234 433.328 -85.7358 -104.206 134.696 -89.572
-532.11 432.847 -85.7396 -104.203 134.694 -89.568
-532.988 432.367 -85.7452 -104.202 134.691 -89.568
-533.866 431.889 -85.7524 -104.203 134.687 -89.567
-534.745 431.412 -85.7613 -104.203 134.687 -89.567
-535.625 430.936 -85.772 -104.203 134.687 -89.567
-536.506 430.462 -85.7844 -104.203 134.687 -89.567
-537.387 429.99 -85.7984 -104.203 134.687 -89.567
-538.27 429.519 -85.8142 -104.203 134.687 -89.567
-539.153 429.049 -85.8317 -104.203 134.687 -89.567
-540.037 428.581 -85.8508 -104.203 134.687 -89.567
-540.922 428.115 -85.8717 -104.203 134.687 -89.567
-541.808 427.65 -85.8943 -104.203 134.687 -89.567
-542.695 427.186 -85.9186 -104.203 134.687 -89.567
-543.582 426.724 -85.9446 -104.203 134.687 -89.567
-544.471 426.264 -85.9723 -104.203 134.687 -89.567
-545.36 425.805 -86.0018 -104.203 134.687 -89.567
13
-506.334 449.753 -85.2261 -104.201 134.715 -89.583
-507.16 449.18 -85.2552 -104.201 134.715 -89.583
-507.987 448.611 -85.284 -104.201 134.715 -89.583
-508.816 448.046 -85.3126 -104.201 134.715 -89.583
-509.646 447.483 -85.3411 -104.201 134.715 -89.583
-510.479 446.925 -85.3694 -104.201 134.715 -89.583
-511.314 446.369 -85.3974 -104.201 134.715 -89.583
-512.15 445.817 -85.4253 -104.201 134.715 -89.583
-512.988 445.268 -85.453 -104.201 134.715 -89.583
-513.829 444.722 -85.4805 -104.201 134.715 -89.583
-514.671 444.18 -85.5078 -104.201 134.715 -89.583
-515.515 443.642 -85.5349 -104.201 134.715 -89.583
-516.361 443.106 -85.5618 -104.201 134.715 -89.583
-517.208 442.574 -85.5885 -104.201 134.715 -89.583
-518.058 442.045 -85.615 -104.201 134.715 -89.583
-518.909 441.52 -85.6413 -104.201 134.715 -89.583
-519.763 440.998 -85.6674 -104.201 134.715 -89.583
-520.618 440.479 -85.6933 -104.201 134.715 -89.583
-521.475 439.964 -85.7191 -104.201 134.715 -89.583
-522.334 439.452 -85.7446 -104.201 134.715 -89.583
-523.195 438.944 -85.7699 -104.201 134.715 -89.583
-524.058 438.439 -85.7951 -104.201 134.715 -89.581
-524.923 437.937 -85.8201 -104.203 134.715 -89.58
-525.789 437.438 -85.8448 -104.202 134.712 -89.578
-526.658 436.943 -85.8694 -104.202 134.705 -89.575
-527.528 436.451 -85.8937 -104.205 134.701 -89.574
-528.4 435.963 -85.9179 -104.207 134.7 -89.575
-529.274 435.478 -85.9419 -104.209 134.698 -89.575
-530.15 434.996 -85.9657 -104.206 134.697 -89.573
-531.028 434.518 -85.9893 -104.206 134.697 -89.573
-531.908 434.043 -86.0127 -104.204 134.695 -89.571
-532.79 433.571 -86.0359 -104.202 134.691 -89.567
-533.673 433.103 -86.0589 -104.203 134.689 -89.568
-534.558 432.638 -86.0817 -104.203 134.686 -89.567
-535.446 432.177 -86.1043 -104.203 134.686 -89.567
-536.335 431.719 -86.1267 -104.203 134.686 -89.567
-537.226 431.264 -86.149 -104.203 134.686 -89.567
-538.119 430.812 -86.171 -104.203 134.686 -89.567
-539.014 430.364 -86.1928 -104.203 134.686 -89.567
-539.91 429.92 -86.2145 -104.203 134.686 -89.567
-540.809 429.478 -86.2359 -104.203 134.686 -89.567
-541.709 429.04 -86.2572 -104.203 134.686 -89.567
-542.612 428.606 -86.2782 -104.203 134.686 -89.567
-543.516 428.174 -86.2991 -104.203 134.686 -89.567
-544.422 427.746 -86.3198 -104.203 134.686 -89.567
-545.33 427.322 -86.3402 -104.203 134.686 -89.567
14
-505.781 446.321 -85.1304 -104.204 134.722 -89.57
-506.639 445.803 -85.2566 -104.204 134.722 -89.57
-507.497 445.287 -85.3772 -104.204 134.722 -89.57
-508.355 444.772 -85.4924 -104.204 134.722 -89.57
-509.215 444.258 -85.602 -104.204 134.722 -89.57
-510.075 443.745 -85.7062 -104.204 134.722 -89.57
-510.936 443.234 -85.8049 -104.204 134.722 -89.57
-511.797 442.725 -85.8981 -104.204 134.722 -89.57
-512.66 442.216 -85.9858 -104.204 134.722 -89.57
-513.523 441.709 -86.0681 -104.204 134.722 -89.57
-514.386 441.203 -86.1448 -104.204 134.722 -89.57
-515.25 440.699 -86.2161 -104.204 134.722 -89.57
-516.115 440.196 -86.2819 -104.204 134.722 -89.57
-516.981 439.694 -86.3422 -104.204 134.722 -89.57
-517.847 439.194 -86.397 -104.204 134.722 -89.57
-518.715 438.695 -86.4463 -104.204 134.722 -89.57
-519.582 438.198 -86.4902 -104.204 134.722 -89.57
-520.451 437.701 -86.5285 -104.204 134.722 -89.57
-521.32 437.206 -86.5614 -104.198 134.721 -89.576
-522.19 436.713 -86.5887 -104.2 134.718 -89.581
-523.06 436.22 -86.6106 -104.2 134.718 -89.581
-523.931 435.73 -86.627 -104.2 134.714 -89.584
-524.803 435.24 -86.638 -104.203 134.709 -89.582
-525.676 434.752 -86.6434 -104.203 134.709 -89.582
-526.549 434.265 -86.6434 -104.207 134.708 -89.583
-527.423 433.78 -86.6378 -104.209 134.707 -89.585
-528.298 433.295 -86.6268 -104.209 134.707 -89.585
-529.173 432.813 -86.6103 -104.211 134.706 -89.584
-530.049 432.331 -86.5883 -104.209 134.702 -89.58
-530.926 431.851 -86.5608 -104.207 134.698 -89.577
-531.803 431.372 -86.5278 -104.206 134.695 -89.574
-532.681 430.895 -86.4894 -104.206 134.694 -89.572
-533.56 430.419 -86.4454 -104.206 134.691 -89.57
-534.44 429.944 -86.396 -104.207 134.69 -89.57
-535.32 429.471 -86.3411 -104.207 134.69 -89.57
-536.201 428.999 -86.2807 -104.207 134.69 -89.57
-537.082 428.528 -86.2148 -104.207 134.69 -89.57
-537.965 428.059 -86.1435 -104.207 134.69 -89.57
-538.847 427.591 -86.0666 -104.207 134.69 -89.57
-539.731 427.124 -85.9843 -104.207 134.69 -89.57
-540.615 426.659 -85.8964 -104.207 134.69 -89.57
-541.5 426.195 -85.8031 -104.207 134.69 -89.57
-542.386 425.732 -85.7043 -104.207 134.69 -89.57
-543.273 425.271 -85.6 -104.207 134.69 -89.57
-544.16 424.811 -85.4903 -104.207 134.69 -89.57
-545.047 424.352 -85.375 -104.207 134.69 -89.57
15
-505.163 444.622 -84.9601 -104.206 134.712 -89.562
-506.036 444.134 -85.0016 -104.206 134.712 -89.562
-506.909 443.646 -85.0412 -104.206 134.712 -89.562
-507.782 443.158 -85.0787 -104.206 134.712 -89.562
-508.655 442.67 -85.1142 -104.206 134.712 -89.562
-509.529 442.182 -85.1477 -104.206 134.712 -89.562
-510.402 441.694 -85.1792 -104.206 134.712 -89.562
-511.275 441.206 -85.2087 -104.206 134.712 -89.562
-512.149 440.719 -85.2363 -104.206 134.712 -89.562
-513.022 440.231 -85.2618 -104.206 134.712 -89.562
-513.895 439.744 -85.2853 -104.206 134.712 -89.562
-514.769 439.257 -85.3069 -104.206 134.712 -89.562
-515.642 438.769 -85.3264 -104.206 134.712 -89.562
-516.516 438.282 -85.344 -104.206 134.712 -89.562
-517.389 437.795 -85.3595 -104.206 134.712 -89.562
-518.263 437.308 -85.3731 -104.206 134.712 -89.562
-519.136 436.821 -85.3846 -104.206 134.712 -89.562
-520.01 436.334 -85.3942 -104.206 134.712 -89.562
-520.884 435.848 -85.4017 -104.208 134.72 -89.572
-521.757 435.361 -85.4073 -104.201 134.719 -89.578
-522.631 434.874 -85.4109 -104.202 134.715 -89.582
-523.505 434.388 -85.4125 -104.202 134.715 -89.582
-524.378 433.901 -85.412 -104.202 134.714 -89.585
-525.252 433.415 -85.4096 -104.204 134.712 -89.583
-526.126 432.929 -85.4052 -104.206 134.712 -89.583
-527 432.443 -85.3988 -104.206 134.712 -89.583
-527.874 431.957 -85.3904 -104.205 134.71 -89.582
-528.747 431.471 -85.38 -104.205 134.705 -89.579
-529.621 430.985 -85.3676 -104.204 134.701 -89.575
-530.495 430.499 -85.3532 -104.203 134.7 -89.575
-531.369 430.013 -85.3368 -104.202 134.7 -89.574
-532.243 429.527 -85.3184 -104.201 134.699 -89.572
-533.117 429.042 -85.298 -104.2 134.698 -89.569
-533.991 428.556 -85.2756 -104.2 134.698 -89.569
-534.865 428.071 -85.2513 -104.2 134.694 -89.568
-535.739 427.586 -85.2249 -104.201 134.689 -89.567
-536.613 427.1 -85.1965 -104.201 134.689 -89.567
-537.488 426.615 -85.1661 -104.201 134.689 -89.567
-538.362 426.13 -85.1338 -104.201 134.689 -89.567
-539.236 425.645 -85.0994 -104.201 134.689 -89.567
-540.11 425.16 -85.0631 -104.201 134.689 -89.567
-540.984 424.675 -85.0247 -104.201 134.689 -89.567
-541.859 424.191 -84.9844 -104.201 134.689 -89.567
-542.733 423.706 -84.942 -104.201 134.689 -89.567
-543.607 423.221 -84.8977 -104.201 134.689 -89.567
-544.482 422.737 -84.8513 -104.201 134.689 -89.567
