1
-933.653 1015.75 55.0976 -165.629 124.911 0.083
-933.66 1015.75 54.0976 -165.629 124.911 0.083
-933.667 1015.75 53.0976 -165.629 124.911 0.083
-933.674 1015.76 52.0977 -165.629 124.911 0.083
-933.681 1015.76 51.0977 -165.629 124.911 0.083
-933.688 1015.76 50.0977 -165.629 124.911 0.083
-933.694 1015.77 49.0978 -165.629 124.911 0.083
-933.701 1015.77 48.0978 -165.629 124.911 0.083
-933.708 1015.77 47.0978 -165.629 124.911 0.083
-933.715 1015.77 46.0978 -165.629 124.911 0.083
-933.722 1015.78 45.0979 -165.629 124.911 0.083
-933.729 1015.78 44.0979 -165.629 124.911 0.083
-933.736 1015.78 43.0979 -165.629 124.911 0.083
-933.743 1015.78 42.0979 -165.629 124.911 0.083
-933.75 1015.79 41.098 -165.629 124.911 0.083
-933.757 1015.79 40.098 -165.629 124.911 0.083
-933.764 1015.79 39.098 -165.629 124.911 0.083
-933.771 1015.79 38.0981 -165.629 124.911 0.083
-933.778 1015.8 37.0981 -165.629 124.911 0.083
-933.784 1015.8 36.0981 -165.629 124.911 0.083
-933.791 1015.8 35.0981 -165.629 124.911 0.083
-933.798 1015.81 34.0982 -165.629 124.911 0.083
-933.805 1015.81 33.0982 -165.629 124.911 0.083
-933.812 1015.81 32.0982 -165.629 124.911 0.083
-933.819 1015.81 31.0982 -165.627 124.99 0.065
-933.826 1015.82 30.0983 -165.627 124.99 0.065
-933.833 1015.82 29.0983 -165.617 125.079 0.075
-933.84 1015.82 28.0983 -165.611 125.168 0.1
-933.847 1015.82 27.0984 -165.611 125.168 0.1
-933.854 1015.83 26.0984 -165.6 125.282 0.121
-933.861 1015.83 25.0984 -165.597 125.383 0.139
-933.868 1015.83 24.0984 -165.597 125.383 0.139
-933.874 1015.84 23.0985 -165.599 125.49 0.158
-933.881 1015.84 22.0985 -165.593 125.585 0.174
-933.888 1015.84 21.0985 -165.593 125.585 0.174
-933.895 1015.84 20.0986 -165.583 125.68 0.185
-933.902 1015.85 19.0986 -165.574 125.775 0.199
-933.909 1015.85 18.0986 -165.568 125.871 0.219
-933.916 1015.85 17.0986 -165.568 125.871 0.219
-933.923 1015.85 16.0987 -165.561 125.981 0.24
-933.93 1015.86 15.0987 -165.555 126.063 0.252
-933.937 1015.86 14.0987 -165.551 126.146 0.264
-933.944 1015.86 13.0987 -165.551 126.146 0.264
-933.951 1015.86 12.0988 -165.545 126.229 0.278
-933.958 1015.87 11.0988 -165.541 126.311 0.297
-933.964 1015.87 10.0988 -165.532 126.419 0.319
-933.971 1015.87 9.09886 -165.526 126.501 0.329
-933.978 1015.88 8.09888 -165.526 126.501 0.329
-933.985 1015.88 7.09891 -165.519 126.609 0.344
-933.992 1015.88 6.09894 -165.516 126.718 0.365
-933.999 1015.88 5.09897 -165.516 126.718 0.365
-934.006 1015.89 4.09899 -165.512 126.825 0.392
-934.013 1015.89 3.09902 -165.503 126.922 0.401
-934.02 1015.89 2.09905 -165.503 126.922 0.401
-934.027 1015.89 1.09908 -165.492 127.004 0.411
-934.034 1015.9 0.0991045 -165.486 127.087 0.423
-934.041 1015.9 -0.900868 -165.481 127.169 0.437
-934.048 1015.9 -1.90084 -165.476 127.266 0.454
-934.054 1015.9 -2.90081 -165.476 127.266 0.454
-934.061 1015.91 -3.90079 -165.466 127.374 0.464
-934.068 1015.91 -4.90076 -165.466 127.374 0.464
-934.075 1015.91 -5.90073 -165.455 127.495 0.481
-934.082 1015.92 -6.9007 -165.451 127.576 0.5
-934.089 1015.92 -7.90067 -165.448 127.672 0.522
-934.096 1015.92 -8.90065 -165.448 127.672 0.522
-934.103 1015.92 -9.90062 -165.443 127.782 0.531
-934.11 1015.93 -10.9006 -165.44 127.864 0.544
-934.117 1015.93 -11.9006 -165.434 127.946 0.562
-934.124 1015.93 -12.9005 -165.434 127.946 0.562
-934.131 1015.93 -13.9005 -165.423 128.027 0.579
-934.138 1015.94 -14.9005 -165.414 128.109 0.59
-934.145 1015.94 -15.9005 -165.405 128.206 0.595
-934.151 1015.94 -16.9004 -165.403 128.301 0.616
-934.158 1015.95 -17.9004 -165.403 128.301 0.616
-934.165 1015.95 -18.9004 -165.402 128.384 0.636
-934.172 1015.95 -19.9003 -165.395 128.491 0.655
-934.179 1015.95 -20.9003 -165.395 128.491 0.655
-934.186 1015.96 -21.9003 -165.388 128.572 0.664
-934.193 1015.96 -22.9003 -165.38 128.68 0.69
-934.2 1015.96 -23.9002 -165.374 128.762 0.707
-934.207 1015.96 -24.9002 -165.367 128.843 0.719
-934.214 1015.97 -25.9002 -165.367 128.843 0.719
-934.221 1015.97 -26.9002 -165.36 128.939 0.729
-934.228 1015.97 -27.9001 -165.354 129.021 0.739
-934.235 1015.97 -28.9001 -165.348 129.117 0.755
-934.241 1015.98 -29.9001 -165.348 129.117 0.755
-934.248 1015.98 -30.9 -165.344 129.2 0.777
-934.255 1015.98 -31.9 -165.337 129.295 0.792
-934.262 1015.99 -32.9 -165.337 129.295 0.792
-934.269 1015.99 -33.9 -165.327 129.403 0.809
-934.276 1015.99 -34.8999 -165.323 129.496 0.831
-934.283 1015.99 -35.8999 -165.318 129.591 0.846
-934.29 1016 -36.8999 -165.318 129.591 0.846
-934.297 1016 -37.8998 -165.306 129.687 0.856
-934.304 1016 -38.8998 -165.297 129.769 0.86
-934.311 1016 -39.8998 -165.291 129.866 0.876
-934.318 1016.01 -40.8998 -165.291 129.866 0.876
-934.325 1016.01 -41.8997 -165.287 129.975 0.909
-934.331 1016.01 -42.8997 -165.276 130.085 0.922
-934.338 1016.01 -43.8997 -165.276 130.085 0.922
-934.345 1016.02 -44.8997 -165.268 130.181 0.932
-934.352 1016.02 -45.8996 -165.265 130.291 0.955
-934.359 1016.02 -46.8996 -165.265 130.291 0.955
-934.366 1016.03 -47.8996 -165.261 130.371 0.972
-934.373 1016.03 -48.8995 -165.254 130.452 0.985
-934.38 1016.03 -49.8995 -165.243 130.56 0.998
-934.387 1016.03 -50.8995 -165.243 130.56 0.998
-934.394 1016.04 -51.8995 -165.238 130.641 1.019
-934.401 1016.04 -52.8994 -165.23 130.762 1.049
-934.408 1016.04 -53.8994 -165.23 130.762 1.049
-934.415 1016.04 -54.8994 -165.223 130.844 1.057
-934.421 1016.05 -55.8994 -165.218 130.927 1.07
-934.428 1016.05 -56.8993 -165.214 131.009 1.085
-934.435 1016.05 -57.8993 -165.206 131.091 1.096
-934.442 1016.06 -58.8993 -165.195 131.173 1.109
-934.449 1016.06 -59.8992 -165.195 131.173 1.109
-934.456 1016.06 -60.8992 -165.187 131.255 1.121
-934.463 1016.06 -61.8992 -165.184 131.337 1.134
-934.47 1016.07 -62.8992 -165.18 131.431 1.157
-934.477 1016.07 -63.8991 -165.175 131.525 1.173
-934.484 1016.07 -64.8991 -165.175 131.525 1.173
-934.491 1016.07 -65.8991 -165.167 131.62 1.182
-934.498 1016.08 -66.899 -165.158 131.73 1.2
-934.505 1016.08 -67.899 -165.158 131.73 1.2
-934.511 1016.08 -68.899 -165.149 131.812 1.218
-934.518 1016.08 -69.899 -165.139 131.922 1.235
-934.525 1016.09 -70.8989 -165.139 131.922 1.235
-934.532 1016.09 -71.8989 -165.13 132.017 1.244
-934.539 1016.09 -72.8989 -165.124 132.099 1.261
-934.546 1016.1 -73.8989 -165.121 132.181 1.284
-934.553 1016.1 -74.8988 -165.115 132.263 1.296
-934.56 1016.1 -75.8988 -165.115 132.263 1.296
-934.567 1016.1 -76.8988 -165.105 132.372 1.313
-934.574 1016.11 -77.8987 -165.101 132.454 1.335
-934.581 1016.11 -78.8987 -165.094 132.534 1.354
-934.588 1016.11 -79.8987 -165.088 132.616 1.362
-934.595 1016.11 -80.8987 -165.088 132.616 1.362
-934.602 1016.12 -81.8986 -165.079 132.698 1.373
-934.608 1016.12 -82.8986 -165.075 132.781 1.393
-934.615 1016.12 -83.8986 -165.075 132.781 1.393
-934.622 1016.12 -84.8986 -165.057 132.974 1.419
-934.629 1016.13 -85.8985 -165.057 132.974 1.419
-934.636 1016.13 -86.8985 -165.049 133.069 1.439
-934.643 1016.13 -87.8985 -165.043 133.149 1.459
-934.65 1016.14 -88.8984 -165.034 133.23 1.473
-934.657 1016.14 -89.8984 -165.034 133.23 1.473
-934.664 1016.14 -90.8984 -165.028 133.324 1.488
-934.671 1016.14 -91.8984 -165.022 133.406 1.498
-934.678 1016.15 -92.8983 -165.02 133.519 1.514
-934.685 1016.15 -93.8983 -165.02 133.519 1.514
-934.692 1016.15 -94.8983 -165.013 133.598 1.528
-934.698 1016.15 -95.8982 -165.005 133.689 1.539
-934.705 1016.16 -96.8982 -165.005 133.689 1.539
-934.712 1016.16 -97.8982 -165.005 133.689 1.539
-934.719 1016.16 -98.8982 -165.005 133.689 1.539
-934.726 1016.16 -99.8981 -165.005 133.689 1.539
2
-931.316 1014.57 54.8037 -165.628 124.91 0.086
-931.327 1014.57 53.8038 -165.628 124.91 0.086
-931.338 1014.57 52.8039 -165.628 124.91 0.086
-931.349 1014.57 51.8039 -165.628 124.91 0.086
-931.36 1014.58 50.804 -165.628 124.91 0.086
-931.371 1014.58 49.8041 -165.628 124.91 0.086
-931.382 1014.58 48.8041 -165.628 124.91 0.086
-931.393 1014.58 47.8042 -165.628 124.91 0.086
-931.404 1014.59 46.8042 -165.628 124.91 0.086
-931.414 1014.59 45.8043 -165.628 124.91 0.086
-931.425 1014.59 44.8044 -165.628 124.91 0.086
-931.436 1014.59 43.8044 -165.628 124.91 0.086
-931.447 1014.6 42.8045 -165.628 124.91 0.086
-931.458 1014.6 41.8046 -165.628 124.91 0.086
-931.469 1014.6 40.8046 -165.628 124.91 0.086
-931.48 1014.6 39.8047 -165.628 124.91 0.086
-931.491 1014.61 38.8047 -165.628 124.91 0.086
-931.502 1014.61 37.8048 -165.628 124.91 0.086
-931.513 1014.61 36.8049 -165.628 124.91 0.086
-931.523 1014.61 35.8049 -165.628 124.91 0.086
-931.534 1014.62 34.805 -165.628 124.91 0.086
-931.545 1014.62 33.8051 -165.628 124.91 0.086
-931.556 1014.62 32.8051 -165.628 124.91 0.086
-931.567 1014.62 31.8052 -165.626 124.994 0.063
-931.578 1014.63 30.8052 -165.621 125.074 0.074
-931.589 1014.63 29.8053 -165.613 125.158 0.102
-931.6 1014.63 28.8054 -165.613 125.158 0.102
-931.611 1014.63 27.8054 -165.606 125.234 0.117
-931.622 1014.64 26.8055 -165.605 125.339 0.13
-931.633 1014.64 25.8056 -165.604 125.423 0.148
-931.643 1014.64 24.8056 -165.604 125.423 0.148
-931.654 1014.64 23.8057 -165.596 125.529 0.166
-931.665 1014.65 22.8057 -165.587 125.624 0.18
-931.676 1014.65 21.8058 -165.58 125.709 0.188
-931.687 1014.65 20.8059 -165.58 125.709 0.188
-931.698 1014.65 19.8059 -165.576 125.804 0.205
-931.709 1014.66 18.806 -165.571 125.912 0.226
-931.72 1014.66 17.8061 -165.571 125.912 0.226
-931.731 1014.66 16.8061 -165.561 125.999 0.241
-931.742 1014.66 15.8062 -165.55 126.096 0.256
-931.752 1014.67 14.8062 -165.541 126.182 0.27
-931.763 1014.67 13.8063 -165.541 126.182 0.27
-931.774 1014.67 12.8064 -165.538 126.287 0.296
-931.785 1014.67 11.8064 -165.534 126.414 0.317
-931.796 1014.68 10.8065 -165.534 126.414 0.317
-931.807 1014.68 9.80656 -165.527 126.508 0.326
-931.818 1014.68 8.80662 -165.522 126.602 0.341
-931.829 1014.68 7.80668 -165.522 126.602 0.341
-931.84 1014.69 6.80675 -165.518 126.707 0.363
-931.851 1014.69 5.80681 -165.514 126.803 0.387
-931.861 1014.69 4.80687 -165.506 126.889 0.397
-931.872 1014.69 3.80693 -165.506 126.889 0.397
-931.883 1014.7 2.807 -165.495 126.986 0.407
-931.894 1014.7 1.80706 -165.487 127.093 0.423
-931.905 1014.7 0.807122 -165.487 127.093 0.423
-931.916 1014.7 -0.192815 -165.481 127.189 0.442
-931.927 1014.71 -1.19275 -165.476 127.273 0.457
-931.938 1014.71 -2.19269 -165.465 127.368 0.462
-931.949 1014.71 -3.19263 -165.465 127.368 0.462
-931.96 1014.71 -4.19257 -165.459 127.451 0.476
-931.971 1014.72 -5.1925 -165.453 127.535 0.491
-931.981 1014.72 -6.19244 -165.452 127.631 0.516
-931.992 1014.72 -7.19238 -165.449 127.716 0.525
-932.003 1014.72 -8.19231 -165.449 127.716 0.525
-932.014 1014.73 -9.19225 -165.444 127.8 0.534
-932.025 1014.73 -10.1922 -165.437 127.886 0.55
-932.036 1014.73 -11.1921 -165.429 127.982 0.568
-932.047 1014.73 -12.1921 -165.429 127.982 0.568
-932.058 1014.74 -13.192 -165.421 128.068 0.583
-932.069 1014.74 -14.1919 -165.41 128.165 0.586
-932.08 1014.74 -15.1919 -165.404 128.26 0.606
-932.09 1014.74 -16.1918 -165.404 128.26 0.606
-932.101 1014.75 -17.1918 -165.399 128.366 0.633
-932.112 1014.75 -18.1917 -165.396 128.449 0.652
-932.123 1014.75 -19.1916 -165.391 128.533 0.66
-932.134 1014.75 -20.1916 -165.391 128.533 0.66
-932.145 1014.76 -21.1915 -165.384 128.647 0.683
-932.156 1014.76 -22.1914 -165.377 128.731 0.701
-932.167 1014.76 -23.1914 -165.371 128.826 0.717
-932.178 1014.76 -24.1913 -165.371 128.826 0.717
-932.189 1014.77 -25.1913 -165.363 128.923 0.726
-932.199 1014.77 -26.1912 -165.355 129.02 0.74
-932.21 1014.77 -27.1911 -165.355 129.02 0.74
-932.221 1014.77 -28.1911 -165.349 129.097 0.753
-932.232 1014.78 -29.191 -165.343 129.194 0.778
-932.243 1014.78 -30.1909 -165.338 129.277 0.792
-932.254 1014.78 -31.1909 -165.338 129.277 0.792
-932.265 1014.78 -32.1908 -165.331 129.37 0.805
-932.276 1014.79 -33.1908 -165.33 129.452 0.821
-932.287 1014.79 -34.1907 -165.323 129.535 0.836
-932.298 1014.79 -35.1906 -165.314 129.631 0.851
-932.309 1014.79 -36.1906 -165.314 129.631 0.851
-932.319 1014.8 -37.1905 -165.303 129.728 0.852
-932.33 1014.8 -38.1904 -165.297 129.814 0.866
-932.341 1014.8 -39.1904 -165.289 129.921 0.896
-932.352 1014.8 -40.1903 -165.289 129.921 0.896
-932.363 1014.81 -41.1903 -165.28 130.007 0.914
-932.374 1014.81 -42.1902 -165.274 130.093 0.923
-932.385 1014.81 -43.1901 -165.267 130.189 0.931
-932.396 1014.81 -44.1901 -165.267 130.189 0.931
-932.407 1014.82 -45.19 -165.264 130.284 0.952
-932.418 1014.82 -46.1899 -165.259 130.388 0.973
-932.428 1014.82 -47.1899 -165.259 130.388 0.973
-932.439 1014.82 -48.1898 -165.25 130.482 0.983
-932.45 1014.83 -49.1897 -165.242 130.566 0.999
-932.461 1014.83 -50.1897 -165.238 130.672 1.027
-932.472 1014.83 -51.1896 -165.238 130.672 1.027
-932.483 1014.83 -52.1896 -165.235 130.756 1.044
-932.494 1014.84 -53.1895 -165.228 130.842 1.054
-932.505 1014.84 -54.1894 -165.218 130.95 1.074
-932.516 1014.84 -55.1894 -165.218 130.95 1.074
-932.527 1014.84 -56.1893 -165.208 131.058 1.091
-932.537 1014.85 -57.1892 -165.198 131.152 1.108
-932.548 1014.85 -58.1892 -165.198 131.152 1.108
-932.559 1014.85 -59.1891 -165.19 131.236 1.118
-932.57 1014.85 -60.1891 -165.186 131.32 1.13
-932.581 1014.86 -61.189 -165.182 131.412 1.156
-932.592 1014.86 -62.1889 -165.175 131.517 1.171
-932.603 1014.86 -63.1889 -165.175 131.517 1.171
-932.614 1014.86 -64.1888 -165.168 131.602 1.18
-932.625 1014.87 -65.1887 -165.161 131.689 1.192
-932.636 1014.87 -66.1887 -165.155 131.775 1.206
-932.647 1014.87 -67.1886 -165.155 131.775 1.206
-932.657 1014.87 -68.1886 -165.149 131.872 1.222
-932.668 1014.88 -69.1885 -165.138 131.956 1.23
-932.679 1014.88 -70.1884 -165.126 132.063 1.248
-932.69 1014.88 -71.1884 -165.126 132.063 1.248
-932.701 1014.88 -72.1883 -165.122 132.17 1.28
-932.712 1014.88 -73.1882 -165.114 132.264 1.296
-932.723 1014.89 -74.1882 -165.114 132.264 1.296
-932.734 1014.89 -75.1881 -165.108 132.358 1.311
-932.745 1014.89 -76.1881 -165.103 132.441 1.332
-932.756 1014.89 -77.188 -165.103 132.441 1.332
-932.766 1014.9 -78.1879 -165.082 132.654 1.363
-932.777 1014.9 -79.1879 -165.082 132.654 1.363
-932.788 1014.9 -80.1878 -165.082 132.654 1.363
-932.799 1014.9 -81.1877 -165.078 132.784 1.393
-932.81 1014.91 -82.1877 -165.072 132.871 1.407
-932.821 1014.91 -83.1876 -165.072 132.871 1.407
-932.832 1014.91 -84.1876 -165.061 132.958 1.416
-932.843 1014.91 -85.1875 -165.05 133.051 1.436
-932.854 1014.92 -86.1874 -165.043 133.145 1.458
-932.865 1014.92 -87.1874 -165.043 133.145 1.458
-932.875 1014.92 -88.1873 -165.034 133.269 1.475
-932.886 1014.92 -89.1872 -165.034 133.269 1.475
-932.897 1014.93 -90.1872 -165.02 133.458 1.505
-932.908 1014.93 -91.1871 -165.02 133.458 1.505
-932.919 1014.93 -92.1871 -165.013 133.54 1.52
-932.93 1014.93 -93.187 -165.01 133.618 1.528
-932.941 1014.94 -94.1869 -165.005 133.704 1.54
-932.952 1014.94 -95.1869 -165.005 133.704 1.54
-932.963 1014.94 -96.1868 -164.995 133.792 1.555
-932.974 1014.94 -97.1867 -164.995 133.792 1.555
-932.985 1014.95 -98.1867 -164.995 133.792 1.555
-932.995 1014.95 -99.1866 -164.995 133.792 1.555
-933.006 1014.95 -100.187 -164.995 133.792 1.555
3
-931.686 1014.43 55.6055 -165.626 124.911 0.087
-931.696 1014.44 54.6055 -165.626 124.911 0.087
-931.706 1014.44 53.6056 -165.626 124.911 0.087
-931.716 1014.44 52.6057 -165.626 124.911 0.087
-931.726 1014.45 51.6057 -165.626 124.911 0.087
-931.737 1014.45 50.6058 -165.626 124.911 0.087
-931.747 1014.46 49.6058 -165.626 124.911 0.087
-931.757 1014.46 48.6059 -165.626 124.911 0.087
-931.767 1014.47 47.606 -165.626 124.911 0.087
-931.777 1014.47 46.606 -165.626 124.911 0.087
-931.788 1014.48 45.6061 -165.626 124.911 0.087
-931.798 1014.48 44.6062 -165.626 124.911 0.087
-931.808 1014.49 43.6062 -165.626 124.911 0.087
-931.818 1014.49 42.6063 -165.626 124.911 0.087
-931.829 1014.49 41.6063 -165.626 124.911 0.087
-931.839 1014.5 40.6064 -165.626 124.911 0.087
-931.849 1014.5 39.6065 -165.626 124.911 0.087
-931.859 1014.51 38.6065 -165.626 124.911 0.087
-931.869 1014.51 37.6066 -165.626 124.911 0.087
-931.88 1014.52 36.6067 -165.626 124.911 0.087
-931.89 1014.52 35.6067 -165.626 124.911 0.087
-931.9 1014.53 34.6068 -165.626 124.911 0.087
-931.91 1014.53 33.6068 -165.626 124.911 0.087
-931.92 1014.54 32.6069 -165.626 124.911 0.087
-931.931 1014.54 31.607 -165.631 124.991 0.059
-931.941 1014.54 30.607 -165.618 125.081 0.075
-931.951 1014.55 29.6071 -165.618 125.081 0.075
-931.961 1014.55 28.6072 -165.614 125.174 0.102
-931.972 1014.56 27.6072 -165.614 125.273 0.116
-931.982 1014.56 26.6073 -165.606 125.356 0.132
-931.992 1014.57 25.6073 -165.606 125.356 0.132
-932.002 1014.57 24.6074 -165.599 125.438 0.149
-932.012 1014.58 23.6075 -165.594 125.545 0.167
-932.023 1014.58 22.6075 -165.588 125.622 0.179
-932.033 1014.59 21.6076 -165.581 125.706 0.19
-932.043 1014.59 20.6077 -165.581 125.706 0.19
-932.053 1014.59 19.6077 -165.574 125.782 0.205
-932.063 1014.6 18.6078 -165.57 125.867 0.222
-932.074 1014.6 17.6078 -165.564 125.943 0.237
-932.084 1014.61 16.6079 -165.555 126.033 0.25
-932.094 1014.61 15.608 -165.547 126.13 0.262
-932.104 1014.62 14.608 -165.547 126.13 0.262
-932.114 1014.62 13.6081 -165.546 126.214 0.277
-932.125 1014.63 12.6082 -165.544 126.298 0.292
-932.135 1014.63 11.6082 -165.537 126.389 0.308
-932.145 1014.64 10.6083 -165.537 126.389 0.308
-932.155 1014.64 9.60835 -165.528 126.479 0.325
-932.166 1014.65 8.60841 -165.523 126.555 0.331
-932.176 1014.65 7.60847 -165.518 126.652 0.348
-932.186 1014.65 6.60854 -165.515 126.737 0.368
-932.196 1014.66 5.6086 -165.511 126.82 0.381
-932.206 1014.66 4.60866 -165.511 126.82 0.381
-932.217 1014.67 3.60872 -165.506 126.903 0.392
-932.227 1014.67 2.60879 -165.498 126.978 0.4
-932.237 1014.68 1.60885 -165.487 127.07 0.416
-932.247 1014.68 0.608911 -165.481 127.145 0.43
-932.257 1014.69 -0.391027 -165.477 127.228 0.448
-932.268 1014.69 -1.39096 -165.477 127.228 0.448
-932.278 1014.7 -2.3909 -165.473 127.311 0.459
-932.288 1014.7 -3.39084 -165.463 127.409 0.468
-932.298 1014.7 -4.39078 -165.457 127.493 0.479
-932.308 1014.71 -5.39071 -165.457 127.577 0.503
-932.319 1014.71 -6.39065 -165.457 127.577 0.503
-932.329 1014.72 -7.39059 -165.45 127.675 0.518
-932.339 1014.72 -8.39053 -165.445 127.758 0.529
-932.349 1014.73 -9.39046 -165.44 127.841 0.54
-932.36 1014.73 -10.3904 -165.44 127.841 0.54
-932.37 1014.74 -11.3903 -165.436 127.933 0.558
-932.38 1014.74 -12.3903 -165.43 128.016 0.574
-932.39 1014.75 -13.3902 -165.419 128.1 0.587
-932.4 1014.75 -14.3902 -165.406 128.199 0.596
-932.411 1014.75 -15.3901 -165.406 128.199 0.596
-932.421 1014.76 -16.39 -165.401 128.288 0.616
-932.431 1014.76 -17.39 -165.402 128.4 0.641
-932.441 1014.77 -18.3899 -165.402 128.4 0.641
-932.451 1014.77 -19.3898 -165.395 128.499 0.65
-932.462 1014.78 -20.3898 -165.387 128.574 0.661
-932.472 1014.78 -21.3897 -165.378 128.657 0.682
-932.482 1014.79 -22.3897 -165.374 128.741 0.7
-932.492 1014.79 -23.3896 -165.374 128.741 0.7
-932.503 1014.8 -24.3895 -165.369 128.84 0.716
-932.513 1014.8 -25.3895 -165.362 128.917 0.724
-932.523 1014.8 -26.3894 -165.357 128.993 0.733
-932.533 1014.81 -27.3893 -165.351 129.091 0.747
-932.543 1014.81 -28.3893 -165.351 129.091 0.747
-932.554 1014.82 -29.3892 -165.348 129.189 0.773
-932.564 1014.82 -30.3892 -165.34 129.285 0.789
-932.574 1014.83 -31.3891 -165.332 129.36 0.801
-932.584 1014.83 -32.389 -165.332 129.36 0.801
-932.594 1014.84 -33.389 -165.323 129.466 0.825
-932.605 1014.84 -34.3889 -165.32 129.543 0.838
-932.615 1014.85 -35.3888 -165.32 129.543 0.838
-932.625 1014.85 -36.3888 -165.311 129.657 0.852
-932.635 1014.85 -37.3887 -165.3 129.739 0.857
-932.645 1014.86 -38.3887 -165.293 129.822 0.867
-932.656 1014.86 -39.3886 -165.293 129.913 0.895
-932.666 1014.87 -40.3885 -165.29 129.99 0.906
-932.676 1014.87 -41.3885 -165.29 129.99 0.906
-932.686 1014.88 -42.3884 -165.282 130.083 0.919
-932.697 1014.88 -43.3883 -165.27 130.159 0.928
-932.707 1014.89 -44.3883 -165.263 130.248 0.949
-932.717 1014.89 -45.3882 -165.263 130.248 0.949
-932.727 1014.9 -46.3882 -165.262 130.337 0.967
-932.737 1014.9 -47.3881 -165.257 130.434 0.978
-932.748 1014.91 -48.388 -165.248 130.519 0.988
-932.758 1014.91 -49.388 -165.24 130.624 1.011
-932.768 1014.91 -50.3879 -165.24 130.624 1.011
-932.778 1014.92 -51.3878 -165.235 130.715 1.035
-932.788 1014.92 -52.3878 -165.227 130.791 1.046
-932.799 1014.93 -53.3877 -165.218 130.882 1.059
-932.809 1014.93 -54.3876 -165.218 130.882 1.059
-932.819 1014.94 -55.3876 -165.213 130.965 1.074
-932.829 1014.94 -56.3875 -165.21 131.056 1.087
-932.839 1014.95 -57.3875 -165.203 131.138 1.1
-932.85 1014.95 -58.3874 -165.193 131.229 1.116
-932.86 1014.96 -59.3873 -165.193 131.229 1.116
-932.87 1014.96 -60.3873 -165.185 131.305 1.128
-932.88 1014.96 -61.3872 -165.183 131.387 1.151
-932.891 1014.97 -62.3871 -165.18 131.47 1.164
-932.901 1014.97 -63.3871 -165.171 131.563 1.173
-932.911 1014.98 -64.387 -165.171 131.563 1.173
-932.921 1014.98 -65.387 -165.162 131.654 1.188
-932.931 1014.99 -66.3869 -165.158 131.752 1.202
-932.942 1014.99 -67.3868 -165.149 131.841 1.221
-932.952 1015 -68.3868 -165.149 131.841 1.221
-932.962 1015 -69.3867 -165.14 131.925 1.234
-932.972 1015.01 -70.3866 -165.131 132.01 1.246
-932.982 1015.01 -71.3866 -165.126 132.095 1.267
-932.993 1015.01 -72.3865 -165.121 132.185 1.285
-933.003 1015.02 -73.3865 -165.121 132.185 1.285
-933.013 1015.02 -74.3864 -165.112 132.28 1.3
-933.023 1015.03 -75.3863 -165.105 132.385 1.317
-933.034 1015.03 -76.3863 -165.098 132.468 1.337
-933.044 1015.04 -77.3862 -165.098 132.468 1.337
-933.054 1015.04 -78.3861 -165.091 132.552 1.353
-933.064 1015.05 -79.3861 -165.085 132.646 1.361
-933.074 1015.05 -80.386 -165.077 132.723 1.377
-933.085 1015.06 -81.386 -165.077 132.723 1.377
-933.095 1015.06 -82.3859 -165.072 132.813 1.4
-933.105 1015.06 -83.3858 -165.062 132.902 1.412
-933.115 1015.07 -84.3858 -165.058 132.984 1.421
-933.125 1015.07 -85.3857 -165.055 133.075 1.44
-933.136 1015.08 -86.3856 -165.055 133.075 1.44
-933.146 1015.08 -87.3856 -165.044 133.166 1.462
-933.156 1015.09 -88.3855 -165.034 133.25 1.477
-933.166 1015.09 -89.3855 -165.027 133.326 1.486
-933.176 1015.1 -90.3854 -165.018 133.408 1.501
-933.187 1015.1 -91.3853 -165.016 133.496 1.517
-933.197 1015.11 -92.3853 -165.016 133.496 1.517
-933.207 1015.11 -93.3852 -165.011 133.589 1.528
-933.217 1015.11 -94.3851 -165.004 133.668 1.537
-933.228 1015.12 -95.3851 -164.994 133.755 1.556
-933.238 1015.12 -96.385 -164.994 133.755 1.556
-933.248 1015.13 -97.385 -164.994 133.755 1.556
-933.258 1015.13 -98.3849 -164.994 133.755 1.556
-933.268 1015.14 -99.3848 -164.994 133.755 1.556
4
-930.533 1012.8 55.9003 -165.626 124.91 0.086
-930.539 1012.8 54.9003 -165.626 124.91 0.086
-930.545 1012.8 53.9003 -165.626 124.91 0.086
-930.55 1012.8 52.9003 -165.626 124.91 0.086
-930.556 1012.8 51.9003 -165.626 124.91 0.086
-930.562 1012.81 50.9004 -165.626 124.91 0.086
-930.568 1012.81 49.9004 -165.626 124.91 0.086
-930.574 1012.81 48.9004 -165.626 124.91 0.086
-930.579 1012.81 47.9004 -165.626 124.91 0.086
-930.585 1012.81 46.9004 -165.626 124.91 0.086
-930.591 1012.81 45.9004 -165.626 124.91 0.086
-930.597 1012.81 44.9005 -165.626 124.91 0.086
-930.603 1012.81 43.9005 -165.626 124.91 0.086
-930.608 1012.82 42.9005 -165.626 124.91 0.086
-930.614 1012.82 41.9005 -165.626 124.91 0.086
-930.62 1012.82 40.9005 -165.626 124.91 0.086
-930.626 1012.82 39.9006 -165.626 124.91 0.086
-930.632 1012.82 38.9006 -165.626 124.91 0.086
-930.638 1012.82 37.9006 -165.626 124.91 0.086
-930.643 1012.82 36.9006 -165.626 124.91 0.086
-930.649 1012.83 35.9006 -165.626 124.91 0.086
-930.655 1012.83 34.9006 -165.626 124.91 0.086
-930.661 1012.83 33.9007 -165.626 124.91 0.086
-930.667 1012.83 32.9007 -165.626 124.91 0.086
-930.672 1012.83 31.9007 -165.63 124.992 0.062
-930.678 1012.83 30.9007 -165.618 125.082 0.079
-930.684 1012.83 29.9007 -165.614 125.161 0.101
-930.69 1012.83 28.9008 -165.615 125.243 0.113
-930.696 1012.84 27.9008 -165.615 125.243 0.113
-930.702 1012.84 26.9008 -165.609 125.335 0.127
-930.707 1012.84 25.9008 -165.601 125.418 0.143
-930.713 1012.84 24.9008 -165.598 125.507 0.159
-930.719 1012.84 23.9008 -165.591 125.606 0.173
-930.725 1012.84 22.9009 -165.591 125.606 0.173
-930.731 1012.84 21.9009 -165.582 125.699 0.184
-930.736 1012.85 20.9009 -165.575 125.775 0.2
-930.742 1012.85 19.9009 -165.571 125.852 0.215
-930.748 1012.85 18.9009 -165.571 125.852 0.215
-930.754 1012.85 17.9009 -165.565 125.942 0.236
-930.76 1012.85 16.901 -165.553 126.025 0.246
-930.766 1012.85 15.901 -165.546 126.115 0.261
-930.771 1012.85 14.901 -165.543 126.213 0.276
-930.777 1012.85 13.901 -165.543 126.213 0.276
-930.783 1012.86 12.901 -165.541 126.322 0.298
-930.789 1012.86 11.9011 -165.534 126.412 0.314
-930.795 1012.86 10.9011 -165.534 126.412 0.314
-930.8 1012.86 9.90109 -165.526 126.502 0.327
-930.806 1012.86 8.90111 -165.524 126.585 0.341
-930.812 1012.86 7.90113 -165.517 126.682 0.36
-930.818 1012.86 6.90114 -165.516 126.782 0.382
-930.824 1012.87 5.90116 -165.516 126.782 0.382
-930.83 1012.87 4.90118 -165.511 126.873 0.392
-930.835 1012.87 3.9012 -165.5 126.963 0.403
-930.841 1012.87 2.90122 -165.49 127.046 0.417
-930.847 1012.87 1.90123 -165.49 127.046 0.417
-930.853 1012.87 0.901251 -165.484 127.122 0.429
-930.859 1012.87 -0.0987313 -165.48 127.198 0.444
-930.864 1012.87 -1.09871 -165.473 127.281 0.458
-930.87 1012.88 -2.0987 -165.463 127.372 0.462
-930.876 1012.88 -3.09868 -165.457 127.462 0.475
-930.882 1012.88 -4.09866 -165.457 127.462 0.475
-930.888 1012.88 -5.09864 -165.455 127.546 0.494
-930.894 1012.88 -6.09862 -165.453 127.636 0.513
-930.899 1012.88 -7.09861 -165.447 127.727 0.524
-930.905 1012.88 -8.09859 -165.447 127.727 0.524
-930.911 1012.89 -9.09857 -165.44 127.84 0.538
-930.917 1012.89 -10.0986 -165.437 127.916 0.551
-930.923 1012.89 -11.0985 -165.43 128.017 0.57
-930.928 1012.89 -12.0985 -165.43 128.017 0.57
-930.934 1012.89 -13.0985 -165.419 128.093 0.582
-930.94 1012.89 -14.0985 -165.408 128.169 0.588
-930.946 1012.89 -15.0985 -165.401 128.259 0.608
-930.952 1012.89 -16.0984 -165.401 128.341 0.625
-930.958 1012.9 -17.0984 -165.399 128.438 0.644
-930.963 1012.9 -18.0984 -165.399 128.438 0.644
-930.969 1012.9 -19.0984 -165.392 128.514 0.655
-930.975 1012.9 -20.0984 -165.382 128.611 0.673
-930.981 1012.9 -21.0984 -165.376 128.694 0.696
-930.987 1012.9 -22.0983 -165.372 128.785 0.712
-930.992 1012.9 -23.0983 -165.372 128.785 0.712
-930.998 1012.91 -24.0983 -165.367 128.87 0.727
-931.004 1012.91 -25.0983 -165.359 128.954 0.729
-931.01 1012.91 -26.0983 -165.355 129.046 0.743
-931.016 1012.91 -27.0983 -165.355 129.046 0.743
-931.021 1012.91 -28.0982 -165.351 129.129 0.762
-931.027 1012.91 -29.0982 -165.347 129.212 0.777
-931.033 1012.91 -30.0982 -165.338 129.309 0.793
-931.039 1012.91 -31.0982 -165.332 129.383 0.805
-931.045 1012.92 -32.0982 -165.324 129.466 0.823
-931.051 1012.92 -33.0981 -165.324 129.466 0.823
-931.056 1012.92 -34.0981 -165.32 129.543 0.836
-931.062 1012.92 -35.0981 -165.315 129.626 0.847
-931.068 1012.92 -36.0981 -165.301 129.716 0.851
-931.074 1012.92 -37.0981 -165.295 129.798 0.864
-931.08 1012.92 -38.0981 -165.29 129.881 0.881
-931.085 1012.93 -39.098 -165.288 129.966 0.904
-931.091 1012.93 -40.098 -165.288 129.966 0.904
-931.097 1012.93 -41.098 -165.281 130.053 0.913
-931.103 1012.93 -42.098 -165.271 130.137 0.924
-931.109 1012.93 -43.098 -165.263 130.233 0.944
-931.115 1012.93 -44.0979 -165.263 130.233 0.944
-931.12 1012.93 -45.0979 -165.262 130.323 0.962
-931.126 1012.93 -46.0979 -165.259 130.412 0.976
-931.132 1012.94 -47.0979 -165.252 130.496 0.984
-931.138 1012.94 -48.0979 -165.245 130.579 1
-931.144 1012.94 -49.0979 -165.241 130.655 1.023
-931.149 1012.94 -50.0978 -165.241 130.655 1.023
-931.155 1012.94 -51.0978 -165.234 130.738 1.041
-931.161 1012.94 -52.0978 -165.227 130.813 1.053
-931.167 1012.94 -53.0978 -165.218 130.905 1.067
-931.173 1012.95 -54.0978 -165.212 130.989 1.082
-931.179 1012.95 -55.0978 -165.212 130.989 1.082
-931.184 1012.95 -56.0977 -165.207 131.087 1.094
-931.19 1012.95 -57.0977 -165.199 131.176 1.108
-931.196 1012.95 -58.0977 -165.187 131.26 1.121
-931.202 1012.95 -59.0977 -165.183 131.335 1.138
-931.208 1012.95 -60.0977 -165.181 131.409 1.154
-931.213 1012.95 -61.0976 -165.179 131.485 1.163
-931.219 1012.96 -62.0976 -165.179 131.485 1.163
-931.225 1012.96 -63.0976 -165.17 131.57 1.17
-931.231 1012.96 -64.0976 -165.162 131.661 1.184
-931.237 1012.96 -65.0976 -165.16 131.751 1.196
-931.243 1012.96 -66.0976 -165.16 131.751 1.196
-931.248 1012.96 -67.0975 -165.152 131.849 1.216
-931.254 1012.96 -68.0975 -165.141 131.924 1.228
-931.26 1012.97 -69.0975 -165.131 132.018 1.241
-931.266 1012.97 -70.0975 -165.131 132.018 1.241
-931.272 1012.97 -71.0975 -165.126 132.118 1.269
-931.277 1012.97 -72.0974 -165.118 132.208 1.288
-931.283 1012.97 -73.0974 -165.11 132.288 1.301
-931.289 1012.97 -74.0974 -165.105 132.377 1.318
-931.295 1012.97 -75.0974 -165.098 132.46 1.338
-931.301 1012.97 -76.0974 -165.098 132.46 1.338
-931.307 1012.98 -77.0974 -165.092 132.535 1.354
-931.312 1012.98 -78.0973 -165.088 132.614 1.36
-931.318 1012.98 -79.0973 -165.08 132.707 1.377
-931.324 1012.98 -80.0973 -165.08 132.707 1.377
-931.33 1012.98 -81.0973 -165.076 132.806 1.401
-931.336 1012.98 -82.0973 -165.066 132.888 1.411
-931.341 1012.98 -83.0973 -165.06 132.978 1.42
-931.347 1012.99 -84.0972 -165.058 133.069 1.437
-931.353 1012.99 -85.0972 -165.049 133.144 1.455
-931.359 1012.99 -86.0972 -165.049 133.144 1.455
-931.365 1012.99 -87.0972 -165.038 133.22 1.469
-931.371 1012.99 -88.0972 -165.027 133.318 1.482
-931.376 1012.99 -89.0971 -165.019 133.407 1.497
-931.382 1012.99 -90.0971 -165.018 133.488 1.512
-931.388 1012.99 -91.0971 -165.018 133.488 1.512
-931.394 1013 -92.0971 -165.01 133.588 1.523
-931.4 1013 -93.0971 -165.003 133.675 1.534
-931.405 1013 -94.0971 -164.993 133.75 1.552
-931.411 1013 -95.097 -164.993 133.75 1.552
-931.417 1013 -96.097 -164.993 133.75 1.552
-931.423 1013 -97.097 -164.993 133.75 1.552
-931.429 1013 -98.097 -164.993 133.75 1.552
-931.434 1013.01 -99.097 -164.993 133.75 1.552
