1
-926.325 1055.56 -101.761 178.912 138.705 -79.409
-926.596 1054.6 -101.744 178.912 138.705 -79.409
-926.866 1053.64 -101.728 178.912 138.705 -79.409
-927.136 1052.67 -101.712 178.912 138.705 -79.409
-927.407 1051.71 -101.695 178.912 138.705 -79.409
-927.677 1050.75 -101.679 178.892 138.709 -79.447
-927.947 1049.79 -101.662 178.899 138.705 -79.44
-928.218 1048.82 -101.646 178.91 138.699 -79.431
-928.488 1047.86 -101.63 178.91 138.699 -79.431
-928.758 1046.9 -101.613 178.93 138.691 -79.417
-929.029 1045.93 -101.597 178.936 138.689 -79.412
-929.299 1044.97 -101.581 178.935 138.689 -79.412
-929.569 1044.01 -101.564 178.935 138.689 -79.412
-929.84 1043.05 -101.548 178.929 138.691 -79.422
-930.11 1042.08 -101.531 178.93 138.693 -79.427
-930.38 1041.12 -101.515 178.93 138.695 -79.431
-930.65 1040.16 -101.499 178.93 138.695 -79.431
-930.921 1039.2 -101.482 178.93 138.695 -79.432
-931.191 1038.23 -101.466 178.932 138.693 -79.435
-931.461 1037.27 -101.449 178.935 138.694 -79.438
-931.732 1036.31 -101.433 178.936 138.693 -79.443
-932.002 1035.35 -101.417 178.942 138.692 -79.441
-932.272 1034.38 -101.4 178.942 138.692 -79.441
-932.543 1033.42 -101.384 178.937 138.689 -79.44
-932.813 1032.46 -101.368 178.93 138.688 -79.448
-933.083 1031.5 -101.351 178.928 138.688 -79.455
-933.354 1030.53 -101.335 178.928 138.688 -79.455
-933.624 1029.57 -101.318 178.928 138.689 -79.461
-933.894 1028.61 -101.302 178.93 138.692 -79.472
-934.165 1027.64 -101.286 178.937 138.693 -79.47
-934.435 1026.68 -101.269 178.945 138.69 -79.467
-934.705 1025.72 -101.253 178.945 138.69 -79.467
-934.976 1024.76 -101.236 178.947 138.688 -79.467
-935.246 1023.79 -101.22 178.947 138.688 -79.467
-935.516 1022.83 -101.204 178.947 138.688 -79.467
-935.787 1021.87 -101.187 178.947 138.688 -79.467
-936.057 1020.91 -101.171 178.947 138.688 -79.467
-936.327 1019.94 -101.155 178.947 138.688 -79.467
-936.598 1018.98 -101.138 178.947 138.688 -79.467
-936.868 1018.02 -101.122 178.947 138.688 -79.467
-937.138 1017.06 -101.105 178.947 138.688 -79.467
2
-924.417 1054.34 -101.836 178.916 138.706 -79.405
-924.69 1053.38 -101.829 178.916 138.706 -79.405
-924.962 1052.41 -101.821 178.916 138.706 -79.405
-925.235 1051.45 -101.813 178.916 138.706 -79.405
-925.508 1050.49 -101.806 178.895 138.706 -79.445
-925.781 1049.53 -101.798 178.905 138.704 -79.436
-926.053 1048.56 -101.791 178.92 138.698 -79.424
-926.326 1047.6 -101.783 178.933 138.691 -79.411
-926.599 1046.64 -101.775 178.933 138.691 -79.411
-926.872 1045.68 -101.768 178.935 138.691 -79.407
-927.144 1044.72 -101.76 178.931 138.693 -79.41
-927.417 1043.75 -101.753 178.929 138.695 -79.422
-927.69 1042.79 -101.745 178.929 138.695 -79.422
-927.963 1041.83 -101.737 178.928 138.694 -79.424
-928.235 1040.87 -101.73 178.929 138.694 -79.429
-928.508 1039.91 -101.722 178.93 138.693 -79.427
-928.781 1038.94 -101.715 178.934 138.693 -79.432
-929.054 1037.98 -101.707 178.938 138.693 -79.434
-929.326 1037.02 -101.699 178.938 138.693 -79.434
-929.599 1036.06 -101.692 178.942 138.695 -79.441
-929.872 1035.1 -101.684 178.944 138.695 -79.443
-930.144 1034.13 -101.677 178.938 138.694 -79.446
-930.417 1033.17 -101.669 178.931 138.692 -79.445
-930.69 1032.21 -101.661 178.93 138.688 -79.45
-930.963 1031.25 -101.654 178.93 138.688 -79.45
-931.235 1030.29 -101.646 178.935 138.688 -79.454
-931.508 1029.32 -101.639 178.937 138.688 -79.459
-931.781 1028.36 -101.631 178.935 138.688 -79.468
-932.054 1027.4 -101.623 178.933 138.692 -79.475
-932.326 1026.44 -101.616 178.933 138.692 -79.475
-932.599 1025.48 -101.608 178.936 138.694 -79.475
-932.872 1024.51 -101.601 178.945 138.694 -79.479
-933.145 1023.55 -101.593 178.945 138.694 -79.479
-933.417 1022.59 -101.585 178.945 138.694 -79.479
-933.69 1021.63 -101.578 178.945 138.694 -79.479
-933.963 1020.67 -101.57 178.945 138.694 -79.479
-934.236 1019.7 -101.563 178.945 138.694 -79.479
-934.508 1018.74 -101.555 178.945 138.694 -79.479
-934.781 1017.78 -101.547 178.945 138.694 -79.479
-935.054 1016.82 -101.54 178.945 138.694 -79.479
-935.327 1015.85 -101.532 178.945 138.694 -79.479
3
-924.583 1053.99 -100.944 178.917 138.705 -79.401
-924.845 1053.03 -100.943 178.917 138.705 -79.401
-925.107 1052.06 -100.942 178.917 138.705 -79.401
-925.369 1051.1 -100.941 178.917 138.705 -79.401
-925.632 1050.13 -100.941 178.896 138.706 -79.444
-925.894 1049.17 -100.94 178.915 138.701 -79.427
-926.156 1048.2 -100.939 178.93 138.697 -79.417
-926.418 1047.24 -100.938 178.932 138.698 -79.415
-926.681 1046.27 -100.937 178.929 138.7 -79.419
-926.943 1045.31 -100.937 178.929 138.699 -79.42
-927.205 1044.34 -100.936 178.929 138.698 -79.422
-927.467 1043.38 -100.935 178.93 138.695 -79.427
-927.73 1042.41 -100.934 178.93 138.695 -79.427
-927.992 1041.45 -100.934 178.932 138.694 -79.425
-928.254 1040.48 -100.933 178.936 138.693 -79.425
-928.516 1039.52 -100.932 178.938 138.695 -79.428
-928.779 1038.55 -100.931 178.936 138.697 -79.435
-929.041 1037.59 -100.93 178.934 138.698 -79.441
-929.303 1036.62 -100.93 178.934 138.695 -79.443
-929.565 1035.66 -100.929 178.937 138.694 -79.447
-929.828 1034.69 -100.928 178.936 138.692 -79.445
-930.09 1033.73 -100.927 178.935 138.691 -79.448
-930.352 1032.76 -100.927 178.935 138.691 -79.448
-930.614 1031.8 -100.926 178.932 138.69 -79.452
-930.877 1030.83 -100.925 178.933 138.692 -79.457
-931.139 1029.87 -100.924 178.935 138.692 -79.457
-931.401 1028.9 -100.923 178.933 138.69 -79.462
-931.663 1027.94 -100.923 178.931 138.69 -79.47
-931.926 1026.97 -100.922 178.935 138.69 -79.472
-932.188 1026.01 -100.921 178.939 138.691 -79.474
-932.45 1025.04 -100.92 178.939 138.691 -79.474
-932.712 1024.08 -100.92 178.94 138.691 -79.479
-932.975 1023.11 -100.919 178.94 138.691 -79.479
-933.237 1022.15 -100.918 178.94 138.691 -79.479
-933.499 1021.18 -100.917 178.94 138.691 -79.479
-933.761 1020.22 -100.916 178.94 138.691 -79.479
-934.024 1019.25 -100.916 178.94 138.691 -79.479
-934.286 1018.29 -100.915 178.94 138.691 -79.479
-934.548 1017.32 -100.914 178.94 138.691 -79.479
-934.81 1016.36 -100.913 178.94 138.691 -79.479
-935.072 1015.39 -100.913 178.94 138.691 -79.479
4
-923.598 1052.2 -100.783 178.917 138.701 -79.424
-923.861 1051.23 -100.775 178.917 138.701 -79.424
-924.124 1050.27 -100.767 178.917 138.701 -79.424
-924.387 1049.3 -100.76 178.917 138.701 -79.424
-924.651 1048.34 -100.752 178.93 138.696 -79.414
-924.914 1047.37 -100.744 178.932 138.697 -79.413
-925.177 1046.41 -100.737 178.929 138.698 -79.415
-925.44 1045.44 -100.729 178.929 138.698 -79.415
-925.703 1044.48 -100.721 178.926 138.696 -79.416
-925.966 1043.52 -100.714 178.927 138.696 -79.418
-926.23 1042.55 -100.706 178.93 138.694 -79.422
-926.493 1041.59 -100.698 178.933 138.692 -79.42
-926.756 1040.62 -100.69 178.937 138.692 -79.42
-927.019 1039.66 -100.683 178.938 138.695 -79.425
-927.282 1038.69 -100.675 178.937 138.697 -79.433
-927.545 1037.73 -100.667 178.937 138.697 -79.437
-927.809 1036.76 -100.66 178.937 138.695 -79.442
-928.072 1035.8 -100.652 178.937 138.695 -79.442
-928.335 1034.83 -100.644 178.939 138.694 -79.445
-928.598 1033.87 -100.637 178.938 138.692 -79.444
-928.861 1032.9 -100.629 178.936 138.69 -79.447
-929.124 1031.94 -100.621 178.931 138.689 -79.452
-929.388 1030.97 -100.614 178.935 138.692 -79.458
-929.651 1030.01 -100.606 178.935 138.692 -79.461
-929.914 1029.04 -100.598 178.933 138.691 -79.468
-930.177 1028.08 -100.59 178.933 138.691 -79.468
-930.44 1027.12 -100.583 178.932 138.692 -79.475
-930.704 1026.15 -100.575 178.935 138.692 -79.477
-930.967 1025.19 -100.567 178.938 138.693 -79.48
-931.23 1024.22 -100.56 178.94 138.692 -79.483
-931.493 1023.26 -100.552 178.94 138.692 -79.483
-931.756 1022.29 -100.544 178.94 138.692 -79.483
-932.019 1021.33 -100.537 178.94 138.692 -79.483
-932.283 1020.36 -100.529 178.94 138.692 -79.483
-932.546 1019.4 -100.521 178.94 138.692 -79.483
-932.809 1018.43 -100.514 178.94 138.692 -79.483
-933.072 1017.47 -100.506 178.94 138.692 -79.483
-933.335 1016.5 -100.498 178.94 138.692 -79.483
-933.598 1015.54 -100.491 178.94 138.692 -79.483
-933.862 1014.57 -100.483 178.94 138.692 -79.483
-934.125 1013.61 -100.475 178.94 138.692 -79.483
