1
-694.715 515.522 51.2517 -150.479 125.049 8.152
-694.719 515.52 50.2517 -150.479 125.049 8.152
-694.722 515.517 49.2517 -150.479 125.049 8.152
-694.725 515.515 48.2517 -150.479 125.049 8.152
-694.729 515.513 47.2517 -150.479 125.049 8.152
-694.732 515.511 46.2518 -150.479 125.049 8.152
-694.735 515.509 45.2518 -150.479 125.049 8.152
-694.738 515.507 44.2518 -150.479 125.049 8.152
-694.742 515.505 43.2518 -150.479 125.049 8.152
-694.745 515.503 42.2518 -150.479 125.049 8.152
-694.748 515.501 41.2518 -150.479 125.049 8.152
-694.752 515.499 40.2518 -150.492 125.038 8.13
-694.755 515.497 39.2518 -150.492 125.038 8.13
-694.758 515.495 38.2518 -150.492 125.038 8.13
-694.762 515.493 37.2518 -150.493 125.04 8.133
-694.765 515.491 36.2518 -150.491 125.043 8.135
-694.768 515.488 35.2518 -150.486 125.044 8.141
-694.772 515.486 34.2518 -150.486 125.044 8.143
-694.775 515.484 33.2519 -150.485 125.044 8.147
-694.778 515.482 32.2519 -150.485 125.044 8.147
-694.782 515.48 31.2519 -150.487 125.043 8.15
-694.785 515.478 30.2519 -150.488 125.043 8.135
-694.788 515.476 29.2519 -150.491 125.043 8.137
-694.792 515.474 28.2519 -150.491 125.043 8.137
-694.795 515.472 27.2519 -150.492 125.045 8.137
-694.798 515.47 26.2519 -150.493 125.046 8.137
-694.802 515.468 25.2519 -150.492 125.048 8.137
-694.805 515.466 24.2519 -150.492 125.049 8.14
-694.808 515.464 23.2519 -150.492 125.049 8.146
-694.811 515.462 22.2519 -150.492 125.049 8.146
-694.815 515.459 21.2519 -150.493 125.049 8.158
-694.818 515.457 20.252 -150.491 125.048 8.15
-694.821 515.455 19.252 -150.491 125.047 8.147
-694.825 515.453 18.252 -150.494 125.048 8.15
-694.828 515.451 17.252 -150.495 125.049 8.148
-694.831 515.449 16.252 -150.495 125.049 8.148
-694.835 515.447 15.252 -150.494 125.05 8.148
-694.838 515.445 14.252 -150.495 125.051 8.149
-694.841 515.443 13.252 -150.497 125.053 8.149
-694.845 515.441 12.252 -150.497 125.053 8.149
-694.848 515.439 11.252 -150.497 125.054 8.161
-694.851 515.437 10.252 -150.493 125.054 8.158
-694.855 515.435 9.25204 -150.49 125.053 8.147
-694.858 515.433 8.25204 -150.491 125.052 8.151
-694.861 515.43 7.25205 -150.491 125.052 8.151
-694.865 515.428 6.25206 -150.493 125.051 8.15
-694.868 515.426 5.25207 -150.494 125.051 8.146
-694.871 515.424 4.25207 -150.491 125.05 8.144
-694.874 515.422 3.25208 -150.493 125.05 8.147
-694.878 515.42 2.25209 -150.496 125.051 8.152
-694.881 515.418 1.2521 -150.497 125.052 8.152
-694.884 515.416 0.252104 -150.497 125.052 8.152
-694.888 515.414 -0.747888 -150.495 125.053 8.145
-694.891 515.412 -1.74788 -150.497 125.055 8.149
-694.894 515.41 -2.74787 -150.498 125.055 8.15
-694.898 515.408 -3.74787 -150.497 125.057 8.151
-694.901 515.406 -4.74786 -150.496 125.057 8.15
-694.904 515.404 -5.74785 -150.496 125.057 8.15
-694.908 515.401 -6.74784 -150.496 125.056 8.149
-694.911 515.399 -7.74783 -150.498 125.057 8.156
-694.914 515.397 -8.74783 -150.499 125.057 8.157
-694.918 515.395 -9.74782 -150.497 125.056 8.151
-694.921 515.393 -10.7478 -150.497 125.057 8.153
-694.924 515.391 -11.7478 -150.497 125.057 8.153
-694.928 515.389 -12.7478 -150.497 125.058 8.155
-694.931 515.387 -13.7478 -150.496 125.058 8.157
-694.934 515.385 -14.7478 -150.497 125.06 8.155
-694.938 515.383 -15.7478 -150.497 125.06 8.155
-694.941 515.381 -16.7478 -150.501 125.06 8.154
-694.944 515.379 -17.7478 -150.5 125.06 8.162
-694.947 515.377 -18.7478 -150.497 125.061 8.156
-694.951 515.375 -19.7477 -150.494 125.061 8.147
-694.954 515.372 -20.7477 -150.494 125.061 8.147
-694.957 515.37 -21.7477 -150.494 125.06 8.15
-694.961 515.368 -22.7477 -150.494 125.06 8.15
-694.964 515.366 -23.7477 -150.495 125.06 8.151
-694.967 515.364 -24.7477 -150.498 125.061 8.152
-694.971 515.362 -25.7477 -150.5 125.061 8.155
-694.974 515.36 -26.7477 -150.5 125.061 8.155
-694.977 515.358 -27.7477 -150.5 125.061 8.157
-694.981 515.356 -28.7477 -150.499 125.062 8.156
-694.984 515.354 -29.7477 -150.501 125.063 8.154
-694.987 515.352 -30.7477 -150.502 125.065 8.156
-694.991 515.35 -31.7477 -150.502 125.065 8.156
-694.994 515.348 -32.7476 -150.5 125.065 8.156
-694.997 515.345 -33.7476 -150.501 125.066 8.158
-695.001 515.343 -34.7476 -150.501 125.066 8.157
-695.004 515.341 -35.7476 -150.503 125.066 8.159
-695.007 515.339 -36.7476 -150.504 125.065 8.165
-695.01 515.337 -37.7476 -150.504 125.065 8.165
-695.014 515.335 -38.7476 -150.503 125.065 8.159
-695.017 515.333 -39.7476 -150.503 125.065 8.159
-695.02 515.331 -40.7476 -150.503 125.065 8.159
-695.024 515.329 -41.7476 -150.501 125.066 8.157
-695.027 515.327 -42.7476 -150.499 125.066 8.155
-695.03 515.325 -43.7476 -150.498 125.066 8.154
-695.034 515.323 -44.7476 -150.498 125.066 8.154
-695.037 515.321 -45.7475 -150.496 125.069 8.155
-695.04 515.319 -46.7475 -150.499 125.07 8.161
-695.044 515.316 -47.7475 -150.497 125.069 8.151
-695.047 515.314 -48.7475 -150.497 125.069 8.151
-695.05 515.312 -49.7475 -150.497 125.069 8.155
-695.054 515.31 -50.7475 -150.498 125.069 8.155
-695.057 515.308 -51.7475 -150.498 125.067 8.157
-695.06 515.306 -52.7475 -150.498 125.067 8.157
-695.064 515.304 -53.7475 -150.498 125.068 8.158
-695.067 515.302 -54.7475 -150.498 125.069 8.161
-695.07 515.3 -55.7475 -150.499 125.068 8.167
-695.074 515.298 -56.7475 -150.499 125.068 8.167
-695.077 515.296 -57.7475 -150.497 125.069 8.162
-695.08 515.294 -58.7474 -150.496 125.07 8.165
-695.083 515.292 -59.7474 -150.498 125.07 8.165
-695.087 515.29 -60.7474 -150.501 125.071 8.164
-695.09 515.287 -61.7474 -150.501 125.071 8.164
-695.093 515.285 -62.7474 -150.5 125.071 8.168
-695.097 515.283 -63.7474 -150.501 125.072 8.171
-695.1 515.281 -64.7474 -150.5 125.071 8.175
-695.103 515.279 -65.7474 -150.497 125.072 8.172
-695.107 515.277 -66.7474 -150.494 125.072 8.165
-695.11 515.275 -67.7474 -150.494 125.072 8.165
-695.113 515.273 -68.7474 -150.495 125.072 8.164
-695.117 515.271 -69.7474 -150.493 125.073 8.161
-695.12 515.269 -70.7474 -150.493 125.075 8.159
-695.123 515.267 -71.7473 -150.49 125.074 8.159
-695.127 515.265 -72.7473 -150.491 125.073 8.162
-695.13 515.263 -73.7473 -150.491 125.073 8.162
-695.133 515.261 -74.7473 -150.494 125.075 8.167
-695.137 515.258 -75.7473 -150.493 125.075 8.161
-695.14 515.256 -76.7473 -150.495 125.076 8.156
-695.143 515.254 -77.7473 -150.498 125.076 8.159
-695.147 515.252 -78.7473 -150.499 125.076 8.161
-695.15 515.25 -79.7473 -150.501 125.076 8.163
-695.153 515.248 -80.7473 -150.501 125.075 8.164
-695.156 515.246 -81.7473 -150.501 125.075 8.164
-695.16 515.244 -82.7473 -150.5 125.076 8.169
-695.163 515.242 -83.7473 -150.501 125.077 8.173
-695.166 515.24 -84.7472 -150.498 125.076 8.168
-695.17 515.238 -85.7472 -150.498 125.078 8.168
-695.173 515.236 -86.7472 -150.5 125.079 8.169
-695.176 515.234 -87.7472 -150.5 125.079 8.169
-695.18 515.232 -88.7472 -150.5 125.078 8.168
-695.183 515.229 -89.7472 -150.498 125.079 8.166
-695.186 515.227 -90.7472 -150.496 125.08 8.165
-695.19 515.225 -91.7472 -150.497 125.081 8.168
-695.193 515.223 -92.7472 -150.495 125.083 8.165
-695.196 515.221 -93.7472 -150.493 125.084 8.16
-695.2 515.219 -94.7472 -150.493 125.084 8.16
-695.203 515.217 -95.7472 -150.494 125.085 8.162
-695.206 515.215 -96.7472 -150.494 125.087 8.165
-695.21 515.213 -97.7471 -150.494 125.087 8.165
-695.213 515.211 -98.7471 -150.494 125.087 8.165
-695.216 515.209 -99.7471 -150.494 125.087 8.165
-695.219 515.207 -100.747 -150.494 125.087 8.165
-695.223 515.205 -101.747 -150.494 125.087 8.165
-695.226 515.203 -102.747 -150.494 125.087 8.165
-695.229 515.2 -103.747 -150.494 125.087 8.165
2
-694.356 512.944 51.2018 -150.478 125.049 8.153
-694.361 512.945 50.2019 -150.478 125.049 8.153
-694.365 512.945 49.2019 -150.478 125.049 8.153
-694.37 512.945 48.2019 -150.478 125.049 8.153
-694.374 512.945 47.2019 -150.478 125.049 8.153
-694.379 512.945 46.2019 -150.478 125.049 8.153
-694.383 512.945 45.2019 -150.478 125.049 8.153
-694.387 512.946 44.2019 -150.478 125.049 8.153
-694.392 512.946 43.2019 -150.478 125.049 8.153
-694.396 512.946 42.2019 -150.478 125.049 8.153
-694.401 512.946 41.2019 -150.478 125.049 8.153
-694.405 512.946 40.202 -150.49 125.038 8.123
-694.41 512.946 39.202 -150.491 125.04 8.13
-694.414 512.947 38.202 -150.491 125.04 8.13
-694.419 512.947 37.202 -150.49 125.043 8.135
-694.423 512.947 36.202 -150.487 125.044 8.138
-694.428 512.947 35.202 -150.487 125.044 8.138
-694.432 512.947 34.202 -150.488 125.043 8.139
-694.437 512.948 33.202 -150.489 125.041 8.139
-694.441 512.948 32.202 -150.493 125.04 8.148
-694.445 512.948 31.202 -150.492 125.042 8.139
-694.45 512.948 30.2021 -150.492 125.042 8.139
-694.454 512.948 29.2021 -150.491 125.043 8.132
-694.459 512.948 28.2021 -150.492 125.044 8.14
-694.463 512.949 27.2021 -150.491 125.046 8.14
-694.468 512.949 26.2021 -150.49 125.047 8.142
-694.472 512.949 25.2021 -150.49 125.047 8.143
-694.477 512.949 24.2021 -150.491 125.047 8.143
-694.481 512.949 23.2021 -150.491 125.047 8.143
-694.486 512.949 22.2021 -150.495 125.048 8.15
-694.49 512.95 21.2021 -150.5 125.049 8.158
-694.495 512.95 20.2022 -150.499 125.05 8.15
-694.499 512.95 19.2022 -150.494 125.05 8.145
-694.503 512.95 18.2022 -150.494 125.05 8.145
-694.508 512.95 17.2022 -150.494 125.049 8.152
-694.512 512.951 16.2022 -150.491 125.05 8.15
-694.517 512.951 15.2022 -150.491 125.051 8.152
-694.521 512.951 14.2022 -150.492 125.052 8.15
-694.526 512.951 13.2022 -150.492 125.052 8.15
-694.53 512.951 12.2022 -150.495 125.053 8.152
-694.535 512.951 11.2022 -150.495 125.053 8.164
-694.539 512.952 10.2023 -150.491 125.053 8.151
-694.544 512.952 9.20226 -150.49 125.054 8.142
-694.548 512.952 8.20227 -150.491 125.053 8.147
-694.552 512.952 7.20228 -150.491 125.053 8.147
-694.557 512.952 6.20229 -150.493 125.052 8.145
-694.561 512.953 5.2023 -150.494 125.051 8.141
-694.566 512.953 4.20231 -150.492 125.05 8.143
-694.57 512.953 3.20232 -150.496 125.051 8.147
-694.575 512.953 2.20233 -150.498 125.05 8.154
-694.579 512.953 1.20234 -150.498 125.05 8.154
-694.584 512.953 0.202351 -150.495 125.051 8.152
-694.588 512.954 -0.797639 -150.498 125.053 8.148
-694.593 512.954 -1.79763 -150.498 125.053 8.148
-694.597 512.954 -2.79762 -150.501 125.054 8.15
-694.602 512.954 -3.79761 -150.499 125.055 8.153
-694.606 512.954 -4.7976 -150.498 125.057 8.151
-694.61 512.954 -5.79759 -150.498 125.057 8.151
-694.615 512.955 -6.79758 -150.498 125.057 8.15
-694.619 512.955 -7.79757 -150.499 125.058 8.159
-694.624 512.955 -8.79756 -150.499 125.059 8.157
-694.628 512.955 -9.79755 -150.497 125.057 8.152
-694.633 512.955 -10.7975 -150.497 125.057 8.152
-694.637 512.956 -11.7975 -150.496 125.058 8.154
-694.642 512.956 -12.7975 -150.494 125.057 8.155
-694.646 512.956 -13.7975 -150.494 125.058 8.155
-694.651 512.956 -14.7975 -150.496 125.058 8.154
-694.655 512.956 -15.7975 -150.497 125.06 8.15
-694.66 512.956 -16.7975 -150.497 125.06 8.15
-694.664 512.957 -17.7975 -150.499 125.06 8.16
-694.668 512.957 -18.7975 -150.496 125.061 8.156
-694.673 512.957 -19.7975 -150.493 125.062 8.148
-694.677 512.957 -20.7974 -150.492 125.062 8.146
-694.682 512.957 -21.7974 -150.492 125.062 8.146
-694.686 512.957 -22.7974 -150.494 125.061 8.149
-694.691 512.958 -23.7974 -150.498 125.061 8.149
-694.695 512.958 -24.7974 -150.497 125.06 8.149
-694.7 512.958 -25.7974 -150.498 125.059 8.152
-694.704 512.958 -26.7974 -150.502 125.06 8.159
-694.709 512.958 -27.7974 -150.502 125.06 8.159
-694.713 512.959 -28.7974 -150.5 125.06 8.158
-694.717 512.959 -29.7974 -150.501 125.062 8.154
-694.722 512.959 -30.7973 -150.502 125.063 8.156
-694.726 512.959 -31.7973 -150.502 125.063 8.156
-694.731 512.959 -32.7973 -150.501 125.064 8.157
-694.735 512.959 -33.7973 -150.501 125.065 8.158
-694.74 512.96 -34.7973 -150.503 125.065 8.155
-694.744 512.96 -35.7973 -150.505 125.066 8.158
-694.749 512.96 -36.7973 -150.506 125.065 8.162
-694.753 512.96 -37.7973 -150.506 125.065 8.162
-694.758 512.96 -38.7973 -150.504 125.066 8.158
-694.762 512.96 -39.7973 -150.502 125.066 8.156
-694.767 512.961 -40.7972 -150.497 125.066 8.157
-694.771 512.961 -41.7972 -150.497 125.066 8.157
-694.775 512.961 -42.7972 -150.493 125.065 8.158
-694.78 512.961 -43.7972 -150.493 125.067 8.155
-694.784 512.961 -44.7972 -150.493 125.068 8.153
-694.789 512.962 -45.7972 -150.496 125.07 8.16
-694.793 512.962 -46.7972 -150.495 125.071 8.158
-694.798 512.962 -47.7972 -150.495 125.071 8.158
-694.802 512.962 -48.7972 -150.493 125.069 8.153
-694.807 512.962 -49.7972 -150.493 125.069 8.155
-694.811 512.962 -50.7971 -150.497 125.069 8.156
-694.816 512.963 -51.7971 -150.499 125.068 8.158
-694.82 512.963 -52.7971 -150.499 125.068 8.158
-694.825 512.963 -53.7971 -150.499 125.069 8.159
-694.829 512.963 -54.7971 -150.498 125.069 8.16
-694.833 512.963 -55.7971 -150.498 125.068 8.168
-694.838 512.964 -56.7971 -150.499 125.068 8.168
-694.842 512.964 -57.7971 -150.497 125.068 8.163
-694.847 512.964 -58.7971 -150.497 125.068 8.163
-694.851 512.964 -59.7971 -150.498 125.069 8.166
-694.856 512.964 -60.797 -150.5 125.07 8.165
-694.86 512.964 -61.797 -150.5 125.071 8.165
-694.865 512.965 -62.797 -150.498 125.072 8.168
-694.869 512.965 -63.797 -150.498 125.072 8.168
-694.874 512.965 -64.797 -150.498 125.072 8.17
-694.878 512.965 -65.797 -150.499 125.073 8.173
-694.882 512.965 -66.797 -150.495 125.074 8.163
-694.887 512.965 -67.797 -150.493 125.074 8.16
-694.891 512.966 -68.797 -150.493 125.074 8.16
-694.896 512.966 -69.797 -150.493 125.074 8.158
-694.9 512.966 -70.7969 -150.489 125.075 8.157
-694.905 512.966 -71.7969 -150.488 125.075 8.158
-694.909 512.966 -72.7969 -150.488 125.075 8.158
-694.914 512.967 -73.7969 -150.492 125.075 8.165
-694.918 512.967 -74.7969 -150.494 125.075 8.167
-694.923 512.967 -75.7969 -150.494 125.075 8.159
-694.927 512.967 -76.7969 -150.499 125.076 8.159
-694.932 512.967 -77.7969 -150.499 125.076 8.159
-694.936 512.967 -78.7969 -150.5 125.076 8.162
-694.94 512.968 -79.7969 -150.501 125.075 8.166
-694.945 512.968 -80.7968 -150.502 125.075 8.165
-694.949 512.968 -81.7968 -150.5 125.076 8.168
-694.954 512.968 -82.7968 -150.502 125.077 8.177
-694.958 512.968 -83.7968 -150.502 125.077 8.177
-694.963 512.968 -84.7968 -150.5 125.077 8.173
-694.967 512.969 -85.7968 -150.498 125.077 8.169
-694.972 512.969 -86.7968 -150.498 125.077 8.169
-694.976 512.969 -87.7968 -150.497 125.077 8.168
-694.981 512.969 -88.7968 -150.496 125.079 8.166
-694.985 512.969 -89.7968 -150.494 125.08 8.164
-694.99 512.97 -90.7967 -150.494 125.08 8.164
-694.994 512.97 -91.7967 -150.494 125.081 8.17
-694.998 512.97 -92.7967 -150.494 125.082 8.165
-695.003 512.97 -93.7967 -150.489 125.083 8.159
-695.007 512.97 -94.7967 -150.489 125.083 8.159
-695.012 512.97 -95.7967 -150.493 125.085 8.162
-695.016 512.971 -96.7967 -150.495 125.085 8.164
-695.021 512.971 -97.7967 -150.495 125.085 8.164
-695.025 512.971 -98.7967 -150.495 125.085 8.164
-695.03 512.971 -99.7967 -150.495 125.085 8.164
-695.034 512.971 -100.797 -150.495 125.085 8.164
-695.039 512.971 -101.797 -150.495 125.085 8.164
-695.043 512.972 -102.797 -150.495 125.085 8.164
-695.047 512.972 -103.797 -150.495 125.085 8.164
3
-691.228 515.984 52.0689 -150.477 125.048 8.151
-691.238 515.986 51.069 -150.477 125.048 8.151
-691.248 515.989 50.069 -150.477 125.048 8.151
-691.259 515.992 49.0691 -150.477 125.048 8.151
-691.269 515.995 48.0691 -150.477 125.048 8.151
-691.279 515.998 47.0692 -150.477 125.048 8.151
-691.289 516.001 46.0692 -150.492 125.042 8.129
-691.299 516.004 45.0693 -150.492 125.042 8.129
-691.309 516.006 44.0694 -150.492 125.042 8.129
-691.319 516.009 43.0694 -150.492 125.042 8.129
-691.33 516.012 42.0695 -150.489 125.043 8.134
-691.34 516.015 41.0695 -150.489 125.043 8.134
-691.35 516.018 40.0696 -150.489 125.043 8.134
-691.36 516.021 39.0696 -150.49 125.043 8.14
-691.37 516.024 38.0697 -150.492 125.043 8.139
-691.38 516.026 37.0697 -150.492 125.042 8.139
-691.39 516.029 36.0698 -150.492 125.044 8.141
-691.4 516.032 35.0698 -150.492 125.044 8.141
-691.411 516.035 34.0699 -150.494 125.046 8.148
-691.421 516.038 33.07 -150.49 125.045 8.139
-691.431 516.041 32.07 -150.491 125.045 8.14
-691.441 516.044 31.0701 -150.493 125.046 8.14
-691.451 516.046 30.0701 -150.493 125.048 8.142
-691.461 516.049 29.0702 -150.493 125.048 8.142
-691.471 516.052 28.0702 -150.492 125.048 8.145
-691.482 516.055 27.0703 -150.492 125.049 8.145
-691.492 516.058 26.0703 -150.491 125.048 8.146
-691.502 516.061 25.0704 -150.495 125.047 8.154
-691.512 516.064 24.0705 -150.498 125.048 8.149
-691.522 516.066 23.0705 -150.498 125.048 8.149
-691.532 516.069 22.0706 -150.494 125.049 8.143
-691.542 516.072 21.0706 -150.494 125.048 8.146
-691.552 516.075 20.0707 -150.493 125.049 8.147
-691.563 516.078 19.0707 -150.494 125.051 8.149
-691.573 516.081 18.0708 -150.494 125.051 8.149
-691.583 516.084 17.0708 -150.493 125.051 8.147
-691.593 516.086 16.0709 -150.494 125.051 8.145
-691.603 516.089 15.071 -150.498 125.054 8.155
-691.613 516.092 14.071 -150.498 125.054 8.155
-691.623 516.095 13.0711 -150.496 125.054 8.15
-691.634 516.098 12.0711 -150.49 125.052 8.142
-691.644 516.101 11.0712 -150.492 125.053 8.144
-691.654 516.104 10.0712 -150.494 125.051 8.146
-691.664 516.106 9.07129 -150.496 125.05 8.146
-691.674 516.109 8.07135 -150.495 125.051 8.145
-691.684 516.112 7.0714 -150.494 125.052 8.147
-691.694 516.115 6.07146 -150.494 125.052 8.147
-691.705 516.118 5.07151 -150.496 125.051 8.15
-691.715 516.121 4.07157 -150.497 125.051 8.154
-691.725 516.123 3.07162 -150.498 125.054 8.155
-691.735 516.126 2.07168 -150.497 125.055 8.145
-691.745 516.129 1.07173 -150.5 125.055 8.148
-691.755 516.132 0.0717896 -150.5 125.056 8.15
-691.765 516.135 -0.928155 -150.498 125.057 8.151
-691.775 516.138 -1.9281 -150.498 125.057 8.151
-691.786 516.141 -2.92804 -150.497 125.058 8.148
-691.796 516.143 -3.92799 -150.495 125.059 8.148
-691.806 516.146 -4.92793 -150.497 125.057 8.156
-691.816 516.149 -5.92788 -150.498 125.056 8.153
-691.826 516.152 -6.92782 -150.496 125.056 8.148
-691.836 516.155 -7.92777 -150.496 125.056 8.148
-691.846 516.158 -8.92771 -150.496 125.056 8.152
-691.857 516.161 -9.92766 -150.497 125.057 8.152
-691.867 516.163 -10.9276 -150.497 125.058 8.154
-691.877 516.166 -11.9275 -150.497 125.058 8.152
-691.887 516.169 -12.9275 -150.498 125.058 8.152
-691.897 516.172 -13.9274 -150.499 125.059 8.151
-691.907 516.175 -14.9274 -150.502 125.06 8.159
-691.917 516.178 -15.9273 -150.499 125.06 8.155
-691.927 516.181 -16.9273 -150.494 125.061 8.148
-691.938 516.183 -17.9272 -150.494 125.061 8.148
-691.948 516.186 -18.9272 -150.493 125.061 8.151
-691.958 516.189 -19.9271 -150.496 125.06 8.152
-691.968 516.192 -20.927 -150.498 125.06 8.152
-691.978 516.195 -21.927 -150.495 125.061 8.152
-691.988 516.198 -22.9269 -150.494 125.061 8.155
-691.998 516.201 -23.9269 -150.498 125.061 8.158
-692.009 516.203 -24.9268 -150.5 125.063 8.157
-692.019 516.206 -25.9268 -150.498 125.063 8.156
-692.029 516.209 -26.9267 -150.498 125.063 8.156
-692.039 516.212 -27.9267 -150.496 125.062 8.155
-692.049 516.215 -28.9266 -150.498 125.064 8.154
-692.059 516.218 -29.9265 -150.497 125.066 8.155
-692.069 516.221 -30.9265 -150.495 125.065 8.156
-692.08 516.223 -31.9264 -150.497 125.065 8.154
-692.09 516.226 -32.9264 -150.497 125.065 8.154
-692.1 516.229 -33.9263 -150.498 125.063 8.158
-692.11 516.232 -34.9263 -150.501 125.063 8.161
-692.12 516.235 -35.9262 -150.501 125.064 8.156
-692.13 516.238 -36.9262 -150.498 125.064 8.157
-692.14 516.241 -37.9261 -150.494 125.062 8.159
-692.15 516.243 -38.926 -150.493 125.063 8.159
-692.161 516.246 -39.926 -150.495 125.066 8.159
-692.171 516.249 -40.9259 -150.496 125.066 8.157
-692.181 516.252 -41.9259 -150.496 125.066 8.157
-692.191 516.255 -42.9258 -150.494 125.067 8.156
-692.201 516.258 -43.9258 -150.494 125.068 8.161
-692.211 516.261 -44.9257 -150.494 125.07 8.161
-692.221 516.263 -45.9257 -150.494 125.069 8.156
-692.232 516.266 -46.9256 -150.497 125.069 8.157
-692.242 516.269 -47.9255 -150.498 125.069 8.158
-692.252 516.272 -48.9255 -150.497 125.068 8.158
-692.262 516.275 -49.9254 -150.496 125.068 8.159
-692.272 516.278 -50.9254 -150.495 125.069 8.159
-692.282 516.28 -51.9253 -150.495 125.069 8.159
-692.292 516.283 -52.9253 -150.494 125.07 8.161
-692.302 516.286 -53.9252 -150.495 125.069 8.165
-692.313 516.289 -54.9252 -150.495 125.07 8.159
-692.323 516.292 -55.9251 -150.495 125.071 8.163
-692.333 516.295 -56.9251 -150.496 125.071 8.162
-692.343 516.298 -57.925 -150.496 125.071 8.162
-692.353 516.3 -58.9249 -150.499 125.071 8.162
-692.363 516.303 -59.9249 -150.498 125.072 8.163
-692.373 516.306 -60.9248 -150.498 125.071 8.167
-692.384 516.309 -61.9248 -150.499 125.072 8.169
-692.394 516.312 -62.9247 -150.499 125.073 8.167
-692.404 516.315 -63.9247 -150.496 125.072 8.161
-692.414 516.318 -64.9246 -150.496 125.072 8.161
-692.424 516.32 -65.9246 -150.495 125.073 8.161
-692.434 516.323 -66.9245 -150.495 125.073 8.161
-692.444 516.326 -67.9244 -150.494 125.074 8.161
-692.454 516.329 -68.9244 -150.49 125.075 8.161
-692.465 516.332 -69.9243 -150.49 125.075 8.161
-692.475 516.335 -70.9243 -150.491 125.075 8.163
-692.485 516.338 -71.9242 -150.496 125.075 8.168
-692.495 516.34 -72.9242 -150.496 125.077 8.161
-692.505 516.343 -73.9241 -150.495 125.077 8.156
-692.515 516.346 -74.9241 -150.497 125.077 8.159
-692.525 516.349 -75.924 -150.497 125.077 8.161
-692.536 516.352 -76.9239 -150.497 125.077 8.161
-692.546 516.355 -77.9239 -150.499 125.076 8.164
-692.556 516.358 -78.9238 -150.498 125.076 8.164
-692.566 516.36 -79.9238 -150.497 125.077 8.165
-692.576 516.363 -80.9237 -150.497 125.078 8.17
-692.586 516.366 -81.9237 -150.497 125.078 8.17
-692.596 516.369 -82.9236 -150.495 125.076 8.165
-692.607 516.372 -83.9236 -150.495 125.077 8.166
-692.617 516.375 -84.9235 -150.496 125.079 8.167
-692.627 516.378 -85.9234 -150.496 125.079 8.167
-692.637 516.38 -86.9234 -150.496 125.079 8.166
-692.647 516.383 -87.9233 -150.496 125.079 8.165
-692.657 516.386 -88.9233 -150.494 125.08 8.165
-692.667 516.389 -89.9232 -150.497 125.082 8.17
-692.677 516.392 -90.9232 -150.493 125.083 8.163
-692.688 516.395 -91.9231 -150.491 125.083 8.164
-692.698 516.398 -92.9231 -150.491 125.083 8.164
-692.708 516.4 -93.923 -150.494 125.083 8.165
-692.718 516.403 -94.9229 -150.496 125.083 8.168
-692.728 516.406 -95.9229 -150.496 125.084 8.168
-692.738 516.409 -96.9228 -150.496 125.084 8.168
-692.748 516.412 -97.9228 -150.496 125.084 8.168
-692.759 516.415 -98.9227 -150.496 125.084 8.168
-692.769 516.418 -99.9227 -150.496 125.084 8.168
-692.779 516.42 -100.923 -150.496 125.084 8.168
-692.789 516.423 -101.923 -150.496 125.084 8.168
-692.799 516.426 -102.923 -150.496 125.084 8.168
4
-692.347 512.017 51.8255 -150.489 125.044 8.139
-692.35 512.019 50.8255 -150.489 125.044 8.139
-692.353 512.021 49.8255 -150.489 125.044 8.139
-692.356 512.024 48.8255 -150.489 125.044 8.139
-692.358 512.026 47.8255 -150.489 125.044 8.139
-692.361 512.029 46.8255 -150.489 125.044 8.139
-692.364 512.031 45.8255 -150.489 125.044 8.139
-692.367 512.034 44.8255 -150.489 125.044 8.139
-692.37 512.036 43.8255 -150.489 125.044 8.139
-692.373 512.039 42.8255 -150.489 125.044 8.139
-692.376 512.041 41.8255 -150.489 125.044 8.139
-692.379 512.043 40.8255 -150.489 125.044 8.139
-692.382 512.046 39.8255 -150.489 125.044 8.139
-692.385 512.048 38.8255 -150.489 125.044 8.139
-692.388 512.051 37.8256 -150.489 125.044 8.139
-692.391 512.053 36.8256 -150.491 125.042 8.138
-692.394 512.056 35.8256 -150.493 125.041 8.137
-692.397 512.058 34.8256 -150.493 125.041 8.137
-692.399 512.061 33.8256 -150.491 125.043 8.138
-692.402 512.063 32.8256 -150.492 125.044 8.145
-692.405 512.066 31.8256 -150.49 125.044 8.139
-692.408 512.068 30.8256 -150.489 125.043 8.137
-692.411 512.07 29.8256 -150.491 125.045 8.138
-692.414 512.073 28.8256 -150.492 125.047 8.139
-692.417 512.075 27.8256 -150.492 125.047 8.139
-692.42 512.078 26.8256 -150.492 125.049 8.141
-692.423 512.08 25.8256 -150.492 125.049 8.142
-692.426 512.083 24.8256 -150.491 125.05 8.144
-692.429 512.085 23.8257 -150.495 125.049 8.15
-692.432 512.088 22.8257 -150.5 125.048 8.155
-692.435 512.09 21.8257 -150.498 125.049 8.151
-692.438 512.092 20.8257 -150.494 125.049 8.143
-692.44 512.095 19.8257 -150.494 125.049 8.143
-692.443 512.097 18.8257 -150.494 125.048 8.15
-692.446 512.1 17.8257 -150.494 125.05 8.149
-692.449 512.102 16.8257 -150.495 125.051 8.151
-692.452 512.105 15.8257 -150.494 125.05 8.15
-692.455 512.107 14.8257 -150.494 125.051 8.149
-692.458 512.11 13.8257 -150.497 125.053 8.154
-692.461 512.112 12.8257 -150.498 125.054 8.156
-692.464 512.115 11.8257 -150.495 125.054 8.149
-692.467 512.117 10.8258 -150.495 125.054 8.149
-692.47 512.119 9.82576 -150.492 125.053 8.14
-692.473 512.122 8.82577 -150.494 125.052 8.144
-692.476 512.124 7.82577 -150.496 125.05 8.143
-692.479 512.127 6.82578 -150.494 125.052 8.14
-692.482 512.129 5.82579 -150.494 125.052 8.14
-692.484 512.132 4.8258 -150.493 125.051 8.144
-692.487 512.134 3.8258 -150.495 125.05 8.151
-692.49 512.137 2.82581 -150.496 125.051 8.151
-692.493 512.139 1.82582 -150.496 125.054 8.149
-692.496 512.142 0.825825 -150.496 125.054 8.149
-692.499 512.144 -0.174168 -150.497 125.054 8.148
-692.502 512.146 -1.17416 -150.499 125.055 8.149
-692.505 512.149 -2.17415 -150.499 125.057 8.15
-692.508 512.151 -3.17415 -150.5 125.058 8.15
-692.511 512.154 -4.17414 -150.499 125.059 8.15
-692.514 512.156 -5.17413 -150.496 125.059 8.151
-692.517 512.159 -6.17412 -150.498 125.058 8.159
-692.52 512.161 -7.17412 -150.5 125.057 8.157
-692.523 512.164 -8.17411 -150.5 125.057 8.157
-692.525 512.166 -9.1741 -150.497 125.057 8.151
-692.528 512.168 -10.1741 -150.495 125.057 8.156
-692.531 512.171 -11.1741 -150.498 125.057 8.155
-692.534 512.173 -12.1741 -150.498 125.057 8.155
-692.537 512.176 -13.1741 -150.497 125.058 8.154
-692.54 512.178 -14.1741 -150.496 125.059 8.153
-692.543 512.181 -15.1741 -150.497 125.059 8.151
-692.546 512.183 -16.1741 -150.502 125.061 8.157
-692.549 512.186 -17.174 -150.499 125.062 8.152
-692.552 512.188 -18.174 -150.495 125.062 8.144
-692.555 512.191 -19.174 -150.495 125.062 8.144
-692.558 512.193 -20.174 -150.494 125.062 8.146
-692.561 512.195 -21.174 -150.497 125.06 8.149
-692.564 512.198 -22.174 -150.498 125.06 8.148
-692.566 512.2 -23.174 -150.494 125.06 8.151
-692.569 512.203 -24.174 -150.494 125.06 8.151
-692.572 512.205 -25.174 -150.496 125.061 8.154
-692.575 512.208 -26.174 -150.499 125.061 8.158
-692.578 512.21 -27.174 -150.498 125.062 8.157
-692.581 512.213 -28.174 -150.497 125.062 8.155
-692.584 512.215 -29.174 -150.498 125.063 8.157
-692.587 512.217 -30.1739 -150.498 125.066 8.157
-692.59 512.22 -31.1739 -150.498 125.066 8.157
-692.593 512.222 -32.1739 -150.498 125.065 8.159
-692.596 512.225 -33.1739 -150.498 125.066 8.157
-692.599 512.227 -34.1739 -150.498 125.065 8.159
-692.602 512.23 -35.1739 -150.501 125.064 8.165
-692.605 512.232 -36.1739 -150.502 125.065 8.161
-692.607 512.235 -37.1739 -150.502 125.065 8.161
-692.61 512.237 -38.1739 -150.498 125.065 8.157
-692.613 512.24 -39.1739 -150.493 125.063 8.16
-692.616 512.242 -40.1739 -150.492 125.063 8.158
-692.619 512.244 -41.1739 -150.493 125.065 8.157
-692.622 512.247 -42.1739 -150.494 125.066 8.154
-692.625 512.249 -43.1739 -150.494 125.066 8.154
-692.628 512.252 -44.1738 -150.492 125.067 8.154
-692.631 512.254 -45.1738 -150.494 125.069 8.159
-692.634 512.257 -46.1738 -150.494 125.069 8.156
-692.637 512.259 -47.1738 -150.495 125.068 8.154
-692.64 512.262 -48.1738 -150.498 125.069 8.154
-692.643 512.264 -49.1738 -150.498 125.069 8.154
-692.646 512.267 -50.1738 -150.498 125.069 8.157
-692.648 512.269 -51.1738 -150.497 125.068 8.158
-692.651 512.271 -52.1738 -150.497 125.068 8.159
-692.654 512.274 -53.1738 -150.496 125.069 8.162
-692.657 512.276 -54.1738 -150.497 125.069 8.168
-692.66 512.279 -55.1738 -150.497 125.068 8.168
-692.663 512.281 -56.1738 -150.497 125.069 8.163
-692.666 512.284 -57.1738 -150.497 125.069 8.163
-692.669 512.286 -58.1737 -150.497 125.07 8.166
-692.672 512.289 -59.1737 -150.498 125.07 8.166
-692.675 512.291 -60.1737 -150.5 125.071 8.166
-692.678 512.293 -61.1737 -150.499 125.072 8.167
-692.681 512.296 -62.1737 -150.499 125.072 8.167
-692.684 512.298 -63.1737 -150.5 125.073 8.17
-692.687 512.301 -64.1737 -150.498 125.074 8.165
-692.689 512.303 -65.1737 -150.498 125.074 8.165
-692.692 512.306 -66.1737 -150.495 125.073 8.159
-692.695 512.308 -67.1737 -150.493 125.074 8.157
-692.698 512.311 -68.1737 -150.492 125.073 8.158
-692.701 512.313 -69.1737 -150.49 125.074 8.159
-692.704 512.316 -70.1737 -150.488 125.074 8.158
-692.707 512.318 -71.1736 -150.49 125.074 8.162
-692.71 512.32 -72.1736 -150.49 125.074 8.162
-692.713 512.323 -73.1736 -150.495 125.074 8.167
-692.716 512.325 -74.1736 -150.495 125.075 8.162
-692.719 512.328 -75.1736 -150.497 125.076 8.157
-692.722 512.33 -76.1736 -150.499 125.077 8.161
-692.725 512.333 -77.1736 -150.499 125.077 8.164
-692.728 512.335 -78.1736 -150.501 125.077 8.166
-692.731 512.338 -79.1736 -150.501 125.077 8.166
-692.733 512.34 -80.1736 -150.502 125.077 8.167
-692.736 512.342 -81.1736 -150.499 125.078 8.17
-692.739 512.345 -82.1736 -150.5 125.078 8.173
-692.742 512.347 -83.1736 -150.498 125.078 8.17
-692.745 512.35 -84.1736 -150.497 125.077 8.17
-692.748 512.352 -85.1735 -150.496 125.078 8.166
-692.751 512.355 -86.1735 -150.496 125.078 8.166
-692.754 512.357 -87.1735 -150.495 125.078 8.167
-692.757 512.36 -88.1735 -150.495 125.079 8.163
-692.76 512.362 -89.1735 -150.494 125.079 8.162
-692.763 512.365 -90.1735 -150.495 125.081 8.165
-692.766 512.367 -91.1735 -150.495 125.082 8.164
-692.769 512.369 -92.1735 -150.492 125.082 8.158
-692.772 512.372 -93.1735 -150.491 125.084 8.16
-692.774 512.374 -94.1735 -150.492 125.084 8.162
-692.777 512.377 -95.1735 -150.495 125.083 8.164
-692.78 512.379 -96.1735 -150.497 125.084 8.167
-692.783 512.382 -97.1735 -150.497 125.084 8.167
-692.786 512.384 -98.1735 -150.497 125.084 8.167
-692.789 512.387 -99.1734 -150.497 125.084 8.167
-692.792 512.389 -100.173 -150.497 125.084 8.167
-692.795 512.392 -101.173 -150.497 125.084 8.167
-692.798 512.394 -102.173 -150.497 125.084 8.167
-692.801 512.396 -103.173 -150.497 125.084 8.167
