1
-613.205 688.832 23.2374 -170.252 133.244 -5.532
-613.217 688.838 22.2375 -170.252 133.244 -5.532
-613.23 688.843 21.2376 -170.252 133.244 -5.532
-613.242 688.849 20.2377 -170.252 133.244 -5.532
-613.255 688.855 19.2378 -170.252 133.244 -5.532
-613.267 688.861 18.2379 -170.252 133.244 -5.532
-613.28 688.866 17.238 -170.252 133.244 -5.532
-613.292 688.872 16.2381 -170.252 133.244 -5.532
-613.304 688.878 15.2382 -170.252 133.244 -5.532
-613.317 688.884 14.2383 -170.252 133.244 -5.532
-613.329 688.89 13.2384 -170.252 133.244 -5.532
-613.342 688.895 12.2385 -170.252 133.244 -5.532
-613.354 688.901 11.2386 -170.252 133.244 -5.532
-613.367 688.907 10.2386 -170.252 133.244 -5.532
-613.379 688.913 9.23874 -170.252 133.244 -5.532
-613.392 688.918 8.23884 -170.252 133.244 -5.532
-613.404 688.924 7.23893 -170.252 133.244 -5.532
-613.417 688.93 6.23903 -170.252 133.244 -5.532
-613.429 688.936 5.23912 -170.252 133.244 -5.532
-613.442 688.942 4.23922 -170.252 133.244 -5.532
-613.454 688.947 3.23931 -170.252 133.244 -5.532
-613.467 688.953 2.2394 -170.252 133.244 -5.532
-613.479 688.959 1.2395 -170.252 133.244 -5.532
-613.491 688.965 0.239594 -170.252 133.244 -5.532
-613.504 688.97 -0.760312 -170.252 133.244 -5.532
-613.516 688.976 -1.76022 -170.252 133.244 -5.532
-613.529 688.982 -2.76012 -170.252 133.244 -5.532
-613.541 688.988 -3.76003 -170.252 133.244 -5.532
-613.554 688.993 -4.75993 -170.252 133.244 -5.532
-613.566 688.999 -5.75984 -170.252 133.244 -5.532
-613.579 689.005 -6.75975 -170.252 133.244 -5.532
-613.591 689.011 -7.75965 -170.252 133.244 -5.532
-613.604 689.017 -8.75956 -170.252 133.244 -5.532
-613.616 689.022 -9.75946 -170.252 133.244 -5.532
-613.629 689.028 -10.7594 -170.252 133.244 -5.532
-613.641 689.034 -11.7593 -170.252 133.244 -5.532
-613.653 689.04 -12.7592 -170.252 133.244 -5.532
-613.666 689.045 -13.7591 -170.252 133.244 -5.532
-613.678 689.051 -14.759 -170.252 133.244 -5.532
-613.691 689.057 -15.7589 -170.252 133.244 -5.532
-613.703 689.063 -16.7588 -170.252 133.244 -5.532
-613.716 689.069 -17.7587 -170.252 133.244 -5.532
-613.728 689.074 -18.7586 -170.252 133.244 -5.532
-613.741 689.08 -19.7585 -170.252 133.244 -5.532
-613.753 689.086 -20.7584 -170.252 133.244 -5.532
-613.766 689.092 -21.7583 -170.263 133.244 -5.548
-613.778 689.097 -22.7582 -170.255 133.239 -5.541
-613.791 689.103 -23.7581 -170.263 133.24 -5.534
-613.803 689.109 -24.758 -170.258 133.241 -5.536
-613.816 689.115 -25.758 -170.258 133.241 -5.536
-613.828 689.121 -26.7579 -170.259 133.243 -5.536
-613.84 689.126 -27.7578 -170.26 133.246 -5.532
-613.853 689.132 -28.7577 -170.258 133.247 -5.531
-613.865 689.138 -29.7576 -170.252 133.246 -5.526
-613.878 689.144 -30.7575 -170.248 133.245 -5.521
-613.89 689.149 -31.7574 -170.248 133.245 -5.521
-613.903 689.155 -32.7573 -170.246 133.244 -5.514
-613.915 689.161 -33.7572 -170.249 133.244 -5.521
-613.928 689.167 -34.7571 -170.252 133.243 -5.528
-613.94 689.172 -35.757 -170.259 133.242 -5.529
-613.953 689.178 -36.7569 -170.259 133.242 -5.529
-613.965 689.184 -37.7568 -170.259 133.242 -5.531
-613.978 689.19 -38.7567 -170.266 133.244 -5.537
-613.99 689.196 -39.7566 -170.265 133.245 -5.529
-614.002 689.201 -40.7565 -170.265 133.245 -5.529
-614.015 689.207 -41.7564 -170.262 133.245 -5.528
-614.027 689.213 -42.7563 -170.259 133.245 -5.525
-614.04 689.219 -43.7563 -170.26 133.244 -5.522
-614.052 689.224 -44.7562 -170.26 133.244 -5.522
-614.065 689.23 -45.7561 -170.258 133.243 -5.52
-614.077 689.236 -46.756 -170.258 133.242 -5.524
2
-613.845 689.352 22.0824 -170.25 133.242 -5.532
-613.855 689.36 21.0825 -170.25 133.242 -5.532
-613.865 689.368 20.0826 -170.25 133.242 -5.532
-613.874 689.376 19.0827 -170.25 133.242 -5.532
-613.884 689.384 18.0827 -170.25 133.242 -5.532
-613.893 689.392 17.0828 -170.25 133.242 -5.532
-613.903 689.4 16.0829 -170.25 133.242 -5.532
-613.912 689.408 15.083 -170.25 133.242 -5.532
-613.922 689.416 14.0831 -170.25 133.242 -5.532
-613.931 689.424 13.0831 -170.25 133.242 -5.532
-613.941 689.432 12.0832 -170.25 133.242 -5.532
-613.95 689.44 11.0833 -170.25 133.242 -5.532
-613.96 689.448 10.0834 -170.25 133.242 -5.532
-613.969 689.456 9.08344 -170.25 133.242 -5.532
-613.979 689.464 8.08352 -170.25 133.242 -5.532
-613.988 689.472 7.0836 -170.25 133.242 -5.532
-613.998 689.48 6.08368 -170.25 133.242 -5.532
-614.007 689.488 5.08375 -170.25 133.242 -5.532
-614.017 689.496 4.08383 -170.25 133.242 -5.532
-614.027 689.504 3.08391 -170.25 133.242 -5.532
-614.036 689.512 2.08399 -170.25 133.242 -5.532
-614.046 689.52 1.08406 -170.25 133.242 -5.532
-614.055 689.528 0.0841422 -170.25 133.242 -5.532
-614.065 689.536 -0.91578 -170.25 133.242 -5.532
-614.074 689.545 -1.9157 -170.25 133.242 -5.532
-614.084 689.553 -2.91562 -170.25 133.242 -5.532
-614.093 689.561 -3.91555 -170.25 133.242 -5.532
-614.103 689.569 -4.91547 -170.25 133.242 -5.532
-614.112 689.577 -5.91539 -170.25 133.242 -5.532
-614.122 689.585 -6.91531 -170.25 133.242 -5.532
-614.131 689.593 -7.91524 -170.25 133.242 -5.532
-614.141 689.601 -8.91516 -170.25 133.242 -5.532
-614.15 689.609 -9.91508 -170.25 133.242 -5.532
-614.16 689.617 -10.915 -170.25 133.242 -5.532
-614.17 689.625 -11.9149 -170.25 133.242 -5.532
-614.179 689.633 -12.9148 -170.25 133.242 -5.532
-614.189 689.641 -13.9148 -170.25 133.242 -5.532
-614.198 689.649 -14.9147 -170.25 133.242 -5.532
-614.208 689.657 -15.9146 -170.25 133.242 -5.532
-614.217 689.665 -16.9145 -170.25 133.242 -5.532
-614.227 689.673 -17.9145 -170.25 133.242 -5.532
-614.236 689.681 -18.9144 -170.25 133.242 -5.532
-614.246 689.689 -19.9143 -170.25 133.242 -5.532
-614.255 689.697 -20.9142 -170.25 133.242 -5.532
-614.265 689.705 -21.9141 -170.262 133.242 -5.545
-614.274 689.713 -22.9141 -170.255 133.239 -5.542
-614.284 689.721 -23.914 -170.261 133.24 -5.539
-614.293 689.729 -24.9139 -170.262 133.242 -5.535
-614.303 689.737 -25.9138 -170.257 133.243 -5.537
-614.313 689.745 -26.9138 -170.257 133.243 -5.537
-614.322 689.753 -27.9137 -170.259 133.245 -5.534
-614.332 689.762 -28.9136 -170.257 133.247 -5.531
-614.341 689.77 -29.9135 -170.257 133.247 -5.531
-614.351 689.778 -30.9134 -170.253 133.245 -5.527
-614.36 689.786 -31.9134 -170.248 133.244 -5.523
-614.37 689.794 -32.9133 -170.25 133.244 -5.519
-614.379 689.802 -33.9132 -170.25 133.244 -5.519
-614.389 689.81 -34.9131 -170.249 133.243 -5.526
-614.398 689.818 -35.9131 -170.253 133.243 -5.53
-614.408 689.826 -36.913 -170.253 133.243 -5.53
-614.417 689.834 -37.9129 -170.262 133.243 -5.534
-614.427 689.842 -38.9128 -170.266 133.245 -5.539
-614.436 689.85 -39.9127 -170.266 133.245 -5.539
-614.446 689.858 -40.9127 -170.268 133.245 -5.533
-614.455 689.866 -41.9126 -170.265 133.245 -5.53
-614.465 689.874 -42.9125 -170.261 133.244 -5.527
-614.475 689.882 -43.9124 -170.258 133.243 -5.527
-614.484 689.89 -44.9124 -170.257 133.242 -5.52
-614.494 689.898 -45.9123 -170.257 133.242 -5.52
-614.503 689.906 -46.9122 -170.255 133.242 -5.524
-614.513 689.914 -47.9121 -170.259 133.242 -5.525
3
-611.585 681.248 16.7561 -170.25 133.243 -5.532
-611.592 681.261 15.7562 -170.25 133.243 -5.532
-611.599 681.275 14.7563 -170.25 133.243 -5.532
-611.606 681.288 13.7564 -170.25 133.243 -5.532
-611.613 681.302 12.7566 -170.25 133.243 -5.532
-611.62 681.315 11.7567 -170.25 133.243 -5.532
-611.627 681.329 10.7568 -170.25 133.243 -5.532
-611.634 681.342 9.75691 -170.25 133.243 -5.532
-611.641 681.356 8.75703 -170.25 133.243 -5.532
-611.648 681.37 7.75714 -170.25 133.243 -5.532
-611.655 681.383 6.75726 -170.25 133.243 -5.532
-611.662 681.397 5.75737 -170.25 133.243 -5.532
-611.669 681.41 4.75749 -170.25 133.243 -5.532
-611.676 681.424 3.75761 -170.25 133.243 -5.532
-611.683 681.437 2.75772 -170.25 133.243 -5.532
-611.69 681.451 1.75784 -170.25 133.243 -5.532
-611.697 681.464 0.757955 -170.25 133.243 -5.532
-611.704 681.478 -0.241929 -170.25 133.243 -5.532
-611.711 681.491 -1.24181 -170.25 133.243 -5.532
-611.718 681.505 -2.2417 -170.25 133.243 -5.532
-611.725 681.519 -3.24158 -170.25 133.243 -5.532
-611.732 681.532 -4.24146 -170.25 133.243 -5.532
-611.738 681.546 -5.24135 -170.25 133.243 -5.532
-611.745 681.559 -6.24123 -170.25 133.243 -5.532
-611.752 681.573 -7.24112 -170.25 133.243 -5.532
-611.759 681.586 -8.241 -170.25 133.243 -5.532
-611.766 681.6 -9.24088 -170.25 133.243 -5.532
-611.773 681.613 -10.2408 -170.25 133.243 -5.532
-611.78 681.627 -11.2407 -170.25 133.243 -5.532
-611.787 681.641 -12.2405 -170.25 133.243 -5.532
-611.794 681.654 -13.2404 -170.25 133.243 -5.532
-611.801 681.668 -14.2403 -170.25 133.243 -5.532
-611.808 681.681 -15.2402 -170.25 133.243 -5.532
-611.815 681.695 -16.2401 -170.25 133.243 -5.532
-611.822 681.708 -17.24 -170.25 133.243 -5.532
-611.829 681.722 -18.2398 -170.25 133.243 -5.532
-611.836 681.735 -19.2397 -170.25 133.243 -5.532
-611.843 681.749 -20.2396 -170.25 133.243 -5.532
-611.85 681.762 -21.2395 -170.25 133.243 -5.532
-611.857 681.776 -22.2394 -170.262 133.242 -5.546
-611.864 681.79 -23.2393 -170.256 133.239 -5.543
-611.871 681.803 -24.2391 -170.263 133.24 -5.539
-611.878 681.817 -25.239 -170.262 133.242 -5.535
-611.885 681.83 -26.2389 -170.257 133.243 -5.536
-611.892 681.844 -27.2388 -170.257 133.243 -5.536
-611.899 681.857 -28.2387 -170.259 133.245 -5.534
-611.906 681.871 -29.2386 -170.256 133.246 -5.529
-611.913 681.884 -30.2384 -170.252 133.244 -5.526
-611.92 681.898 -31.2383 -170.248 133.244 -5.522
-611.927 681.912 -32.2382 -170.248 133.244 -5.522
-611.934 681.925 -33.2381 -170.251 133.244 -5.518
-611.941 681.939 -34.238 -170.252 133.244 -5.523
-611.948 681.952 -35.2379 -170.256 133.244 -5.532
-611.954 681.966 -36.2377 -170.256 133.244 -5.532
-611.961 681.979 -37.2376 -170.264 133.244 -5.535
-611.968 681.993 -38.2375 -170.266 133.244 -5.54
-611.975 682.006 -39.2374 -170.266 133.244 -5.54
-611.982 682.02 -40.2373 -170.268 133.245 -5.539
-611.989 682.033 -41.2372 -170.267 133.245 -5.533
-611.996 682.047 -42.2371 -170.261 133.244 -5.528
-612.003 682.061 -43.2369 -170.261 133.244 -5.528
-612.01 682.074 -44.2368 -170.257 133.243 -5.527
-612.017 682.088 -45.2367 -170.256 133.242 -5.521
-612.024 682.101 -46.2366 -170.257 133.242 -5.526
-612.031 682.115 -47.2365 -170.26 133.242 -5.528
-612.038 682.128 -48.2364 -170.26 133.242 -5.528
-612.045 682.142 -49.2362 -170.267 133.245 -5.526
-612.052 682.155 -50.2361 -170.27 133.248 -5.535
-612.059 682.169 -51.236 -170.27 133.248 -5.535
-612.066 682.183 -52.2359 -170.269 133.249 -5.533
-612.073 682.196 -53.2358 -170.269 133.249 -5.533
4
-615.275 690.703 19.8342 -170.252 133.243 -5.534
-615.279 690.703 18.8343 -170.252 133.243 -5.534
-615.284 690.703 17.8343 -170.252 133.243 -5.534
-615.288 690.703 16.8343 -170.252 133.243 -5.534
-615.293 690.703 15.8343 -170.252 133.243 -5.534
-615.297 690.704 14.8343 -170.252 133.243 -5.534
-615.301 690.704 13.8343 -170.252 133.243 -5.534
-615.306 690.704 12.8343 -170.252 133.243 -5.534
-615.31 690.704 11.8343 -170.252 133.243 -5.534
-615.315 690.704 10.8343 -170.252 133.243 -5.534
-615.319 690.704 9.83435 -170.252 133.243 -5.534
-615.324 690.704 8.83436 -170.252 133.243 -5.534
-615.328 690.704 7.83437 -170.252 133.243 -5.534
-615.332 690.704 6.83438 -170.252 133.243 -5.534
-615.337 690.704 5.83439 -170.252 133.243 -5.534
-615.341 690.704 4.8344 -170.252 133.243 -5.534
-615.346 690.704 3.83441 -170.252 133.243 -5.534
-615.35 690.704 2.83442 -170.252 133.243 -5.534
-615.355 690.704 1.83443 -170.252 133.243 -5.534
-615.359 690.704 0.834436 -170.252 133.243 -5.534
-615.363 690.704 -0.165554 -170.252 133.243 -5.534
-615.368 690.705 -1.16554 -170.252 133.243 -5.534
-615.372 690.705 -2.16553 -170.252 133.243 -5.534
-615.377 690.705 -3.16552 -170.252 133.243 -5.534
-615.381 690.705 -4.16551 -170.252 133.243 -5.534
-615.386 690.705 -5.1655 -170.252 133.243 -5.534
-615.39 690.705 -6.1655 -170.252 133.243 -5.534
-615.394 690.705 -7.16549 -170.252 133.243 -5.534
-615.399 690.705 -8.16548 -170.252 133.243 -5.534
-615.403 690.705 -9.16547 -170.252 133.243 -5.534
-615.408 690.705 -10.1655 -170.252 133.243 -5.534
-615.412 690.705 -11.1654 -170.252 133.243 -5.534
-615.417 690.705 -12.1654 -170.252 133.243 -5.534
-615.421 690.705 -13.1654 -170.252 133.243 -5.534
-615.426 690.705 -14.1654 -170.252 133.243 -5.534
-615.43 690.705 -15.1654 -170.252 133.243 -5.534
-615.434 690.706 -16.1654 -170.252 133.243 -5.534
-615.439 690.706 -17.1654 -170.252 133.243 -5.534
-615.443 690.706 -18.1654 -170.252 133.243 -5.534
-615.448 690.706 -19.1654 -170.252 133.243 -5.534
-615.452 690.706 -20.1654 -170.252 133.243 -5.534
-615.457 690.706 -21.1653 -170.252 133.243 -5.534
-615.461 690.706 -22.1653 -170.257 133.241 -5.545
-615.465 690.706 -23.1653 -170.254 133.239 -5.542
-615.47 690.706 -24.1653 -170.254 133.239 -5.542
-615.474 690.706 -25.1653 -170.262 133.24 -5.539
-615.479 690.706 -26.1653 -170.262 133.243 -5.533
-615.483 690.706 -27.1653 -170.256 133.244 -5.537
-615.488 690.706 -28.1653 -170.256 133.244 -5.537
-615.492 690.706 -29.1653 -170.259 133.246 -5.533
-615.496 690.706 -30.1653 -170.257 133.248 -5.529
-615.501 690.706 -31.1652 -170.252 133.247 -5.525
-615.505 690.707 -32.1652 -170.247 133.245 -5.521
-615.51 690.707 -33.1652 -170.247 133.245 -5.521
-615.514 690.707 -34.1652 -170.251 133.245 -5.514
-615.519 690.707 -35.1652 -170.252 133.245 -5.526
-615.523 690.707 -36.1652 -170.257 133.244 -5.532
-615.527 690.707 -37.1652 -170.257 133.244 -5.532
-615.532 690.707 -38.1652 -170.263 133.243 -5.534
-615.536 690.707 -39.1652 -170.266 133.243 -5.542
-615.541 690.707 -40.1652 -170.266 133.243 -5.542
-615.545 690.707 -41.1652 -170.27 133.244 -5.539
-615.55 690.707 -42.1651 -170.27 133.244 -5.534
-615.554 690.707 -43.1651 -170.263 133.243 -5.534
-615.558 690.707 -44.1651 -170.26 133.243 -5.53
-615.563 690.707 -45.1651 -170.259 133.243 -5.525
-615.567 690.707 -46.1651 -170.257 133.242 -5.521
-615.572 690.707 -47.1651 -170.257 133.243 -5.525
-615.576 690.708 -48.1651 -170.26 133.243 -5.524
-615.581 690.708 -49.1651 -170.26 133.243 -5.524
-615.585 690.708 -50.1651 -170.268 133.247 -5.523
5
-609.899 688.731 18.2076 -170.251 133.242 -5.534
-609.908 688.735 17.2076 -170.251 133.242 -5.534
-609.917 688.738 16.2077 -170.251 133.242 -5.534
-609.926 688.741 15.2077 -170.251 133.242 -5.534
-609.935 688.744 14.2077 -170.251 133.242 -5.534
-609.944 688.748 13.2078 -170.251 133.242 -5.534
-609.953 688.751 12.2078 -170.251 133.242 -5.534
-609.963 688.754 11.2079 -170.251 133.242 -5.534
-609.972 688.757 10.2079 -170.251 133.242 -5.534
-609.981 688.76 9.20798 -170.251 133.242 -5.534
-609.99 688.764 8.20803 -170.251 133.242 -5.534
-609.999 688.767 7.20807 -170.251 133.242 -5.534
-610.008 688.77 6.20812 -170.251 133.242 -5.534
-610.017 688.773 5.20817 -170.251 133.242 -5.534
-610.026 688.777 4.20821 -170.251 133.242 -5.534
-610.035 688.78 3.20826 -170.251 133.242 -5.534
-610.044 688.783 2.20831 -170.251 133.242 -5.534
-610.054 688.786 1.20835 -170.251 133.242 -5.534
-610.063 688.789 0.2084 -170.251 133.242 -5.534
-610.072 688.793 -0.791553 -170.251 133.242 -5.534
-610.081 688.796 -1.79151 -170.251 133.242 -5.534
-610.09 688.799 -2.79146 -170.251 133.242 -5.534
-610.099 688.802 -3.79141 -170.251 133.242 -5.534
-610.108 688.806 -4.79137 -170.251 133.242 -5.534
-610.117 688.809 -5.79132 -170.251 133.242 -5.534
-610.126 688.812 -6.79127 -170.251 133.242 -5.534
-610.136 688.815 -7.79123 -170.251 133.242 -5.534
-610.145 688.819 -8.79118 -170.251 133.242 -5.534
-610.154 688.822 -9.79113 -170.251 133.242 -5.534
-610.163 688.825 -10.7911 -170.251 133.242 -5.534
-610.172 688.828 -11.791 -170.251 133.242 -5.534
-610.181 688.831 -12.791 -170.251 133.242 -5.534
-610.19 688.835 -13.7909 -170.251 133.242 -5.534
-610.199 688.838 -14.7909 -170.251 133.242 -5.534
-610.208 688.841 -15.7909 -170.251 133.242 -5.534
-610.218 688.844 -16.7908 -170.251 133.242 -5.534
-610.227 688.848 -17.7908 -170.251 133.242 -5.534
-610.236 688.851 -18.7907 -170.261 133.242 -5.546
-610.245 688.854 -19.7907 -170.256 133.24 -5.543
-610.254 688.857 -20.7906 -170.264 133.241 -5.537
-610.263 688.86 -21.7906 -170.261 133.243 -5.533
-610.272 688.864 -22.7905 -170.261 133.243 -5.533
-610.281 688.867 -23.7905 -170.258 133.245 -5.533
-610.29 688.87 -24.7904 -170.258 133.247 -5.524
-610.3 688.873 -25.7904 -170.258 133.247 -5.524
-610.309 688.877 -26.7903 -170.254 133.245 -5.52
-610.318 688.88 -27.7903 -170.254 133.245 -5.52
-610.327 688.883 -28.7902 -170.247 133.244 -5.515
-610.336 688.886 -29.7902 -170.251 133.243 -5.511
-610.345 688.89 -30.7902 -170.251 133.243 -5.511
-610.354 688.893 -31.7901 -170.253 133.244 -5.526
-610.363 688.896 -32.7901 -170.257 133.244 -5.532
-610.372 688.899 -33.79 -170.264 133.244 -5.535
-610.382 688.902 -34.79 -170.266 133.245 -5.544
-610.391 688.906 -35.7899 -170.266 133.245 -5.544
-610.4 688.909 -36.7899 -170.269 133.245 -5.544
-610.409 688.912 -37.7898 -170.269 133.246 -5.539
-610.418 688.915 -38.7898 -170.264 133.245 -5.535
-610.427 688.919 -39.7897 -170.258 133.243 -5.531
-610.436 688.922 -40.7897 -170.256 133.242 -5.525
-610.445 688.925 -41.7896 -170.253 133.241 -5.52
-610.454 688.928 -42.7896 -170.253 133.241 -5.52
-610.464 688.931 -43.7895 -170.255 133.241 -5.522
-610.473 688.935 -44.7895 -170.264 133.243 -5.522
-610.482 688.938 -45.7895 -170.264 133.243 -5.522
-610.491 688.941 -46.7894 -170.271 133.248 -5.527
-610.5 688.944 -47.7894 -170.272 133.249 -5.53
-610.509 688.948 -48.7893 -170.27 133.249 -5.531
-610.518 688.951 -49.7893 -170.27 133.249 -5.531
-610.527 688.954 -50.7892 -170.27 133.249 -5.531
-610.536 688.957 -51.7892 -170.27 133.249 -5.531
6
-615.811 691.166 22.069 -170.25 133.243 -5.532
-615.824 691.169 21.0691 -170.25 133.243 -5.532
-615.837 691.172 20.0692 -170.25 133.243 -5.532
-615.849 691.176 19.0693 -170.25 133.243 -5.532
-615.862 691.179 18.0693 -170.25 133.243 -5.532
-615.875 691.183 17.0694 -170.25 133.243 -5.532
-615.887 691.186 16.0695 -170.25 133.243 -5.532
-615.9 691.19 15.0696 -170.25 133.243 -5.532
-615.913 691.193 14.0697 -170.25 133.243 -5.532
-615.925 691.196 13.0698 -170.25 133.243 -5.532
-615.938 691.2 12.0699 -170.25 133.243 -5.532
-615.951 691.203 11.0699 -170.25 133.243 -5.532
-615.964 691.207 10.07 -170.25 133.243 -5.532
-615.976 691.21 9.07012 -170.25 133.243 -5.532
-615.989 691.213 8.07021 -170.25 133.243 -5.532
-616.002 691.217 7.07029 -170.25 133.243 -5.532
-616.014 691.22 6.07038 -170.25 133.243 -5.532
-616.027 691.224 5.07047 -170.25 133.243 -5.532
-616.04 691.227 4.07055 -170.25 133.243 -5.532
-616.052 691.231 3.07064 -170.25 133.243 -5.532
-616.065 691.234 2.07073 -170.25 133.243 -5.532
-616.078 691.237 1.07081 -170.25 133.243 -5.532
-616.09 691.241 0.0708987 -170.25 133.243 -5.532
-616.103 691.244 -0.929015 -170.25 133.243 -5.532
-616.116 691.248 -1.92893 -170.25 133.243 -5.532
-616.128 691.251 -2.92884 -170.25 133.243 -5.532
-616.141 691.255 -3.92876 -170.25 133.243 -5.532
-616.154 691.258 -4.92867 -170.25 133.243 -5.532
-616.166 691.261 -5.92858 -170.25 133.243 -5.532
-616.179 691.265 -6.9285 -170.25 133.243 -5.532
-616.192 691.268 -7.92841 -170.25 133.243 -5.532
-616.205 691.272 -8.92832 -170.25 133.243 -5.532
-616.217 691.275 -9.92824 -170.25 133.243 -5.532
-616.23 691.278 -10.9282 -170.25 133.243 -5.532
-616.243 691.282 -11.9281 -170.25 133.243 -5.532
-616.255 691.285 -12.928 -170.25 133.243 -5.532
-616.268 691.289 -13.9279 -170.25 133.243 -5.532
-616.281 691.292 -14.9278 -170.25 133.243 -5.532
-616.293 691.296 -15.9277 -170.25 133.243 -5.532
-616.306 691.299 -16.9276 -170.25 133.243 -5.532
-616.319 691.302 -17.9275 -170.25 133.243 -5.532
-616.331 691.306 -18.9275 -170.25 133.243 -5.532
-616.344 691.309 -19.9274 -170.25 133.243 -5.532
-616.357 691.313 -20.9273 -170.25 133.243 -5.532
-616.369 691.316 -21.9272 -170.25 133.243 -5.532
-616.382 691.32 -22.9271 -170.261 133.242 -5.546
-616.395 691.323 -23.927 -170.255 133.239 -5.543
-616.407 691.326 -24.9269 -170.262 133.24 -5.54
-616.42 691.33 -25.9269 -170.262 133.24 -5.54
-616.433 691.333 -26.9268 -170.259 133.242 -5.535
-616.445 691.337 -27.9267 -170.257 133.244 -5.535
-616.458 691.34 -28.9266 -170.257 133.244 -5.535
-616.471 691.343 -29.9265 -170.258 133.245 -5.531
-616.484 691.347 -30.9264 -170.256 133.246 -5.529
-616.496 691.35 -31.9263 -170.251 133.244 -5.524
-616.509 691.354 -32.9263 -170.251 133.244 -5.524
-616.522 691.357 -33.9262 -170.248 133.244 -5.521
-616.534 691.361 -34.9261 -170.251 133.243 -5.516
-616.547 691.364 -35.926 -170.251 133.244 -5.522
-616.56 691.367 -36.9259 -170.253 133.245 -5.532
-616.572 691.371 -37.9258 -170.253 133.245 -5.532
-616.585 691.374 -38.9257 -170.262 133.244 -5.533
-616.598 691.378 -39.9257 -170.265 133.244 -5.539
-616.61 691.381 -40.9256 -170.265 133.244 -5.539
-616.623 691.385 -41.9255 -170.268 133.245 -5.536
-616.636 691.388 -42.9254 -170.267 133.245 -5.533
-616.648 691.391 -43.9253 -170.263 133.244 -5.53
-616.661 691.395 -44.9252 -170.258 133.243 -5.527
-616.674 691.398 -45.9251 -170.258 133.243 -5.527
-616.686 691.402 -46.925 -170.255 133.242 -5.523
-616.699 691.405 -47.925 -170.256 133.241 -5.522
7
-612.715 690.035 19.3052 -170.251 133.243 -5.533
-612.726 690.033 18.3053 -170.251 133.243 -5.533
-612.737 690.031 17.3054 -170.251 133.243 -5.533
-612.749 690.029 16.3054 -170.251 133.243 -5.533
-612.76 690.027 15.3055 -170.251 133.243 -5.533
-612.771 690.025 14.3056 -170.251 133.243 -5.533
-612.782 690.023 13.3056 -170.251 133.243 -5.533
-612.793 690.022 12.3057 -170.251 133.243 -5.533
-612.804 690.02 11.3058 -170.251 133.243 -5.533
-612.815 690.018 10.3058 -170.251 133.243 -5.533
-612.826 690.016 9.30588 -170.251 133.243 -5.533
-612.837 690.014 8.30594 -170.251 133.243 -5.533
-612.848 690.012 7.306 -170.251 133.243 -5.533
-612.859 690.01 6.30607 -170.251 133.243 -5.533
-612.87 690.008 5.30613 -170.251 133.243 -5.533
-612.881 690.006 4.30619 -170.251 133.243 -5.533
-612.892 690.005 3.30626 -170.251 133.243 -5.533
-612.903 690.003 2.30632 -170.251 133.243 -5.533
-612.914 690.001 1.30638 -170.251 133.243 -5.533
-612.925 689.999 0.306445 -170.251 133.243 -5.533
-612.936 689.997 -0.693493 -170.251 133.243 -5.533
-612.948 689.995 -1.69343 -170.251 133.243 -5.533
-612.959 689.993 -2.69337 -170.251 133.243 -5.533
-612.97 689.991 -3.6933 -170.251 133.243 -5.533
-612.981 689.989 -4.69324 -170.251 133.243 -5.533
-612.992 689.988 -5.69318 -170.251 133.243 -5.533
-613.003 689.986 -6.69312 -170.251 133.243 -5.533
-613.014 689.984 -7.69305 -170.251 133.243 -5.533
-613.025 689.982 -8.69299 -170.251 133.243 -5.533
-613.036 689.98 -9.69293 -170.251 133.243 -5.533
-613.047 689.978 -10.6929 -170.251 133.243 -5.533
-613.058 689.976 -11.6928 -170.251 133.243 -5.533
-613.069 689.974 -12.6927 -170.251 133.243 -5.533
-613.08 689.972 -13.6927 -170.251 133.243 -5.533
-613.091 689.971 -14.6926 -170.251 133.243 -5.533
-613.102 689.969 -15.6925 -170.251 133.243 -5.533
-613.113 689.967 -16.6925 -170.251 133.243 -5.533
-613.124 689.965 -17.6924 -170.251 133.243 -5.533
-613.135 689.963 -18.6924 -170.251 133.243 -5.533
-613.147 689.961 -19.6923 -170.251 133.243 -5.533
-613.158 689.959 -20.6922 -170.263 133.243 -5.547
-613.169 689.957 -21.6922 -170.255 133.239 -5.543
-613.18 689.955 -22.6921 -170.262 133.24 -5.542
-613.191 689.954 -23.692 -170.261 133.241 -5.535
-613.202 689.952 -24.692 -170.261 133.241 -5.535
-613.213 689.95 -25.6919 -170.255 133.243 -5.536
-613.224 689.948 -26.6919 -170.257 133.245 -5.53
-613.235 689.946 -27.6918 -170.257 133.245 -5.53
-613.246 689.944 -28.6917 -170.256 133.246 -5.527
-613.257 689.942 -29.6917 -170.253 133.245 -5.524
-613.268 689.94 -30.6916 -170.248 133.244 -5.52
-613.279 689.939 -31.6915 -170.248 133.244 -5.52
-613.29 689.937 -32.6915 -170.25 133.243 -5.517
-613.301 689.935 -33.6914 -170.252 133.244 -5.53
-613.312 689.933 -34.6914 -170.252 133.244 -5.53
-613.323 689.931 -35.6913 -170.259 133.243 -5.532
-613.335 689.929 -36.6912 -170.265 133.244 -5.538
-613.346 689.927 -37.6912 -170.266 133.245 -5.542
-613.357 689.925 -38.6911 -170.266 133.245 -5.542
-613.368 689.923 -39.691 -170.266 133.245 -5.537
-613.379 689.922 -40.691 -170.263 133.245 -5.532
-613.39 689.92 -41.6909 -170.26 133.243 -5.528
-613.401 689.918 -42.6909 -170.26 133.243 -5.528
-613.412 689.916 -43.6908 -170.257 133.242 -5.527
-613.423 689.914 -44.6907 -170.255 133.241 -5.521
-613.434 689.912 -45.6907 -170.256 133.241 -5.522
-613.445 689.91 -46.6906 -170.258 133.242 -5.526
-613.456 689.908 -47.6905 -170.264 133.244 -5.525
-613.467 689.906 -48.6905 -170.269 133.248 -5.531
-613.478 689.905 -49.6904 -170.269 133.248 -5.531
-613.489 689.903 -50.6903 -170.271 133.249 -5.533
8
-611.844 688.4 16.8417 -170.251 133.243 -5.533
-611.85 688.406 15.8418 -170.251 133.243 -5.533
-611.856 688.411 14.8418 -170.251 133.243 -5.533
-611.863 688.417 13.8418 -170.251 133.243 -5.533
-611.869 688.422 12.8419 -170.251 133.243 -5.533
-611.875 688.428 11.8419 -170.251 133.243 -5.533
-611.881 688.433 10.8419 -170.251 133.243 -5.533
-611.888 688.439 9.84196 -170.251 133.243 -5.533
-611.894 688.444 8.84199 -170.251 133.243 -5.533
-611.9 688.449 7.84203 -170.251 133.243 -5.533
-611.906 688.455 6.84206 -170.251 133.243 -5.533
-611.913 688.46 5.8421 -170.251 133.243 -5.533
-611.919 688.466 4.84213 -170.251 133.243 -5.533
-611.925 688.471 3.84216 -170.251 133.243 -5.533
-611.931 688.477 2.8422 -170.251 133.243 -5.533
-611.938 688.482 1.84223 -170.251 133.243 -5.533
-611.944 688.488 0.842268 -170.251 133.243 -5.533
-611.95 688.493 -0.157698 -170.251 133.243 -5.533
-611.956 688.499 -1.15766 -170.251 133.243 -5.533
-611.963 688.504 -2.15763 -170.251 133.243 -5.533
-611.969 688.509 -3.15759 -170.251 133.243 -5.533
-611.975 688.515 -4.15756 -170.251 133.243 -5.533
-611.981 688.52 -5.15753 -170.251 133.243 -5.533
-611.988 688.526 -6.15749 -170.251 133.243 -5.533
-611.994 688.531 -7.15746 -170.251 133.243 -5.533
-612 688.537 -8.15742 -170.251 133.243 -5.533
-612.006 688.542 -9.15739 -170.251 133.243 -5.533
-612.013 688.548 -10.1574 -170.251 133.243 -5.533
-612.019 688.553 -11.1573 -170.251 133.243 -5.533
-612.025 688.559 -12.1573 -170.251 133.243 -5.533
-612.031 688.564 -13.1573 -170.251 133.243 -5.533
-612.037 688.569 -14.1572 -170.251 133.243 -5.533
-612.044 688.575 -15.1572 -170.251 133.243 -5.533
-612.05 688.58 -16.1571 -170.251 133.243 -5.533
-612.056 688.586 -17.1571 -170.251 133.243 -5.533
-612.062 688.591 -18.1571 -170.251 133.243 -5.533
-612.069 688.597 -19.157 -170.251 133.243 -5.533
-612.075 688.602 -20.157 -170.26 133.241 -5.544
-612.081 688.608 -21.157 -170.257 133.24 -5.542
-612.087 688.613 -22.1569 -170.264 133.241 -5.539
-612.094 688.619 -23.1569 -170.264 133.241 -5.539
-612.1 688.624 -24.1569 -170.258 133.242 -5.535
-612.106 688.629 -25.1568 -170.258 133.243 -5.533
-612.112 688.635 -26.1568 -170.258 133.243 -5.533
-612.119 688.64 -27.1568 -170.256 133.245 -5.526
-612.125 688.646 -28.1567 -170.254 133.245 -5.526
-612.131 688.651 -29.1567 -170.249 133.244 -5.521
-612.137 688.657 -30.1567 -170.247 133.244 -5.519
-612.144 688.662 -31.1566 -170.247 133.244 -5.519
-612.15 688.668 -32.1566 -170.25 133.244 -5.518
-612.156 688.673 -33.1566 -170.255 133.244 -5.532
-612.162 688.679 -34.1565 -170.255 133.244 -5.532
-612.169 688.684 -35.1565 -170.263 133.244 -5.534
-612.175 688.689 -36.1565 -170.265 133.244 -5.54
-612.181 688.695 -37.1564 -170.265 133.244 -5.54
-612.187 688.7 -38.1564 -170.266 133.244 -5.539
-612.194 688.706 -39.1564 -170.264 133.244 -5.534
-612.2 688.711 -40.1563 -170.261 133.244 -5.531
-612.206 688.717 -41.1563 -170.258 133.243 -5.527
-612.212 688.722 -42.1563 -170.258 133.243 -5.527
-612.218 688.728 -43.1562 -170.256 133.242 -5.523
-612.225 688.733 -44.1562 -170.255 133.241 -5.519
-612.231 688.739 -45.1562 -170.257 133.242 -5.524
-612.237 688.744 -46.1561 -170.257 133.242 -5.524
-612.243 688.749 -47.1561 -170.265 133.245 -5.522
-612.25 688.755 -48.156 -170.268 133.248 -5.53
-612.256 688.76 -49.156 -170.268 133.248 -5.53
-612.262 688.766 -50.156 -170.269 133.249 -5.53
-612.268 688.771 -51.1559 -170.267 133.25 -5.532
-612.275 688.777 -52.1559 -170.267 133.25 -5.532
-612.281 688.782 -53.1559 -170.267 133.25 -5.532
9
-616.353 694.932 35.6041 -170.251 133.242 -5.533
-616.358 694.94 34.6042 -170.251 133.242 -5.533
-616.363 694.949 33.6042 -170.251 133.242 -5.533
-616.368 694.957 32.6043 -170.251 133.242 -5.533
-616.373 694.966 31.6043 -170.251 133.242 -5.533
-616.378 694.974 30.6044 -170.251 133.242 -5.533
-616.383 694.983 29.6044 -170.251 133.242 -5.533
-616.388 694.991 28.6044 -170.251 133.242 -5.533
-616.393 695 27.6045 -170.251 133.242 -5.533
-616.398 695.008 26.6045 -170.251 133.242 -5.533
-616.403 695.017 25.6046 -170.251 133.242 -5.533
-616.408 695.025 24.6046 -170.251 133.242 -5.533
-616.413 695.034 23.6047 -170.251 133.242 -5.533
-616.417 695.042 22.6047 -170.251 133.242 -5.533
-616.422 695.051 21.6048 -170.251 133.242 -5.533
-616.427 695.059 20.6048 -170.251 133.242 -5.533
-616.432 695.067 19.6049 -170.251 133.242 -5.533
-616.437 695.076 18.6049 -170.251 133.242 -5.533
-616.442 695.084 17.605 -170.251 133.242 -5.533
-616.447 695.093 16.605 -170.251 133.242 -5.533
-616.452 695.101 15.6051 -170.251 133.242 -5.533
-616.457 695.11 14.6051 -170.251 133.242 -5.533
-616.462 695.118 13.6052 -170.251 133.242 -5.533
-616.467 695.127 12.6052 -170.251 133.242 -5.533
-616.472 695.135 11.6053 -170.251 133.242 -5.533
-616.477 695.144 10.6053 -170.251 133.242 -5.533
-616.481 695.152 9.60536 -170.251 133.242 -5.533
-616.486 695.161 8.60541 -170.251 133.242 -5.533
-616.491 695.169 7.60546 -170.251 133.242 -5.533
-616.496 695.178 6.6055 -170.251 133.242 -5.533
-616.501 695.186 5.60555 -170.251 133.242 -5.533
-616.506 695.194 4.6056 -170.251 133.242 -5.533
-616.511 695.203 3.60565 -170.251 133.242 -5.533
-616.516 695.211 2.6057 -170.251 133.242 -5.533
-616.521 695.22 1.60574 -170.251 133.242 -5.533
-616.526 695.228 0.605792 -170.251 133.242 -5.533
-616.531 695.237 -0.39416 -170.251 133.242 -5.533
-616.536 695.245 -1.39411 -170.251 133.242 -5.533
-616.541 695.254 -2.39406 -170.251 133.242 -5.533
-616.546 695.262 -3.39402 -170.251 133.242 -5.533
-616.55 695.271 -4.39397 -170.251 133.242 -5.533
-616.555 695.279 -5.39392 -170.251 133.242 -5.533
-616.56 695.288 -6.39387 -170.251 133.242 -5.533
-616.565 695.296 -7.39382 -170.251 133.242 -5.533
-616.57 695.305 -8.39378 -170.251 133.242 -5.533
-616.575 695.313 -9.39373 -170.251 133.242 -5.533
-616.58 695.321 -10.3937 -170.251 133.242 -5.533
-616.585 695.33 -11.3936 -170.251 133.242 -5.533
-616.59 695.338 -12.3936 -170.251 133.242 -5.533
-616.595 695.347 -13.3935 -170.251 133.242 -5.533
-616.6 695.355 -14.3935 -170.251 133.242 -5.533
-616.605 695.364 -15.3934 -170.251 133.242 -5.533
-616.61 695.372 -16.3934 -170.251 133.242 -5.533
-616.615 695.381 -17.3933 -170.251 133.242 -5.533
-616.619 695.389 -18.3933 -170.251 133.242 -5.533
-616.624 695.398 -19.3932 -170.251 133.242 -5.533
-616.629 695.406 -20.3932 -170.251 133.242 -5.533
-616.634 695.415 -21.3932 -170.251 133.242 -5.533
-616.639 695.423 -22.3931 -170.259 133.241 -5.545
-616.644 695.432 -23.3931 -170.256 133.239 -5.542
-616.649 695.44 -24.393 -170.265 133.24 -5.537
-616.654 695.449 -25.393 -170.265 133.24 -5.537
-616.659 695.457 -26.3929 -170.261 133.243 -5.533
-616.664 695.465 -27.3929 -170.259 133.245 -5.534
-616.669 695.474 -28.3928 -170.259 133.245 -5.534
-616.674 695.482 -29.3928 -170.259 133.246 -5.527
-616.679 695.491 -30.3927 -170.256 133.247 -5.525
-616.683 695.499 -31.3927 -170.249 133.244 -5.519
-616.688 695.508 -32.3926 -170.249 133.244 -5.519
-616.693 695.516 -33.3926 -170.249 133.245 -5.516
-616.698 695.525 -34.3925 -170.252 133.244 -5.512
10
-615.26 690.255 16.1796 -170.254 133.242 -5.534
-615.267 690.263 15.1797 -170.254 133.242 -5.534
-615.274 690.271 14.1797 -170.254 133.242 -5.534
-615.28 690.278 13.1798 -170.254 133.242 -5.534
-615.287 690.286 12.1798 -170.254 133.242 -5.534
-615.294 690.294 11.1799 -170.254 133.242 -5.534
-615.301 690.302 10.1799 -170.254 133.242 -5.534
-615.307 690.31 9.17999 -170.254 133.242 -5.534
-615.314 690.318 8.18005 -170.254 133.242 -5.534
-615.321 690.326 7.1801 -170.254 133.242 -5.534
-615.327 690.334 6.18016 -170.254 133.242 -5.534
-615.334 690.342 5.18021 -170.254 133.242 -5.534
-615.341 690.35 4.18026 -170.254 133.242 -5.534
-615.348 690.357 3.18032 -170.254 133.242 -5.534
-615.354 690.365 2.18037 -170.254 133.242 -5.534
-615.361 690.373 1.18043 -170.254 133.242 -5.534
-615.368 690.381 0.18048 -170.254 133.242 -5.534
-615.375 690.389 -0.819466 -170.254 133.242 -5.534
-615.381 690.397 -1.81941 -170.254 133.242 -5.534
-615.388 690.405 -2.81936 -170.254 133.242 -5.534
-615.395 690.413 -3.8193 -170.254 133.242 -5.534
-615.402 690.421 -4.81925 -170.254 133.242 -5.534
-615.408 690.429 -5.8192 -170.254 133.242 -5.534
-615.415 690.436 -6.81914 -170.254 133.242 -5.534
-615.422 690.444 -7.81909 -170.254 133.242 -5.534
-615.429 690.452 -8.81904 -170.254 133.242 -5.534
-615.435 690.46 -9.81898 -170.254 133.242 -5.534
-615.442 690.468 -10.8189 -170.254 133.242 -5.534
-615.449 690.476 -11.8189 -170.254 133.242 -5.534
-615.455 690.484 -12.8188 -170.254 133.242 -5.534
-615.462 690.492 -13.8188 -170.254 133.242 -5.534
-615.469 690.5 -14.8187 -170.254 133.242 -5.534
-615.476 690.508 -15.8187 -170.254 133.242 -5.534
-615.482 690.515 -16.8186 -170.254 133.242 -5.534
-615.489 690.523 -17.8186 -170.254 133.242 -5.534
-615.496 690.531 -18.8185 -170.254 133.242 -5.534
-615.503 690.539 -19.8184 -170.254 133.242 -5.534
-615.509 690.547 -20.8184 -170.254 133.242 -5.534
-615.516 690.555 -21.8183 -170.254 133.242 -5.534
-615.523 690.563 -22.8183 -170.259 133.242 -5.546
-615.53 690.571 -23.8182 -170.263 133.244 -5.544
-615.536 690.579 -24.8182 -170.263 133.244 -5.534
-615.543 690.587 -25.8181 -170.258 133.246 -5.526
-615.55 690.594 -26.8181 -170.258 133.246 -5.526
-615.557 690.602 -27.818 -170.255 133.247 -5.523
-615.563 690.61 -28.818 -170.254 133.246 -5.516
-615.57 690.618 -29.8179 -170.252 133.245 -5.511
-615.577 690.626 -30.8178 -170.252 133.245 -5.511
-615.583 690.634 -31.8178 -170.253 133.244 -5.512
-615.59 690.642 -32.8177 -170.254 133.245 -5.516
-615.597 690.65 -33.8177 -170.258 133.246 -5.516
-615.604 690.658 -34.8176 -170.261 133.247 -5.529
-615.61 690.666 -35.8176 -170.261 133.247 -5.529
-615.617 690.673 -36.8175 -170.267 133.247 -5.537
-615.624 690.681 -37.8175 -170.269 133.246 -5.54
-615.631 690.689 -38.8174 -170.266 133.245 -5.545
-615.637 690.697 -39.8174 -170.266 133.245 -5.545
-615.644 690.705 -40.8173 -170.263 133.242 -5.544
-615.651 690.713 -41.8173 -170.264 133.242 -5.537
-615.658 690.721 -42.8172 -170.258 133.24 -5.537
-615.664 690.729 -43.8171 -170.261 133.24 -5.532
-615.671 690.737 -44.8171 -170.262 133.24 -5.526
-615.678 690.745 -45.817 -170.262 133.24 -5.526
-615.684 690.752 -46.817 -170.26 133.242 -5.522
-615.691 690.76 -47.8169 -170.261 133.245 -5.523
-615.698 690.768 -48.8169 -170.262 133.246 -5.518
-615.705 690.776 -49.8168 -170.262 133.246 -5.518
-615.711 690.784 -50.8168 -170.265 133.25 -5.52
-615.718 690.792 -51.8167 -170.271 133.249 -5.524
-615.725 690.8 -52.8167 -170.276 133.248 -5.525
-615.732 690.808 -53.8166 -170.273 133.247 -5.526
11
-613.609 688.935 19.147 -170.25 133.243 -5.533
-613.612 688.941 18.147 -170.25 133.243 -5.533
-613.615 688.947 17.1471 -170.25 133.243 -5.533
-613.618 688.954 16.1471 -170.25 133.243 -5.533
-613.621 688.96 15.1471 -170.25 133.243 -5.533
-613.624 688.966 14.1471 -170.25 133.243 -5.533
-613.627 688.972 13.1472 -170.25 133.243 -5.533
-613.63 688.978 12.1472 -170.25 133.243 -5.533
-613.633 688.984 11.1472 -170.25 133.243 -5.533
-613.636 688.99 10.1472 -170.25 133.243 -5.533
-613.639 688.996 9.14725 -170.25 133.243 -5.533
-613.642 689.002 8.14728 -170.25 133.243 -5.533
-613.645 689.008 7.1473 -170.25 133.243 -5.533
-613.648 689.014 6.14732 -170.25 133.243 -5.533
-613.651 689.02 5.14734 -170.25 133.243 -5.533
-613.654 689.026 4.14737 -170.25 133.243 -5.533
-613.657 689.032 3.14739 -170.25 133.243 -5.533
-613.66 689.038 2.14741 -170.25 133.243 -5.533
-613.663 689.044 1.14744 -170.25 133.243 -5.533
-613.666 689.05 0.147458 -170.25 133.243 -5.533
-613.669 689.057 -0.852519 -170.25 133.243 -5.533
-613.672 689.063 -1.8525 -170.25 133.243 -5.533
-613.675 689.069 -2.85247 -170.25 133.243 -5.533
-613.678 689.075 -3.85245 -170.25 133.243 -5.533
-613.681 689.081 -4.85243 -170.25 133.243 -5.533
-613.684 689.087 -5.85241 -170.25 133.243 -5.533
-613.687 689.093 -6.85238 -170.25 133.243 -5.533
-613.69 689.099 -7.85236 -170.25 133.243 -5.533
-613.693 689.105 -8.85234 -170.25 133.243 -5.533
-613.696 689.111 -9.85231 -170.25 133.243 -5.533
-613.699 689.117 -10.8523 -170.25 133.243 -5.533
-613.702 689.123 -11.8523 -170.25 133.243 -5.533
-613.705 689.129 -12.8522 -170.25 133.243 -5.533
-613.708 689.135 -13.8522 -170.25 133.243 -5.533
-613.711 689.141 -14.8522 -170.25 133.243 -5.533
-613.714 689.147 -15.8522 -170.25 133.243 -5.533
-613.717 689.153 -16.8522 -170.25 133.243 -5.533
-613.72 689.159 -17.8521 -170.25 133.243 -5.533
-613.723 689.166 -18.8521 -170.25 133.243 -5.533
-613.726 689.172 -19.8521 -170.25 133.243 -5.533
-613.729 689.178 -20.8521 -170.25 133.243 -5.533
-613.732 689.184 -21.852 -170.257 133.241 -5.543
-613.735 689.19 -22.852 -170.259 133.239 -5.542
-613.738 689.196 -23.852 -170.266 133.242 -5.536
-613.741 689.202 -24.852 -170.266 133.242 -5.536
-613.744 689.208 -25.8519 -170.258 133.244 -5.536
-613.747 689.214 -26.8519 -170.259 133.246 -5.536
-613.75 689.22 -27.8519 -170.259 133.246 -5.536
-613.753 689.226 -28.8519 -170.259 133.248 -5.528
-613.756 689.232 -29.8519 -170.256 133.247 -5.527
-613.758 689.238 -30.8518 -170.252 133.245 -5.523
-613.761 689.244 -31.8518 -170.252 133.245 -5.518
-613.764 689.25 -32.8518 -170.255 133.243 -5.515
-613.767 689.256 -33.8518 -170.255 133.243 -5.515
-613.77 689.262 -34.8517 -170.255 133.244 -5.529
-613.773 689.269 -35.8517 -170.262 133.243 -5.534
-613.776 689.275 -36.8517 -170.266 133.244 -5.537
-613.779 689.281 -37.8517 -170.266 133.244 -5.537
-613.782 689.287 -38.8517 -170.269 133.244 -5.543
-613.785 689.293 -39.8516 -170.27 133.244 -5.535
-613.788 689.299 -40.8516 -170.27 133.244 -5.535
-613.791 689.305 -41.8516 -170.265 133.245 -5.533
-613.794 689.311 -42.8516 -170.258 133.244 -5.532
-613.797 689.317 -43.8515 -170.256 133.243 -5.524
-613.8 689.323 -44.8515 -170.256 133.243 -5.524
-613.803 689.329 -45.8515 -170.255 133.242 -5.522
-613.806 689.335 -46.8515 -170.258 133.243 -5.524
-613.809 689.341 -47.8514 -170.265 133.244 -5.521
-613.812 689.347 -48.8514 -170.265 133.244 -5.521
-613.815 689.353 -49.8514 -170.271 133.248 -5.531
-613.818 689.359 -50.8514 -170.271 133.249 -5.533
12
-612.544 689.41 16.899 -170.249 133.244 -5.532
-612.545 689.41 15.899 -170.249 133.244 -5.532
-612.546 689.411 14.899 -170.249 133.244 -5.532
-612.548 689.411 13.899 -170.249 133.244 -5.532
-612.549 689.412 12.899 -170.249 133.244 -5.532
-612.55 689.413 11.899 -170.249 133.244 -5.532
-612.552 689.413 10.899 -170.249 133.244 -5.532
-612.553 689.414 9.89904 -170.249 133.244 -5.532
-612.554 689.415 8.89904 -170.249 133.244 -5.532
-612.556 689.415 7.89904 -170.249 133.244 -5.532
-612.557 689.416 6.89905 -170.249 133.244 -5.532
-612.558 689.416 5.89905 -170.249 133.244 -5.532
-612.56 689.417 4.89905 -170.249 133.244 -5.532
-612.561 689.418 3.89905 -170.249 133.244 -5.532
-612.562 689.418 2.89905 -170.249 133.244 -5.532
-612.564 689.419 1.89905 -170.249 133.244 -5.532
-612.565 689.419 0.899051 -170.249 133.244 -5.532
-612.566 689.42 -0.100947 -170.249 133.244 -5.532
-612.568 689.421 -1.10095 -170.249 133.244 -5.532
-612.569 689.421 -2.10095 -170.249 133.244 -5.532
-612.57 689.422 -3.10094 -170.249 133.244 -5.532
-612.572 689.422 -4.10094 -170.249 133.244 -5.532
-612.573 689.423 -5.10094 -170.249 133.244 -5.532
-612.574 689.424 -6.10094 -170.249 133.244 -5.532
-612.576 689.424 -7.10094 -170.249 133.244 -5.532
-612.577 689.425 -8.10094 -170.249 133.244 -5.532
-612.578 689.425 -9.10094 -170.249 133.244 -5.532
-612.58 689.426 -10.1009 -170.249 133.244 -5.532
-612.581 689.427 -11.1009 -170.249 133.244 -5.532
-612.582 689.427 -12.1009 -170.249 133.244 -5.532
-612.584 689.428 -13.1009 -170.249 133.244 -5.532
-612.585 689.428 -14.1009 -170.249 133.244 -5.532
-612.586 689.429 -15.1009 -170.249 133.244 -5.532
-612.588 689.43 -16.1009 -170.249 133.244 -5.532
-612.589 689.43 -17.1009 -170.249 133.244 -5.532
-612.59 689.431 -18.1009 -170.249 133.244 -5.532
-612.592 689.432 -19.1009 -170.249 133.244 -5.532
-612.593 689.432 -20.1009 -170.26 133.241 -5.544
-612.594 689.433 -21.1009 -170.26 133.242 -5.545
-612.596 689.433 -22.1009 -170.264 133.244 -5.54
-612.597 689.434 -23.1009 -170.264 133.244 -5.54
-612.598 689.435 -24.1009 -170.259 133.244 -5.529
-612.6 689.435 -25.1009 -170.255 133.246 -5.53
-612.601 689.436 -26.1009 -170.257 133.246 -5.526
-612.602 689.436 -27.1009 -170.255 133.245 -5.521
-612.604 689.437 -28.1009 -170.255 133.245 -5.521
-612.605 689.438 -29.1009 -170.255 133.243 -5.52
-612.606 689.438 -30.1009 -170.255 133.243 -5.521
-612.607 689.439 -31.1009 -170.259 133.243 -5.521
-612.609 689.439 -32.1009 -170.26 133.243 -5.523
-612.61 689.44 -33.1009 -170.262 133.244 -5.536
-612.611 689.441 -34.1009 -170.262 133.244 -5.536
-612.613 689.441 -35.1009 -170.269 133.245 -5.538
-612.614 689.442 -36.1009 -170.268 133.245 -5.54
-612.615 689.442 -37.1009 -170.264 133.245 -5.541
-612.617 689.443 -38.1009 -170.261 133.245 -5.536
-612.618 689.444 -39.1009 -170.261 133.245 -5.536
-612.619 689.444 -40.1009 -170.259 133.245 -5.531
-612.621 689.445 -41.1009 -170.256 133.243 -5.531
-612.622 689.445 -42.1009 -170.261 133.242 -5.529
-612.623 689.446 -43.1009 -170.263 133.241 -5.526
-612.625 689.447 -44.1009 -170.263 133.241 -5.526
-612.626 689.447 -45.1009 -170.266 133.242 -5.528
-612.627 689.448 -46.1009 -170.267 133.243 -5.528
-612.629 689.449 -47.1009 -170.268 133.246 -5.522
-612.63 689.449 -48.1009 -170.266 133.247 -5.526
-612.631 689.45 -49.1009 -170.266 133.247 -5.526
-612.633 689.45 -50.1009 -170.265 133.247 -5.525
-612.634 689.451 -51.1009 -170.268 133.247 -5.528
-612.635 689.452 -52.1009 -170.268 133.247 -5.528
-612.637 689.452 -53.1009 -170.268 133.247 -5.528
