1
-662.577 484.574 -103.7 -171.475 133.341 65.272
-657.4 501.814 -103.7 -133.804 138.602 92.854
-658.358 502.102 -103.677 -133.804 138.602 92.854
-659.315 502.389 -103.654 -133.804 138.602 92.854
-660.273 502.677 -103.631 -133.804 138.602 92.854
-661.23 502.964 -103.608 -133.799 138.6 92.827
-662.188 503.252 -103.585 -133.799 138.6 92.827
-663.145 503.539 -103.562 -133.802 138.6 92.81
-664.103 503.827 -103.539 -133.802 138.601 92.815
-665.06 504.114 -103.516 -133.804 138.598 92.825
-666.018 504.402 -103.493 -133.807 138.597 92.832
-666.975 504.689 -103.47 -133.807 138.597 92.838
-667.933 504.977 -103.446 -133.806 138.599 92.845
-668.89 505.264 -103.423 -133.806 138.6 92.852
-669.848 505.552 -103.4 -133.806 138.6 92.852
-670.805 505.839 -103.377 -133.806 138.602 92.857
-671.763 506.127 -103.354 -133.805 138.601 92.861
-672.72 506.414 -103.331 -133.8 138.599 92.864
-673.678 506.702 -103.308 -133.797 138.596 92.857
-674.635 506.989 -103.285 -133.797 138.596 92.857
-675.593 507.277 -103.262 -133.796 138.599 92.871
-676.55 507.564 -103.239 -133.795 138.6 92.872
-677.508 507.852 -103.216 -133.792 138.6 92.877
-678.465 508.139 -103.193 -133.788 138.599 92.883
-679.423 508.427 -103.169 -133.789 138.599 92.883
-680.38 508.714 -103.146 -133.789 138.599 92.883
-681.338 509.002 -103.123 -133.792 138.599 92.884
-682.295 509.29 -103.1 -133.795 138.597 92.882
-683.253 509.577 -103.077 -133.795 138.595 92.881
-684.21 509.865 -103.054 -133.794 138.594 92.882
-685.168 510.152 -103.031 -133.794 138.594 92.882
-686.125 510.44 -103.008 -133.793 138.594 92.883
-687.082 510.727 -102.985 -133.792 138.594 92.887
-688.04 511.015 -102.962 -133.792 138.595 92.888
-688.997 511.302 -102.939 -133.795 138.593 92.874
-689.955 511.59 -102.916 -133.795 138.593 92.874
-690.912 511.877 -102.892 -133.798 138.593 92.871
-691.87 512.165 -102.869 -133.804 138.592 92.877
-692.827 512.452 -102.846 -133.807 138.592 92.877
-693.785 512.74 -102.823 -133.807 138.592 92.877
-694.742 513.027 -102.8 -133.807 138.592 92.877
-695.7 513.315 -102.777 -133.807 138.592 92.877
2
-663.535 481.18 -104.165 -171.475 133.341 65.272
-657.795 498.24 -104.165 -133.805 138.603 92.855
-658.742 498.559 -104.125 -133.805 138.603 92.855
-659.689 498.878 -104.084 -133.805 138.603 92.855
-660.636 499.196 -104.044 -133.805 138.603 92.855
-661.583 499.515 -104.004 -133.805 138.603 92.855
-662.53 499.834 -103.963 -133.805 138.603 92.855
-663.477 500.152 -103.923 -133.805 138.603 92.855
-664.424 500.471 -103.882 -133.801 138.602 92.825
-665.371 500.789 -103.842 -133.802 138.6 92.806
-666.318 501.108 -103.802 -133.805 138.599 92.815
-667.265 501.427 -103.761 -133.805 138.599 92.815
-668.212 501.745 -103.721 -133.806 138.596 92.826
-669.159 502.064 -103.68 -133.808 138.597 92.834
-670.106 502.383 -103.64 -133.807 138.598 92.84
-671.053 502.701 -103.599 -133.807 138.602 92.847
-672 503.02 -103.559 -133.806 138.601 92.854
-672.947 503.339 -103.519 -133.801 138.599 92.863
-673.894 503.657 -103.478 -133.801 138.599 92.863
-674.841 503.976 -103.438 -133.796 138.6 92.872
-675.788 504.295 -103.397 -133.792 138.599 92.861
-676.735 504.613 -103.357 -133.794 138.602 92.868
-677.682 504.932 -103.316 -133.794 138.602 92.868
-678.629 505.25 -103.276 -133.794 138.6 92.87
-679.576 505.569 -103.236 -133.792 138.599 92.878
-680.523 505.888 -103.195 -133.786 138.6 92.883
-681.47 506.206 -103.155 -133.786 138.6 92.883
-682.417 506.525 -103.114 -133.789 138.601 92.884
-683.364 506.844 -103.074 -133.794 138.6 92.882
-684.311 507.162 -103.033 -133.797 138.6 92.881
-685.258 507.481 -102.993 -133.794 138.597 92.885
-686.205 507.8 -102.953 -133.79 138.595 92.888
-687.152 508.118 -102.912 -133.79 138.594 92.887
-688.099 508.437 -102.872 -133.795 138.595 92.885
-689.046 508.756 -102.831 -133.795 138.595 92.885
-689.993 509.074 -102.791 -133.796 138.595 92.885
-690.94 509.393 -102.75 -133.796 138.595 92.885
-691.887 509.712 -102.71 -133.793 138.59 92.872
-692.834 510.03 -102.67 -133.795 138.592 92.881
-693.781 510.349 -102.629 -133.804 138.592 92.88
-694.728 510.667 -102.589 -133.804 138.592 92.88
-695.675 510.986 -102.548 -133.804 138.592 92.88
3
-660.372 484.586 -103.486 -171.475 133.341 65.272
-655.196 501.826 -103.486 -133.802 138.602 92.856
-656.153 502.113 -103.444 -133.802 138.602 92.856
-657.11 502.4 -103.401 -133.802 138.602 92.856
-658.067 502.688 -103.359 -133.802 138.602 92.856
-659.024 502.975 -103.316 -133.802 138.602 92.856
-659.981 503.262 -103.274 -133.802 138.602 92.856
-660.938 503.549 -103.231 -133.803 138.598 92.827
-661.895 503.837 -103.189 -133.808 138.598 92.807
-662.852 504.124 -103.146 -133.806 138.598 92.814
-663.809 504.411 -103.104 -133.806 138.598 92.814
-664.766 504.698 -103.061 -133.808 138.597 92.825
-665.723 504.986 -103.019 -133.807 138.599 92.836
-666.679 505.273 -102.976 -133.802 138.599 92.844
-667.636 505.56 -102.934 -133.8 138.599 92.853
-668.593 505.847 -102.891 -133.8 138.599 92.853
-669.55 506.135 -102.849 -133.799 138.599 92.859
-670.507 506.422 -102.806 -133.796 138.6 92.866
-671.464 506.709 -102.764 -133.794 138.602 92.871
-672.421 506.996 -102.721 -133.791 138.599 92.863
-673.378 507.284 -102.678 -133.794 138.598 92.862
-674.335 507.571 -102.636 -133.793 138.598 92.87
-675.292 507.858 -102.593 -133.792 138.597 92.872
-676.249 508.145 -102.551 -133.79 138.6 92.877
-677.205 508.432 -102.508 -133.79 138.6 92.877
-678.162 508.72 -102.466 -133.787 138.599 92.88
-679.119 509.007 -102.423 -133.79 138.598 92.879
-680.076 509.294 -102.381 -133.793 138.597 92.878
-681.033 509.581 -102.338 -133.792 138.597 92.882
-681.99 509.869 -102.296 -133.792 138.596 92.882
-682.947 510.156 -102.253 -133.79 138.595 92.883
-683.904 510.443 -102.211 -133.79 138.595 92.883
-684.861 510.73 -102.168 -133.79 138.595 92.883
-685.818 511.018 -102.126 -133.79 138.595 92.885
-686.775 511.305 -102.083 -133.792 138.592 92.875
-687.731 511.592 -102.041 -133.792 138.592 92.875
-688.688 511.879 -101.998 -133.792 138.592 92.875
-689.645 512.167 -101.955 -133.793 138.595 92.886
-690.602 512.454 -101.913 -133.793 138.595 92.886
-691.559 512.741 -101.87 -133.793 138.595 92.886
-692.516 513.028 -101.828 -133.802 138.594 92.885
-693.473 513.316 -101.785 -133.802 138.594 92.885
4
-660.547 481.495 -103.271 -171.475 133.341 65.272
-655.14 498.663 -103.271 -133.803 138.602 92.855
-656.093 498.964 -103.259 -133.803 138.602 92.855
-657.047 499.264 -103.247 -133.803 138.602 92.855
-658.001 499.564 -103.235 -133.803 138.602 92.855
-658.955 499.865 -103.222 -133.803 138.602 92.855
-659.908 500.165 -103.21 -133.803 138.602 92.855
-660.862 500.465 -103.198 -133.803 138.602 92.855
-661.816 500.766 -103.185 -133.803 138.602 92.855
-662.77 501.066 -103.173 -133.803 138.602 92.855
-663.723 501.367 -103.161 -133.803 138.598 92.826
-664.677 501.667 -103.148 -133.808 138.598 92.806
-665.631 501.967 -103.136 -133.805 138.598 92.818
-666.585 502.268 -103.124 -133.806 138.597 92.827
-667.538 502.568 -103.112 -133.806 138.599 92.837
-668.492 502.868 -103.099 -133.803 138.599 92.846
-669.446 503.169 -103.087 -133.803 138.599 92.846
-670.4 503.469 -103.075 -133.8 138.6 92.853
-671.353 503.77 -103.062 -133.798 138.599 92.86
-672.307 504.07 -103.05 -133.795 138.601 92.871
-673.261 504.37 -103.038 -133.792 138.603 92.877
-674.214 504.671 -103.026 -133.792 138.603 92.877
-675.168 504.971 -103.013 -133.79 138.599 92.862
-676.122 505.271 -103.001 -133.793 138.6 92.866
-677.076 505.572 -102.989 -133.792 138.599 92.874
-678.029 505.872 -102.976 -133.79 138.6 92.88
-678.983 506.172 -102.964 -133.789 138.601 92.882
-679.937 506.473 -102.952 -133.787 138.599 92.884
-680.891 506.773 -102.939 -133.791 138.599 92.883
-681.844 507.074 -102.927 -133.791 138.599 92.883
-682.798 507.374 -102.915 -133.793 138.597 92.881
-683.752 507.674 -102.903 -133.793 138.597 92.883
-684.706 507.975 -102.89 -133.792 138.596 92.883
-685.659 508.275 -102.878 -133.791 138.595 92.883
-686.613 508.575 -102.866 -133.79 138.594 92.885
-687.567 508.876 -102.853 -133.793 138.595 92.883
-688.521 509.176 -102.841 -133.792 138.594 92.884
-689.474 509.477 -102.829 -133.792 138.594 92.884
-690.428 509.777 -102.816 -133.793 138.591 92.87
-691.382 510.077 -102.804 -133.793 138.591 92.87
-692.336 510.378 -102.792 -133.793 138.591 92.87
-693.289 510.678 -102.78 -133.792 138.593 92.88
