1
-1215.56 458.791 -98.5533 65.917 131.738 94.662
-1214.77 458.142 -98.546 65.917 131.738 94.662
-1213.98 457.497 -98.5388 65.917 131.738 94.662
-1213.19 456.855 -98.5316 66.249 131.737 94.635
-1212.39 456.218 -98.5246 66.37 131.733 94.601
-1211.6 455.586 -98.5178 66.55 131.737 94.567
-1210.8 454.957 -98.511 66.55 131.737 94.567
-1210 454.333 -98.5043 66.738 131.739 94.517
-1209.19 453.713 -98.4978 66.861 131.734 94.487
-1208.39 453.097 -98.4914 67.01 131.734 94.456
-1207.58 452.485 -98.4851 67.153 131.735 94.422
-1206.77 451.878 -98.4789 67.315 131.733 94.4
-1205.96 451.275 -98.4728 67.465 131.735 94.365
-1205.14 450.676 -98.4668 67.651 131.733 94.324
-1204.33 450.081 -98.461 67.814 131.733 94.289
-1203.51 449.49 -98.4553 68.005 131.735 94.241
-1202.69 448.904 -98.4496 68.189 131.732 94.2
-1201.87 448.322 -98.4441 68.189 131.732 94.2
-1201.04 447.744 -98.4388 68.379 131.732 94.167
-1200.22 447.17 -98.4335 68.525 131.732 94.132
-1199.39 446.6 -98.4283 68.712 131.731 94.098
-1198.56 446.035 -98.4233 68.857 131.729 94.064
-1197.73 445.474 -98.4184 68.857 131.729 94.064
-1196.89 444.917 -98.4136 69.196 131.73 94.001
-1196.06 444.364 -98.4089 69.362 131.731 93.97
-1195.22 443.816 -98.4043 69.362 131.731 93.97
-1194.38 443.272 -98.3998 69.695 131.727 93.903
-1193.54 442.732 -98.3955 69.695 131.727 93.903
-1192.69 442.196 -98.3913 69.88 131.726 93.86
-1191.84 441.664 -98.3872 70.046 131.723 93.814
-1191 441.137 -98.3832 70.193 131.722 93.788
-1190.14 440.614 -98.3793 70.381 131.723 93.756
-1189.29 440.095 -98.3755 70.544 131.72 93.713
-1188.44 439.58 -98.3718 70.71 131.719 93.678
-1187.58 439.069 -98.3683 70.71 131.719 93.678
-1186.72 438.563 -98.3649 70.895 131.716 93.634
-1185.86 438.061 -98.3616 71.082 131.715 93.594
-1185 437.563 -98.3584 71.25 131.712 93.549
-1184.13 437.069 -98.3553 71.399 131.713 93.526
-1183.27 436.58 -98.3524 71.564 131.711 93.495
-1182.4 436.094 -98.3495 71.731 131.709 93.459
-1181.53 435.613 -98.3468 71.731 131.709 93.459
-1180.65 435.136 -98.3442 71.876 131.707 93.423
-1179.78 434.664 -98.3417 72.063 131.706 93.388
-1178.9 434.195 -98.3393 72.207 131.706 93.356
-1178.02 433.731 -98.337 72.394 131.704 93.318
-1177.14 433.271 -98.3349 72.583 131.701 93.274
-1176.26 432.815 -98.3328 72.75 131.699 93.246
-1175.37 432.364 -98.3309 72.75 131.699 93.246
-1174.48 431.916 -98.3291 72.898 131.7 93.222
-1173.59 431.473 -98.3274 73.063 131.696 93.183
-1172.7 431.034 -98.3258 73.228 131.696 93.151
-1171.81 430.6 -98.3244 73.394 131.694 93.112
-1170.91 430.169 -98.323 73.536 131.693 93.079
-1170.01 429.743 -98.3218 73.705 131.69 93.044
-1169.12 429.321 -98.3207 73.869 131.686 92.999
-1168.21 428.903 -98.3197 74.016 131.684 92.969
-1167.31 428.489 -98.3188 74.016 131.684 92.969
-1166.4 428.08 -98.318 74.244 131.679 92.919
-1165.5 427.674 -98.3174 74.393 131.681 92.894
-1164.59 427.273 -98.3168 74.621 131.676 92.839
-1163.67 426.876 -98.3164 74.786 131.676 92.809
-1162.76 426.484 -98.3161 74.786 131.676 92.809
-1161.84 426.095 -98.3159 74.974 131.67 92.76
-1160.92 425.711 -98.3158 75.116 131.667 92.729
-1160 425.331 -98.3159 75.287 131.667 92.694
-1159.08 424.956 -98.316 75.449 131.664 92.655
-1158.16 424.584 -98.3163 75.615 131.664 92.626
-1157.23 424.217 -98.3167 75.779 131.659 92.586
-1156.3 423.854 -98.3172 75.898 131.658 92.555
-1155.37 423.495 -98.3178 76.049 131.658 92.529
-1154.44 423.14 -98.3185 76.195 131.653 92.494
-1153.51 422.789 -98.3194 76.195 131.653 92.494
-1152.57 422.443 -98.3204 76.524 131.646 92.423
-1151.63 422.101 -98.3214 76.524 131.646 92.423
-1150.69 421.763 -98.3226 76.687 131.642 92.39
-1149.75 421.43 -98.3239 76.835 131.644 92.36
-1148.8 421.1 -98.3254 77.006 131.641 92.326
-1147.85 420.775 -98.3269 77.144 131.639 92.299
-1146.91 420.454 -98.3286 77.335 131.634 92.258
-1145.95 420.137 -98.3303 77.477 131.628 92.223
-1145 419.825 -98.3322 77.665 131.631 92.187
-1144.05 419.516 -98.3342 77.665 131.631 92.187
-1143.09 419.212 -98.3363 78.037 131.622 92.104
-1142.13 418.912 -98.3386 78.037 131.622 92.104
-1141.17 418.617 -98.3409 78.224 131.615 92.053
-1140.21 418.325 -98.3434 78.224 131.615 92.053
-1139.24 418.038 -98.346 78.386 131.611 92.015
-1138.27 417.755 -98.3487 78.536 131.614 91.988
-1137.3 417.476 -98.3515 78.706 131.606 91.949
-1136.33 417.201 -98.3544 78.869 131.605 91.917
-1135.36 416.931 -98.3574 79.035 131.6 91.877
-1134.38 416.664 -98.3606 79.178 131.592 91.842
-1133.41 416.402 -98.3639 79.339 131.593 91.805
-1132.43 416.145 -98.3673 79.51 131.591 91.768
-1131.44 415.891 -98.3708 79.655 131.586 91.736
-1130.46 415.642 -98.3744 79.798 131.587 91.706
-1129.48 415.396 -98.3781 79.945 131.579 91.673
-1128.49 415.155 -98.382 80.091 131.572 91.642
-1127.5 414.919 -98.3859 80.254 131.574 91.606
-1126.51 414.686 -98.39 80.424 131.57 91.576
-1125.51 414.458 -98.3942 80.592 131.566 91.541
-1123.59 414.091 -98.4382 80.734 131.566 91.512
-1122.6 413.898 -98.4393 80.897 131.557 91.471
-1121.61 413.71 -98.4406 81.04 131.556 91.44
-1120.63 413.526 -98.4418 81.2 131.557 91.404
-1119.64 413.347 -98.443 81.369 131.548 91.364
-1118.65 413.173 -98.4442 81.538 131.547 91.329
-1117.67 413.004 -98.4455 81.681 131.544 91.295
-1116.68 412.839 -98.4468 81.851 131.533 91.254
-1115.69 412.678 -98.4481 82.013 131.531 91.218
-1114.7 412.523 -98.4494 82.013 131.531 91.218
-1113.71 412.372 -98.4507 82.169 131.53 91.186
-1112.72 412.225 -98.452 82.347 131.522 91.131
-1111.73 412.084 -98.4533 82.492 131.525 91.088
-1110.74 411.947 -98.4547 82.615 131.518 91.045
-1109.75 411.814 -98.4561 82.773 131.51 90.983
-1108.76 411.687 -98.4574 82.894 131.508 90.933
-1107.77 411.563 -98.4588 83.011 131.499 90.875
-1106.78 411.445 -98.4603 83.167 131.496 90.79
-1105.79 411.331 -98.4617 83.167 131.496 90.79
-1104.79 411.222 -98.4631 83.272 131.491 90.7
-1103.8 411.117 -98.4646 83.395 131.485 90.609
-1102.81 411.018 -98.466 83.508 131.481 90.525
-1101.81 410.922 -98.4675 83.604 131.474 90.423
-1100.82 410.832 -98.469 83.692 131.469 90.314
-1099.82 410.746 -98.4705 83.785 131.462 90.196
-1098.83 410.665 -98.472 83.892 131.453 90.075
-1097.83 410.588 -98.4736 83.985 131.443 89.955
-1096.84 410.516 -98.4751 84.076 131.439 89.838
-1095.84 410.449 -98.4767 84.16 131.435 89.73
-1094.84 410.386 -98.4782 84.16 131.435 89.73
-1093.85 410.328 -98.4798 84.282 131.428 89.584
-1092.85 410.274 -98.4814 84.388 131.419 89.45
-1091.85 410.226 -98.483 84.473 131.409 89.332
-1090.85 410.182 -98.4847 84.57 131.399 89.2
-1089.86 410.142 -98.4863 84.679 131.393 89.07
-1088.86 410.107 -98.488 84.795 131.385 88.926
-1087.86 410.077 -98.4896 84.795 131.385 88.926
-1086.86 410.052 -98.4913 84.895 131.377 88.797
-1085.86 410.031 -98.493 85 131.37 88.664
-1084.86 410.014 -98.4947 85.112 131.362 88.536
-1083.86 410.003 -98.4965 85.213 131.356 88.407
-1082.85 409.996 -98.4982 85.213 131.356 88.407
-1081.85 409.994 -98.4999 85.31 131.347 88.276
-1080.85 409.996 -98.5017 85.405 131.341 88.165
-1079.85 410.003 -98.5035 85.498 131.332 88.048
-1078.85 410.015 -98.5053 85.587 131.325 87.935
-1077.84 410.031 -98.5071 85.658 131.32 87.838
-1076.84 410.052 -98.5089 85.658 131.32 87.838
-1075.83 410.077 -98.5107 85.762 131.313 87.708
-1074.83 410.108 -98.5126 85.976 131.298 87.453
-1073.83 410.142 -98.5145 85.976 131.298 87.453
-1070.35 410.075 -98.6248 86.327 131.273 87.022
-1069.35 410.13 -98.6293 86.436 131.263 86.878
-1068.34 410.189 -98.6339 86.436 131.263 86.878
-1067.34 410.253 -98.6385 86.635 131.248 86.634
-1066.34 410.321 -98.6431 86.635 131.248 86.634
-1065.34 410.394 -98.6478 86.767 131.24 86.472
-1064.34 410.472 -98.6524 86.878 131.231 86.326
-1063.34 410.555 -98.6571 86.878 131.231 86.326
-1062.34 410.643 -98.6618 86.996 131.224 86.182
-1061.35 410.735 -98.6666 87.091 131.216 86.07
-1060.35 410.832 -98.6714 87.18 131.208 85.954
-1059.35 410.934 -98.6762 87.266 131.2 85.839
-1058.36 411.04 -98.681 87.371 131.192 85.709
-1057.37 411.151 -98.6858 87.465 131.185 85.597
-1056.37 411.267 -98.6907 87.465 131.185 85.597
-1055.38 411.388 -98.6956 87.667 131.168 85.329
-1054.39 411.513 -98.7005 87.755 131.162 85.214
-1053.4 411.644 -98.7055 87.755 131.162 85.214
-1052.41 411.778 -98.7104 87.755 131.162 85.214
-1051.42 411.918 -98.7154 87.903 131.152 85.033
-1050.43 412.062 -98.7204 88.002 131.142 84.901
-1049.45 412.212 -98.7255 88.103 131.134 84.771
-1048.46 412.365 -98.7306 88.221 131.125 84.627
-1047.47 412.524 -98.7357 88.221 131.125 84.627
-1046.49 412.687 -98.7408 88.327 131.119 84.507
-1045.51 412.855 -98.7459 88.416 131.113 84.394
-1044.52 413.028 -98.7511 88.514 131.106 84.266
-1043.54 413.206 -98.7563 88.633 131.097 84.116
-1042.56 413.388 -98.7615 88.633 131.097 84.116
-1041.58 413.575 -98.7668 88.856 131.08 83.841
-1040.6 413.767 -98.772 88.856 131.08 83.841
-1039.62 413.963 -98.7773 88.955 131.072 83.713
-1038.64 414.165 -98.7826 88.955 131.072 83.713
-1037.67 414.371 -98.788 89.167 131.053 83.454
-1036.69 414.581 -98.7934 89.167 131.053 83.454
-1035.71 414.797 -98.7988 89.34 131.039 83.225
-1034.74 415.017 -98.8042 89.34 131.039 83.225
-1033.77 415.242 -98.8096 89.454 131.031 83.086
-1032.79 415.472 -98.8151 89.454 131.031 83.086
-1031.82 415.706 -98.8206 89.662 131.016 82.824
-1030.85 415.945 -98.8261 89.662 131.016 82.824
-1029.88 416.189 -98.8317 89.749 131.009 82.707
-1028.91 416.438 -98.8372 89.864 130.996 82.557
-1027.94 416.691 -98.8428 89.958 130.988 82.445
-1026.97 416.949 -98.8485 90.06 130.978 82.313
-1026.01 417.212 -98.8541 90.06 130.978 82.313
-1025.04 417.479 -98.8598 90.147 130.972 82.199
-1024.07 417.752 -98.8655 90.337 130.959 81.957
-1023.11 418.029 -98.8712 90.337 130.959 81.957
-1022.15 418.311 -98.877 90.469 130.946 81.786
-1021.18 418.597 -98.8827 90.555 130.938 81.666
-1020.22 418.888 -98.8885 90.555 130.938 81.666
-1017.77 419.6 -98.9454 90.761 130.923 81.413
-1016.81 419.925 -98.9521 90.853 130.915 81.3
-1015.85 420.254 -98.9586 90.976 130.904 81.137
-1014.88 420.586 -98.9652 90.976 130.904 81.137
-1013.92 420.923 -98.9718 91.153 130.891 80.916
-1012.97 421.262 -98.9783 91.273 130.882 80.775
-1012.01 421.606 -98.9849 91.273 130.882 80.775
-1011.06 421.952 -98.9914 91.391 130.87 80.62
-1010.11 422.303 -98.9979 91.489 130.862 80.491
-1009.16 422.657 -99.0044 91.489 130.862 80.491
-1008.21 423.015 -99.0108 91.687 130.848 80.25
-1007.27 423.376 -99.0173 91.687 130.848 80.25
-1006.33 423.741 -99.0237 91.8 130.838 80.105
-1005.39 424.11 -99.0302 91.887 130.832 79.994
-1004.45 424.482 -99.0366 91.961 130.825 79.894
-1003.51 424.857 -99.043 92.064 130.816 79.765
-1002.58 425.237 -99.0493 92.158 130.806 79.642
-1001.65 425.62 -99.0557 92.158 130.806 79.642
-1000.72 426.006 -99.062 92.361 130.788 79.375
-999.796 426.396 -99.0684 92.361 130.788 79.375
-998.871 426.79 -99.0747 92.475 130.779 79.227
-997.949 427.187 -99.081 92.595 130.77 79.081
-997.029 427.588 -99.0873 92.684 130.761 78.965
-996.111 427.992 -99.0935 92.684 130.761 78.965
-995.196 428.401 -99.0998 92.797 130.754 78.827
-994.282 428.812 -99.106 92.901 130.744 78.698
-993.371 429.227 -99.1122 92.995 130.734 78.577
-992.462 429.646 -99.1184 93.086 130.725 78.462
-991.555 430.069 -99.1246 93.086 130.725 78.462
-990.65 430.495 -99.1308 93.184 130.718 78.335
-989.748 430.925 -99.1369 93.282 130.711 78.205
-988.847 431.358 -99.1431 93.385 130.704 78.074
-987.949 431.795 -99.1492 93.493 130.696 77.948
-987.053 432.235 -99.1553 93.596 130.688 77.822
-986.16 432.679 -99.1614 93.596 130.688 77.822
-985.268 433.127 -99.1675 93.71 130.677 77.67
-984.379 433.578 -99.1735 93.797 130.669 77.555
-983.492 434.033 -99.1796 93.901 130.659 77.427
-982.607 434.491 -99.1856 94.004 130.649 77.291
-981.724 434.953 -99.1916 94.093 130.64 77.175
-980.843 435.419 -99.1976 94.093 130.64 77.175
-979.965 435.888 -99.2036 94.18 130.633 77.063
-979.089 436.361 -99.2096 94.298 130.626 76.92
-978.215 436.837 -99.2155 94.407 130.616 76.786
-977.343 437.317 -99.2215 94.522 130.603 76.631
-976.473 437.801 -99.2274 94.522 130.603 76.631
-975.606 438.288 -99.2333 94.622 130.595 76.503
-974.741 438.779 -99.2392 94.722 130.587 76.372
-973.878 439.273 -99.2451 94.841 130.577 76.229
-973.017 439.771 -99.2509 94.841 130.577 76.229
-972.158 440.273 -99.2568 94.944 130.566 76.097
-971.302 440.778 -99.2626 95.044 130.558 75.971
-970.447 441.287 -99.2684 95.133 130.55 75.853
-969.595 441.799 -99.2742 95.236 130.541 75.722
-968.745 442.315 -99.28 95.355 130.534 75.579
-967.897 442.835 -99.2857 95.355 130.534 75.579
-967.052 443.358 -99.2915 95.457 130.525 75.449
-966.209 443.885 -99.2972 95.568 130.515 75.303
-965.367 444.415 -99.3029 95.67 130.508 75.177
-964.528 444.949 -99.3086 95.67 130.508 75.177
-963.692 445.487 -99.3143 95.761 130.498 75.059
-962.857 446.028 -99.32 95.892 130.484 74.89
-962.025 446.573 -99.3256 95.991 130.475 74.758
-961.195 447.121 -99.3313 95.991 130.475 74.758
-960.366 447.673 -99.3369 96.103 130.464 74.606
-959.541 448.229 -99.3425 96.194 130.456 74.489
-958.717 448.788 -99.3481 96.298 130.446 74.358
-957.896 449.351 -99.3537 96.405 130.436 74.228
-957.076 449.917 -99.3592 96.493 130.43 74.115
-956.259 450.487 -99.3648 96.595 130.424 73.986
-955.444 451.06 -99.3703 96.595 130.424 73.986
-954.632 451.638 -99.3758 96.682 130.414 73.867
-953.821 452.218 -99.3813 96.785 130.404 73.741
-953.013 452.803 -99.3868 96.888 130.393 73.611
-952.207 453.391 -99.3922 96.976 130.386 73.499
-951.403 453.982 -99.3977 97.076 130.378 73.367
-950.601 454.577 -99.4031 97.076 130.378 73.367
-949.802 455.176 -99.4085 97.191 130.368 73.217
-949.004 455.778 -99.4139 97.308 130.359 73.074
-948.209 456.384 -99.4193 97.308 130.359 73.074
-947.416 456.994 -99.4247 97.425 130.347 72.921
-946.625 457.607 -99.4301 97.513 130.342 72.81
-945.837 458.224 -99.4354 97.603 130.335 72.697
-945.05 458.844 -99.4407 97.704 130.322 72.556
-944.266 459.468 -99.446 97.808 130.31 72.423
-943.484 460.095 -99.4513 97.897 130.3 72.303
-942.704 460.726 -99.4566 97.897 130.3 72.303
-941.927 461.361 -99.4619 98.033 130.289 72.13
-941.151 461.999 -99.4671 98.149 130.28 71.982
-940.378 462.641 -99.4723 98.149 130.28 71.982
-939.607 463.287 -99.4775 98.24 130.27 71.861
-938.838 463.936 -99.4827 98.386 130.258 71.689
-938.071 464.588 -99.4879 98.472 130.252 71.58
-937.307 465.245 -99.4931 98.472 130.252 71.58
-936.544 465.905 -99.4982 98.597 130.243 71.418
-935.784 466.568 -99.5034 98.684 130.234 71.303
-935.026 467.235 -99.5085 98.812 130.219 71.136
-934.271 467.906 -99.5136 98.812 130.219 71.136
-933.517 468.58 -99.5187 98.915 130.207 70.999
-932.766 469.258 -99.5238 99.015 130.199 70.87
-932.017 469.939 -99.5288 99.124 130.19 70.721
-931.27 470.624 -99.5339 99.124 130.19 70.721
-930.525 471.313 -99.5389 99.218 130.182 70.599
-929.782 472.005 -99.5439 99.298 130.172 70.488
-929.042 472.701 -99.5489 99.398 130.163 70.363
-928.304 473.401 -99.5539 99.496 130.156 70.242
-927.567 474.104 -99.5588 99.582 130.148 70.126
-926.834 474.81 -99.5638 99.671 130.14 70.013
-926.102 475.521 -99.5687 99.756 130.132 69.911
-925.373 476.234 -99.5736 99.848 130.121 69.787
-924.645 476.952 -99.5785 99.848 130.121 69.787
-923.92 477.673 -99.5834 99.848 130.121 69.787
-923.197 478.397 -99.5883 99.848 130.121 69.787
-922.477 479.126 -99.5931 99.848 130.121 69.787
-921.758 479.858 -99.598 99.848 130.121 69.787
-921.042 480.593 -99.6028 99.848 130.121 69.787
-920.328 481.332 -99.6076 99.848 130.121 69.787
-919.616 482.075 -99.6124 99.848 130.121 69.787
-918.906 482.821 -99.6172 99.848 130.121 69.787
-918.198 483.571 -99.6219 99.848 130.121 69.787
-917.493 484.324 -99.6267 99.848 130.121 69.787
2
-1215.7 459.344 -98.3855 65.917 131.739 94.664
-1214.92 458.682 -98.378 65.917 131.739 94.664
-1214.13 458.024 -98.3707 65.917 131.739 94.664
-1213.35 457.37 -98.3635 66.075 131.741 94.671
-1212.56 456.72 -98.3564 66.223 131.737 94.634
-1211.77 456.075 -98.3494 66.354 131.732 94.599
-1210.97 455.434 -98.3426 66.643 131.738 94.541
-1210.18 454.798 -98.3359 66.793 131.735 94.505
-1209.38 454.165 -98.3293 66.917 131.732 94.478
-1208.58 453.538 -98.3229 67.072 131.734 94.442
-1207.78 452.914 -98.3166 67.233 131.733 94.412
-1206.97 452.295 -98.3104 67.233 131.733 94.412
-1206.17 451.68 -98.3043 67.401 131.735 94.385
-1205.36 451.07 -98.2984 67.586 131.733 94.339
-1204.55 450.464 -98.2926 67.732 131.735 94.308
-1203.74 449.862 -98.287 67.853 131.733 94.279
-1202.92 449.265 -98.2814 68.024 131.735 94.235
-1202.11 448.672 -98.2761 68.167 131.732 94.205
-1201.29 448.083 -98.2708 68.317 131.733 94.178
-1200.47 447.499 -98.2657 68.484 131.73 94.137
-1199.64 446.919 -98.2607 68.63 131.732 94.111
-1198.82 446.344 -98.2558 68.794 131.729 94.074
-1197.99 445.772 -98.2511 68.961 131.726 94.034
-1197.16 445.205 -98.2464 69.173 131.73 94
-1196.33 444.643 -98.242 69.173 131.73 94
-1195.49 444.085 -98.2376 69.36 131.731 93.968
-1194.66 443.531 -98.2334 69.715 131.727 93.898
-1193.82 442.982 -98.2293 69.715 131.727 93.898
-1192.98 442.436 -98.2254 69.861 131.728 93.868
-1192.14 441.896 -98.2215 70.027 131.724 93.824
-1191.29 441.359 -98.2179 70.214 131.721 93.788
-1190.45 440.827 -98.2143 70.214 131.721 93.788
-1189.6 440.3 -98.2109 70.402 131.722 93.753
-1188.75 439.776 -98.2076 70.565 131.721 93.71
-1187.89 439.257 -98.2044 70.75 131.72 93.669
-1187.04 438.743 -98.2014 70.915 131.716 93.63
-1186.18 438.232 -98.1985 71.062 131.715 93.598
-1185.32 437.726 -98.1957 71.209 131.712 93.559
-1184.46 437.225 -98.193 71.359 131.712 93.531
-1183.59 436.728 -98.1905 71.359 131.712 93.531
-1182.73 436.235 -98.1881 71.359 131.712 93.531
-1181.86 435.746 -98.1859 71.877 131.706 93.421
-1180.99 435.262 -98.1838 71.877 131.706 93.421
-1180.12 434.782 -98.1818 72.044 131.705 93.391
-1179.24 434.307 -98.1799 72.187 131.707 93.359
-1178.36 433.836 -98.1782 72.415 131.704 93.314
-1177.49 433.369 -98.1766 72.415 131.704 93.314
-1176.6 432.906 -98.1751 72.563 131.701 93.279
-1175.72 432.448 -98.1738 72.75 131.699 93.246
-1174.84 431.995 -98.1726 72.941 131.699 93.215
-1173.95 431.545 -98.1715 73.084 131.695 93.182
-1173.06 431.1 -98.1706 73.084 131.695 93.182
-1172.17 430.66 -98.1697 73.393 131.694 93.114
-1171.27 430.223 -98.1691 73.558 131.694 93.077
-1170.38 429.791 -98.1685 73.558 131.694 93.077
-1169.48 429.364 -98.1681 73.705 131.692 93.047
-1168.58 428.941 -98.1678 73.869 131.686 93
-1167.68 428.522 -98.1676 74.036 131.683 92.965
-1166.77 428.107 -98.1676 74.184 131.68 92.935
-1165.86 427.697 -98.1677 74.33 131.679 92.904
-1164.95 427.291 -98.168 74.52 131.68 92.865
-1164.04 426.89 -98.1683 74.52 131.68 92.865
-1163.13 426.492 -98.1688 74.845 131.673 92.789
-1162.21 426.1 -98.1694 75.012 131.667 92.744
-1161.3 425.711 -98.1702 75.012 131.667 92.744
-1160.38 425.327 -98.1711 75.181 131.668 92.718
-1159.46 424.947 -98.1721 75.351 131.666 92.677
-1158.53 424.572 -98.1733 75.469 131.662 92.647
-1157.6 424.201 -98.1745 75.634 131.662 92.619
-1156.68 423.834 -98.176 75.816 131.657 92.571
-1155.75 423.472 -98.1775 75.816 131.657 92.571
-1154.81 423.114 -98.1792 76.134 131.657 92.506
-1153.88 422.761 -98.181 76.273 131.652 92.476
-1152.94 422.411 -98.1829 76.46 131.648 92.439
-1152 422.066 -98.185 76.46 131.648 92.439
-1151.06 421.726 -98.1872 76.609 131.642 92.408
-1150.12 421.39 -98.1895 76.728 131.642 92.384
-1149.17 421.058 -98.192 76.901 131.645 92.348
-1148.22 420.73 -98.1946 77.104 131.641 92.31
-1147.28 420.407 -98.1973 77.25 131.639 92.284
-1146.32 420.088 -98.2001 77.396 131.631 92.242
-1145.37 419.774 -98.2031 77.559 131.627 92.208
-1144.41 419.464 -98.2062 77.733 131.63 92.174
-1143.45 419.158 -98.2095 77.92 131.624 92.131
-1142.49 418.857 -98.2128 77.92 131.624 92.131
-1141.53 418.56 -98.2163 78.059 131.622 92.101
-1140.57 418.267 -98.22 78.223 131.615 92.053
-1139.6 417.979 -98.2238 78.385 131.61 92.014
-1138.63 417.695 -98.2277 78.535 131.613 91.987
-1137.66 417.415 -98.2317 78.727 131.606 91.943
-1136.69 417.14 -98.2358 78.891 131.604 91.91
-1135.71 416.869 -98.2401 79.055 131.598 91.869
-1134.73 416.602 -98.2446 79.197 131.591 91.835
-1133.75 416.34 -98.2491 79.316 131.591 91.806
-1132.77 416.082 -98.2538 79.487 131.592 91.771
-1131.79 415.829 -98.2586 79.634 131.586 91.738
-1130.8 415.58 -98.2636 79.799 131.585 91.704
-1129.81 415.335 -98.2686 79.799 131.585 91.704
-1128.82 415.094 -98.2738 79.946 131.579 91.672
-1127.83 414.858 -98.2792 80.111 131.571 91.636
-1126.83 414.626 -98.2846 80.274 131.573 91.602
-1125.84 414.399 -98.2902 80.465 131.57 91.567
-1124.84 414.176 -98.296 80.613 131.569 91.539
-1122.85 413.795 -98.3416 80.94 131.556 91.467
-1121.86 413.605 -98.3447 81.1 131.555 91.429
-1120.87 413.42 -98.3478 81.1 131.555 91.429
-1119.88 413.24 -98.351 81.243 131.555 91.4
-1118.89 413.064 -98.3543 81.436 131.549 91.357
-1117.9 412.894 -98.3575 81.581 131.55 91.326
-1116.92 412.727 -98.3608 81.729 131.543 91.293
-1115.93 412.566 -98.3642 81.916 131.529 91.244
-1114.94 412.409 -98.3675 82.071 131.531 91.208
-1113.95 412.257 -98.371 82.229 131.527 91.168
-1112.95 412.109 -98.3744 82.229 131.527 91.168
-1111.96 411.967 -98.3779 82.401 131.524 91.115
-1110.97 411.829 -98.3814 82.527 131.525 91.076
-1109.98 411.695 -98.385 82.671 131.514 91.027
-1108.99 411.566 -98.3886 82.837 131.507 90.961
-1107.99 411.442 -98.3922 82.952 131.503 90.903
-1107 411.323 -98.3958 83.1 131.497 90.831
-1106.01 411.209 -98.3995 83.227 131.495 90.742
-1105.01 411.099 -98.4033 83.328 131.487 90.658
-1104.02 410.993 -98.4071 83.452 131.484 90.567
-1103.02 410.893 -98.4109 83.567 131.478 90.466
-1102.03 410.797 -98.4147 83.567 131.478 90.466
-1101.03 410.706 -98.4186 83.664 131.47 90.354
-1100.04 410.619 -98.4225 83.742 131.464 90.249
-1099.04 410.537 -98.4265 83.845 131.456 90.13
-1098.04 410.46 -98.4304 83.95 131.446 90.001
-1097.05 410.388 -98.4345 84.029 131.441 89.897
-1096.05 410.32 -98.4385 84.112 131.44 89.794
-1095.05 410.257 -98.4426 84.226 131.432 89.649
-1094.05 410.199 -98.4468 84.336 131.425 89.52
-1093.05 410.145 -98.4509 84.438 131.414 89.384
-1092.05 410.096 -98.4551 84.438 131.414 89.384
-1091.05 410.052 -98.4594 84.509 131.405 89.283
-1090.05 410.012 -98.4637 84.613 131.396 89.154
-1089.05 409.977 -98.468 84.733 131.389 89.007
-1088.05 409.947 -98.4723 84.821 131.382 88.892
-1087.05 409.922 -98.4767 84.922 131.375 88.762
-1086.05 409.901 -98.4811 84.922 131.375 88.762
-1085.05 409.885 -98.4856 85.015 131.369 88.646
-1084.04 409.873 -98.4901 85.15 131.36 88.486
-1083.04 409.866 -98.4946 85.25 131.353 88.356
-1082.04 409.864 -98.4992 85.335 131.346 88.242
-1081.03 409.867 -98.5038 85.445 131.337 88.111
-1080.03 409.874 -98.5084 85.445 131.337 88.111
-1079.03 409.886 -98.5131 85.536 131.328 87.997
-1078.02 409.903 -98.5178 85.697 131.315 87.788
-1077.02 409.924 -98.5226 85.697 131.315 87.788
-1076.01 409.95 -98.5274 85.924 131.302 87.515
-1075 409.981 -98.5322 85.924 131.302 87.515
-1069.02 410.03 -98.6172 86.361 131.269 86.973
-1068.02 410.09 -98.622 86.462 131.26 86.845
-1067.02 410.155 -98.6269 86.578 131.251 86.698
-1066.01 410.225 -98.6317 86.714 131.243 86.537
-1065.01 410.299 -98.6366 86.804 131.238 86.425
-1064.01 410.378 -98.6415 86.891 131.232 86.312
-1063.01 410.462 -98.6464 86.891 131.232 86.312
-1062.01 410.55 -98.6513 87.103 131.216 86.055
-1061.01 410.643 -98.6562 87.103 131.216 86.055
-1060.01 410.741 -98.6612 87.192 131.207 85.939
-1059.02 410.844 -98.6661 87.192 131.207 85.939
-1058.02 410.951 -98.6711 87.479 131.182 85.582
-1057.02 411.063 -98.6761 87.479 131.182 85.582
-1056.03 411.179 -98.6811 87.479 131.182 85.582
-1055.03 411.3 -98.6861 87.593 131.173 85.432
-1054.04 411.426 -98.6911 87.77 131.162 85.196
-1053.05 411.557 -98.6962 87.77 131.162 85.196
-1052.06 411.692 -98.7012 87.953 131.147 84.966
-1051.07 411.832 -98.7063 87.953 131.147 84.966
-1050.08 411.977 -98.7113 88.054 131.137 84.833
-1049.09 412.126 -98.7164 88.168 131.128 84.688
-1048.1 412.28 -98.7215 88.168 131.128 84.688
-1047.12 412.439 -98.7266 88.274 131.121 84.562
-1046.13 412.603 -98.7318 88.379 131.114 84.441
-1045.14 412.771 -98.7369 88.479 131.107 84.314
-1044.16 412.944 -98.7421 88.579 131.101 84.18
-1043.18 413.121 -98.7472 88.579 131.101 84.18
-1042.19 413.303 -98.7524 88.673 131.094 84.065
-1041.21 413.49 -98.7576 88.78 131.086 83.935
-1040.23 413.682 -98.7628 88.881 131.078 83.809
-1039.25 413.878 -98.768 88.982 131.07 83.681
-1038.27 414.079 -98.7733 89.087 131.06 83.55
-1037.29 414.285 -98.7785 89.087 131.06 83.55
-1036.31 414.495 -98.7838 89.204 131.05 83.407
-1035.34 414.71 -98.7891 89.291 131.042 83.294
-1034.36 414.93 -98.7943 89.375 131.036 83.178
-1033.39 415.154 -98.7996 89.478 131.03 83.053
-1032.41 415.384 -98.805 89.584 131.024 82.925
-1031.44 415.617 -98.8103 89.584 131.024 82.925
-1030.47 415.856 -98.8156 89.698 131.014 82.776
-1029.5 416.099 -98.821 89.799 131.003 82.641
-1028.52 416.347 -98.8264 89.888 130.993 82.525
-1027.55 416.6 -98.8317 89.996 130.984 82.398
-1026.59 416.857 -98.8371 89.996 130.984 82.398
-1025.62 417.119 -98.8425 90.07 130.977 82.297
-1024.65 417.386 -98.848 90.243 130.965 82.067
-1023.68 417.657 -98.8534 90.243 130.965 82.067
-1022.72 417.933 -98.8588 90.361 130.957 81.924
-1021.75 418.214 -98.8643 90.467 130.946 81.784
-1020.79 418.499 -98.8698 90.467 130.946 81.784
-1019.82 418.789 -98.8753 90.669 130.93 81.522
-1018.86 419.084 -98.8808 90.669 130.93 81.522
-1016.49 419.803 -98.8668 90.878 130.913 81.266
-1015.53 420.131 -98.8718 90.976 130.904 81.136
-1014.56 420.463 -98.8769 90.976 130.904 81.136
-1013.6 420.798 -98.882 91.286 130.88 80.758
-1012.64 421.136 -98.8872 91.286 130.88 80.758
-1011.68 421.479 -98.8924 91.378 130.871 80.639
-1010.72 421.825 -98.8976 91.465 130.864 80.523
-1009.77 422.175 -98.9028 91.557 130.858 80.413
-1008.81 422.528 -98.9081 91.557 130.858 80.413
-1007.86 422.885 -98.9133 91.66 130.851 80.284
-1006.92 423.245 -98.9187 91.763 130.842 80.157
-1005.97 423.61 -98.924 91.861 130.835 80.028
-1005.03 423.978 -98.9294 91.959 130.826 79.896
-1004.09 424.349 -98.9348 91.959 130.826 79.896
-1003.15 424.724 -98.9402 92.064 130.816 79.765
-1002.21 425.103 -98.9457 92.172 130.804 79.625
-1001.28 425.485 -98.9512 92.274 130.793 79.488
-1000.35 425.871 -98.9567 92.363 130.788 79.376
-999.416 426.261 -98.9623 92.464 130.781 79.245
-998.488 426.654 -98.9678 92.464 130.781 79.245
-997.563 427.051 -98.9735 92.581 130.772 79.096
-996.64 427.452 -98.9791 92.685 130.761 78.964
-995.719 427.856 -98.9848 92.787 130.754 78.84
-994.801 428.264 -98.9905 92.787 130.754 78.84
-993.884 428.675 -98.9962 92.889 130.745 78.714
-992.97 429.09 -99.0019 92.982 130.734 78.592
-992.059 429.509 -99.0077 93.085 130.724 78.461
-991.149 429.932 -99.0135 93.171 130.718 78.35
-990.242 430.358 -99.0194 93.282 130.712 78.204
-989.337 430.787 -99.0252 93.372 130.705 78.09
-988.434 431.221 -99.0311 93.372 130.705 78.09
-987.533 431.658 -99.0371 93.479 130.698 77.965
-986.635 432.098 -99.043 93.572 130.69 77.855
-985.739 432.542 -99.049 93.686 130.68 77.706
-984.845 432.99 -99.055 93.786 130.671 77.572
-983.953 433.442 -99.0611 93.786 130.671 77.572
-983.064 433.897 -99.0671 93.9 130.659 77.429
-982.177 434.355 -99.0732 93.99 130.65 77.307
-981.292 434.818 -99.0794 94.091 130.64 77.176
-980.409 435.284 -99.0855 94.181 130.634 77.062
-979.529 435.753 -99.0917 94.273 130.627 76.953
-978.651 436.227 -99.0979 94.406 130.615 76.785
-977.775 436.704 -99.1042 94.406 130.615 76.785
-976.901 437.184 -99.1105 94.497 130.605 76.662
-976.03 437.668 -99.1168 94.584 130.599 76.548
-975.16 438.156 -99.1231 94.684 130.59 76.418
-974.293 438.648 -99.1295 94.786 130.581 76.291
-973.429 439.143 -99.1359 94.786 130.581 76.291
-972.566 439.641 -99.1423 94.917 130.568 76.128
-971.706 440.144 -99.1487 95.019 130.559 76.001
-970.848 440.65 -99.1552 95.133 130.549 75.852
-969.992 441.159 -99.1617 95.133 130.549 75.852
-969.139 441.673 -99.1683 95.223 130.542 75.739
-968.288 442.19 -99.1748 95.353 130.534 75.579
-967.439 442.71 -99.1814 95.454 130.527 75.45
-966.592 443.234 -99.1881 95.542 130.519 75.336
-965.747 443.762 -99.1947 95.542 130.519 75.336
-964.905 444.294 -99.2014 95.631 130.511 75.225
-964.065 444.829 -99.2081 95.719 130.503 75.11
-963.227 445.367 -99.2148 95.827 130.49 74.972
-962.392 445.91 -99.2216 95.94 130.48 74.824
-961.559 446.456 -99.2284 96.051 130.47 74.674
-960.728 447.005 -99.2352 96.051 130.47 74.674
-959.899 447.558 -99.2421 96.141 130.46 74.554
-959.072 448.115 -99.249 96.231 130.451 74.437
-958.248 448.676 -99.2559 96.34 130.442 74.308
-957.426 449.24 -99.2628 96.458 130.432 74.16
-956.606 449.808 -99.2698 96.458 130.432 74.16
-955.788 450.379 -99.2768 96.56 130.427 74.033
-954.973 450.954 -99.2838 96.645 130.418 73.917
-954.16 451.533 -99.2909 96.732 130.409 73.803
-953.349 452.115 -99.298 96.836 130.399 73.675
-952.541 452.701 -99.3051 96.939 130.389 73.547
-951.734 453.291 -99.3122 96.939 130.389 73.547
-950.93 453.884 -99.3194 97.04 130.381 73.418
-950.128 454.481 -99.3266 97.142 130.371 73.284
-949.329 455.082 -99.3339 97.23 130.365 73.172
-948.531 455.686 -99.3411 97.335 130.358 73.044
-947.736 456.293 -99.3484 97.438 130.348 72.908
-946.943 456.905 -99.3557 97.438 130.348 72.908
-946.152 457.52 -99.3631 97.553 130.34 72.763
-945.364 458.139 -99.3705 97.654 130.328 72.621
-944.578 458.761 -99.3779 97.743 130.317 72.503
-943.794 459.387 -99.3853 97.833 130.307 72.386
-943.012 460.017 -99.3928 97.921 130.297 72.268
-942.233 460.65 -99.4003 98.008 130.29 72.159
-941.456 461.287 -99.4078 98.008 130.29 72.159
-940.681 461.927 -99.4153 98.123 130.281 72.013
-939.908 462.571 -99.4229 98.253 130.268 71.843
-939.137 463.219 -99.4305 98.345 130.262 71.736
-938.369 463.87 -99.4382 98.345 130.262 71.736
-937.603 464.525 -99.4458 98.448 130.254 71.613
-936.84 465.184 -99.4535 98.547 130.248 71.484
-936.078 465.846 -99.4613 98.635 130.24 71.37
-935.319 466.512 -99.469 98.732 130.229 71.241
-934.562 467.182 -99.4768 98.824 130.218 71.122
-933.807 467.855 -99.4846 98.824 130.218 71.122
-933.054 468.532 -99.4925 98.929 130.206 70.985
-932.304 469.212 -99.5003 99.029 130.197 70.854
-931.556 469.897 -99.5082 99.137 130.188 70.705
-930.81 470.584 -99.5162 99.219 130.182 70.6
-930.067 471.276 -99.5241 99.299 130.173 70.487
-929.326 471.971 -99.5321 99.388 130.164 70.374
-928.586 472.669 -99.5401 99.489 130.156 70.252
-927.85 473.372 -99.5482 99.489 130.156 70.252
-927.115 474.078 -99.5562 99.583 130.147 70.126
-926.383 474.787 -99.5643 99.671 130.14 70.013
-925.653 475.5 -99.5725 99.754 130.133 69.913
-924.925 476.217 -99.5806 99.841 130.122 69.797
-924.199 476.938 -99.5888 99.841 130.122 69.797
-923.476 477.662 -99.597 99.841 130.122 69.797
-922.755 478.39 -99.6053 99.841 130.122 69.797
-922.036 479.121 -99.6136 99.841 130.122 69.797
-921.319 479.856 -99.6219 99.841 130.122 69.797
-920.605 480.595 -99.6302 99.841 130.122 69.797
-919.893 481.337 -99.6386 99.841 130.122 69.797
-919.183 482.083 -99.647 99.841 130.122 69.797
-918.475 482.832 -99.6554 99.841 130.122 69.797
-917.77 483.586 -99.6638 99.841 130.122 69.797
-917.067 484.342 -99.6723 99.841 130.122 69.797
3
-1214.67 458.616 -98.7782 65.918 131.74 94.664
-1213.88 457.965 -98.7713 65.918 131.74 94.664
-1213.09 457.318 -98.7645 66.222 131.737 94.634
-1212.3 456.676 -98.7579 66.38 131.732 94.595
-1211.5 456.039 -98.7514 66.38 131.732 94.595
-1210.71 455.405 -98.745 66.567 131.735 94.562
-1209.91 454.777 -98.7387 66.724 131.738 94.523
-1209.11 454.152 -98.7326 66.899 131.731 94.479
-1208.3 453.533 -98.7267 67.072 131.734 94.442
-1207.5 452.917 -98.7208 67.213 131.733 94.414
-1206.69 452.306 -98.7151 67.38 131.734 94.39
-1205.88 451.7 -98.7095 67.524 131.733 94.352
-1205.07 451.098 -98.7041 67.693 131.735 94.317
-1204.26 450.5 -98.6988 67.814 131.734 94.29
-1203.44 449.907 -98.6936 67.963 131.735 94.254
-1202.62 449.318 -98.6886 68.19 131.731 94.201
-1201.8 448.734 -98.6837 68.19 131.731 94.201
-1200.98 448.154 -98.6789 68.38 131.731 94.166
-1200.16 447.578 -98.6743 68.568 131.732 94.122
-1199.33 447.007 -98.6698 68.568 131.732 94.122
-1198.5 446.441 -98.6654 69.086 131.728 94.008
-1197.67 445.879 -98.6612 69.086 131.728 94.008
-1196.84 445.321 -98.6571 69.086 131.728 94.008
-1196.01 444.768 -98.6532 69.236 131.731 93.992
-1195.17 444.219 -98.6494 69.422 131.729 93.952
-1194.33 443.675 -98.6457 69.589 131.729 93.921
-1193.49 443.135 -98.6421 69.799 131.727 93.881
-1192.64 442.599 -98.6387 69.799 131.727 93.881
-1191.8 442.068 -98.6354 70.11 131.721 93.804
-1190.95 441.542 -98.6323 70.11 131.721 93.804
-1190.1 441.02 -98.6293 70.276 131.721 93.779
-1189.25 440.502 -98.6264 70.463 131.721 93.737
-1188.4 439.989 -98.6236 70.607 131.721 93.703
-1187.54 439.48 -98.621 70.75 131.719 93.669
-1186.68 438.976 -98.6186 70.915 131.716 93.63
-1185.82 438.476 -98.6162 71.061 131.715 93.598
-1184.96 437.98 -98.614 71.209 131.713 93.56
-1184.09 437.489 -98.612 71.36 131.712 93.531
-1183.23 437.003 -98.61 71.504 131.71 93.505
-1182.36 436.52 -98.6082 71.67 131.708 93.471
-1181.49 436.043 -98.6066 71.816 131.706 93.435
-1180.61 435.569 -98.605 71.98 131.706 93.4
-1179.74 435.101 -98.6036 72.125 131.708 93.374
-1178.86 434.636 -98.6024 72.29 131.705 93.338
-1177.98 434.176 -98.6012 72.29 131.705 93.338
-1177.1 433.721 -98.6003 72.583 131.701 93.274
-1176.22 433.27 -98.5994 72.583 131.701 93.274
-1175.33 432.823 -98.5987 72.75 131.699 93.246
-1174.44 432.381 -98.5981 72.899 131.701 93.225
-1173.55 431.943 -98.5976 73.104 131.695 93.176
-1172.66 431.51 -98.5973 73.29 131.695 93.137
-1171.76 431.081 -98.5971 73.29 131.695 93.137
-1170.87 430.657 -98.5971 73.473 131.693 93.092
-1169.97 430.237 -98.5972 73.663 131.693 93.056
-1169.07 429.821 -98.5974 73.828 131.687 93.01
-1168.16 429.41 -98.5978 74.016 131.683 92.971
-1167.26 429.003 -98.5983 74.163 131.68 92.939
-1166.35 428.601 -98.5989 74.329 131.679 92.904
-1165.44 428.203 -98.5996 74.479 131.682 92.876
-1164.53 427.81 -98.6005 74.479 131.682 92.876
-1163.62 427.421 -98.6016 74.66 131.675 92.828
-1162.7 427.037 -98.6027 74.825 131.673 92.794
-1161.78 426.657 -98.604 74.972 131.669 92.756
-1160.86 426.281 -98.6055 75.137 131.668 92.724
-1159.94 425.91 -98.607 75.31 131.667 92.686
-1159.02 425.543 -98.6088 75.45 131.662 92.652
-1158.09 425.181 -98.6106 75.612 131.662 92.623
-1157.16 424.823 -98.6126 75.612 131.662 92.623
-1156.23 424.47 -98.6147 75.876 131.657 92.557
-1155.3 424.121 -98.6169 76.048 131.66 92.528
-1154.36 423.777 -98.6193 76.195 131.654 92.493
-1153.42 423.437 -98.6218 76.313 131.651 92.468
-1152.48 423.101 -98.6245 76.313 131.651 92.468
-1151.54 422.77 -98.6272 76.48 131.647 92.432
-1150.6 422.443 -98.6302 76.628 131.642 92.404
-1149.65 422.121 -98.6332 76.923 131.644 92.343
-1148.71 421.803 -98.6364 77.086 131.641 92.313
-1147.76 421.49 -98.6397 77.086 131.641 92.313
-1146.8 421.181 -98.6432 77.27 131.638 92.277
-1145.85 420.876 -98.6468 77.416 131.629 92.238
-1144.89 420.576 -98.6505 77.581 131.629 92.205
-1143.93 420.281 -98.6544 77.797 131.628 92.157
-1142.97 419.99 -98.6584 77.797 131.628 92.157
-1142.01 419.703 -98.6625 77.978 131.623 92.117
-1141.05 419.421 -98.6668 78.122 131.621 92.087
-1140.08 419.143 -98.6712 78.285 131.611 92.039
-1139.11 418.869 -98.6757 78.427 131.61 92.007
-1138.14 418.6 -98.6804 78.578 131.612 91.977
-1137.17 418.336 -98.6852 78.728 131.607 91.945
-1136.19 418.076 -98.6901 78.892 131.604 91.91
-1135.21 417.82 -98.6952 79.055 131.599 91.869
-1134.23 417.569 -98.7004 79.235 131.59 91.824
-1133.25 417.322 -98.7057 79.379 131.593 91.793
-1132.27 417.08 -98.7112 79.379 131.593 91.793
-1131.28 416.842 -98.7168 79.55 131.589 91.756
-1130.29 416.609 -98.7226 79.738 131.587 91.719
-1129.3 416.38 -98.7285 79.925 131.58 91.679
-1128.31 416.155 -98.7345 80.071 131.57 91.644
-1127.31 415.935 -98.7406 80.191 131.57 91.618
-1126.32 415.72 -98.7469 80.357 131.573 91.587
-1125.32 415.508 -98.7533 80.551 131.568 91.55
-1123.25 415.071 -98.7932 80.859 131.562 91.488
-1122.27 414.89 -98.7948 81.041 131.554 91.442
-1121.28 414.713 -98.7964 81.041 131.554 91.442
-1120.29 414.541 -98.7979 81.159 131.556 91.414
-1119.3 414.373 -98.7995 81.327 131.552 91.377
-1118.32 414.211 -98.8011 81.476 131.549 91.346
-1117.33 414.052 -98.8026 81.62 131.548 91.313
-1116.34 413.899 -98.8042 81.811 131.536 91.268
-1115.35 413.75 -98.8057 81.975 131.53 91.23
-1114.36 413.606 -98.8072 82.11 131.531 91.2
-1113.37 413.466 -98.8087 82.269 131.525 91.154
-1112.38 413.331 -98.8102 82.401 131.523 91.115
-1111.39 413.201 -98.8117 82.527 131.525 91.076
-1110.4 413.076 -98.8132 82.707 131.512 91.012
-1109.41 412.955 -98.8147 82.707 131.512 91.012
-1108.42 412.838 -98.8161 82.853 131.508 90.956
-1107.43 412.727 -98.8176 82.953 131.504 90.904
-1106.44 412.62 -98.819 83.099 131.497 90.83
-1105.44 412.518 -98.8204 83.261 131.492 90.71
-1104.45 412.42 -98.8218 83.385 131.486 90.618
-1103.46 412.327 -98.8232 83.508 131.482 90.526
-1102.46 412.239 -98.8246 83.605 131.474 90.422
-1101.47 412.155 -98.826 83.605 131.474 90.422
-1100.48 412.076 -98.8274 83.712 131.467 90.29
-1099.48 412.002 -98.8288 83.832 131.457 90.143
-1098.49 411.932 -98.8301 83.939 131.447 90.016
-1097.49 411.867 -98.8315 84.018 131.442 89.912
-1096.5 411.806 -98.8328 84.018 131.442 89.912
-1095.5 411.751 -98.8341 84.113 131.439 89.794
-1094.51 411.7 -98.8354 84.2 131.433 89.681
-1093.51 411.653 -98.8367 84.31 131.428 89.553
-1092.51 411.611 -98.838 84.413 131.416 89.417
-1091.52 411.574 -98.8393 84.511 131.406 89.282
-1090.52 411.542 -98.8405 84.627 131.396 89.138
-1089.52 411.514 -98.8418 84.627 131.396 89.138
-1088.53 411.491 -98.843 84.719 131.39 89.022
-1087.53 411.472 -98.8443 84.821 131.382 88.893
-1086.53 411.458 -98.8455 84.961 131.373 88.713
-1085.53 411.449 -98.8467 84.961 131.373 88.713
-1084.53 411.445 -98.8479 85.058 131.367 88.6
-1083.53 411.445 -98.8491 85.174 131.358 88.453
-1082.53 411.45 -98.8503 85.274 131.35 88.322
-1081.53 411.459 -98.8515 85.376 131.343 88.195
-1080.53 411.473 -98.8526 85.484 131.334 88.062
-1079.53 411.492 -98.8538 85.484 131.334 88.062
-1078.53 411.515 -98.8549 85.574 131.325 87.95
-1077.53 411.543 -98.8561 85.659 131.319 87.836
-1076.53 411.576 -98.8572 85.859 131.307 87.596
-1075.52 411.613 -98.8583 85.859 131.307 87.596
-1074.52 411.655 -98.8594 85.949 131.301 87.484
-1073.52 411.702 -98.8605 86.05 131.295 87.357
-1069.91 411.631 -98.9513 86.325 131.273 87.023
-1068.91 411.692 -98.954 86.411 131.265 86.909
-1067.9 411.757 -98.9568 86.525 131.255 86.764
-1066.9 411.826 -98.9596 86.62 131.249 86.65
-1065.9 411.9 -98.9625 86.728 131.243 86.523
-1064.91 411.979 -98.9655 86.728 131.243 86.523
-1063.91 412.063 -98.9686 86.904 131.231 86.295
-1062.91 412.15 -98.9717 86.904 131.231 86.295
-1061.92 412.243 -98.975 86.904 131.231 86.295
-1060.92 412.34 -98.9782 87.103 131.216 86.056
-1059.93 412.442 -98.9816 87.216 131.204 85.904
-1058.93 412.548 -98.9851 87.216 131.204 85.904
-1057.94 412.659 -98.9886 87.424 131.186 85.643
-1056.95 412.774 -98.9922 87.424 131.186 85.643
-1055.95 412.894 -98.9959 87.606 131.172 85.415
-1054.96 413.018 -98.9996 87.606 131.172 85.415
-1053.97 413.147 -99.0035 87.705 131.166 85.278
-1052.99 413.281 -99.0074 87.81 131.16 85.147
-1052 413.419 -99.0113 87.81 131.16 85.147
-1051.01 413.562 -99.0154 88.041 131.139 84.85
-1050.02 413.709 -99.0195 88.041 131.139 84.85
-1049.04 413.861 -99.0238 88.041 131.139 84.85
-1048.05 414.018 -99.028 88.041 131.139 84.85
-1047.07 414.179 -99.0324 88.503 131.106 84.281
-1046.09 414.344 -99.0368 88.503 131.106 84.281
-1045.11 414.515 -99.0414 88.593 131.1 84.165
-1044.12 414.689 -99.046 88.593 131.1 84.165
-1043.14 414.869 -99.0506 88.593 131.1 84.165
-1042.16 415.053 -99.0554 88.687 131.093 84.048
-1041.18 415.241 -99.0602 88.687 131.093 84.048
-1040.21 415.434 -99.0651 88.982 131.07 83.68
-1039.23 415.632 -99.0701 89.086 131.06 83.551
-1038.25 415.834 -99.0751 89.086 131.06 83.551
-1037.28 416.041 -99.0802 89.086 131.06 83.551
-1036.3 416.252 -99.0854 89.267 131.044 83.325
-1035.33 416.468 -99.0907 89.267 131.044 83.325
-1034.35 416.689 -99.0961 89.44 131.033 83.102
-1033.38 416.914 -99.1015 89.44 131.033 83.102
-1032.41 417.144 -99.107 89.533 131.028 82.99
-1031.44 417.378 -99.1126 89.623 131.021 82.875
-1030.47 417.617 -99.1183 89.724 131.012 82.742
-1029.5 417.86 -99.124 89.724 131.012 82.742
-1028.53 418.108 -99.1298 89.929 130.99 82.477
-1027.57 418.36 -99.1357 89.929 130.99 82.477
-1026.6 418.618 -99.1417 89.929 130.99 82.477
-1025.63 418.879 -99.1477 90.12 130.973 82.231
-1024.67 419.146 -99.1538 90.206 130.968 82.118
-1023.7 419.416 -99.16 90.294 130.962 82.002
-1022.74 419.692 -99.1663 90.414 130.952 81.853
-1021.78 419.972 -99.1726 90.505 130.942 81.731
-1020.82 420.256 -99.1791 90.505 130.942 81.731
-1019.86 420.545 -99.1856 90.682 130.93 81.506
-1017.68 421.146 -99.1923 90.877 130.913 81.266
-1016.72 421.468 -99.2013 90.877 130.913 81.266
-1015.76 421.794 -99.2102 90.95 130.906 81.167
-1014.8 422.123 -99.2192 91.049 130.898 81.04
-1013.84 422.456 -99.2282 91.152 130.891 80.915
-1012.88 422.792 -99.2372 91.247 130.884 80.809
-1011.93 423.132 -99.2462 91.365 130.873 80.657
-1010.98 423.475 -99.2552 91.365 130.873 80.657
-1010.03 423.822 -99.2643 91.465 130.864 80.524
-1009.08 424.173 -99.2733 91.569 130.857 80.396
-1008.14 424.526 -99.2824 91.673 130.849 80.268
-1007.2 424.884 -99.2915 91.762 130.842 80.157
-1006.26 425.245 -99.3005 91.762 130.842 80.157
-1005.32 425.609 -99.3096 91.947 130.827 79.911
-1004.38 425.977 -99.3188 91.947 130.827 79.911
-1003.45 426.349 -99.3279 92.065 130.816 79.765
-1002.51 426.724 -99.337 92.172 130.803 79.625
-1001.58 427.103 -99.3462 92.274 130.793 79.489
-1000.65 427.485 -99.3554 92.274 130.793 79.489
-999.728 427.87 -99.3645 92.376 130.787 79.36
-998.804 428.26 -99.3737 92.465 130.781 79.245
-997.882 428.652 -99.3829 92.569 130.774 79.113
-996.962 429.048 -99.3922 92.673 130.762 78.981
-996.045 429.448 -99.4014 92.761 130.756 78.871
-995.129 429.851 -99.4106 92.851 130.749 78.764
-994.215 430.258 -99.4199 92.996 130.732 78.575
-993.304 430.668 -99.4292 92.996 130.732 78.575
-992.394 431.082 -99.4385 93.11 130.722 78.429
-991.487 431.5 -99.4478 93.197 130.717 78.319
-990.581 431.92 -99.4571 93.295 130.711 78.189
-989.678 432.345 -99.4664 93.295 130.711 78.189
-988.777 432.773 -99.4757 93.398 130.704 78.059
-987.878 433.204 -99.4851 93.507 130.696 77.934
-986.981 433.639 -99.4945 93.621 130.686 77.789
-986.086 434.078 -99.5038 93.724 130.676 77.654
-985.194 434.52 -99.5132 93.724 130.676 77.654
-984.303 434.965 -99.5226 93.798 130.67 77.556
-983.414 435.414 -99.532 93.899 130.66 77.428
-982.528 435.867 -99.5415 94.002 130.649 77.291
-981.643 436.323 -99.5509 94.091 130.64 77.175
-980.761 436.783 -99.5604 94.18 130.633 77.062
-979.881 437.246 -99.5698 94.285 130.626 76.936
-979.003 437.712 -99.5793 94.392 130.617 76.802
-978.127 438.183 -99.5888 94.392 130.617 76.802
-977.253 438.656 -99.5983 94.484 130.607 76.679
-976.381 439.134 -99.6078 94.598 130.598 76.532
-975.511 439.614 -99.6174 94.684 130.59 76.417
-974.643 440.099 -99.6269 94.772 130.581 76.305
-973.778 440.587 -99.6365 94.865 130.572 76.194
-972.914 441.078 -99.6461 94.956 130.564 76.079
-972.053 441.573 -99.6556 94.956 130.564 76.079
-971.194 442.071 -99.6652 95.071 130.555 75.937
-970.336 442.573 -99.6749 95.159 130.547 75.82
-969.481 443.078 -99.6845 95.261 130.54 75.692
-968.628 443.587 -99.6941 95.379 130.533 75.549
-967.777 444.1 -99.7038 95.379 130.533 75.549
-966.928 444.616 -99.7134 95.467 130.526 75.435
-966.081 445.135 -99.7231 95.568 130.517 75.306
-965.237 445.659 -99.7328 95.67 130.508 75.18
-964.394 446.185 -99.7425 95.774 130.497 75.043
-963.554 446.715 -99.7522 95.867 130.486 74.924
-962.715 447.249 -99.762 95.867 130.486 74.924
-961.879 447.786 -99.7717 95.965 130.478 74.792
-961.044 448.327 -99.7815 96.051 130.47 74.673
-960.212 448.871 -99.7912 96.154 130.459 74.536
-959.382 449.419 -99.801 96.243 130.45 74.419
-958.554 449.97 -99.8108 96.338 130.442 74.306
-957.728 450.525 -99.8206 96.444 130.433 74.174
-956.904 451.083 -99.8304 96.533 130.428 74.065
-956.083 451.645 -99.8403 96.533 130.428 74.065
-955.263 452.21 -99.8501 96.632 130.418 73.932
-954.445 452.779 -99.86 96.745 130.408 73.788
-953.63 453.351 -99.8698 96.848 130.398 73.659
-952.816 453.927 -99.8797 96.848 130.398 73.659
-952.005 454.507 -99.8896 96.951 130.388 73.533
-951.196 455.09 -99.8995 97.039 130.381 73.419
-950.389 455.676 -99.9095 97.141 130.372 73.284
-949.584 456.266 -99.9194 97.268 130.362 73.125
-948.781 456.86 -99.9294 97.268 130.362 73.125
-947.98 457.457 -99.9393 97.374 130.354 72.993
-947.181 458.057 -99.9493 97.488 130.345 72.843
-946.384 458.661 -99.9593 97.603 130.335 72.696
-945.59 459.269 -99.9693 97.603 130.335 72.696
-944.797 459.88 -99.9793 97.691 130.323 72.572
-944.007 460.495 -99.9893 97.809 130.31 72.421
-943.219 461.113 -99.9994 97.921 130.296 72.268
-942.432 461.735 -100.009 98.02 130.289 72.142
-941.648 462.36 -100.02 98.02 130.289 72.142
-940.866 462.989 -100.03 98.122 130.281 72.012
-940.086 463.621 -100.04 98.226 130.27 71.877
-939.308 464.257 -100.05 98.346 130.262 71.736
-938.532 464.896 -100.06 98.435 130.255 71.629
-937.759 465.539 -100.07 98.523 130.249 71.516
-936.987 466.185 -100.08 98.523 130.249 71.516
-936.218 466.835 -100.09 98.622 130.24 71.385
-935.45 467.489 -100.101 98.744 130.227 71.224
-934.685 468.146 -100.111 98.837 130.216 71.103
-933.921 468.806 -100.121 98.837 130.216 71.103
-933.16 469.47 -100.131 98.953 130.204 70.952
-932.401 470.138 -100.141 99.064 130.194 70.802
-931.644 470.809 -100.152 99.159 130.187 70.673
-930.889 471.483 -100.162 99.242 130.18 70.568
-930.136 472.161 -100.172 99.242 130.18 70.568
-929.386 472.843 -100.182 99.354 130.167 70.414
-928.637 473.528 -100.193 99.451 130.159 70.301
-927.89 474.217 -100.203 99.542 130.152 70.182
-927.146 474.909 -100.213 99.63 130.143 70.066
-926.404 475.605 -100.224 99.708 130.139 69.972
-925.663 476.304 -100.234 99.791 130.129 69.863
-924.925 477.007 -100.244 99.791 130.129 69.863
-924.189 477.713 -100.255 99.791 130.129 69.863
-923.455 478.423 -100.265 99.791 130.129 69.863
-922.723 479.136 -100.275 99.791 130.129 69.863
-921.993 479.853 -100.286 99.791 130.129 69.863
-921.265 480.573 -100.296 99.791 130.129 69.863
-920.54 481.297 -100.307 99.791 130.129 69.863
4
-1214.91 459.334 -99.0868 65.918 131.739 94.665
-1214.13 458.671 -99.0756 65.918 131.739 94.665
-1213.35 458.012 -99.0645 66.074 131.742 94.67
-1212.56 457.359 -99.0537 66.225 131.739 94.636
-1211.78 456.71 -99.043 66.355 131.732 94.6
-1210.99 456.065 -99.0325 66.503 131.733 94.574
-1210.2 455.425 -99.0222 66.645 131.739 94.543
-1209.4 454.79 -99.0121 66.793 131.736 94.506
-1208.61 454.159 -99.0022 66.935 131.732 94.473
-1207.81 453.532 -98.9924 67.071 131.734 94.443
-1207.01 452.911 -98.9829 67.213 131.734 94.414
-1206.2 452.293 -98.9735 67.401 131.736 94.385
-1205.4 451.681 -98.9643 67.545 131.734 94.349
-1204.59 451.073 -98.9554 67.693 131.735 94.318
-1203.78 450.469 -98.9466 67.854 131.733 94.28
-1202.97 449.87 -98.938 68.044 131.734 94.23
-1202.16 449.276 -98.9296 68.211 131.733 94.199
-1201.34 448.686 -98.9213 68.358 131.732 94.169
-1200.52 448.101 -98.9133 68.547 131.732 94.127
-1199.7 447.52 -98.9055 68.547 131.732 94.127
-1198.88 446.944 -98.8978 68.712 131.729 94.097
-1198.05 446.373 -98.8903 68.857 131.728 94.061
-1197.23 445.806 -98.883 69.024 131.727 94.021
-1196.4 445.244 -98.8759 69.173 131.73 94
-1195.56 444.686 -98.869 69.34 131.731 93.971
-1194.73 444.133 -98.8623 69.507 131.728 93.936
-1193.89 443.584 -98.8558 69.695 131.727 93.904
-1193.05 443.04 -98.8495 69.861 131.727 93.868
-1192.21 442.5 -98.8433 70.027 131.724 93.825
-1191.37 441.965 -98.8374 70.027 131.724 93.825
-1190.52 441.435 -98.8316 70.214 131.721 93.787
-1189.68 440.909 -98.826 70.36 131.723 93.764
-1188.83 440.388 -98.8206 70.503 131.72 93.724
-1187.97 439.871 -98.8154 70.67 131.721 93.691
-1187.12 439.359 -98.8104 70.791 131.718 93.658
-1186.26 438.852 -98.8056 70.957 131.717 93.624
-1185.4 438.349 -98.8009 71.147 131.713 93.578
-1184.54 437.85 -98.7965 71.294 131.711 93.54
-1183.68 437.356 -98.7922 71.483 131.71 93.508
-1182.81 436.867 -98.7881 71.628 131.708 93.479
-1181.94 436.382 -98.7843 71.794 131.706 93.441
-1181.07 435.902 -98.7806 71.794 131.706 93.441
-1180.2 435.427 -98.7771 71.938 131.706 93.408
-1179.33 434.956 -98.7738 72.084 131.708 93.381
-1178.45 434.489 -98.7706 72.309 131.705 93.333
-1177.57 434.027 -98.7677 72.477 131.704 93.3
-1176.69 433.57 -98.7649 72.624 131.701 93.266
-1175.8 433.117 -98.7624 72.815 131.702 93.24
-1174.92 432.669 -98.76 72.815 131.702 93.24
-1174.03 432.225 -98.7578 72.963 131.699 93.212
-1173.14 431.786 -98.7558 73.29 131.695 93.136
-1172.24 431.352 -98.754 73.29 131.695 93.136
-1171.35 430.922 -98.7524 73.433 131.693 93.101
-1170.45 430.497 -98.751 73.746 131.691 93.035
-1169.55 430.076 -98.7497 73.746 131.691 93.035
-1168.65 429.66 -98.7487 73.91 131.685 92.989
-1167.75 429.248 -98.7478 74.056 131.683 92.96
-1166.84 428.841 -98.7471 74.224 131.679 92.923
-1165.93 428.439 -98.7467 74.414 131.68 92.887
-1165.02 428.041 -98.7464 74.414 131.68 92.887
-1164.11 427.647 -98.7463 74.561 131.679 92.854
-1163.19 427.258 -98.7463 74.7 131.674 92.817
-1162.27 426.874 -98.7466 74.847 131.673 92.79
-1161.35 426.495 -98.7471 75.013 131.667 92.745
-1160.43 426.12 -98.7477 75.181 131.668 92.717
-1159.51 425.749 -98.7486 75.33 131.666 92.68
-1158.58 425.383 -98.7496 75.449 131.662 92.651
-1157.65 425.022 -98.7508 75.613 131.662 92.623
-1156.72 424.665 -98.7522 75.758 131.659 92.589
-1155.78 424.313 -98.7538 75.876 131.657 92.557
-1154.85 423.965 -98.7556 76.026 131.659 92.531
-1153.91 423.622 -98.7575 76.175 131.655 92.498
-1152.97 423.283 -98.7597 76.313 131.651 92.469
-1152.03 422.949 -98.762 76.502 131.646 92.427
-1151.08 422.62 -98.7646 76.667 131.642 92.395
-1150.14 422.295 -98.7673 76.813 131.643 92.366
-1149.19 421.975 -98.7702 76.985 131.643 92.332
-1148.23 421.659 -98.7733 77.123 131.64 92.305
-1147.28 421.348 -98.7766 77.123 131.64 92.305
-1146.32 421.041 -98.7801 77.313 131.636 92.267
-1145.37 420.739 -98.7838 77.497 131.628 92.221
-1144.4 420.442 -98.7876 77.645 131.63 92.191
-1143.44 420.149 -98.7917 77.817 131.626 92.15
-1142.48 419.861 -98.7959 77.977 131.623 92.116
-1141.51 419.577 -98.8003 78.142 131.62 92.079
-1140.54 419.298 -98.8049 78.304 131.61 92.034
-1139.57 419.023 -98.8097 78.304 131.61 92.034
-1138.59 418.753 -98.8147 78.492 131.612 91.996
-1137.62 418.488 -98.8199 78.665 131.608 91.958
-1136.64 418.227 -98.8253 78.831 131.605 91.926
-1135.66 417.971 -98.8308 78.994 131.601 91.886
-1134.67 417.719 -98.8366 79.135 131.592 91.847
-1133.69 417.472 -98.8425 79.273 131.591 91.813
-1132.7 417.229 -98.8486 79.464 131.592 91.775
-1131.71 416.991 -98.8549 79.613 131.587 91.741
-1130.72 416.757 -98.8614 79.779 131.586 91.709
-1129.72 416.529 -98.8681 79.779 131.586 91.709
-1128.73 416.304 -98.875 79.946 131.579 91.674
-1127.73 416.084 -98.8821 80.091 131.57 91.64
-1126.73 415.869 -98.8893 80.23 131.571 91.609
-1124.67 415.397 -98.904 80.571 131.567 91.545
-1123.69 415.2 -98.9055 80.755 131.567 91.512
-1122.7 415.007 -98.907 80.961 131.554 91.459
-1121.72 414.818 -98.9086 80.961 131.554 91.459
-1120.73 414.633 -98.9101 81.099 131.555 91.428
-1119.75 414.452 -98.9117 81.263 131.555 91.394
-1118.76 414.276 -98.9133 81.476 131.548 91.345
-1117.78 414.103 -98.915 81.66 131.547 91.304
-1116.79 413.935 -98.9166 81.66 131.547 91.304
-1115.8 413.771 -98.9183 81.914 131.529 91.244
-1114.81 413.612 -98.92 82.032 131.531 91.215
-1113.83 413.456 -98.9217 82.168 131.53 91.185
-1112.84 413.305 -98.9234 82.326 131.524 91.136
-1111.85 413.158 -98.9252 82.474 131.526 91.093
-1110.86 413.015 -98.927 82.634 131.517 91.037
-1109.87 412.876 -98.9288 82.773 131.509 90.983
-1108.88 412.742 -98.9306 82.773 131.509 90.983
-1107.89 412.612 -98.9325 82.909 131.506 90.925
-1106.9 412.486 -98.9343 83.055 131.497 90.852
-1105.91 412.364 -98.9362 83.192 131.495 90.77
-1104.92 412.246 -98.9381 83.316 131.488 90.665
-1103.92 412.132 -98.9401 83.428 131.485 90.583
-1102.93 412.023 -98.942 83.538 131.48 90.495
-1101.94 411.918 -98.944 83.623 131.473 90.399
-1100.95 411.817 -98.946 83.721 131.465 90.275
-1099.95 411.72 -98.948 83.721 131.465 90.275
-1098.96 411.628 -98.9501 83.914 131.449 90.044
-1097.96 411.54 -98.9521 83.914 131.449 90.044
-1096.97 411.455 -98.9542 84.018 131.441 89.91
-1095.97 411.376 -98.9563 84.124 131.438 89.777
-1094.98 411.3 -98.9585 84.225 131.432 89.647
-1093.98 411.228 -98.9606 84.225 131.432 89.647
-1092.98 411.161 -98.9628 84.374 131.42 89.467
-1091.99 411.098 -98.965 84.474 131.41 89.334
-1090.99 411.039 -98.9672 84.547 131.402 89.234
-1089.99 410.984 -98.9695 84.654 131.394 89.105
-1088.99 410.934 -98.9717 84.654 131.394 89.105
-1087.99 410.887 -98.974 84.884 131.378 88.813
-1087 410.845 -98.9763 84.884 131.378 88.813
-1086 410.807 -98.9786 85.015 131.369 88.648
-1085 410.773 -98.981 85.015 131.369 88.648
-1084 410.744 -98.9834 85.126 131.362 88.52
-1083 410.719 -98.9858 85.286 131.349 88.307
-1081.99 410.697 -98.9882 85.286 131.349 88.307
-1080.99 410.68 -98.9906 85.376 131.343 88.194
-1079.99 410.668 -98.9931 85.471 131.334 88.076
-1078.99 410.659 -98.9956 85.574 131.325 87.948
-1077.99 410.655 -98.9981 85.671 131.318 87.82
-1076.98 410.655 -99.0006 85.671 131.318 87.82
-1075.98 410.659 -99.0031 85.802 131.309 87.658
-1074.97 410.667 -99.0057 85.924 131.302 87.516
-1069.53 410.711 -99.04 86.412 131.265 86.909
-1068.52 410.756 -99.0436 86.512 131.256 86.781
-1067.52 410.805 -99.0472 86.512 131.256 86.781
-1066.51 410.86 -99.0509 86.715 131.243 86.537
-1065.51 410.919 -99.0547 86.715 131.243 86.537
-1064.51 410.983 -99.0584 86.804 131.238 86.426
-1063.51 411.052 -99.0623 86.892 131.232 86.313
-1062.51 411.125 -99.0661 86.996 131.226 86.185
-1061.51 411.203 -99.07 87.091 131.217 86.073
-1060.51 411.287 -99.074 87.091 131.217 86.073
-1059.51 411.374 -99.078 87.091 131.217 86.073
-1058.52 411.467 -99.0821 87.293 131.198 85.809
-1057.52 411.564 -99.0862 87.293 131.198 85.809
-1056.53 411.667 -99.0903 87.385 131.19 85.693
-1055.53 411.773 -99.0945 87.385 131.19 85.693
-1054.54 411.885 -99.0987 87.385 131.19 85.693
-1053.55 412.002 -99.103 87.385 131.19 85.693
-1052.55 412.123 -99.1073 87.385 131.19 85.693
-1051.56 412.249 -99.1117 87.385 131.19 85.693
-1050.57 412.38 -99.1161 87.385 131.19 85.693
-1049.58 412.515 -99.1206 87.385 131.19 85.693
-1048.59 412.656 -99.1251 87.385 131.19 85.693
-1047.61 412.801 -99.1297 87.385 131.19 85.693
-1046.62 412.951 -99.1343 89.304 131.041 83.278
-1045.63 413.105 -99.1389 89.304 131.041 83.278
-1044.65 413.265 -99.1436 89.304 131.041 83.278
-1043.66 413.429 -99.1484 89.304 131.041 83.278
-1042.68 413.598 -99.1532 89.304 131.041 83.278
-1041.7 413.772 -99.158 89.304 131.041 83.278
-1040.72 413.95 -99.1629 89.304 131.041 83.278
-1039.73 414.133 -99.1678 89.304 131.041 83.278
-1038.75 414.321 -99.1728 89.304 131.041 83.278
-1037.77 414.514 -99.1778 89.304 131.041 83.278
-1036.8 414.712 -99.1829 89.304 131.041 83.278
-1035.82 414.914 -99.188 89.377 131.036 83.18
-1034.84 415.121 -99.1931 89.377 131.036 83.18
-1033.86 415.333 -99.1983 89.377 131.036 83.18
-1032.89 415.55 -99.2036 89.624 131.021 82.874
-1031.91 415.771 -99.2089 89.624 131.021 82.874
-1030.94 415.998 -99.2142 89.624 131.021 82.874
-1029.97 416.229 -99.2196 89.727 131.012 82.742
-1028.99 416.464 -99.225 89.839 130.999 82.593
-1028.02 416.705 -99.2305 89.972 130.986 82.43
-1027.05 416.95 -99.236 90.097 130.975 82.265
-1026.08 417.2 -99.2416 90.097 130.975 82.265
-1025.11 417.455 -99.2472 90.097 130.975 82.265
-1024.14 417.715 -99.2529 90.336 130.96 81.955
-1023.18 417.979 -99.2586 90.336 130.96 81.955
-1022.21 418.248 -99.2644 90.43 130.951 81.837
-1021.24 418.522 -99.2702 90.519 130.941 81.714
-1020.28 418.801 -99.276 90.519 130.941 81.714
-1019.32 419.084 -99.2819 90.721 130.926 81.459
-1018.35 419.373 -99.2878 90.721 130.926 81.459
-1016.07 419.951 -99.266 90.903 130.91 81.233
-1015.1 420.273 -99.2785 91.002 130.901 81.106
-1014.13 420.599 -99.291 91.075 130.896 81.009
-1013.17 420.929 -99.3033 91.313 130.878 80.724
-1012.21 421.263 -99.3155 91.313 130.878 80.724
-1011.25 421.601 -99.3276 91.313 130.878 80.724
-1010.29 421.942 -99.3396 91.518 130.861 80.463
-1009.34 422.288 -99.3514 91.518 130.861 80.463
-1008.38 422.637 -99.3632 91.66 130.851 80.283
-1007.43 422.99 -99.3749 91.66 130.851 80.283
-1006.49 423.347 -99.3864 91.898 130.832 79.98
-1005.54 423.707 -99.3979 91.898 130.832 79.98
-1004.6 424.072 -99.4092 91.985 130.824 79.864
-1003.66 424.44 -99.4204 91.985 130.824 79.864
-1002.72 424.812 -99.4315 92.107 130.812 79.716
-1001.78 425.188 -99.4425 92.312 130.791 79.44
-1000.85 425.568 -99.4534 92.312 130.791 79.44
-999.918 425.952 -99.4642 92.312 130.791 79.44
-998.989 426.339 -99.4749 92.413 130.785 79.31
-998.063 426.73 -99.4855 92.516 130.778 79.179
-997.139 427.125 -99.4959 92.61 130.77 79.065
-996.217 427.524 -99.5063 92.736 130.758 78.901
-995.298 427.927 -99.5165 92.736 130.758 78.901
-994.381 428.333 -99.5267 92.824 130.751 78.795
-993.467 428.744 -99.5367 92.927 130.74 78.662
-992.554 429.158 -99.5466 93.061 130.727 78.493
-991.645 429.576 -99.5564 93.146 130.72 78.381
-990.737 429.998 -99.5661 93.233 130.715 78.271
-989.832 430.423 -99.5757 93.233 130.715 78.271
-988.929 430.853 -99.5852 93.359 130.706 78.107
-988.029 431.286 -99.5946 93.452 130.7 77.997
-987.131 431.723 -99.6039 93.559 130.691 77.871
-986.235 432.164 -99.613 93.673 130.681 77.722
-985.342 432.609 -99.6221 93.673 130.681 77.722
-984.451 433.057 -99.631 93.773 130.672 77.589
-983.563 433.51 -99.6398 93.873 130.663 77.46
-982.677 433.966 -99.6486 93.989 130.65 77.308
-981.793 434.426 -99.6572 93.989 130.65 77.308
-980.911 434.89 -99.6657 94.078 130.641 77.192
-980.032 435.358 -99.6741 94.206 130.632 77.031
-979.156 435.829 -99.6824 94.311 130.625 76.902
-978.281 436.305 -99.6905 94.407 130.615 76.784
-977.409 436.784 -99.6986 94.407 130.615 76.784
-976.54 437.267 -99.7066 94.511 130.604 76.646
-975.673 437.754 -99.7144 94.61 130.596 76.516
-974.808 438.244 -99.7222 94.709 130.587 76.385
-973.945 438.739 -99.7298 94.798 130.58 76.274
-973.085 439.237 -99.7373 94.904 130.569 76.143
-972.227 439.739 -99.7447 95.007 130.56 76.016
-971.372 440.245 -99.7521 95.007 130.56 76.016
-970.519 440.755 -99.7593 95.096 130.552 75.905
-969.669 441.268 -99.7664 95.186 130.545 75.789
-968.82 441.786 -99.7733 95.274 130.539 75.677
-967.974 442.307 -99.7802 95.368 130.534 75.565
-967.131 442.832 -99.787 95.456 130.526 75.451
-966.29 443.361 -99.7936 95.543 130.519 75.337
-965.451 443.894 -99.8002 95.644 130.511 75.213
-964.614 444.43 -99.8066 95.644 130.511 75.213
-963.78 444.97 -99.8129 95.733 130.502 75.095
-962.949 445.515 -99.8192 95.841 130.489 74.957
-962.119 446.063 -99.8253 95.941 130.479 74.824
-961.293 446.614 -99.8313 96.039 130.471 74.69
-960.468 447.17 -99.8372 96.039 130.471 74.69
-959.646 447.73 -99.843 96.128 130.461 74.57
-958.826 448.293 -99.8487 96.244 130.45 74.419
-958.008 448.86 -99.8542 96.38 130.439 74.257
-957.193 449.431 -99.8597 96.469 130.431 74.144
-956.381 450.006 -99.865 96.469 130.431 74.144
-955.57 450.584 -99.8703 96.558 130.427 74.031
-954.762 451.167 -99.8754 96.644 130.418 73.915
-953.957 451.753 -99.8804 96.757 130.407 73.772
-953.153 452.343 -99.8854 96.848 130.398 73.659
-952.352 452.937 -99.8902 96.951 130.387 73.532
-951.554 453.534 -99.8949 96.951 130.387 73.532
-950.758 454.136 -99.8995 97.052 130.379 73.402
-949.964 454.741 -99.9039 97.154 130.37 73.268
-949.172 455.35 -99.9083 97.243 130.364 73.158
-948.383 455.963 -99.9126 97.349 130.357 73.028
-947.597 456.58 -99.9167 97.45 130.347 72.891
-946.812 457.201 -99.9208 97.45 130.347 72.891
-946.03 457.825 -99.9247 97.539 130.341 72.779
-945.251 458.454 -99.9285 97.628 130.331 72.659
-944.474 459.086 -99.9323 97.717 130.32 72.538
-943.699 459.722 -99.9359 97.834 130.306 72.386
-942.926 460.361 -99.9394 97.922 130.297 72.269
-942.156 461.005 -99.9428 98.009 130.29 72.16
-941.388 461.652 -99.9461 98.009 130.29 72.16
-940.623 462.304 -99.9492 98.11 130.283 72.03
-939.86 462.959 -99.9523 98.215 130.272 71.895
-939.099 463.617 -99.9553 98.333 130.262 71.752
-938.341 464.28 -99.9581 98.449 130.254 71.615
-937.585 464.947 -99.9609 98.449 130.254 71.615
-936.832 465.617 -99.9635 98.56 130.246 71.467
-936.081 466.291 -99.966 98.658 130.237 71.338
-935.332 466.969 -99.9684 98.658 130.237 71.338
-934.585 467.651 -99.9707 98.771 130.225 71.19
-933.841 468.337 -99.9729 98.903 130.208 71.017
-933.1 469.026 -99.975 99.003 130.199 70.886
-932.36 469.719 -99.977 99.003 130.199 70.886
-931.623 470.416 -99.9789 99.087 130.192 70.771
-930.889 471.117 -99.9806 99.193 130.184 70.629
-930.156 471.822 -99.9823 99.276 130.176 70.517
-929.427 472.531 -99.9839 99.366 130.166 70.399
-928.699 473.243 -99.9853 99.46 130.158 70.289
-927.974 473.959 -99.9866 99.557 130.15 70.158
-927.251 474.679 -99.9878 99.65 130.141 70.038
-926.531 475.403 -99.9889 99.738 130.135 69.933
-925.813 476.131 -99.99 99.826 130.125 69.817
-925.097 476.862 -99.9908 99.826 130.125 69.817
-924.384 477.598 -99.9916 99.826 130.125 69.817
-923.673 478.337 -99.9923 99.826 130.125 69.817
-922.964 479.08 -99.9929 99.826 130.125 69.817
-922.258 479.827 -99.9933 99.826 130.125 69.817
-921.555 480.577 -99.9937 99.826 130.125 69.817
-920.853 481.332 -99.9939 99.826 130.125 69.817
-920.154 482.09 -99.9941 99.826 130.125 69.817
-919.457 482.852 -99.9941 99.826 130.125 69.817
-918.763 483.618 -99.994 99.826 130.125 69.817
-918.071 484.388 -99.9938 99.826 130.125 69.817
-917.381 485.161 -99.9935 99.826 130.125 69.817
