1
-724.919 532.272 -61.5411 15.749 145.453 106.945
-724.722 533.261 -61.5477 15.878 145.434 106.983
-724.527 534.249 -61.5542 15.878 145.434 106.983
-724.335 535.238 -61.5606 16 145.406 106.995
-724.145 536.227 -61.567 16.117 145.373 106.981
-723.958 537.216 -61.5733 16.276 145.326 106.945
-723.774 538.206 -61.5796 16.276 145.326 106.945
-723.593 539.195 -61.5859 16.4 145.292 106.935
-723.414 540.185 -61.5921 16.51 145.26 106.921
-723.238 541.175 -61.5982 16.618 145.229 106.905
-723.064 542.165 -61.6043 16.754 145.192 106.89
-722.893 543.155 -61.6103 16.754 145.192 106.89
-722.725 544.145 -61.6163 16.9 145.159 106.893
-722.559 545.136 -61.6222 17.03 145.128 106.886
-722.396 546.126 -61.6281 17.03 145.128 106.886
-722.236 547.117 -61.634 17.158 145.092 106.866
-722.079 548.108 -61.6398 17.259 145.066 106.869
-721.924 549.099 -61.6455 17.372 145.034 106.862
-721.771 550.091 -61.6512 17.491 145.005 106.86
-721.622 551.082 -61.6568 17.491 145.005 106.86
-721.475 552.074 -61.6624 17.663 144.96 106.851
-721.33 553.066 -61.6679 17.79 144.931 106.853
-721.189 554.058 -61.6734 17.79 144.931 106.853
-721.05 555.05 -61.6788 17.917 144.897 106.842
-720.914 556.042 -61.6842 18.046 144.864 106.824
-720.78 557.035 -61.6895 18.175 144.833 106.824
-720.649 558.028 -61.6948 18.175 144.833 106.824
-720.521 559.021 -61.7 18.288 144.802 106.812
-720.395 560.014 -61.7052 18.403 144.773 106.805
-720.272 561.007 -61.7103 18.522 144.744 106.798
-720.152 562 -61.7154 18.654 144.711 106.799
-720.034 562.994 -61.7204 18.654 144.711 106.799
-719.919 563.988 -61.7254 18.77 144.681 106.794
-719.806 564.981 -61.7303 18.9 144.646 106.777
-719.697 565.975 -61.7352 19.013 144.615 106.763
-719.59 566.97 -61.74 19.125 144.584 106.759
-719.485 567.964 -61.7448 19.236 144.553 106.744
-719.384 568.959 -61.7495 19.236 144.553 106.744
-719.285 569.953 -61.7541 19.35 144.524 106.74
-719.188 570.948 -61.7588 19.49 144.486 106.729
-719.094 571.943 -61.7633 19.622 144.455 106.733
-719.003 572.939 -61.7678 19.622 144.455 106.733
-718.915 573.934 -61.7723 19.725 144.429 106.728
-718.829 574.93 -61.7767 19.842 144.401 106.717
-718.746 575.925 -61.7811 19.949 144.378 106.719
-718.666 576.921 -61.7854 20.097 144.344 106.721
-718.588 577.917 -61.7897 20.097 144.344 106.721
-718.513 578.914 -61.7939 20.213 144.314 106.714
-718.44 579.91 -61.798 20.339 144.279 106.704
-718.37 580.907 -61.8021 20.464 144.247 106.694
-718.303 581.903 -61.8062 20.578 144.218 106.693
-718.239 582.9 -61.8102 20.578 144.218 106.693
-718.177 583.897 -61.8142 20.704 144.184 106.678
-718.118 584.895 -61.8181 20.846 144.143 106.66
-718.061 585.892 -61.8219 20.846 144.143 106.66
-718.007 586.89 -61.8257 20.975 144.109 106.652
-717.956 587.887 -61.8295 21.11 144.076 106.647
-717.908 588.885 -61.8332 21.243 144.042 106.64
-717.862 589.883 -61.8368 21.243 144.042 106.64
-717.819 590.882 -61.8404 21.501 143.977 106.627
-717.778 591.88 -61.844 21.501 143.977 106.627
-717.74 592.879 -61.8475 21.617 143.949 106.622
-717.705 593.878 -61.8509 21.731 143.921 106.61
-717.672 594.877 -61.8543 21.731 143.921 106.61
-717.642 595.876 -61.8577 21.859 143.887 106.607
-717.615 596.875 -61.861 21.988 143.853 106.598
-717.591 597.874 -61.8642 22.102 143.824 106.593
-717.569 598.874 -61.8674 22.102 143.824 106.593
-717.55 599.874 -61.8706 22.221 143.795 106.59
-717.533 600.874 -61.8737 22.354 143.763 106.588
-717.519 601.874 -61.8767 22.459 143.739 106.593
-717.508 602.874 -61.8797 22.588 143.705 106.584
-717.499 603.875 -61.8826 22.588 143.705 106.584
-717.493 604.875 -61.8855 22.717 143.67 106.57
-717.49 605.876 -61.8884 22.86 143.633 106.563
-717.489 606.877 -61.8912 22.86 143.633 106.563
-717.491 607.878 -61.8939 23.018 143.592 106.558
-717.496 608.88 -61.8966 23.131 143.564 106.548
-717.503 609.881 -61.8992 23.246 143.532 106.538
-717.513 610.883 -61.9018 23.376 143.5 106.536
-717.526 611.885 -61.9043 23.376 143.5 106.536
-717.541 612.887 -61.9068 23.493 143.471 106.532
-717.559 613.889 -61.9093 23.612 143.441 106.52
-717.58 614.891 -61.9116 23.729 143.412 106.511
-717.603 615.894 -61.914 23.861 143.379 106.506
-717.629 616.896 -61.9163 23.861 143.379 106.506
-717.658 617.899 -61.9185 23.989 143.346 106.494
-717.689 618.902 -61.9207 24.131 143.309 106.485
-717.723 619.905 -61.9228 24.131 143.309 106.485
-717.76 620.909 -61.9249 24.275 143.274 106.481
-717.799 621.912 -61.9269 24.401 143.245 106.483
-717.841 622.916 -61.9289 24.517 143.214 106.47
-717.885 623.92 -61.9308 24.517 143.214 106.47
-717.933 624.924 -61.9327 24.648 143.178 106.458
-717.983 625.928 -61.9345 24.78 143.145 106.457
-718.035 626.932 -61.9363 24.927 143.108 106.453
-718.09 627.937 -61.938 24.927 143.108 106.453
-718.148 628.941 -61.9397 25.075 143.074 106.449
-718.209 629.946 -61.9413 25.192 143.045 106.444
-718.272 630.951 -61.9429 25.309 143.017 106.442
-718.338 631.956 -61.9444 25.309 143.017 106.442
-718.406 632.962 -61.9459 25.424 142.99 106.441
-718.549 635.254 -61.9428 25.667 142.927 106.415
-718.633 636.253 -61.9444 25.783 142.896 106.412
-718.72 637.252 -61.9459 25.915 142.863 106.405
-718.81 638.251 -61.9473 25.915 142.863 106.405
-718.903 639.249 -61.9488 26.047 142.828 106.398
-718.998 640.246 -61.9502 26.178 142.794 106.39
-719.096 641.243 -61.9515 26.292 142.763 106.385
-719.197 642.24 -61.9528 26.292 142.763 106.385
-719.301 643.236 -61.9541 26.437 142.73 106.384
-719.408 644.232 -61.9553 26.548 142.697 106.36
-719.518 645.227 -61.9564 26.663 142.669 106.353
-719.63 646.222 -61.9576 26.793 142.637 106.351
-719.745 647.216 -61.9587 26.793 142.637 106.351
-719.863 648.21 -61.9597 26.924 142.605 106.347
-719.984 649.204 -61.9607 27.055 142.573 106.345
-720.108 650.197 -61.9617 27.173 142.544 106.338
-720.234 651.19 -61.9626 27.173 142.544 106.338
-720.364 652.182 -61.9635 27.325 142.51 106.343
-720.496 653.174 -61.9643 27.439 142.482 106.342
-720.631 654.165 -61.9651 27.57 142.449 106.33
-720.769 655.156 -61.9659 27.57 142.449 106.33
-720.909 656.147 -61.9666 27.684 142.417 106.312
-721.053 657.137 -61.9673 27.799 142.389 106.311
-721.199 658.126 -61.9679 27.914 142.361 106.304
-721.348 659.116 -61.9685 28.029 142.333 106.3
-721.5 660.104 -61.969 28.161 142.3 106.295
-721.655 661.093 -61.9695 28.161 142.3 106.295
-721.812 662.081 -61.97 28.306 142.264 106.287
-721.972 663.068 -61.9704 28.463 142.224 106.29
-722.136 664.055 -61.9708 28.463 142.224 106.29
-722.302 665.042 -61.9711 28.595 142.192 106.283
-722.47 666.028 -61.9714 28.711 142.162 106.266
-722.642 667.013 -61.9716 28.814 142.136 106.257
-722.817 667.999 -61.9718 28.814 142.136 106.257
-722.994 668.984 -61.972 28.946 142.104 106.256
-723.174 669.968 -61.9721 29.059 142.075 106.246
-723.357 670.952 -61.9722 29.205 142.04 106.237
-723.543 671.935 -61.9722 29.205 142.04 106.237
-723.731 672.918 -61.9722 29.334 142.009 106.231
-723.923 673.901 -61.9722 29.451 141.98 106.233
-724.117 674.883 -61.9721 29.556 141.955 106.235
-724.314 675.865 -61.9719 29.674 141.925 106.225
-724.514 676.846 -61.9718 29.788 141.89 106.204
-724.717 677.827 -61.9716 29.788 141.89 106.204
-724.922 678.808 -61.9713 29.933 141.853 106.201
-725.13 679.788 -61.971 30.049 141.824 106.199
-725.342 680.767 -61.9706 30.194 141.787 106.192
-725.556 681.747 -61.9703 30.194 141.787 106.192
-725.772 682.725 -61.9698 30.307 141.757 106.182
-725.992 683.704 -61.9694 30.421 141.728 106.176
-726.215 684.681 -61.9689 30.534 141.701 106.178
-726.737 687.068 -61.9752 30.804 141.637 106.167
-726.972 688.043 -61.9737 30.936 141.602 106.155
-727.211 689.016 -61.9721 30.936 141.602 106.155
-727.451 689.989 -61.9705 31.058 141.575 106.159
-727.694 690.961 -61.9688 31.173 141.547 106.154
-727.94 691.932 -61.9672 31.289 141.518 106.148
-728.188 692.903 -61.9654 31.403 141.489 106.139
-728.439 693.872 -61.9637 31.403 141.489 106.139
-728.692 694.841 -61.9619 31.544 141.452 106.128
-728.948 695.809 -61.96 31.685 141.417 106.129
-729.206 696.777 -61.9582 31.817 141.384 106.118
-729.467 697.743 -61.9563 31.817 141.384 106.118
-729.73 698.709 -61.9543 31.948 141.348 106.103
-729.995 699.674 -61.9523 32.075 141.311 106.088
-730.264 700.638 -61.9503 32.075 141.311 106.088
-730.534 701.602 -61.9482 32.223 141.274 106.088
-730.807 702.565 -61.9461 32.34 141.246 106.082
-731.083 703.527 -61.944 32.456 141.219 106.08
-731.361 704.488 -61.9418 32.572 141.191 106.074
-731.642 705.448 -61.9396 32.572 141.191 106.074
-731.925 706.408 -61.9374 32.689 141.163 106.066
-732.21 707.367 -61.9351 32.835 141.128 106.066
-732.498 708.325 -61.9328 32.95 141.101 106.062
-732.789 709.282 -61.9304 33.083 141.067 106.051
-733.082 710.239 -61.928 33.083 141.067 106.051
-733.377 711.194 -61.9255 33.203 141.038 106.045
-733.675 712.15 -61.9231 33.322 141.009 106.045
-733.976 713.104 -61.9206 33.455 140.975 106.041
-734.279 714.057 -61.918 33.455 140.975 106.041
-734.584 715.01 -61.9154 33.584 140.943 106.037
-734.892 715.962 -61.9128 33.717 140.912 106.032
-735.203 716.913 -61.9101 33.877 140.872 106.026
-735.516 717.863 -61.9074 33.877 140.872 106.026
-735.831 718.813 -61.9047 34.022 140.839 106.03
-736.149 719.762 -61.9019 34.135 140.809 106.019
-736.469 720.71 -61.8991 34.135 140.809 106.019
-736.792 721.657 -61.8962 34.279 140.771 106.002
-737.118 722.604 -61.8933 34.423 140.734 105.993
-737.446 723.55 -61.8904 34.542 140.707 105.992
-737.776 724.495 -61.8874 34.542 140.707 105.992
-738.109 725.439 -61.8844 34.679 140.676 105.992
-738.444 726.382 -61.8813 34.796 140.648 105.985
-738.782 727.325 -61.8783 34.94 140.61 105.975
-739.122 728.267 -61.8751 34.94 140.61 105.975
-739.465 729.208 -61.872 35.055 140.581 105.968
-739.81 730.149 -61.8688 35.2 140.548 105.968
-740.158 731.088 -61.8655 35.317 140.518 105.962
-740.509 732.027 -61.8623 35.431 140.488 105.947
-740.861 732.965 -61.859 35.431 140.488 105.947
-741.217 733.902 -61.8556 35.561 140.455 105.94
-741.574 734.839 -61.8522 35.692 140.42 105.934
-742.46 737.325 -61.8538 36.002 140.345 105.927
-742.824 738.259 -61.8508 36.002 140.345 105.927
-743.191 739.192 -61.8477 36.119 140.315 105.921
-743.56 740.124 -61.8446 36.265 140.283 105.918
-743.932 741.055 -61.8415 36.381 140.257 105.917
-744.306 741.984 -61.8383 36.381 140.257 105.917
-744.682 742.912 -61.8351 36.501 140.232 105.918
-745.061 743.839 -61.8319 36.642 140.197 105.908
-745.443 744.765 -61.8286 36.759 140.167 105.894
-745.827 745.69 -61.8254 36.759 140.167 105.894
-746.213 746.614 -61.8221 36.909 140.131 105.893
-746.602 747.536 -61.8187 37.028 140.103 105.892
-746.993 748.458 -61.8154 37.149 140.074 105.891
-747.387 749.378 -61.812 37.149 140.074 105.891
-747.783 750.297 -61.8086 37.295 140.038 105.889
-748.182 751.215 -61.8052 37.426 140.004 105.878
-748.583 752.132 -61.8017 37.584 139.964 105.871
-748.986 753.048 -61.7983 37.584 139.964 105.871
-749.392 753.962 -61.7948 37.728 139.929 105.872
-749.8 754.876 -61.7912 37.842 139.9 105.858
-750.211 755.788 -61.7877 37.958 139.869 105.844
-750.625 756.699 -61.7841 37.958 139.869 105.844
-751.04 757.609 -61.7805 38.106 139.832 105.834
-751.459 758.518 -61.7768 38.241 139.801 105.833
-751.879 759.425 -61.7732 38.363 139.772 105.83
-752.302 760.332 -61.7695 38.363 139.772 105.83
-752.728 761.237 -61.7658 38.495 139.741 105.828
-753.156 762.141 -61.762 38.61 139.713 105.822
-753.587 763.045 -61.7582 38.74 139.681 105.817
-754.02 763.946 -61.7544 38.74 139.681 105.817
-754.455 764.847 -61.7506 38.855 139.654 105.814
-754.893 765.747 -61.7468 39.017 139.617 105.819
-755.333 766.645 -61.7429 39.133 139.587 105.808
-755.776 767.543 -61.739 39.133 139.587 105.808
-756.221 768.439 -61.7351 39.277 139.548 105.792
-756.669 769.334 -61.7311 39.394 139.517 105.787
-757.119 770.228 -61.7271 39.527 139.485 105.786
-757.571 771.121 -61.7231 39.527 139.485 105.786
-758.026 772.012 -61.7191 39.661 139.455 105.787
-758.484 772.903 -61.715 39.826 139.419 105.786
-758.944 773.792 -61.7109 39.826 139.419 105.786
-759.406 774.681 -61.7068 39.944 139.393 105.784
-759.871 775.568 -61.7027 40.073 139.365 105.776
-760.338 776.454 -61.6985 40.232 139.331 105.762
-760.808 777.338 -61.6943 40.232 139.331 105.762
-761.28 778.222 -61.6901 40.372 139.31 105.757
-761.755 779.104 -61.6859 40.512 139.286 105.731
-762.232 779.986 -61.6816 40.662 139.26 105.691
-762.712 780.866 -61.6773 40.802 139.24 105.659
-763.194 781.745 -61.673 40.961 139.218 105.611
-764.401 784.005 -61.6632 41.308 139.179 105.509
-764.892 784.879 -61.6593 41.308 139.179 105.509
-765.386 785.751 -61.6554 41.487 139.163 105.453
-765.881 786.623 -61.6515 41.668 139.143 105.389
-766.379 787.492 -61.6476 41.851 139.127 105.345
-766.88 788.36 -61.6436 41.851 139.127 105.345
-767.382 789.227 -61.6397 42.035 139.105 105.292
-767.887 790.092 -61.6357 42.194 139.086 105.242
-768.395 790.955 -61.6317 42.378 139.069 105.207
-768.904 791.817 -61.6277 42.378 139.069 105.207
-769.416 792.678 -61.6237 42.557 139.046 105.137
-769.931 793.537 -61.6197 42.74 139.03 105.092
-770.447 794.394 -61.6156 42.902 139.017 105.047
-770.966 795.25 -61.6116 42.902 139.017 105.047
-771.488 796.104 -61.6075 43.083 139.001 104.997
-772.011 796.957 -61.6034 43.284 138.981 104.942
-772.537 797.808 -61.5993 43.445 138.96 104.892
-773.066 798.658 -61.5952 43.445 138.96 104.892
-773.596 799.506 -61.5911 43.604 138.938 104.826
-774.129 800.353 -61.5869 43.786 138.917 104.777
-774.665 801.198 -61.5828 43.95 138.899 104.728
-775.202 802.042 -61.5786 43.95 138.899 104.728
-775.743 802.884 -61.5744 44.151 138.88 104.666
-776.285 803.725 -61.5702 44.33 138.868 104.628
-776.83 804.564 -61.566 44.509 138.847 104.561
-777.377 805.402 -61.5618 44.509 138.847 104.561
-777.926 806.238 -61.5576 44.671 138.828 104.509
-778.478 807.072 -61.5533 44.848 138.807 104.461
-779.032 807.905 -61.549 45.025 138.785 104.403
-779.588 808.737 -61.5448 45.025 138.785 104.403
-780.147 809.567 -61.5405 45.231 138.768 104.356
-780.708 810.395 -61.5362 45.418 138.753 104.311
-781.271 811.222 -61.5318 45.604 138.734 104.249
-781.837 812.047 -61.5275 45.604 138.734 104.249
-782.405 812.871 -61.5231 45.762 138.717 104.208
-782.975 813.693 -61.5188 45.975 138.69 104.132
-783.548 814.514 -61.5144 45.975 138.69 104.132
-784.123 815.333 -61.51 46.157 138.671 104.08
-784.7 816.151 -61.5056 46.302 138.657 104.046
-785.28 816.967 -61.5012 46.469 138.637 103.996
-785.862 817.782 -61.4967 46.69 138.612 103.918
-786.447 818.595 -61.4923 46.69 138.612 103.918
-787.033 819.407 -61.4878 46.87 138.594 103.866
-787.622 820.217 -61.4833 47.069 138.576 103.81
-788.214 821.026 -61.4788 47.069 138.576 103.81
-788.807 821.833 -61.4743 47.233 138.559 103.765
-789.404 822.638 -61.4698 47.394 138.541 103.724
-790.002 823.442 -61.4652 47.554 138.52 103.668
-790.603 824.245 -61.4607 47.715 138.504 103.621
-791.206 825.046 -61.4561 47.898 138.486 103.572
-792.692 827.031 -61.4864 48.064 138.471 103.528
-793.302 827.826 -61.4815 48.229 138.455 103.485
-793.915 828.62 -61.4766 48.411 138.437 103.441
-794.529 829.412 -61.4715 48.567 138.416 103.38
-795.146 830.202 -61.4664 48.723 138.399 103.327
-795.765 830.99 -61.4612 48.723 138.399 103.327
-796.386 831.776 -61.4558 48.903 138.38 103.275
-797.01 832.56 -61.4504 49.131 138.357 103.21
-797.635 833.342 -61.4449 49.277 138.342 103.168
-798.263 834.122 -61.4394 49.277 138.342 103.168
-798.893 834.901 -61.4337 49.518 138.318 103.103
-799.525 835.677 -61.4279 49.695 138.296 103.037
-800.159 836.452 -61.4221 49.695 138.296 103.037
-800.795 837.225 -61.4162 49.854 138.279 102.993
-801.433 837.995 -61.4101 50.014 138.264 102.948
-802.074 838.764 -61.404 50.18 138.248 102.906
-802.717 839.531 -61.3978 50.365 138.231 102.857
-803.361 840.296 -61.3916 50.365 138.231 102.857
-804.008 841.06 -61.3852 50.569 138.211 102.805
-804.658 841.821 -61.3787 50.731 138.193 102.752
-805.309 842.58 -61.3722 50.731 138.193 102.752
-805.962 843.338 -61.3656 50.935 138.173 102.698
-806.618 844.093 -61.3588 51.136 138.153 102.643
-807.276 844.847 -61.352 51.294 138.135 102.594
-807.936 845.599 -61.3451 51.294 138.135 102.594
-808.598 846.349 -61.3382 51.452 138.118 102.546
-809.262 847.097 -61.3311 51.635 138.099 102.493
-809.929 847.843 -61.3239 51.8 138.082 102.439
-810.597 848.587 -61.3167 51.948 138.069 102.402
-811.268 849.329 -61.3094 51.948 138.069 102.402
-811.941 850.069 -61.3019 52.133 138.049 102.349
-812.616 850.808 -61.2944 52.312 138.029 102.294
-813.293 851.544 -61.2868 52.509 138.007 102.237
-813.972 852.279 -61.2791 52.509 138.007 102.237
-814.654 853.012 -61.2714 52.693 137.99 102.191
-815.337 853.743 -61.2635 52.854 137.973 102.134
-816.023 854.472 -61.2556 53.02 137.959 102.092
-816.711 855.199 -61.2475 53.165 137.944 102.058
-817.401 855.924 -61.2394 53.165 137.944 102.058
-818.093 856.647 -61.2312 53.349 137.925 102.007
-818.788 857.368 -61.2229 53.505 137.909 101.956
-819.484 858.088 -61.2145 53.704 137.89 101.907
-820.183 858.805 -61.2061 53.863 137.874 101.861
-820.884 859.521 -61.1975 53.863 137.874 101.861
-821.587 860.235 -61.1889 54.066 137.852 101.794
-822.292 860.946 -61.1801 54.228 137.836 101.748
-823 861.656 -61.1713 54.411 137.817 101.695
-823.709 862.364 -61.1624 54.411 137.817 101.695
-824.421 863.07 -61.1534 54.594 137.798 101.64
-825.135 863.775 -61.1443 54.776 137.78 101.595
-827.063 865.537 -61.0965 55.121 137.737 101.48
-827.784 866.233 -61.0867 55.284 137.723 101.443
-828.507 866.927 -61.077 55.284 137.723 101.443
-829.232 867.619 -61.0672 55.485 137.704 101.381
-829.959 868.309 -61.0574 55.669 137.686 101.327
-830.687 868.997 -61.0476 55.669 137.686 101.327
-831.417 869.683 -61.0378 55.834 137.671 101.291
-832.149 870.366 -61.028 56.02 137.653 101.252
-832.883 871.047 -61.0181 56.182 137.632 101.19
-833.619 871.727 -61.0083 56.343 137.614 101.14
-834.356 872.404 -60.9984 56.343 137.614 101.14
-835.096 873.079 -60.9885 56.546 137.594 101.088
-835.837 873.752 -60.9786 56.729 137.578 101.038
-836.58 874.423 -60.9687 56.891 137.566 100.997
-837.324 875.091 -60.9588 56.891 137.566 100.997
-838.071 875.758 -60.9489 57.099 137.548 100.954
-838.819 876.422 -60.9389 57.302 137.525 100.885
-839.569 877.085 -60.929 57.302 137.525 100.885
-840.321 877.745 -60.919 57.459 137.503 100.822
-841.075 878.403 -60.909 57.699 137.475 100.754
-841.83 879.059 -60.899 57.699 137.475 100.754
-842.587 879.713 -60.889 57.863 137.462 100.709
-843.346 880.364 -60.879 58.028 137.448 100.664
-844.107 881.014 -60.869 58.213 137.433 100.622
-844.87 881.661 -60.8589 58.213 137.433 100.622
-845.634 882.307 -60.8489 58.414 137.409 100.56
-846.4 882.95 -60.8388 58.574 137.388 100.501
-847.168 883.591 -60.8287 58.736 137.372 100.46
-847.938 884.23 -60.8186 58.937 137.351 100.406
-848.709 884.866 -60.8085 58.937 137.351 100.406
-849.483 885.501 -60.7984 59.081 137.337 100.367
-850.258 886.134 -60.7882 59.246 137.324 100.329
-851.035 886.764 -60.7781 59.411 137.309 100.287
-851.814 887.392 -60.7679 59.573 137.293 100.242
-852.594 888.018 -60.7577 59.734 137.274 100.186
-853.377 888.643 -60.7475 59.734 137.274 100.186
-854.161 889.264 -60.7373 59.919 137.257 100.144
-854.947 889.884 -60.7271 60.08 137.24 100.101
-855.734 890.502 -60.7169 60.283 137.218 100.037
-856.524 891.117 -60.7066 60.283 137.218 100.037
-857.315 891.731 -60.6964 60.489 137.2 99.98
-858.108 892.342 -60.6861 60.653 137.186 99.942
-858.903 892.951 -60.6758 60.813 137.168 99.889
-859.7 893.558 -60.6655 60.813 137.168 99.889
-860.498 894.163 -60.6552 60.995 137.146 99.822
-861.299 894.766 -60.6449 61.179 137.129 99.777
-862.101 895.367 -60.6346 61.343 137.112 99.735
-862.905 895.965 -60.6242 61.343 137.112 99.735
-863.71 896.561 -60.6139 61.506 137.093 99.691
-864.518 897.156 -60.6035 61.665 137.076 99.64
-866.464 898.563 -60.5686 62.011 137.049 99.551
-867.282 899.151 -60.5574 62.195 137.032 99.498
-868.102 899.737 -60.5461 62.378 137.012 99.449
-868.923 900.32 -60.5349 62.378 137.012 99.449
-869.745 900.901 -60.5236 62.54 136.993 99.404
-870.569 901.48 -60.5124 62.723 136.974 99.354
-871.394 902.056 -60.5013 62.889 136.959 99.309
-872.22 902.63 -60.4901 62.889 136.959 99.309
-873.047 903.201 -60.4789 63.137 136.939 99.255
-873.876 903.77 -60.4678 63.34 136.92 99.195
-874.706 904.336 -60.4567 63.34 136.92 99.195
-875.538 904.9 -60.4456 63.526 136.9 99.134
-876.37 905.462 -60.4346 63.689 136.882 99.091
-877.204 906.021 -60.4235 63.689 136.882 99.091
-878.039 906.578 -60.4125 63.891 136.857 99.029
-878.876 907.132 -60.4015 64.074 136.837 98.975
-879.713 907.684 -60.3905 64.26 136.821 98.927
-880.552 908.234 -60.3795 64.26 136.821 98.927
-881.393 908.781 -60.3686 64.426 136.81 98.891
-882.234 909.326 -60.3576 64.629 136.79 98.831
-883.077 909.868 -60.3467 64.791 136.769 98.779
-883.922 910.408 -60.3358 64.791 136.769 98.779
-884.767 910.945 -60.325 64.972 136.748 98.727
-885.614 911.48 -60.3141 65.135 136.731 98.683
-886.462 912.013 -60.3033 65.295 136.714 98.637
-887.311 912.543 -60.2924 65.502 136.698 98.585
-888.162 913.071 -60.2817 65.502 136.698 98.585
-889.014 913.596 -60.2709 65.707 136.683 98.54
-889.867 914.119 -60.2601 65.89 136.665 98.493
-890.722 914.639 -60.2494 65.89 136.665 98.493
-891.578 915.157 -60.2387 66.073 136.643 98.43
-892.435 915.673 -60.228 66.256 136.622 98.38
-893.293 916.186 -60.2173 66.439 136.605 98.331
-894.153 916.697 -60.2066 66.439 136.605 98.331
-895.014 917.205 -60.196 66.646 136.587 98.283
-895.876 917.711 -60.1854 66.831 136.57 98.228
-896.74 918.215 -60.1748 66.831 136.57 98.228
-897.605 918.716 -60.1642 67.016 136.553 98.182
-898.471 919.214 -60.1536 67.181 136.538 98.141
-899.338 919.71 -60.1431 67.342 136.518 98.085
-900.207 920.204 -60.1325 67.503 136.499 98.032
-901.077 920.696 -60.122 67.503 136.499 98.032
-901.948 921.185 -60.1115 67.665 136.481 97.986
-902.821 921.671 -60.1011 67.85 136.462 97.937
-903.695 922.155 -60.0906 68.035 136.447 97.888
-904.57 922.637 -60.0802 68.035 136.447 97.888
-905.446 923.116 -60.0698 68.221 136.432 97.848
-906.324 923.593 -60.0594 68.381 136.417 97.805
-907.203 924.068 -60.049 68.565 136.398 97.756
-908.084 924.54 -60.0387 68.565 136.398 97.756
-908.965 925.009 -60.0283 68.749 136.378 97.697
-909.848 925.476 -60.018 68.933 136.356 97.643
-910.732 925.941 -60.0077 69.097 136.341 97.604
-911.618 926.404 -59.9975 69.263 136.326 97.563
-912.505 926.863 -59.9872 69.263 136.326 97.563
-913.393 927.321 -59.977 69.409 136.314 97.526
-914.282 927.776 -59.9667 69.572 136.302 97.485
-915.173 928.229 -59.9565 69.737 136.285 97.44
-916.065 928.679 -59.9464 69.978 136.261 97.381
-916.958 929.127 -59.9362 69.978 136.261 97.381
-917.853 929.572 -59.9261 70.161 136.241 97.325
-918.749 930.015 -59.916 70.347 136.222 97.268
-919.646 930.456 -59.9059 70.347 136.222 97.268
-920.544 930.894 -59.8958 70.553 136.206 97.218
-921.444 931.329 -59.8857 70.717 136.19 97.173
-922.345 931.763 -59.8757 70.717 136.19 97.173
-923.247 932.193 -59.8656 70.921 136.168 97.115
-924.151 932.622 -59.8556 71.125 136.147 97.059
-925.056 933.048 -59.8457 71.308 136.128 97.015
-925.962 933.471 -59.8357 71.308 136.128 97.015
-926.869 933.893 -59.8257 71.49 136.108 96.964
-927.778 934.311 -59.8158 71.634 136.093 96.914
-928.688 934.728 -59.8059 71.779 136.079 96.869
-929.599 935.142 -59.796 71.947 136.066 96.835
-930.512 935.553 -59.7861 72.093 136.053 96.801
-931.426 935.962 -59.7763 72.093 136.053 96.801
-932.341 936.369 -59.7665 72.256 136.034 96.756
-933.257 936.773 -59.7567 72.436 136.014 96.7
-934.175 937.175 -59.7469 72.622 135.998 96.653
-935.094 937.574 -59.7371 72.622 135.998 96.653
-936.015 937.971 -59.7273 72.807 135.982 96.614
-936.936 938.366 -59.7176 72.991 135.967 96.572
-937.859 938.758 -59.7079 73.136 135.953 96.528
-938.783 939.147 -59.6982 73.321 135.932 96.466
-939.709 939.535 -59.6885 73.321 135.932 96.466
-940.636 939.919 -59.6789 73.506 135.915 96.424
-941.564 940.302 -59.6692 73.709 135.893 96.368
-942.493 940.682 -59.6596 73.87 135.876 96.324
-943.424 941.059 -59.65 73.87 135.876 96.324
-944.356 941.435 -59.6404 74.05 135.859 96.275
-945.289 941.807 -59.6309 74.217 135.845 96.234
-946.224 942.178 -59.6213 74.386 135.831 96.198
-947.16 942.546 -59.6118 74.386 135.831 96.198
-948.097 942.911 -59.6023 74.573 135.816 96.159
-949.035 943.274 -59.5928 74.779 135.79 96.088
-949.975 943.635 -59.5834 74.937 135.771 96.027
-950.916 943.993 -59.5739 75.09 135.756 95.987
-951.858 944.349 -59.5645 75.09 135.756 95.987
-952.802 944.702 -59.5551 75.249 135.742 95.95
-953.747 945.053 -59.5457 75.419 135.728 95.91
-954.693 945.401 -59.5363 75.575 135.714 95.865
-955.64 945.748 -59.527 75.575 135.714 95.865
